99.3061224489796 126.34693877551021 54.244897959183675 81.28571428571429 53.46938775510204 80.51020408163265 
66.04081632653062 96.44897959183673 59.6530612244898 90.06122448979592 47.42857142857143 77.83673469387755 
69.9795918367347 97.83673469387755 52.3469387755102 80.20408163265306 47.30612244897959 75.16326530612245 
69.3265306122449 95.95918367346938 56.63265306122449 83.26530612244898 41.326530612244895 67.95918367346938 
84.79591836734694 111.0204081632653 56.816326530612244 83.04081632653062 47.57142857142857 73.79591836734694 
177.12244897959184 205.89795918367346 58.10204081632653 86.87755102040816 53.91836734693877 82.6938775510204 
104.42857142857143 135.9591836734694 51.02040816326531 82.55102040816327 60.10204081632653 91.63265306122449 
88.77551020408163 118.06122448979592 54.83673469387755 84.12244897959184 41.51020408163265 70.79591836734694 
94.51020408163265 122.06122448979592 56.16326530612245 83.71428571428571 63.83673469387755 91.38775510204081 
155.75510204081633 187.28571428571428 57.59183673469388 89.12244897959184 52.816326530612244 84.34693877551021 
87.81632653061224 116.48979591836735 58.95918367346939 87.63265306122449 53.51020408163265 82.18367346938776 
79.44897959183673 107.81632653061224 53.816326530612244 82.18367346938776 45.61224489795919 73.9795918367347 
101.14285714285714 130.9387755102041 69.04081632653062 98.83673469387755 55.0 84.79591836734694 
75.10204081632654 103.36734693877551 51.326530612244895 79.59183673469387 47.44897959183673 75.71428571428571 
71.51020408163265 98.34693877551021 53.3469387755102 80.18367346938776 41.02040816326531 67.85714285714286 
56.775510204081634 83.3061224489796 56.44897959183673 82.9795918367347 42.40816326530612 68.93877551020408 
54.06122448979592 81.61224489795919 52.183673469387756 79.73469387755102 38.857142857142854 66.40816326530613 
56.53061224489796 82.34693877551021 56.51020408163265 82.3265306122449 38.326530612244895 64.14285714285714 
80.38775510204081 110.6938775510204 65.89795918367346 96.20408163265306 45.3469387755102 75.65306122448979 
56.16326530612245 84.93877551020408 53.59183673469388 82.36734693877551 37.04081632653061 65.81632653061224 
98.12244897959184 126.6938775510204 58.183673469387756 86.75510204081633 41.57142857142857 70.14285714285714 
109.71428571428571 135.73469387755102 61.10204081632653 87.12244897959184 60.95918367346939 86.9795918367347 
150.0612244897959 178.53061224489795 61.55102040816327 90.0204081632653 68.53061224489795 97.0 
85.9795918367347 114.65306122448979 56.224489795918366 84.89795918367346 44.244897959183675 72.91836734693878 
92.65306122448979 121.42857142857143 54.10204081632653 82.87755102040816 41.51020408163265 70.28571428571429 
65.53061224489795 94.10204081632654 56.83673469387755 85.40816326530613 43.51020408163265 72.08163265306122 
85.95918367346938 115.75510204081633 61.87755102040816 91.6734693877551 54.63265306122449 84.42857142857143 
67.57142857142857 94.61224489795919 53.857142857142854 80.89795918367346 47.224489795918366 74.26530612244898 
148.26530612244898 177.0408163265306 65.77551020408163 94.55102040816327 61.3469387755102 90.12244897959184 
214.16326530612244 243.9591836734694 64.57142857142857 94.36734693877551 63.83673469387755 93.63265306122449 
113.85714285714286 143.0408163265306 59.6530612244898 88.83673469387755 66.89795918367346 96.08163265306122 
71.16326530612245 100.34693877551021 47.48979591836735 76.6734693877551 38.714285714285715 67.89795918367346 
105.22448979591837 135.22448979591837 64.59183673469387 94.59183673469387 52.3469387755102 82.34693877551021 
72.57142857142857 101.75510204081633 65.63265306122449 94.81632653061224 48.734693877551024 77.91836734693878 
110.59183673469387 139.77551020408163 58.714285714285715 87.89795918367346 59.10204081632653 88.28571428571429 
122.20408163265306 152.0 58.53061224489796 88.3265306122449 60.36734693877551 90.16326530612245 
89.48979591836735 116.0204081632653 60.16326530612245 86.6938775510204 52.97959183673469 79.51020408163265 
60.02040816326531 85.73469387755102 52.734693877551024 78.44897959183673 38.6530612244898 64.36734693877551 
163.10204081632654 192.79591836734693 66.0 95.6938775510204 54.816326530612244 84.51020408163265 
117.3061224489796 147.51020408163265 57.63265306122449 87.83673469387755 54.755102040816325 84.95918367346938 
84.83673469387755 110.95918367346938 58.0 84.12244897959184 37.04081632653061 63.16326530612245 
97.6938775510204 126.16326530612245 56.63265306122449 85.10204081632654 47.3469387755102 75.81632653061224 
58.6530612244898 88.04081632653062 62.44897959183673 91.83673469387755 39.91836734693877 69.3061224489796 
78.12244897959184 103.93877551020408 59.244897959183675 85.06122448979592 48.16326530612245 73.9795918367347 
62.93877551020408 91.20408163265306 53.57142857142857 81.83673469387755 44.87755102040816 73.14285714285714 
66.28571428571429 92.61224489795919 59.204081632653065 85.53061224489795 44.30612244897959 70.63265306122449 
66.04081632653062 94.3061224489796 54.857142857142854 83.12244897959184 44.6530612244898 72.91836734693878 
67.6938775510204 94.12244897959184 56.06122448979592 82.48979591836735 49.83673469387755 76.26530612244898 
154.75510204081633 183.9387755102041 63.55102040816327 92.73469387755102 63.673469387755105 92.85714285714286 
95.77551020408163 124.85714285714286 53.6530612244898 82.73469387755102 64.08163265306122 93.16326530612245 
