3312.1117021276596 3340.3297872340427 178.79255319148936 207.01063829787233 265.3563829787234 293.5744680851064 
3183.691489361702 3211.4574468085107 137.58510638297872 165.35106382978722 264.27659574468083 292.0425531914894 
3525.25 3553.3617021276596 275.1595744680851 303.27127659574467 275.4095744680851 303.52127659574467 
3777.696808510638 3807.4840425531916 158.21808510638297 188.00531914893617 280.25 310.03723404255317 
3522.3670212765956 3552.021276595745 169.58510638297872 199.23936170212767 291.99468085106383 321.6489361702128 
3178.1117021276596 3206.5159574468084 189.93617021276594 218.3404255319149 343.9095744680851 372.31382978723406 
3463.2659574468084 3491.6436170212764 144.06914893617022 172.4468085106383 244.70212765957447 273.07978723404256 
3366.845744680851 3395.5425531914893 155.06914893617022 183.7659574468085 340.6755319148936 369.3723404255319 
3337.877659574468 3365.8563829787236 182.9255319148936 210.90425531914894 258.9414893617021 286.92021276595744 
3420.4893617021276 3449.0 177.85106382978722 206.36170212765958 282.82978723404256 311.3404255319149 
3488.0425531914893 3517.244680851064 157.5 186.70212765957447 227.45744680851064 256.6595744680851 
3477.074468085106 3505.744680851064 163.9255319148936 192.59574468085106 303.031914893617 331.70212765957444 
3237.648936170213 3264.803191489362 164.66489361702128 191.81914893617022 301.47872340425533 328.6329787234043 
3150.7393617021276 3178.691489361702 157.75531914893617 185.70744680851064 268.23936170212767 296.1914893617021 
3427.9202127659573 3456.723404255319 159.50531914893617 188.30851063829786 351.5904255319149 380.3936170212766 
3236.398936170213 3264.351063829787 178.66489361702128 206.61702127659575 304.218085106383 332.17021276595744 
3445.0159574468084 3473.81914893617 215.79787234042553 244.60106382978722 411.02659574468083 439.82978723404256 
3443.021276595745 3472.276595744681 157.31914893617022 186.5744680851064 281.0 310.25531914893617 
3098.159574468085 3125.9521276595747 142.36702127659575 170.1595744680851 219.27659574468086 247.06914893617022 
3254.755319148936 3283.2393617021276 127.26595744680851 155.75 199.17021276595744 227.65425531914894 
3467.2872340425533 3496.675531914894 202.59574468085106 231.9840425531915 345.531914893617 374.92021276595744 
3512.4521276595747 3541.175531914894 157.24468085106383 185.96808510638297 218.0372340425532 246.76063829787233 
3286.505319148936 3313.925531914894 126.68617021276596 154.10638297872342 311.07978723404256 338.5 
3349.244680851064 3377.409574468085 212.9255319148936 241.0904255319149 343.5 371.6648936170213 
3430.095744680851 3458.7925531914893 225.91489361702128 254.61170212765958 238.81914893617022 267.5159574468085 
3428.590425531915 3456.303191489362 288.968085106383 316.6808510638298 378.9095744680851 406.6223404255319 
3360.601063829787 3388.340425531915 213.88297872340425 241.62234042553192 305.8670212765957 333.6063829787234 
3303.2659574468084 3332.095744680851 190.88297872340425 219.7127659574468 267.7340425531915 296.56382978723406 
3257.968085106383 3285.946808510638 205.88829787234042 233.86702127659575 314.1914893617021 342.17021276595744 
3194.1063829787236 3222.75 233.83510638297872 262.47872340425533 351.02127659574467 379.6648936170213 
3513.1436170212764 3542.93085106383 176.75 206.5372340425532 253.7287234042553 283.5159574468085 
3274.271276595745 3302.436170212766 163.40425531914894 191.56914893617022 238.79255319148936 266.9574468085106 
3413.75 3442.6063829787236 150.89893617021278 179.75531914893617 221.0904255319149 249.9468085106383 
3459.6382978723404 3487.9627659574467 149.71808510638297 178.04255319148936 216.5 244.8244680851064 
3401.351063829787 3430.2872340425533 203.0159574468085 231.95212765957447 259.1170212765957 288.0531914893617 
3496.6702127659573 3525.473404255319 161.75531914893617 190.55851063829786 298.8510638297872 327.65425531914894 
3325.4893617021276 3353.5478723404253 165.7287234042553 193.7872340425532 322.93617021276594 350.99468085106383 
3291.675531914894 3320.6382978723404 142.57978723404256 171.54255319148936 203.05851063829786 232.0212765957447 
3567.872340425532 3596.4893617021276 227.82978723404256 256.4468085106383 296.9148936170213 325.531914893617 
3423.718085106383 3452.2021276595747 146.85638297872342 175.3404255319149 330.2074468085106 358.6914893617021 
3420.558510638298 3449.228723404255 168.45212765957447 197.12234042553192 221.5159574468085 250.18617021276594 
3168.968085106383 3196.627659574468 154.49468085106383 182.15425531914894 232.1595744680851 259.8191489361702 
3724.8297872340427 3754.696808510638 158.25 188.11702127659575 350.5744680851064 380.4414893617021 
3338.3563829787236 3367.372340425532 138.3404255319149 167.35638297872342 275.00531914893617 304.02127659574467 
3306.1436170212764 3334.7606382978724 156.40425531914894 185.0212765957447 317.68617021276594 346.3031914893617 
3111.372340425532 3138.2606382978724 166.9840425531915 193.87234042553192 253.60638297872342 280.49468085106383 
3649.7872340425533 3678.9893617021276 226.75531914893617 255.95744680851064 309.9468085106383 339.1489361702128 
3324.1170212765956 3353.0797872340427 197.51063829787233 226.47340425531914 257.1489361702128 286.11170212765956 
3681.824468085106 3710.7606382978724 202.0372340425532 230.97340425531914 305.92021276595744 334.8563829787234 
3381.351063829787 3409.3829787234044 156.63829787234042 184.67021276595744 243.53191489361703 271.56382978723406 
