1623.2764227642276 1652.138211382114 114.34146341463415 143.20325203252034 139.5040650406504 168.3658536585366 
1643.4878048780488 1673.2845528455284 99.2439024390244 129.04065040650406 104.11382113821138 133.91056910569105 
1777.2926829268292 1806.6422764227643 86.86178861788618 116.21138211382114 125.7479674796748 155.09756097560975 
1484.7560975609756 1511.7886178861788 96.5609756097561 123.59349593495935 113.23577235772358 140.26829268292684 
1543.0081300813008 1569.7967479674796 92.91869918699187 119.70731707317073 135.9430894308943 162.73170731707316 
1744.6910569105692 1773.7560975609756 78.90243902439025 107.96747967479675 109.08130081300813 138.14634146341464 
1609.9024390243903 1639.9430894308944 94.6910569105691 124.73170731707317 138.52032520325204 168.5609756097561 
1568.7723577235772 1596.9837398373984 91.17886178861788 119.39024390243902 117.26829268292683 145.47967479674796 
1782.861788617886 1811.1544715447155 105.08130081300813 133.3739837398374 125.71544715447155 154.0081300813008 
1708.5447154471544 1737.121951219512 93.53658536585365 122.11382113821138 108.42276422764228 137.0 
1658.0243902439024 1687.739837398374 95.34146341463415 125.0569105691057 147.79674796747966 177.5121951219512 
1655.6341463414635 1684.4959349593496 87.2520325203252 116.11382113821138 133.2357723577236 162.09756097560975 
1927.9674796747968 1957.6422764227643 121.28455284552845 150.95934959349594 170.71544715447155 200.390243902439 
1826.0 1855.0243902439024 91.73170731707317 120.7560975609756 127.99186991869918 157.01626016260164 
1518.1300813008131 1546.8292682926829 76.02439024390245 104.72357723577235 97.5691056910569 126.26829268292683 
1512.5040650406504 1541.3658536585365 86.47967479674797 115.34146341463415 125.08130081300813 153.9430894308943 
1633.5447154471544 1662.8130081300812 82.92682926829268 112.1951219512195 120.869918699187 150.1382113821138 
1505.2764227642276 1534.0975609756097 103.4390243902439 132.260162601626 140.1138211382114 168.9349593495935 
1592.821138211382 1621.7235772357724 81.88617886178862 110.78861788617886 105.13821138211382 134.04065040650406 
1685.1951219512196 1714.30081300813 87.78048780487805 116.88617886178862 134.84552845528455 163.9512195121951 
1684.0569105691056 1712.5121951219512 92.55284552845528 121.00813008130082 142.3089430894309 170.7642276422764 
1644.1056910569105 1672.3170731707316 96.98373983739837 125.1951219512195 137.15447154471545 165.3658536585366 
1675.2276422764228 1702.7073170731708 87.95121951219512 115.4308943089431 125.02439024390245 152.5040650406504 
1578.9349593495936 1607.3495934959349 102.90243902439025 131.3170731707317 128.09756097560975 156.5121951219512 
1749.7073170731708 1779.9512195121952 94.26016260162602 124.5040650406504 160.4390243902439 190.6829268292683 
1353.9674796747968 1381.3252032520325 93.91056910569105 121.26829268292683 114.47967479674797 141.83739837398375 
1307.4065040650407 1334.1544715447155 81.78048780487805 108.52845528455285 134.03252032520325 160.78048780487805 
1524.1056910569105 1553.0487804878048 103.78861788617886 132.73170731707316 157.130081300813 186.0731707317073 
1600.9512195121952 1629.4065040650407 88.83739837398375 117.29268292682927 121.6829268292683 150.1382113821138 
1618.4227642276423 1645.5365853658536 84.21138211382114 111.32520325203252 121.53658536585365 148.65040650406505 
1587.1707317073171 1615.4634146341464 94.6178861788618 122.91056910569105 128.1869918699187 156.47967479674796 
1718.260162601626 1746.918699186992 91.66666666666667 120.32520325203252 110.82113821138212 139.47967479674796 
1714.6504065040651 1742.6178861788617 112.09756097560975 140.0650406504065 147.79674796747966 175.7642276422764 
1409.6341463414635 1437.439024390244 83.1219512195122 110.92682926829268 105.27642276422765 133.08130081300814 
1714.7560975609756 1743.3333333333333 86.99186991869918 115.5691056910569 128.3089430894309 156.8861788617886 
1334.0325203252032 1361.0243902439024 87.34959349593495 114.34146341463415 123.82926829268293 150.8211382113821 
1499.0 1527.861788617886 115.89430894308943 144.7560975609756 129.08943089430895 157.9512195121951 
1454.5528455284552 1481.7886178861788 89.4390243902439 116.67479674796748 140.4959349593496 167.73170731707316 
1665.9105691056911 1694.1626016260163 87.26829268292683 115.52032520325203 120.42276422764228 148.6747967479675 
1570.5528455284552 1598.8861788617887 85.17073170731707 113.5040650406504 121.65040650406505 149.98373983739836 
1629.9024390243903 1658.39837398374 88.32520325203252 116.82113821138212 90.91056910569105 119.40650406504065 
1523.3821138211383 1550.5365853658536 91.95121951219512 119.10569105691057 137.8130081300813 164.96747967479675 
1463.520325203252 1492.30081300813 97.3089430894309 126.08943089430895 106.2439024390244 135.02439024390245 
1514.8373983739837 1542.2357723577236 88.40650406504065 115.8048780487805 111.77235772357723 139.17073170731706 
1725.0731707317073 1753.7317073170732 76.13821138211382 104.79674796747967 133.65853658536585 162.3170731707317 
1621.5121951219512 1650.658536585366 97.29268292682927 126.4390243902439 132.77235772357724 161.91869918699186 
1677.6504065040651 1706.1869918699188 91.72357723577235 120.26016260162602 112.86178861788618 141.39837398373984 
1809.959349593496 1840.2439024390244 91.73170731707317 122.01626016260163 133.17073170731706 163.45528455284554 
1544.5934959349593 1573.6178861788617 92.73983739837398 121.76422764227642 113.59349593495935 142.6178861788618 
1630.8373983739837 1659.1707317073171 87.14634146341463 115.47967479674797 119.9349593495935 148.26829268292684 
