161.79545454545453 192.13636363636363 64.3409090909091 94.68181818181819 63.79545454545455 94.13636363636364 
58.31818181818182 86.1590909090909 53.77272727272727 81.61363636363636 39.27272727272727 67.11363636363636 
81.38636363636364 108.6590909090909 49.15909090909091 76.43181818181819 51.93181818181818 79.20454545454545 
74.13636363636364 100.72727272727273 61.81818181818182 88.4090909090909 48.79545454545455 75.38636363636364 
56.47727272727273 86.70454545454545 57.20454545454545 87.43181818181819 40.06818181818182 70.29545454545455 
74.02272727272727 102.0909090909091 60.93181818181818 89.0 49.88636363636363 77.95454545454545 
61.81818181818182 90.0 57.56818181818182 85.75 41.0 69.18181818181819 
101.04545454545455 130.13636363636363 59.72727272727273 88.81818181818181 50.0 79.0909090909091 
58.22727272727273 82.43181818181819 62.5 86.70454545454545 35.18181818181818 59.38636363636363 
108.70454545454545 135.0681818181818 60.95454545454545 87.31818181818181 45.63636363636363 72.0 
105.86363636363636 137.45454545454547 58.5 90.0909090909091 44.20454545454545 75.79545454545455 
55.47727272727273 85.81818181818181 59.15909090909091 89.5 39.27272727272727 69.61363636363636 
47.95454545454545 75.45454545454545 54.18181818181818 81.68181818181819 36.22727272727273 63.72727272727273 
74.9090909090909 104.22727272727273 67.86363636363636 97.18181818181819 44.59090909090909 73.9090909090909 
66.22727272727273 92.5909090909091 58.27272727272727 84.63636363636364 44.59090909090909 70.95454545454545 
53.88636363636363 80.13636363636364 58.22727272727273 84.47727272727273 39.22727272727273 65.47727272727273 
51.95454545454545 79.3409090909091 57.02272727272727 84.4090909090909 42.77272727272727 70.1590909090909 
45.63636363636363 73.93181818181819 55.63636363636363 83.93181818181819 36.27272727272727 64.56818181818181 
62.25 92.02272727272727 60.45454545454545 90.22727272727273 40.90909090909091 70.68181818181819 
96.38636363636364 125.81818181818181 60.06818181818182 89.5 51.15909090909091 80.5909090909091 
79.04545454545455 105.63636363636364 63.36363636363637 89.95454545454545 50.75 77.3409090909091 
62.59090909090909 91.3409090909091 48.72727272727273 77.47727272727273 37.5 66.25 
100.29545454545455 126.54545454545455 62.45454545454545 88.70454545454545 59.63636363636363 85.88636363636364 
53.29545454545455 81.25 58.61363636363637 86.56818181818181 44.22727272727273 72.18181818181819 
52.59090909090909 79.75 47.04545454545455 74.20454545454545 43.63636363636363 70.79545454545455 
61.68181818181818 89.75 56.88636363636363 84.95454545454545 45.04545454545455 73.11363636363636 
53.22727272727273 80.8409090909091 53.65909090909091 81.27272727272727 38.27272727272727 65.88636363636364 
76.8409090909091 107.18181818181819 52.72727272727273 83.06818181818181 48.38636363636363 78.72727272727273 
70.5 100.95454545454545 55.54545454545455 86.0 42.90909090909091 73.36363636363636 
69.11363636363636 102.4090909090909 52.04545454545455 85.3409090909091 42.52272727272727 75.81818181818181 
76.77272727272727 106.77272727272727 57.61363636363637 87.61363636363636 41.97727272727273 71.97727272727273 
63.81818181818182 91.43181818181819 55.06818181818182 82.68181818181819 39.56818181818182 67.18181818181819 
61.27272727272727 88.77272727272727 50.70454545454545 78.20454545454545 40.54545454545455 68.04545454545455 
81.72727272727273 109.9090909090909 55.5 83.68181818181819 46.54545454545455 74.72727272727273 
66.8409090909091 91.95454545454545 59.77272727272727 84.88636363636364 51.25 76.36363636363636 
61.18181818181818 89.25 53.40909090909091 81.47727272727273 42.04545454545455 70.11363636363636 
75.1590909090909 105.5 53.77272727272727 84.11363636363636 46.13636363636363 76.47727272727273 
63.13636363636363 92.22727272727273 53.52272727272727 82.61363636363636 41.52272727272727 70.61363636363636 
62.22727272727273 90.75 56.34090909090909 84.86363636363636 34.43181818181818 62.95454545454545 
55.75 87.45454545454545 55.11363636363637 86.81818181818181 35.75 67.45454545454545 
53.5 82.13636363636364 53.43181818181818 82.06818181818181 32.43181818181818 61.06818181818182 
70.97727272727273 99.5 61.68181818181818 90.20454545454545 42.20454545454545 70.72727272727273 
68.0 99.25 58.34090909090909 89.5909090909091 49.40909090909091 80.6590909090909 
107.31818181818181 139.13636363636363 63.38636363636363 95.20454545454545 57.95454545454545 89.77272727272727 
79.56818181818181 106.95454545454545 58.38636363636363 85.77272727272727 46.68181818181818 74.06818181818181 
115.97727272727273 147.79545454545453 64.52272727272727 96.3409090909091 52.09090909090909 83.9090909090909 
61.65909090909091 90.97727272727273 58.72727272727273 88.04545454545455 44.18181818181818 73.5 
55.61363636363637 84.5909090909091 52.52272727272727 81.5 42.59090909090909 71.56818181818181 
66.8409090909091 94.9090909090909 53.72727272727273 81.79545454545455 47.25 75.31818181818181 
62.52272727272727 91.38636363636364 52.5 81.36363636363636 43.52272727272727 72.38636363636364 
