1862.25 1890.717741935484 84.81451612903226 113.28225806451613 127.89516129032258 156.36290322580646 
1692.5564516129032 1720.258064516129 92.79032258064517 120.49193548387096 128.2016129032258 155.90322580645162 
1749.3629032258063 1779.282258064516 93.08870967741936 123.00806451612904 125.87096774193549 155.79032258064515 
1706.975806451613 1734.3145161290322 91.89516129032258 119.23387096774194 132.2016129032258 159.54032258064515 
1752.8387096774193 1780.983870967742 93.54032258064517 121.68548387096774 110.6774193548387 138.82258064516128 
1637.3064516129032 1666.6209677419354 88.90322580645162 118.21774193548387 139.6451612903226 168.95967741935485 
1776.3951612903227 1804.4596774193549 93.41129032258064 121.4758064516129 122.28225806451613 150.34677419354838 
1522.0967741935483 1550.282258064516 86.85483870967742 115.04032258064517 126.08064516129032 154.26612903225808 
1835.9032258064517 1863.6854838709678 97.26612903225806 125.04838709677419 132.58064516129033 160.36290322580646 
1448.016129032258 1474.8709677419354 78.15322580645162 105.00806451612904 116.81451612903226 143.66935483870967 
1973.6290322580646 2005.483870967742 80.66129032258064 112.51612903225806 126.29032258064517 158.1451612903226 
1543.6532258064517 1570.6290322580646 78.4758064516129 105.45161290322581 128.16935483870967 155.1451612903226 
1843.2903225806451 1873.3709677419354 78.19354838709677 108.2741935483871 121.87903225806451 151.95967741935485 
1811.6532258064517 1839.9596774193549 97.33870967741936 125.64516129032258 128.08870967741936 156.3951612903226 
1524.217741935484 1551.9193548387098 89.05645161290323 116.75806451612904 145.16129032258064 172.86290322580646 
1565.8064516129032 1592.741935483871 92.28225806451613 119.21774193548387 106.62096774193549 133.55645161290323 
1429.282258064516 1456.7016129032259 110.26612903225806 137.68548387096774 129.05645161290323 156.4758064516129 
1308.991935483871 1335.483870967742 87.88709677419355 114.37903225806451 94.79032258064517 121.28225806451613 
1475.1129032258063 1503.7016129032259 85.93548387096774 114.5241935483871 131.48387096774192 160.07258064516128 
1654.8225806451612 1683.2096774193549 72.20161290322581 100.58870967741936 145.83870967741936 174.2258064516129 
1531.0806451612902 1559.7903225806451 84.87096774193549 113.58064516129032 101.59677419354838 130.30645161290323 
1661.0 1691.4435483870968 90.25 120.69354838709677 109.1774193548387 139.6209677419355 
1604.3387096774193 1632.6048387096773 78.05645161290323 106.3225806451613 126.79838709677419 155.06451612903226 
1311.4112903225807 1338.6693548387098 94.12096774193549 121.37903225806451 114.48387096774194 141.74193548387098 
1587.9596774193549 1616.467741935484 90.89516129032258 119.40322580645162 121.83064516129032 150.33870967741936 
1539.4516129032259 1567.5564516129032 102.58870967741936 130.69354838709677 125.25806451612904 153.36290322580646 
1715.6290322580646 1744.9435483870968 84.79838709677419 114.11290322580645 109.45967741935483 138.7741935483871 
1561.3145161290322 1590.0645161290322 91.95967741935483 120.70967741935483 118.65322580645162 147.40322580645162 
1361.258064516129 1389.1612903225807 81.25806451612904 109.16129032258064 108.63709677419355 136.54032258064515 
1695.217741935484 1722.8790322580646 103.60483870967742 131.26612903225808 127.73387096774194 155.3951612903226 
1626.1532258064517 1654.217741935484 85.03225806451613 113.09677419354838 118.62903225806451 146.69354838709677 
1811.7903225806451 1840.741935483871 96.06451612903226 125.01612903225806 129.4516129032258 158.40322580645162 
1674.274193548387 1703.3064516129032 102.7258064516129 131.75806451612902 120.35483870967742 149.38709677419354 
1877.766129032258 1909.016129032258 83.34677419354838 114.59677419354838 133.41129032258064 164.66129032258064 
1520.0725806451612 1548.258064516129 98.0241935483871 126.20967741935483 144.58870967741936 172.7741935483871 
1611.741935483871 1640.4516129032259 93.14516129032258 121.85483870967742 115.20967741935483 143.91935483870967 
1534.3145161290322 1561.4516129032259 81.08064516129032 108.21774193548387 117.23387096774194 144.3709677419355 
1884.6532258064517 1913.8467741935483 84.54838709677419 113.74193548387096 114.50806451612904 143.7016129032258 
1532.266129032258 1560.4516129032259 78.75806451612904 106.94354838709677 116.05645161290323 144.24193548387098 
1658.6693548387098 1686.532258064516 85.49193548387096 113.35483870967742 119.79838709677419 147.66129032258064 
1536.4193548387098 1564.282258064516 81.83870967741936 109.70161290322581 111.83870967741936 139.7016129032258 
1666.1209677419354 1695.1532258064517 94.03225806451613 123.06451612903226 115.79838709677419 144.83064516129033 
1471.967741935484 1498.5806451612902 81.30645161290323 107.91935483870968 120.93548387096774 147.5483870967742 
1816.3790322580646 1846.3790322580646 94.66129032258064 124.66129032258064 125.7258064516129 155.7258064516129 
1568.0 1595.5403225806451 87.45967741935483 115.0 132.3548387096774 159.8951612903226 
1835.282258064516 1863.1048387096773 107.35483870967742 135.17741935483872 172.91129032258064 200.73387096774192 
1661.6370967741937 1689.1370967741937 97.7741935483871 125.2741935483871 111.15322580645162 138.65322580645162 
1595.741935483871 1623.766129032258 95.12903225806451 123.15322580645162 135.07258064516128 163.09677419354838 
1841.25 1869.8387096774193 107.3225806451613 135.91129032258064 128.67741935483872 157.26612903225808 
1720.1935483870968 1748.5806451612902 87.80645161290323 116.19354838709677 112.60483870967742 140.99193548387098 
