172.45 201.78333333333333 57.46666666666667 86.8 68.83333333333333 98.16666666666667 
264.6166666666667 294.78333333333336 64.95 95.11666666666666 68.0 98.16666666666667 
160.45 189.7 59.46666666666667 88.71666666666667 49.03333333333333 78.28333333333333 
145.41666666666666 174.16666666666666 68.05 96.8 64.38333333333334 93.13333333333334 
127.55 154.71666666666667 55.46666666666667 82.63333333333334 49.63333333333333 76.8 
114.16666666666667 142.5 59.8 88.13333333333334 63.8 92.13333333333334 
147.55 176.88333333333333 61.85 91.18333333333334 57.2 86.53333333333333 
116.73333333333333 143.9 64.88333333333334 92.05 59.81666666666667 86.98333333333333 
185.8 216.13333333333333 58.416666666666664 88.75 54.96666666666667 85.3 
120.55 149.21666666666667 61.983333333333334 90.65 58.96666666666667 87.63333333333334 
119.81666666666666 147.15 60.68333333333333 88.01666666666667 62.25 89.58333333333333 
188.7 218.36666666666667 68.18333333333334 97.85 73.15 102.81666666666666 
120.4 146.23333333333332 64.66666666666667 90.5 53.38333333333333 79.21666666666667 
236.41666666666666 264.25 61.733333333333334 89.56666666666666 67.5 95.33333333333333 
174.98333333333332 202.9 63.583333333333336 91.5 63.31666666666667 91.23333333333333 
130.78333333333333 158.45 59.96666666666667 87.63333333333334 66.88333333333334 94.55 
89.53333333333333 116.53333333333333 55.583333333333336 82.58333333333333 55.7 82.7 
240.25 268.3333333333333 68.11666666666666 96.2 56.36666666666667 84.45 
156.63333333333333 184.88333333333333 57.46666666666667 85.71666666666667 59.266666666666666 87.51666666666667 
191.83333333333334 222.33333333333334 59.53333333333333 90.03333333333333 67.1 97.6 
105.95 135.86666666666667 49.43333333333333 79.35 50.15 80.06666666666666 
238.51666666666668 269.43333333333334 60.516666666666666 91.43333333333334 66.25 97.16666666666667 
140.88333333333333 165.3 59.8 84.21666666666667 56.61666666666667 81.03333333333333 
116.15 147.23333333333332 62.5 93.58333333333333 50.81666666666667 81.9 
107.48333333333333 136.31666666666666 63.46666666666667 92.3 56.13333333333333 84.96666666666667 
74.51666666666667 103.76666666666667 52.583333333333336 81.83333333333333 45.7 74.95 
105.73333333333333 132.4 69.85 96.51666666666667 46.36666666666667 73.03333333333333 
88.81666666666666 115.9 62.166666666666664 89.25 46.8 73.88333333333334 
173.36666666666667 201.03333333333333 55.06666666666667 82.73333333333333 58.8 86.46666666666667 
93.93333333333334 123.26666666666667 64.13333333333334 93.46666666666667 49.666666666666664 79.0 
398.4166666666667 427.75 63.4 92.73333333333333 72.63333333333334 101.96666666666667 
86.73333333333333 113.23333333333333 61.766666666666666 88.26666666666667 52.38333333333333 78.88333333333334 
158.51666666666668 187.01666666666668 62.7 91.2 65.01666666666667 93.51666666666667 
107.68333333333334 134.68333333333334 56.0 83.0 54.9 81.9 
113.25 141.75 57.56666666666667 86.06666666666666 48.55 77.05 
119.68333333333334 147.51666666666668 61.95 89.78333333333333 54.6 82.43333333333334 
103.33333333333333 133.16666666666666 51.81666666666667 81.65 64.38333333333334 94.21666666666667 
156.8 184.21666666666667 62.53333333333333 89.95 75.01666666666667 102.43333333333334 
216.43333333333334 246.35 57.983333333333334 87.9 66.83333333333333 96.75 
136.85 164.43333333333334 63.833333333333336 91.41666666666667 60.05 87.63333333333334 
153.56666666666666 180.73333333333332 63.95 91.11666666666666 60.233333333333334 87.4 
236.7 266.95 67.01666666666667 97.26666666666667 70.05 100.3 
125.46666666666667 151.05 63.95 89.53333333333333 76.6 102.18333333333334 
216.75 247.25 60.38333333333333 90.88333333333334 63.13333333333333 93.63333333333334 
138.41666666666666 166.33333333333334 51.416666666666664 79.33333333333333 49.833333333333336 77.75 
198.45 227.95 49.35 78.85 64.96666666666667 94.46666666666667 
230.1 258.01666666666665 64.21666666666667 92.13333333333334 70.8 98.71666666666667 
118.95 146.11666666666667 51.61666666666667 78.78333333333333 48.5 75.66666666666667 
172.7 201.53333333333333 63.2 92.03333333333333 54.06666666666667 82.9 
144.81666666666666 174.06666666666666 63.2 92.45 50.88333333333333 80.13333333333334 
