1195.6936936936936 1223.3513513513512 82.26126126126127 109.91891891891892 105.8018018018018 133.45945945945945 
1157.3333333333333 1186.7927927927929 75.86486486486487 105.32432432432432 93.09009009009009 122.54954954954955 
1402.5675675675675 1431.4414414414414 77.17117117117117 106.04504504504504 93.10810810810811 121.98198198198199 
1206.3153153153153 1234.063063063063 80.87387387387388 108.62162162162163 112.52252252252252 140.27027027027026 
1152.4504504504505 1179.0720720720722 85.43243243243244 112.05405405405405 109.4054054054054 136.02702702702703 
1298.081081081081 1326.144144144144 79.13513513513513 107.1981981981982 85.37837837837837 113.44144144144144 
1172.4594594594594 1201.063063063063 79.14414414414415 107.74774774774775 99.89189189189189 128.4954954954955 
1288.3423423423424 1317.3963963963963 78.8108108108108 107.86486486486487 96.11711711711712 125.17117117117117 
1288.144144144144 1317.3333333333333 79.94594594594595 109.13513513513513 120.45945945945945 149.64864864864865 
1431.1981981981983 1459.2162162162163 85.15315315315316 113.17117117117117 99.68468468468468 127.70270270270271 
1275.7207207207207 1303.6036036036037 83.38738738738739 111.27027027027027 98.92792792792793 126.8108108108108 
1390.8288288288288 1420.4234234234234 75.78378378378379 105.37837837837837 127.18018018018019 156.77477477477478 
1291.6126126126126 1319.8108108108108 84.92792792792793 113.12612612612612 101.93693693693693 130.13513513513513 
1344.6576576576576 1373.3063063063064 80.22522522522523 108.87387387387388 96.22522522522523 124.87387387387388 
1214.3873873873874 1243.6666666666667 83.72072072072072 113.0 92.32432432432432 121.6036036036036 
1205.954954954955 1232.8468468468468 77.81981981981981 104.71171171171171 100.14414414414415 127.03603603603604 
1346.6846846846847 1376.8648648648648 84.5945945945946 114.77477477477477 127.990990990991 158.17117117117118 
1547.8108108108108 1574.9279279279278 81.17117117117117 108.28828828828829 150.22522522522522 177.34234234234233 
1429.2432432432433 1457.6666666666667 81.48648648648648 109.90990990990991 105.23423423423424 133.65765765765767 
1465.9279279279278 1495.4774774774776 83.18018018018019 112.72972972972973 111.27027027027027 140.81981981981983 
1259.4594594594594 1287.4774774774776 75.0 103.01801801801801 103.33333333333333 131.35135135135135 
1355.9099099099099 1385.4144144144145 76.57657657657657 106.08108108108108 101.36936936936937 130.87387387387386 
1284.7297297297298 1313.3783783783783 82.09009009009009 110.73873873873873 119.1891891891892 147.83783783783784 
1029.4324324324325 1055.5135135135135 76.28828828828829 102.36936936936937 103.78378378378379 129.86486486486487 
1197.2432432432433 1224.0900900900901 70.86486486486487 97.71171171171171 99.01801801801801 125.86486486486487 
1127.5225225225224 1155.990990990991 92.36936936936937 120.83783783783784 104.64864864864865 133.11711711711712 
1380.972972972973 1408.6306306306305 89.86486486486487 117.52252252252252 117.66666666666667 145.32432432432432 
1373.954954954955 1402.1081081081081 81.17117117117117 109.32432432432432 96.70270270270271 124.85585585585585 
1579.7747747747749 1609.099099099099 81.05405405405405 110.37837837837837 117.74774774774775 147.07207207207207 
1077.3333333333333 1104.4054054054054 67.90090090090091 94.97297297297297 105.36036036036036 132.43243243243242 
1032.2342342342342 1061.1531531531532 83.97297297297297 112.89189189189189 101.98198198198199 130.9009009009009 
1380.4054054054054 1410.0 85.93693693693693 115.53153153153153 143.15315315315314 172.74774774774775 
1305.6756756756756 1334.1891891891892 84.35135135135135 112.86486486486487 117.43243243243244 145.94594594594594 
1240.2072072072071 1267.6846846846847 77.45945945945945 104.93693693693693 106.73873873873873 134.21621621621622 
1026.4324324324325 1054.3153153153153 88.04504504504504 115.92792792792793 113.38738738738739 141.27027027027026 
1272.4684684684685 1301.027027027027 83.21621621621621 111.77477477477477 128.75675675675674 157.3153153153153 
1403.7117117117118 1434.162162162162 78.83783783783784 109.28828828828829 105.56756756756756 136.018018018018 
1307.963963963964 1335.8468468468468 88.98198198198199 116.86486486486487 102.26126126126127 130.14414414414415 
1456.2792792792793 1484.837837837838 84.57657657657657 113.13513513513513 109.93693693693693 138.4954954954955 
1360.2432432432433 1388.5315315315315 82.30630630630631 110.5945945945946 109.17117117117117 137.45945945945945 
1166.7207207207207 1195.1891891891892 85.55855855855856 114.02702702702703 112.10810810810811 140.57657657657657 
1302.963963963964 1331.6576576576576 73.68468468468468 102.37837837837837 103.31531531531532 132.00900900900902 
1084.5045045045044 1112.5225225225224 75.8018018018018 103.81981981981981 99.03603603603604 127.05405405405405 
1233.2252252252251 1261.4684684684685 78.56756756756756 106.8108108108108 124.3963963963964 152.63963963963963 
1298.4684684684685 1326.8018018018017 88.90990990990991 117.24324324324324 120.28828828828829 148.6216216216216 
1538.900900900901 1568.1351351351352 92.69369369369369 121.92792792792793 112.67567567567568 141.9099099099099 
1419.0 1447.4234234234234 87.86486486486487 116.28828828828829 132.27027027027026 160.6936936936937 
1491.900900900901 1520.954954954955 82.35135135135135 111.4054054054054 101.07207207207207 130.12612612612614 
1520.4144144144145 1551.5855855855855 78.16216216216216 109.33333333333333 92.82882882882883 124.0 
1058.8288288288288 1086.036036036036 73.33333333333333 100.54054054054055 102.71171171171171 129.9189189189189 
