4809.921161825726 4838.095435684647 422.0663900414938 450.2406639004149 482.18257261410787 510.35684647302907 
4881.477178423236 4911.248962655602 346.6058091286307 376.37759336099583 545.3983402489627 575.1701244813278 
5314.759336099585 5343.4315352697095 537.2572614107884 565.9294605809129 658.8464730290457 687.5186721991702 
4711.854771784232 4739.261410788382 264.896265560166 292.3029045643153 442.53941908713693 469.9460580912863 
4979.51867219917 5007.817427385892 369.16597510373447 397.46473029045643 546.4273858921161 574.7261410788382 
4874.560165975104 4903.48132780083 344.3817427385892 373.3029045643153 532.6307053941908 561.551867219917 
4695.2282157676345 4723.547717842323 345.1991701244813 373.5186721991701 765.5809128630706 793.9004149377594 
5257.6265560165975 5286.319502074689 309.92946058091286 338.62240663900417 483.1244813278008 511.81742738589213 
5033.186721991701 5061.651452282158 338.8713692946058 367.33609958506224 473.5809128630705 502.04564315352695 
4840.224066390041 4869.165975103734 299.4149377593361 328.35684647302907 697.50622406639 726.448132780083 
4822.01244813278 4851.03734439834 367.9377593360996 396.9626556016598 566.2655601659751 595.2904564315353 
4799.195020746888 4827.473029045643 286.62240663900417 314.9004149377593 425.9792531120332 454.2572614107884 
4721.9751037344395 4750.0248962655605 343.3402489626556 371.3900414937759 523.4066390041494 551.4564315352698 
5006.406639004149 5034.290456431535 298.65145228215766 326.53526970954357 465.6804979253112 493.5643153526971 
4973.688796680498 5004.020746887967 429.37759336099583 459.7095435684647 634.4149377593361 664.7468879668049 
4897.804979253112 4926.103734439834 430.2448132780083 458.5435684647303 631.643153526971 659.9419087136929 
4906.497925311203 4935.253112033195 357.3195020746888 386.0746887966805 496.56016597510376 525.3153526970955 
4924.941908713693 4953.551867219917 433.92116182572613 462.5311203319502 518.1161825726141 546.7261410788382 
4666.60580912863 4694.8008298755185 355.9585062240664 384.1535269709544 492.89211618257264 521.0871369294606 
4779.2572614107885 4807.846473029045 339.26141078838174 367.850622406639 566.1659751037345 594.7551867219917 
4735.477178423236 4762.946058091286 387.5186721991701 414.9875518672199 510.72614107883817 538.195020746888 
4646.780082987552 4674.871369294606 301.9253112033195 330.01659751037346 456.0124481327801 484.103734439834 
4959.029045643154 4987.659751037344 482.5933609958506 511.2240663900415 525.6473029045643 554.2780082987551 
4921.887966804979 4951.016597510374 358.52697095435684 387.655601659751 544.2323651452282 573.3609958506224 
4651.759336099585 4679.39419087137 439.7427385892116 467.37759336099583 547.1327800829876 574.7676348547718 
4768.821576763486 4796.6846473029045 393.9336099585062 421.7966804979253 598.0539419087137 625.9170124481328 
4949.597510373444 4978.435684647303 368.84232365145226 397.6804979253112 557.8340248962655 586.6721991701245 
4783.502074688797 4810.908713692946 437.3526970954357 464.7593360995851 585.4730290456431 612.8796680497925 
4714.709543568465 4743.2572614107885 333.0 361.54771784232366 491.07883817427387 519.6265560165975 
4832.402489626556 4861.427385892116 434.5850622406639 463.6099585062241 625.161825726141 654.1867219917012 
4969.265560165975 4997.854771784232 316.50622406639 345.0954356846473 471.1535269709544 499.7427385892116 
4588.933609958506 4615.6556016597515 294.9502074688797 321.6721991701245 391.07053941908714 417.79253112033194 
4887.136929460581 4917.427385892116 290.4273858921162 320.71784232365144 545.207468879668 575.4979253112033 
4936.96265560166 4965.261410788382 332.9377593360996 361.23651452282155 467.6473029045643 495.9460580912863 
4880.448132780083 4908.51867219917 381.98340248962654 410.0539419087137 637.7717842323651 665.8423236514523 
4461.9377593361 4490.215767634855 460.4273858921162 488.70539419087135 635.1120331950208 663.3900414937759 
4529.112033195021 4555.792531120332 445.4149377593361 472.0954356846473 575.0248962655602 601.7053941908714 
4792.352697095435 4820.838174273859 362.344398340249 390.8298755186722 661.3360995850622 689.8215767634855 
5203.070539419087 5231.804979253112 326.2863070539419 355.0207468879668 573.7966804979253 602.5311203319502 
4881.232365145228 4909.904564315353 469.0663900414938 497.73858921161826 451.75103734439836 480.42323651452284 
4453.50622406639 4480.809128630705 359.1535269709544 386.4564315352697 526.1991701244814 553.5020746887967 
4728.825726141079 4757.311203319502 343.5186721991701 372.00414937759336 541.7095435684647 570.195020746888 
4854.726141078838 4883.232365145228 399.15767634854774 427.66390041493776 538.6058091286307 567.1120331950208 
5156.219917012448 5183.668049792531 342.4439834024896 369.89211618257264 642.8796680497925 670.3278008298755 
5090.0622406639 5119.564315352697 395.3153526970954 424.81742738589213 501.90871369294604 531.4107883817427 
4813.132780082988 4841.991701244813 414.8298755186722 443.68879668049794 543.2780082987551 572.1369294605809 
4891.468879668049 4920.224066390041 397.0414937759336 425.7966804979253 471.2406639004149 499.99585062240664 
4649.821576763486 4677.829875518672 369.24896265560164 397.2572614107884 638.0995850622406 666.1078838174274 
4710.883817427386 4738.560165975104 338.01659751037346 365.6929460580913 431.6099585062241 459.2863070539419 
4827.788381742738 4856.107883817427 322.8008298755187 351.12033195020746 439.0124481327801 467.3319502074689 
