1908.157894736842 1937.1804511278197 89.14285714285714 118.16541353383458 133.53383458646616 162.5563909774436 
1775.6992481203008 1805.4736842105262 118.73684210526316 148.51127819548873 176.62406015037595 206.3984962406015 
1902.6015037593984 1931.2105263157894 91.42857142857143 120.0375939849624 121.43609022556392 150.04511278195488 
2040.157894736842 2067.563909774436 101.76691729323308 129.17293233082708 167.57894736842104 194.98496240601503 
2041.451127819549 2069.7969924812032 84.7593984962406 113.10526315789474 143.05263157894737 171.3984962406015 
1880.8345864661653 1909.857142857143 88.96992481203007 117.99248120300751 139.4436090225564 168.46616541353384 
2024.8345864661653 2052.5789473684213 89.86466165413533 117.60902255639098 135.9699248120301 163.71428571428572 
1844.3082706766918 1872.4285714285713 87.90225563909775 116.02255639097744 108.63157894736842 136.75187969924812 
1946.218045112782 1974.4135338345864 99.38345864661655 127.57894736842105 157.93233082706766 186.12781954887217 
1948.9473684210527 1978.7218045112782 96.36842105263158 126.14285714285714 164.70676691729324 194.4812030075188 
1906.0751879699249 1934.0827067669172 84.15037593984962 112.15789473684211 138.29323308270676 166.30075187969925 
1973.015037593985 2002.827067669173 98.09774436090225 127.90977443609023 165.8345864661654 195.64661654135338 
2125.5413533834585 2155.8796992481202 90.29323308270676 120.63157894736842 128.82706766917292 159.1654135338346 
1872.3308270676691 1900.5263157894738 98.26315789473684 126.45864661654136 129.06015037593986 157.25563909774436 
1860.827067669173 1889.624060150376 99.65413533834587 128.45112781954887 148.09774436090225 176.89473684210526 
1886.578947368421 1913.8345864661653 92.81203007518798 120.06766917293233 116.3609022556391 143.61654135338347 
1759.3082706766918 1788.03007518797 97.74436090225564 126.46616541353383 156.5639097744361 185.28571428571428 
2012.578947368421 2041.0751879699249 100.59398496240601 129.09022556390977 129.45864661654136 157.95488721804512 
1543.1353383458647 1571.96992481203 78.94736842105263 107.78195488721805 159.3684210526316 188.203007518797 
1924.0375939849623 1951.1804511278197 77.19548872180451 104.33834586466165 122.04511278195488 149.18796992481202 
1575.360902255639 1601.451127819549 118.25563909774436 144.34586466165413 157.38345864661653 183.47368421052633 
2117.9624060150377 2147.06015037594 114.9172932330827 144.01503759398497 183.48872180451127 212.58646616541353 
1925.0075187969924 1953.7293233082708 82.50375939849624 111.22556390977444 127.45112781954887 156.17293233082708 
1784.8045112781954 1814.3157894736842 93.67669172932331 123.18796992481202 131.1578947368421 160.66917293233084 
1884.8345864661653 1913.96992481203 106.18796992481202 135.3233082706767 132.8421052631579 161.97744360902254 
1884.390977443609 1912.0977443609022 95.78195488721805 123.48872180451127 131.1203007518797 158.82706766917292 
1902.6015037593984 1931.3233082706768 96.75187969924812 125.47368421052632 119.18045112781955 147.90225563909775 
1726.7368421052631 1752.2631578947369 96.51127819548873 122.0375939849624 164.5563909774436 190.08270676691728 
1642.1127819548872 1669.5563909774437 98.02255639097744 125.46616541353383 219.29323308270676 246.73684210526315 
1849.3383458646617 1877.9097744360902 106.9624060150376 135.53383458646616 174.71428571428572 203.28571428571428 
1723.2932330827068 1749.6466165413533 83.54887218045113 109.90225563909775 113.3609022556391 139.71428571428572 
1920.6466165413533 1948.7293233082708 93.96992481203007 122.05263157894737 130.54887218045113 158.6315789473684 
2152.1804511278197 2179.9624060150377 87.55639097744361 115.33834586466165 142.45112781954887 170.2330827067669 
2005.1954887218046 2033.390977443609 117.29323308270676 145.48872180451127 180.4360902255639 208.6315789473684 
1726.142857142857 1754.6015037593984 96.15037593984962 124.60902255639098 136.6315789473684 165.09022556390977 
1830.436090225564 1857.9924812030076 95.19548872180451 122.75187969924812 122.7593984962406 150.31578947368422 
2135.4887218045114 2165.563909774436 96.43609022556392 126.51127819548873 121.42857142857143 151.50375939849624 
2065.3533834586465 2094.3383458646617 90.45864661654136 119.44360902255639 120.05263157894737 149.0375939849624 
1730.0526315789473 1758.436090225564 95.59398496240601 123.97744360902256 146.5563909774436 174.93984962406014 
1842.9323308270677 1872.218045112782 103.52631578947368 132.81203007518798 177.01503759398497 206.30075187969925 
1827.9398496240601 1856.3233082706768 88.94736842105263 117.33082706766918 138.12781954887217 166.51127819548873 
1852.3233082706768 1880.142857142857 91.33834586466165 119.15789473684211 135.3684210526316 163.18796992481202 
1739.9624060150377 1768.233082706767 92.49624060150376 120.76691729323308 149.94736842105263 178.21804511278197 
1782.0827067669172 1810.1654135338347 94.50375939849624 122.58646616541354 161.30827067669173 189.39097744360902 
1854.812030075188 1883.5338345864661 85.27067669172932 113.99248120300751 128.593984962406 157.31578947368422 
2031.9473684210527 2059.9548872180453 100.07518796992481 128.08270676691728 150.10526315789474 178.11278195488723 
1808.5864661654136 1836.9323308270677 108.77443609022556 137.1203007518797 153.29323308270676 181.6390977443609 
1991.1654135338347 2019.172932330827 88.8796992481203 116.88721804511279 134.81203007518798 162.81954887218046 
1819.0827067669172 1846.9774436090227 91.26315789473684 119.15789473684211 118.7593984962406 146.65413533834587 
1900.4135338345864 1927.406015037594 93.57894736842105 120.57142857142857 118.7218045112782 145.71428571428572 
