643.8829787234042 671.5957446808511 90.6063829787234 118.31914893617021 99.38297872340425 127.09574468085107 
616.4042553191489 643.7446808510638 75.03191489361703 102.37234042553192 86.19148936170212 113.53191489361703 
956.8510638297872 984.8297872340426 76.24468085106383 104.22340425531915 106.08510638297872 134.06382978723406 
953.3936170212766 982.9148936170212 68.3936170212766 97.91489361702128 97.03191489361703 126.55319148936171 
992.6170212765958 1021.2872340425532 69.22340425531915 97.8936170212766 93.08510638297872 121.75531914893617 
905.2021276595744 932.5957446808511 77.87234042553192 105.26595744680851 81.61702127659575 109.01063829787235 
937.8085106382979 964.031914893617 76.45744680851064 102.68085106382979 92.64893617021276 118.87234042553192 
800.8617021276596 829.8510638297872 66.43617021276596 95.42553191489361 79.08510638297872 108.07446808510639 
769.2553191489362 796.5425531914893 78.43617021276596 105.72340425531915 94.72340425531915 122.01063829787235 
873.6170212765958 901.7553191489362 81.52127659574468 109.65957446808511 92.76595744680851 120.90425531914893 
771.9787234042553 799.7978723404256 66.11702127659575 93.93617021276596 83.87234042553192 111.69148936170212 
801.4255319148937 832.1170212765958 83.2127659574468 113.90425531914893 106.38297872340425 137.0744680851064 
979.468085106383 1008.7234042553191 81.47872340425532 110.73404255319149 82.2127659574468 111.46808510638297 
637.2872340425532 667.3404255319149 73.88297872340425 103.93617021276596 96.08510638297872 126.13829787234043 
718.531914893617 746.7765957446809 72.6063829787234 100.85106382978724 77.80851063829788 106.05319148936171 
699.1595744680851 725.968085106383 77.1063829787234 103.91489361702128 92.13829787234043 118.94680851063829 
812.2340425531914 841.1170212765958 77.47872340425532 106.36170212765957 101.04255319148936 129.9255319148936 
1005.8297872340426 1035.404255319149 84.08510638297872 113.65957446808511 127.72340425531915 157.29787234042553 
1091.1808510638298 1120.5425531914893 66.61702127659575 95.97872340425532 82.5 111.86170212765957 
700.5425531914893 727.0851063829788 72.01063829787235 98.55319148936171 106.25531914893617 132.79787234042553 
738.2659574468086 766.8829787234042 72.25531914893617 100.87234042553192 79.37234042553192 107.98936170212765 
1032.1063829787233 1061.095744680851 84.61702127659575 113.6063829787234 109.37234042553192 138.36170212765958 
1149.8617021276596 1178.4787234042553 81.79787234042553 110.41489361702128 113.24468085106383 141.86170212765958 
821.9148936170212 847.9255319148937 72.32978723404256 98.34042553191489 77.08510638297872 103.09574468085107 
674.2340425531914 702.0 69.48936170212765 97.25531914893617 81.09574468085107 108.86170212765957 
896.8085106382979 924.0957446808511 76.75531914893617 104.04255319148936 88.15957446808511 115.44680851063829 
827.8936170212766 856.8829787234042 73.65957446808511 102.64893617021276 105.67021276595744 134.6595744680851 
785.8297872340426 814.8723404255319 78.03191489361703 107.07446808510639 94.18085106382979 123.22340425531915 
792.5212765957447 822.0957446808511 72.90425531914893 102.47872340425532 88.48936170212765 118.06382978723404 
887.6382978723404 918.8085106382979 71.31914893617021 102.48936170212765 102.69148936170212 133.86170212765958 
1008.8404255319149 1037.563829787234 71.98936170212765 100.7127659574468 97.08510638297872 125.80851063829788 
998.968085106383 1027.8510638297873 75.13829787234043 104.02127659574468 91.91489361702128 120.79787234042553 
1018.1170212765958 1047.2659574468084 75.43617021276596 104.58510638297872 90.22340425531915 119.37234042553192 
702.4787234042553 732.1595744680851 67.91489361702128 97.59574468085107 94.40425531914893 124.08510638297872 
675.9042553191489 703.8297872340426 81.45744680851064 109.38297872340425 110.40425531914893 138.32978723404256 
876.7765957446809 903.4255319148937 73.72340425531915 100.37234042553192 78.07446808510639 104.72340425531915 
555.3191489361702 582.6063829787234 67.26595744680851 94.55319148936171 63.734042553191486 91.02127659574468 
989.8723404255319 1017.7978723404256 76.84042553191489 104.76595744680851 93.63829787234043 121.56382978723404 
910.8829787234042 941.5744680851063 62.88297872340426 93.57446808510639 117.81914893617021 148.51063829787233 
588.1382978723404 613.936170212766 68.15957446808511 93.95744680851064 86.32978723404256 112.12765957446808 
787.531914893617 814.8191489361702 86.54255319148936 113.82978723404256 90.45744680851064 117.74468085106383 
919.8723404255319 948.4893617021277 74.18085106382979 102.79787234042553 103.29787234042553 131.91489361702128 
954.3617021276596 982.5531914893617 66.53191489361703 94.72340425531915 97.36170212765957 125.55319148936171 
856.5744680851063 885.6170212765958 77.61702127659575 106.65957446808511 85.23404255319149 114.27659574468085 
675.9468085106383 703.6063829787234 73.02127659574468 100.68085106382979 77.95744680851064 105.61702127659575 
1027.4468085106382 1055.904255319149 70.95744680851064 99.41489361702128 112.55319148936171 141.01063829787233 
734.0425531914893 760.2659574468086 78.82978723404256 105.05319148936171 84.48936170212765 110.7127659574468 
876.8085106382979 904.8404255319149 71.54255319148936 99.57446808510639 79.72340425531915 107.75531914893617 
769.4787234042553 796.6063829787234 68.74468085106383 95.87234042553192 101.15957446808511 128.2872340425532 
939.936170212766 967.9148936170212 69.45744680851064 97.43617021276596 73.58510638297872 101.56382978723404 
