3618.037037037037 3647.613756613757 157.60846560846562 187.1851851851852 254.62433862433863 284.2010582010582 
3609.7513227513227 3638.137566137566 153.46031746031747 181.84656084656083 289.037037037037 317.4232804232804 
3137.6613756613756 3166.4179894179892 177.88359788359787 206.64021164021165 259.5925925925926 288.3492063492063 
3341.4444444444443 3369.5661375661375 216.15873015873015 244.2804232804233 326.86772486772486 354.989417989418 
3240.4179894179892 3267.8518518518517 162.6031746031746 190.03703703703704 229.75661375661375 257.1904761904762 
3358.6666666666665 3386.6825396825398 171.32275132275132 199.33862433862433 368.16402116402116 396.1798941798942 
3177.296296296296 3206.026455026455 170.68783068783068 199.41798941798942 214.994708994709 243.72486772486772 
3304.746031746032 3332.84126984127 143.4973544973545 171.59259259259258 304.031746031746 332.12698412698415 
3640.201058201058 3668.5608465608466 176.0952380952381 204.45502645502646 307.63492063492066 335.994708994709 
3198.936507936508 3226.026455026455 193.57671957671957 220.66666666666666 277.7989417989418 304.8888888888889 
3335.010582010582 3362.5502645502647 143.35449735449737 170.8941798941799 226.83597883597884 254.37566137566137 
3465.5767195767194 3494.7301587301586 172.97354497354496 202.12698412698413 405.6031746031746 434.7566137566138 
3570.121693121693 3600.095238095238 204.64550264550263 234.61904761904762 309.037037037037 339.010582010582 
3392.1428571428573 3420.132275132275 180.73544973544975 208.72486772486772 286.4021164021164 314.3915343915344 
3138.3068783068784 3165.5291005291006 168.8095238095238 196.03174603174602 241.45502645502646 268.67724867724866 
3679.195767195767 3708.746031746032 155.62962962962962 185.17989417989418 247.1058201058201 276.65608465608466 
3283.714285714286 3311.6243386243386 286.67724867724866 314.58730158730157 354.53968253968253 382.44973544973544 
3606.957671957672 3635.291005291005 188.23809523809524 216.57142857142858 301.32275132275134 329.65608465608466 
3002.6825396825398 3030.1428571428573 165.28571428571428 192.74603174603175 187.7883597883598 215.24867724867724 
3370.4920634920636 3398.8253968253966 157.2275132275132 185.56084656084656 250.46560846560845 278.7989417989418 
3464.1111111111113 3493.714285714286 176.47619047619048 206.0793650793651 307.5767195767196 337.1798941798942 
3421.2804232804233 3451.3068783068784 187.28571428571428 217.31216931216932 276.015873015873 306.04232804232805 
3171.4338624338625 3198.89417989418 172.64021164021165 200.1005291005291 240.82539682539684 268.2857142857143 
3209.232804232804 3237.2486772486773 178.31216931216932 206.32804232804233 246.56084656084656 274.5767195767196 
3497.005291005291 3525.708994708995 217.11111111111111 245.8148148148148 281.74074074074076 310.44444444444446 
3315.6984126984125 3344.4550264550267 169.04761904761904 197.8042328042328 287.5238095238095 316.2804232804233 
3383.3492063492063 3412.185185185185 166.7037037037037 195.53968253968253 298.984126984127 327.8201058201058 
3560.3915343915346 3589.6507936507937 213.7195767195767 242.97883597883597 309.73015873015873 338.989417989418 
3292.703703703704 3321.5396825396824 203.17989417989418 232.015873015873 302.04232804232805 330.8783068783069 
3682.703703703704 3712.5714285714284 127.41798941798942 157.28571428571428 256.3809523809524 286.24867724867727 
3706.7936507936506 3736.2380952380954 144.56084656084656 174.005291005291 259.51851851851853 288.962962962963 
3531.5079365079364 3561.058201058201 168.02645502645504 197.57671957671957 293.015873015873 322.56613756613757 
3188.846560846561 3216.7301587301586 180.6137566137566 208.4973544973545 227.76190476190476 255.64550264550263 
3418.4550264550267 3446.126984126984 162.61904761904762 190.2910052910053 214.24867724867724 241.9206349206349 
3231.3703703703704 3260.0476190476193 172.5873015873016 201.26455026455025 286.63492063492066 315.3121693121693 
3018.3809523809523 3046.714285714286 174.9206349206349 203.25396825396825 250.68253968253967 279.015873015873 
3349.3809523809523 3378.3492063492063 198.03174603174602 227.0 309.83068783068785 338.7989417989418 
3130.8253968253966 3160.164021164021 166.35449735449737 195.6931216931217 309.8994708994709 339.23809523809524 
3378.2116402116403 3406.835978835979 219.97883597883597 248.6031746031746 256.2275132275132 284.85185185185185 
3411.910052910053 3440.746031746032 168.65079365079364 197.48677248677248 292.35978835978835 321.1957671957672 
3670.3756613756614 3699.899470899471 174.6137566137566 204.13756613756613 241.3015873015873 270.8253968253968 
3108.3809523809523 3136.05291005291 163.2804232804233 190.95238095238096 268.1957671957672 295.86772486772486 
3304.5767195767194 3332.5925925925926 149.82539682539684 177.84126984126985 237.35449735449737 265.3703703703704 
3431.6084656084654 3460.1798941798943 200.68783068783068 229.25925925925927 288.67195767195767 317.2433862433862 
3220.4074074074074 3249.746031746032 199.55555555555554 228.8941798941799 361.3333333333333 390.67195767195767 
3527.5132275132273 3556.6666666666665 179.52910052910053 208.68253968253967 245.47619047619048 274.6296296296296 
3266.132275132275 3293.8835978835978 161.95767195767195 189.7089947089947 183.67195767195767 211.42328042328043 
3232.6243386243386 3261.6190476190477 158.37566137566137 187.37037037037038 266.67195767195767 295.6666666666667 
3552.94708994709 3581.5978835978835 155.65608465608466 184.3068783068783 215.0899470899471 243.74074074074073 
3336.6613756613756 3365.5767195767194 181.47619047619048 210.39153439153438 287.7989417989418 316.7142857142857 
