1340.3076923076924 1370.0673076923076 77.36538461538461 107.125 121.26923076923077 151.02884615384616 
1179.3557692307693 1208.923076923077 79.50961538461539 109.07692307692308 83.8076923076923 113.375 
1189.1153846153845 1218.4903846153845 80.0673076923077 109.4423076923077 102.8173076923077 132.19230769230768 
1190.0961538461538 1217.6442307692307 75.86538461538461 103.41346153846153 93.5576923076923 121.10576923076923 
1348.1826923076924 1377.2211538461538 83.27884615384616 112.3173076923077 123.1826923076923 152.22115384615384 
861.8076923076923 888.5384615384615 79.22115384615384 105.95192307692308 99.21153846153847 125.9423076923077 
1077.8557692307693 1106.9423076923076 74.66346153846153 103.75 99.9423076923077 129.02884615384616 
1225.8173076923076 1254.8557692307693 75.74038461538461 104.77884615384616 94.38461538461539 123.42307692307692 
1188.8942307692307 1215.2403846153845 86.65384615384616 113.0 122.99038461538461 149.33653846153845 
852.125 877.9423076923077 69.77884615384616 95.59615384615384 84.5673076923077 110.38461538461539 
939.1538461538462 966.8942307692307 77.95192307692308 105.6923076923077 116.6923076923077 144.43269230769232 
1232.375 1260.7403846153845 79.67307692307692 108.03846153846153 115.90384615384616 144.26923076923077 
1280.375 1308.3076923076924 67.26923076923077 95.20192307692308 106.125 134.05769230769232 
1064.298076923077 1091.8461538461538 75.86538461538461 103.41346153846153 93.74038461538461 121.28846153846153 
834.3365384615385 861.5961538461538 75.85576923076923 103.11538461538461 83.85576923076923 111.11538461538461 
1008.8269230769231 1037.0 71.04807692307692 99.22115384615384 97.01923076923077 125.1923076923077 
1170.2211538461538 1199.2596153846155 87.08653846153847 116.125 112.3173076923077 141.35576923076923 
1043.1153846153845 1071.1442307692307 75.25961538461539 103.28846153846153 104.96153846153847 132.9903846153846 
1375.6442307692307 1405.5961538461538 70.02884615384616 99.98076923076923 109.58653846153847 139.53846153846155 
1252.5288461538462 1283.201923076923 85.51923076923077 116.1923076923077 124.09615384615384 154.76923076923077 
1221.1923076923076 1251.4326923076924 79.6826923076923 109.92307692307692 138.21153846153845 168.45192307692307 
862.2692307692307 889.2884615384615 75.07692307692308 102.09615384615384 92.48076923076923 119.5 
1051.0673076923076 1078.7596153846155 79.8173076923077 107.50961538461539 104.13461538461539 131.82692307692307 
914.2307692307693 941.0096153846154 86.92307692307692 113.70192307692308 94.29807692307692 121.07692307692308 
1090.701923076923 1118.298076923077 79.08653846153847 106.6826923076923 101.1826923076923 128.77884615384616 
1175.8173076923076 1205.7211538461538 75.3173076923077 105.22115384615384 117.92307692307692 147.82692307692307 
1030.451923076923 1057.6153846153845 74.89423076923077 102.0576923076923 100.5 127.66346153846153 
1336.9134615384614 1365.2307692307693 72.6826923076923 101.0 98.25 126.5673076923077 
873.7884615384615 901.8653846153846 78.91346153846153 106.99038461538461 93.96153846153847 122.03846153846153 
1068.4326923076924 1095.1153846153845 87.67307692307692 114.35576923076923 97.77884615384616 124.46153846153847 
983.4230769230769 1011.8365384615385 78.85576923076923 107.26923076923077 94.63461538461539 123.04807692307692 
901.0576923076923 927.0673076923077 84.98076923076923 110.99038461538461 83.5673076923077 109.57692307692308 
1447.6634615384614 1477.2788461538462 80.98076923076923 110.59615384615384 117.01923076923077 146.6346153846154 
1098.7403846153845 1124.9903846153845 74.95192307692308 101.20192307692308 110.3076923076923 136.55769230769232 
1173.8173076923076 1202.1346153846155 75.25 103.5673076923077 104.96153846153847 133.27884615384616 
959.9615384615385 987.4615384615385 77.10576923076923 104.60576923076923 85.97115384615384 113.47115384615384 
1185.5961538461538 1213.1442307692307 70.11538461538461 97.66346153846153 94.79807692307692 122.34615384615384 
989.2019230769231 1017.2788461538462 83.75 111.82692307692308 108.75 136.82692307692307 
1462.6346153846155 1491.2403846153845 79.45192307692308 108.0576923076923 115.36538461538461 143.97115384615384 
1269.875 1299.6346153846155 74.02884615384616 103.78846153846153 94.00961538461539 123.76923076923077 
1171.2692307692307 1200.548076923077 84.24038461538461 113.51923076923077 110.11538461538461 139.39423076923077 
1159.25 1189.5384615384614 69.42307692307692 99.71153846153847 92.72115384615384 123.00961538461539 
780.1826923076923 807.1057692307693 76.1826923076923 103.10576923076923 99.47115384615384 126.39423076923077 
1039.5096153846155 1068.2115384615386 75.57692307692308 104.27884615384616 108.45192307692308 137.15384615384616 
988.9326923076923 1015.8557692307693 84.78846153846153 111.71153846153847 93.63461538461539 120.5576923076923 
1149.75 1178.548076923077 81.15384615384616 109.95192307692308 104.42307692307692 133.22115384615384 
1341.9134615384614 1371.673076923077 80.02884615384616 109.78846153846153 111.95192307692308 141.71153846153845 
1104.8846153846155 1134.0673076923076 77.25961538461539 106.4423076923077 93.16346153846153 122.34615384615384 
915.6634615384615 944.6057692307693 77.48076923076923 106.42307692307692 111.4326923076923 140.375 
1195.125 1224.548076923077 74.25961538461539 103.6826923076923 109.10576923076923 138.52884615384616 
