4411.382352941177 4439.071428571428 389.34453781512605 417.03361344537814 566.8865546218487 594.5756302521008 
4528.563025210084 4556.5252100840335 288.75210084033614 316.7142857142857 415.03361344537814 442.9957983193277 
4639.794117647059 4668.344537815126 351.55882352941177 380.109243697479 524.2058823529412 552.7563025210084 
4741.995798319328 4769.53781512605 358.51680672268907 386.05882352941177 596.9957983193277 624.5378151260504 
4757.781512605042 4785.638655462185 328.15966386554624 356.01680672268907 445.26050420168065 473.11764705882354 
4906.558823529412 4935.508403361345 370.80252100840335 399.75210084033614 501.1806722689076 530.1302521008404 
4838.441176470588 4866.13025210084 380.02521008403363 407.7142857142857 597.2226890756302 624.9117647058823 
5003.941176470588 5032.953781512605 383.3193277310924 412.33193277310926 534.655462184874 563.6680672268908 
4710.5210084033615 4738.798319327731 365.6512605042017 393.92857142857144 524.5378151260504 552.8151260504202 
4927.882352941177 4956.516806722689 432.1470588235294 460.781512605042 485.06722689075633 513.7016806722689 
4882.361344537815 4910.470588235294 399.6302521008403 427.73949579831935 495.26050420168065 523.3697478991596 
4840.66806722689 4868.588235294118 545.4621848739496 573.3823529411765 630.0798319327731 658.0 
4897.105042016807 4925.718487394958 336.11344537815125 364.7268907563025 518.9117647058823 547.5252100840336 
4893.542016806723 4922.911764705882 463.92436974789916 493.29411764705884 528.9621848739496 558.3319327731092 
4602.495798319328 4629.785714285715 333.9033613445378 361.1932773109244 535.3529411764706 562.6428571428571 
4792.64705882353 4821.071428571428 320.06722689075633 348.49159663865544 550.5042016806723 578.9285714285714 
4855.617647058823 4884.483193277311 373.15966386554624 402.02521008403363 570.7436974789916 599.609243697479 
4518.088235294118 4546.26050420168 295.4873949579832 323.65966386554624 377.5420168067227 405.7142857142857 
5011.403361344538 5040.5 385.4579831932773 414.5546218487395 525.2689075630252 554.3655462184873 
4739.571428571428 4769.046218487395 390.85714285714283 420.33193277310926 532.7647058823529 562.2394957983194 
4521.693277310925 4549.487394957983 378.672268907563 406.46638655462186 490.390756302521 518.1848739495798 
4915.655462184874 4945.151260504202 342.2226890756302 371.718487394958 528.6806722689075 558.1764705882352 
4486.306722689075 4513.953781512605 431.7857142857143 459.43277310924367 527.1890756302521 554.8361344537815 
4759.394957983193 4787.819327731092 427.8529411764706 456.2773109243698 395.1932773109244 423.61764705882354 
4965.655462184874 4994.394957983193 389.21008403361344 417.9495798319328 587.6722689075631 616.4117647058823 
4662.449579831933 4690.264705882353 251.71008403361344 279.52521008403363 413.28991596638656 441.10504201680675 
4584.798319327731 4612.928571428572 351.43697478991595 379.56722689075633 493.11764705882354 521.2478991596639 
4687.529411764706 4716.66806722689 382.453781512605 411.5924369747899 556.2689075630252 585.40756302521 
4600.529411764706 4628.365546218487 346.4873949579832 374.3235294117647 485.3193277310924 513.155462184874 
4840.726890756303 4868.857142857143 428.718487394958 456.8487394957983 592.5336134453781 620.6638655462185 
4782.4747899159665 4810.731092436975 472.52941176470586 500.7857142857143 552.3487394957983 580.6050420168067 
4638.844537815126 4666.323529411765 357.4579831932773 384.93697478991595 524.2647058823529 551.7436974789916 
4480.029411764706 4508.22268907563 279.453781512605 307.6470588235294 499.8193277310924 528.0126050420168 
4688.264705882353 4716.163865546218 321.6218487394958 349.52100840336135 547.718487394958 575.6176470588235 
4892.575630252101 4922.449579831933 308.4873949579832 338.3613445378151 500.3487394957983 530.2226890756302 
5117.03781512605 5146.617647058823 305.2773109243698 334.85714285714283 445.52521008403363 475.10504201680675 
4597.928571428572 4624.735294117647 337.57142857142856 364.3781512605042 584.6932773109244 611.5 
4774.865546218487 4802.533613445378 428.5378151260504 456.20588235294116 572.2605042016806 599.9285714285714 
4963.941176470588 4992.176470588235 340.19747899159665 368.43277310924367 463.52100840336135 491.7563025210084 
4517.189075630252 4545.235294117647 330.9957983193277 359.0420168067227 540.5504201680673 568.5966386554621 
4712.214285714285 4740.197478991597 420.2310924369748 448.2142857142857 546.4159663865546 574.3991596638656 
5054.966386554622 5084.77731092437 380.52100840336135 410.33193277310926 553.8739495798319 583.6848739495798 
4369.8403361344535 4397.697478991597 326.5504201680672 354.4075630252101 539.8823529411765 567.7394957983194 
4839.588235294118 4868.726890756303 279.3235294117647 308.4621848739496 556.8151260504202 585.953781512605 
4853.957983193277 4882.718487394958 471.19747899159665 499.9579831932773 519.6302521008404 548.390756302521 
4804.915966386555 4832.394957983193 357.6386554621849 385.11764705882354 601.0084033613446 628.4873949579832 
4592.420168067227 4620.59243697479 298.51680672268907 326.6890756302521 453.38655462184875 481.55882352941177 
4653.071428571428 4681.117647058823 264.55882352941177 292.60504201680675 440.6344537815126 468.6806722689076 
4652.142857142857 4679.936974789916 328.60504201680675 356.39915966386553 439.03361344537814 466.827731092437 
4575.348739495798 4603.247899159664 376.83613445378154 404.7352941176471 490.7268907563025 518.6260504201681 
