24.833333333333332 58.166666666666664 44.0 77.33333333333333 19.833333333333332 53.166666666666664 
25.0 49.166666666666664 33.166666666666664 57.333333333333336 20.0 44.166666666666664 
22.5 48.333333333333336 43.5 69.33333333333333 17.5 43.333333333333336 
31.666666666666668 61.666666666666664 52.666666666666664 82.66666666666667 26.666666666666668 56.666666666666664 
33.166666666666664 54.0 61.5 82.33333333333333 28.166666666666668 49.0 
32.5 59.166666666666664 73.0 99.66666666666667 25.833333333333332 52.5 
29.166666666666668 60.833333333333336 47.166666666666664 78.83333333333333 24.166666666666668 55.833333333333336 
38.333333333333336 64.16666666666667 49.0 74.83333333333333 33.333333333333336 59.166666666666664 
30.5 68.83333333333333 46.166666666666664 84.5 25.5 63.833333333333336 
25.0 50.833333333333336 35.166666666666664 61.0 20.0 45.833333333333336 
23.333333333333332 50.0 62.333333333333336 89.0 18.333333333333332 45.0 
21.0 48.5 56.666666666666664 84.16666666666667 16.0 43.5 
20.0 49.166666666666664 44.666666666666664 73.83333333333333 15.0 44.166666666666664 
28.333333333333332 56.666666666666664 52.0 80.33333333333333 23.333333333333332 51.666666666666664 
29.166666666666668 55.0 21.833333333333332 47.666666666666664 24.166666666666668 50.0 
33.333333333333336 63.333333333333336 48.5 78.5 28.333333333333332 58.333333333333336 
25.0 53.333333333333336 40.833333333333336 69.16666666666667 20.0 48.333333333333336 
27.5 55.0 69.66666666666667 97.16666666666667 22.5 50.0 
20.0 47.5 61.666666666666664 89.16666666666667 15.0 42.5 
64.33333333333333 98.5 55.166666666666664 89.33333333333333 42.666666666666664 76.83333333333333 
29.166666666666668 55.833333333333336 60.833333333333336 87.5 24.166666666666668 50.833333333333336 
28.333333333333332 53.333333333333336 57.333333333333336 82.33333333333333 23.333333333333332 48.333333333333336 
45.166666666666664 68.5 57.333333333333336 80.66666666666667 40.166666666666664 63.5 
35.0 64.16666666666667 46.666666666666664 75.83333333333333 28.333333333333332 57.5 
25.0 47.5 43.833333333333336 66.33333333333333 20.0 42.5 
45.833333333333336 77.5 39.5 71.16666666666667 33.333333333333336 65.0 
27.5 55.833333333333336 43.333333333333336 71.66666666666667 22.5 50.833333333333336 
33.333333333333336 65.83333333333333 48.333333333333336 80.83333333333333 28.333333333333332 60.833333333333336 
23.333333333333332 50.833333333333336 53.333333333333336 80.83333333333333 18.333333333333332 45.833333333333336 
34.0 66.5 44.833333333333336 77.33333333333333 29.0 61.5 
42.0 72.0 48.333333333333336 78.33333333333333 37.0 67.0 
26.666666666666668 55.0 37.0 65.33333333333333 21.666666666666668 50.0 
40.5 79.66666666666667 35.166666666666664 74.33333333333333 35.5 74.66666666666667 
27.5 57.5 41.166666666666664 71.16666666666667 22.5 52.5 
35.833333333333336 62.5 32.333333333333336 59.0 30.833333333333332 57.5 
25.0 52.5 30.833333333333332 58.333333333333336 20.0 47.5 
43.166666666666664 72.33333333333333 53.0 82.16666666666667 34.833333333333336 64.0 
19.166666666666668 44.166666666666664 55.5 80.5 14.166666666666666 39.166666666666664 
48.666666666666664 80.33333333333333 54.666666666666664 86.33333333333333 37.833333333333336 69.5 
39.666666666666664 70.5 42.333333333333336 73.16666666666667 34.666666666666664 65.5 
20.833333333333332 45.833333333333336 42.333333333333336 67.33333333333333 15.833333333333334 40.833333333333336 
39.166666666666664 70.83333333333333 52.833333333333336 84.5 34.166666666666664 65.83333333333333 
24.166666666666668 42.5 60.833333333333336 79.16666666666667 19.166666666666668 37.5 
36.166666666666664 66.16666666666667 54.333333333333336 84.33333333333333 26.166666666666668 56.166666666666664 
34.833333333333336 65.66666666666667 21.833333333333332 52.666666666666664 29.833333333333332 60.666666666666664 
26.666666666666668 55.0 42.833333333333336 71.16666666666667 23.333333333333332 51.666666666666664 
26.666666666666668 50.833333333333336 38.833333333333336 63.0 21.666666666666668 45.833333333333336 
34.166666666666664 70.0 40.166666666666664 76.0 29.166666666666668 65.0 
28.833333333333332 56.333333333333336 44.833333333333336 72.33333333333333 22.166666666666668 49.666666666666664 
23.333333333333332 48.333333333333336 43.666666666666664 68.66666666666667 18.333333333333332 43.333333333333336 
