1831.8222222222223 1860.1185185185186 93.8 122.0962962962963 118.77037037037037 147.06666666666666 
1743.3407407407408 1771.7111111111112 100.63703703703703 129.0074074074074 142.34074074074073 170.7111111111111 
1612.437037037037 1640.325925925926 108.13333333333334 136.0222222222222 134.6888888888889 162.57777777777778 
1926.7111111111112 1955.4888888888888 87.61481481481482 116.39259259259259 137.84444444444443 166.62222222222223 
2053.9925925925927 2082.5481481481484 103.66666666666667 132.22222222222223 134.54814814814816 163.1037037037037 
2123.125925925926 2151.4592592592594 122.94074074074074 151.27407407407406 153.93333333333334 182.26666666666668 
1967.2592592592594 1996.111111111111 94.4074074074074 123.25925925925925 131.5185185185185 160.37037037037038 
2084.051851851852 2113.9777777777776 123.4962962962963 153.42222222222222 130.75555555555556 160.68148148148148 
1826.6074074074074 1854.3111111111111 88.42222222222222 116.12592592592593 154.55555555555554 182.25925925925927 
2013.414814814815 2042.0074074074073 95.34074074074074 123.93333333333334 157.54074074074074 186.13333333333333 
1512.111111111111 1538.1851851851852 107.11111111111111 133.1851851851852 177.9111111111111 203.98518518518517 
1985.6 2013.674074074074 91.3037037037037 119.37777777777778 114.6 142.67407407407407 
1997.1333333333334 2023.6888888888889 105.83703703703704 132.3925925925926 157.68148148148148 184.23703703703703 
1961.9333333333334 1989.8592592592593 143.26666666666668 171.1925925925926 169.7111111111111 197.63703703703703 
1766.2148148148149 1793.6962962962964 105.1037037037037 132.5851851851852 181.2888888888889 208.77037037037036 
1777.7259259259258 1805.4666666666667 105.83703703703704 133.57777777777778 127.54074074074074 155.28148148148148 
1957.2592592592594 1985.5925925925926 96.18518518518519 124.51851851851852 154.11111111111111 182.44444444444446 
1872.6592592592592 1899.7333333333333 108.80740740740741 135.88148148148147 140.6888888888889 167.76296296296297 
1689.125925925926 1715.9407407407407 90.2 117.01481481481481 147.16296296296295 173.9777777777778 
1780.0814814814814 1807.3037037037036 102.19259259259259 129.4148148148148 135.52592592592592 162.74814814814815 
1749.0296296296297 1777.362962962963 101.54814814814814 129.88148148148147 150.02962962962962 178.36296296296297 
1814.4074074074074 1841.111111111111 89.85925925925926 116.56296296296296 118.47407407407407 145.17777777777778 
2103.2 2131.4962962962964 109.60740740740741 137.9037037037037 134.7925925925926 163.0888888888889 
2071.6222222222223 2100.5481481481484 93.6962962962963 122.62222222222222 147.8074074074074 176.73333333333332 
2016.1407407407407 2044.5111111111112 107.02962962962962 135.4 140.62222222222223 168.9925925925926 
2189.3333333333335 2218.8888888888887 95.48148148148148 125.03703703703704 133.22222222222223 162.77777777777777 
2000.8 2029.5037037037036 92.91111111111111 121.61481481481482 131.0962962962963 159.8 
2004.4888888888888 2033.3037037037036 93.88888888888889 122.70370370370371 142.82222222222222 171.63703703703703 
1701.9777777777779 1730.0148148148148 105.16296296296296 133.2 183.05185185185186 211.0888888888889 
1805.5333333333333 1833.9777777777779 91.88148148148149 120.32592592592593 157.07407407407408 185.5185185185185 
1766.9333333333334 1794.1185185185186 91.8962962962963 119.08148148148148 118.28888888888889 145.47407407407408 
2116.6222222222223 2144.696296296296 107.95555555555555 136.02962962962962 186.51111111111112 214.5851851851852 
2028.237037037037 2056.4592592592594 113.23703703703704 141.45925925925926 133.23703703703703 161.45925925925926 
2233.125925925926 2262.9777777777776 95.64444444444445 125.4962962962963 160.42222222222222 190.27407407407406 
2046.4666666666667 2075.2814814814815 97.98518518518519 126.8 135.72592592592594 164.54074074074074 
2107.8814814814814 2136.8814814814814 119.1037037037037 148.1037037037037 138.47407407407408 167.47407407407408 
1849.9407407407407 1879.6814814814816 99.34814814814816 129.0888888888889 120.4962962962963 150.23703703703703 
2177.17037037037 2205.874074074074 93.8 122.5037037037037 170.9111111111111 199.61481481481482 
1847.2888888888888 1876.1407407407407 104.65925925925926 133.51111111111112 154.2888888888889 183.14074074074074 
1902.9407407407407 1931.7555555555555 87.60740740740741 116.42222222222222 136.11851851851853 164.93333333333334 
2184.859259259259 2214.0444444444443 97.34074074074074 126.52592592592593 127.63703703703703 156.82222222222222 
1900.962962962963 1929.2592592592594 87.33333333333333 115.62962962962963 118.7925925925926 147.0888888888889 
1738.2814814814815 1766.6148148148147 94.6962962962963 123.02962962962962 169.1925925925926 197.52592592592592 
1921.8148148148148 1950.5925925925926 96.25925925925925 125.03703703703704 129.11111111111111 157.88888888888889 
2089.0962962962963 2117.5777777777776 103.91111111111111 132.3925925925926 119.5037037037037 147.98518518518517 
2113.0962962962963 2141.2444444444445 99.29629629629629 127.44444444444444 156.83703703703705 184.98518518518517 
1939.8296296296296 1966.8296296296296 85.83703703703704 112.83703703703704 154.38518518518518 181.38518518518518 
1917.3777777777777 1944.4888888888888 104.41481481481482 131.52592592592592 151.06666666666666 178.17777777777778 
1962.4592592592592 1989.6814814814816 83.4962962962963 110.71851851851852 142.42222222222222 169.64444444444445 
1998.7407407407406 2028.0 93.45185185185186 122.71111111111111 139.0 168.25925925925927 
