18.571428571428573 40.714285714285715 39.0 61.142857142857146 13.571428571428571 35.714285714285715 
36.0 64.57142857142857 34.0 62.57142857142857 31.0 59.57142857142857 
35.42857142857143 64.0 36.857142857142854 65.42857142857143 27.571428571428573 56.142857142857146 
32.857142857142854 59.285714285714285 58.0 84.42857142857143 27.857142857142858 54.285714285714285 
36.57142857142857 68.71428571428571 46.142857142857146 78.28571428571429 31.571428571428573 63.714285714285715 
26.428571428571427 62.857142857142854 60.857142857142854 97.28571428571429 21.428571428571427 57.857142857142854 
25.571428571428573 52.0 32.0 58.42857142857143 20.571428571428573 47.0 
25.0 58.57142857142857 50.857142857142854 84.42857142857143 20.0 53.57142857142857 
25.428571428571427 48.285714285714285 58.57142857142857 81.42857142857143 20.428571428571427 43.285714285714285 
22.142857142857142 51.42857142857143 48.42857142857143 77.71428571428571 17.142857142857142 46.42857142857143 
24.285714285714285 51.42857142857143 46.714285714285715 73.85714285714286 19.285714285714285 46.42857142857143 
31.428571428571427 64.28571428571429 39.57142857142857 72.42857142857143 26.428571428571427 59.285714285714285 
34.42857142857143 60.142857142857146 46.142857142857146 71.85714285714286 29.428571428571427 55.142857142857146 
25.714285714285715 55.714285714285715 62.0 92.0 20.714285714285715 50.714285714285715 
27.142857142857142 56.42857142857143 43.42857142857143 72.71428571428571 22.142857142857142 51.42857142857143 
26.428571428571427 47.857142857142854 39.57142857142857 61.0 21.428571428571427 42.857142857142854 
15.714285714285714 40.714285714285715 57.0 82.0 10.714285714285714 35.714285714285715 
41.42857142857143 72.14285714285714 49.57142857142857 80.28571428571429 36.42857142857143 67.14285714285714 
26.857142857142858 49.0 45.142857142857146 67.28571428571429 21.857142857142858 44.0 
29.285714285714285 50.714285714285715 50.0 71.42857142857143 24.285714285714285 45.714285714285715 
29.285714285714285 58.57142857142857 52.57142857142857 81.85714285714286 24.285714285714285 53.57142857142857 
22.142857142857142 53.57142857142857 41.285714285714285 72.71428571428571 17.142857142857142 48.57142857142857 
25.0 55.714285714285715 66.71428571428571 97.42857142857143 20.0 50.714285714285715 
40.857142857142854 68.0 44.285714285714285 71.42857142857143 35.857142857142854 63.0 
32.57142857142857 56.857142857142854 29.571428571428573 53.857142857142854 27.571428571428573 51.857142857142854 
41.285714285714285 70.57142857142857 43.714285714285715 73.0 36.285714285714285 65.57142857142857 
31.428571428571427 63.57142857142857 61.714285714285715 93.85714285714286 26.428571428571427 58.57142857142857 
44.857142857142854 84.85714285714286 46.57142857142857 86.57142857142857 30.571428571428573 70.57142857142857 
42.42857142857143 71.71428571428571 59.285714285714285 88.57142857142857 30.285714285714285 59.57142857142857 
35.57142857142857 58.42857142857143 37.57142857142857 60.42857142857143 30.571428571428573 53.42857142857143 
30.142857142857142 55.142857142857146 43.857142857142854 68.85714285714286 25.142857142857142 50.142857142857146 
34.285714285714285 62.857142857142854 50.142857142857146 78.71428571428571 26.428571428571427 55.0 
41.142857142857146 73.28571428571429 55.142857142857146 87.28571428571429 37.57142857142857 69.71428571428571 
23.571428571428573 50.714285714285715 33.0 60.142857142857146 18.571428571428573 45.714285714285715 
25.0 46.42857142857143 54.57142857142857 76.0 20.0 41.42857142857143 
54.42857142857143 83.0 66.42857142857143 95.0 49.42857142857143 78.0 
26.428571428571427 58.57142857142857 55.42857142857143 87.57142857142857 21.428571428571427 53.57142857142857 
25.0 53.57142857142857 47.714285714285715 76.28571428571429 20.0 48.57142857142857 
25.0 63.57142857142857 32.0 70.57142857142857 20.0 58.57142857142857 
31.857142857142858 64.0 46.0 78.14285714285714 26.857142857142858 59.0 
20.714285714285715 43.57142857142857 62.857142857142854 85.71428571428571 15.714285714285714 38.57142857142857 
31.0 59.57142857142857 59.57142857142857 88.14285714285714 27.428571428571427 56.0 
37.285714285714285 65.85714285714286 69.85714285714286 98.42857142857143 33.714285714285715 62.285714285714285 
22.714285714285715 47.714285714285715 58.142857142857146 83.14285714285714 17.714285714285715 42.714285714285715 
43.142857142857146 68.14285714285714 35.857142857142854 60.857142857142854 38.142857142857146 63.142857142857146 
27.857142857142858 57.857142857142854 41.142857142857146 71.14285714285714 22.857142857142858 52.857142857142854 
28.0 52.285714285714285 36.42857142857143 60.714285714285715 21.571428571428573 45.857142857142854 
48.42857142857143 84.85714285714286 70.42857142857143 106.85714285714286 40.57142857142857 77.0 
26.428571428571427 50.0 47.0 70.57142857142857 21.428571428571427 45.0 
30.0 52.142857142857146 26.714285714285715 48.857142857142854 25.0 47.142857142857146 
