629.4782608695652 657.1413043478261 79.15217391304348 106.81521739130434 85.09782608695652 112.76086956521739 
879.0326086956521 907.0217391304348 77.6086956521739 105.59782608695652 90.77173913043478 118.76086956521739 
795.2608695652174 822.1630434782609 77.07608695652173 103.97826086956522 85.51086956521739 112.41304347826087 
683.1630434782609 710.1739130434783 73.6195652173913 100.6304347826087 80.42391304347827 107.43478260869566 
789.7065217391304 817.9130434782609 70.20652173913044 98.41304347826087 75.31521739130434 103.52173913043478 
412.5217391304348 440.94565217391306 72.45652173913044 100.8804347826087 89.68478260869566 118.1086956521739 
1016.0217391304348 1045.5326086956522 74.0 103.51086956521739 89.53260869565217 119.04347826086956 
1014.9347826086956 1045.0434782608695 81.04347826086956 111.15217391304348 89.1195652173913 119.22826086956522 
864.3586956521739 891.9130434782609 81.47826086956522 109.03260869565217 81.54347826086956 109.09782608695652 
753.195652173913 778.195652173913 68.72826086956522 93.72826086956522 79.1413043478261 104.1413043478261 
752.7173913043479 781.5217391304348 73.05434782608695 101.8586956521739 78.1413043478261 106.94565217391305 
640.6630434782609 670.445652173913 74.3804347826087 104.16304347826087 96.66304347826087 126.44565217391305 
906.6739130434783 936.1847826086956 69.3804347826087 98.8913043478261 102.29347826086956 131.80434782608697 
665.1304347826087 693.445652173913 68.25 96.56521739130434 91.3586956521739 119.67391304347827 
503.94565217391306 530.9021739130435 71.8695652173913 98.82608695652173 75.53260869565217 102.48913043478261 
943.1086956521739 972.2391304347826 69.52173913043478 98.65217391304348 104.02173913043478 133.15217391304347 
946.2065217391304 977.1847826086956 64.8913043478261 95.8695652173913 85.92391304347827 116.90217391304348 
663.5326086956521 690.3804347826087 76.96739130434783 103.81521739130434 79.79347826086956 106.6413043478261 
683.8369565217391 711.3913043478261 77.07608695652173 104.6304347826087 100.17391304347827 127.72826086956522 
777.0978260869565 806.1195652173913 79.80434782608695 108.82608695652173 95.43478260869566 124.45652173913044 
742.695652173913 770.9565217391304 67.41304347826087 95.67391304347827 87.72826086956522 115.98913043478261 
787.8913043478261 817.5108695652174 70.1086956521739 99.72826086956522 82.92391304347827 112.54347826086956 
963.054347826087 993.4891304347826 70.06521739130434 100.5 97.92391304347827 128.3586956521739 
1021.1413043478261 1048.9673913043478 70.72826086956522 98.55434782608695 93.48913043478261 121.31521739130434 
660.4565217391304 687.9021739130435 74.07608695652173 101.52173913043478 85.1304347826087 112.57608695652173 
744.4673913043479 772.6739130434783 71.09782608695652 99.30434782608695 92.23913043478261 120.44565217391305 
736.5760869565217 763.2065217391304 71.44565217391305 98.07608695652173 97.32608695652173 123.95652173913044 
816.0 845.1304347826087 77.22826086956522 106.3586956521739 86.3695652173913 115.5 
1143.5869565217392 1172.9347826086957 75.8695652173913 105.21739130434783 119.3804347826087 148.72826086956522 
561.8695652173913 588.6630434782609 76.47826086956522 103.27173913043478 85.58695652173913 112.3804347826087 
972.8913043478261 1000.5 83.1413043478261 110.75 102.69565217391305 130.30434782608697 
910.8152173913044 940.3804347826087 71.71739130434783 101.28260869565217 93.75 123.31521739130434 
851.1413043478261 877.8260869565217 74.1413043478261 100.82608695652173 87.8913043478261 114.57608695652173 
842.7717391304348 872.1739130434783 73.52173913043478 102.92391304347827 96.34782608695652 125.75 
588.25 616.6739130434783 71.8804347826087 100.30434782608695 93.57608695652173 122.0 
832.695652173913 861.1739130434783 68.1304347826087 96.6086956521739 72.72826086956522 101.20652173913044 
927.1630434782609 955.6413043478261 77.6304347826087 106.1086956521739 104.75 133.22826086956522 
819.2608695652174 848.2282608695652 67.8804347826087 96.84782608695652 135.70652173913044 164.67391304347825 
796.804347826087 825.554347826087 64.76086956521739 93.51086956521739 80.3586956521739 109.1086956521739 
881.3695652173913 910.6630434782609 73.26086956521739 102.55434782608695 92.1195652173913 121.41304347826087 
877.445652173913 906.4130434782609 71.5 100.46739130434783 88.3804347826087 117.34782608695652 
756.6195652173913 785.4239130434783 82.5 111.30434782608695 83.76086956521739 112.56521739130434 
812.7934782608696 840.4021739130435 79.42391304347827 107.03260869565217 93.5 121.1086956521739 
670.1847826086956 697.9565217391304 70.01086956521739 97.78260869565217 106.21739130434783 133.9891304347826 
866.6086956521739 895.6304347826087 80.16304347826087 109.18478260869566 99.80434782608695 128.82608695652175 
664.7065217391304 694.9239130434783 72.25 102.46739130434783 82.8804347826087 113.09782608695652 
632.7717391304348 661.25 70.3586956521739 98.83695652173913 84.78260869565217 113.26086956521739 
960.195652173913 989.9782608695652 86.40217391304348 116.18478260869566 123.07608695652173 152.8586956521739 
610.804347826087 637.7608695652174 64.15217391304348 91.1086956521739 81.53260869565217 108.48913043478261 
878.6847826086956 909.5 76.43478260869566 107.25 86.17391304347827 116.98913043478261 
