4164.403755868545 4193.699530516432 304.15492957746477 333.4507042253521 425.8356807511737 455.13145539906105 
3908.2676056338028 3936.131455399061 240.06103286384976 267.92488262910797 422.61032863849766 450.47417840375584 
4323.117370892019 4352.483568075118 324.2723004694836 353.63849765258215 441.0281690140845 470.3943661971831 
4259.694835680752 4287.55868544601 269.15492957746477 297.018779342723 420.98591549295776 448.84976525821594 
3694.112676056338 3721.8591549295775 215.80751173708921 243.55399061032864 400.84976525821594 428.5962441314554 
3833.892018779343 3861.544600938967 269.7699530516432 297.4225352112676 419.73708920187795 447.38967136150234 
4028.7511737089203 4056.3333333333335 251.65727699530515 279.23943661971833 366.943661971831 394.52582159624416 
3918.910798122066 3946.9154929577467 280.26291079812205 308.2676056338028 352.9718309859155 380.9765258215962 
4139.666666666667 4168.258215962442 342.48826291079814 371.0798122065728 435.46478873239437 464.056338028169 
4021.5586854460093 4049.4225352112676 289.47417840375584 317.3380281690141 330.6431924882629 358.50704225352115 
3819.389671361502 3847.981220657277 192.8356807511737 221.42723004694835 364.15492957746477 392.7464788732394 
4025.4835680751175 4053.417840375587 193.0281690140845 220.96244131455398 244.00469483568074 271.9389671361502 
4393.577464788732 4422.708920187793 246.5211267605634 275.6525821596244 392.943661971831 422.07511737089203 
4551.971830985915 4581.643192488263 299.59154929577466 329.26291079812205 513.3568075117371 543.0281690140845 
4242.18779342723 4270.474178403756 293.056338028169 321.34272300469485 447.0469483568075 475.3333333333333 
4271.638497652582 4300.370892018779 278.11737089201876 306.84976525821594 401.5211267605634 430.2535211267606 
4000.347417840376 4027.976525821596 266.4507042253521 294.0798122065728 401.3098591549296 428.9389671361502 
4043.2300469483566 4070.976525821596 227.56338028169014 255.30985915492957 325.4600938967136 353.206572769953 
3917.6009389671362 3945.9342723004693 208.36150234741785 236.69483568075117 389.83098591549293 418.1643192488263 
4205.81220657277 4234.497652582159 267.38028169014086 296.0657276995305 339.4178403755869 368.1032863849765 
4069.4413145539907 4097.211267605634 194.8638497652582 222.6338028169014 382.7511737089202 410.5211267605634 
4155.887323943662 4185.136150234742 240.018779342723 269.2676056338028 416.84976525821594 446.09859154929575 
4165.694835680752 4194.403755868545 246.981220657277 275.6901408450704 315.90610328638496 344.61502347417843 
3898.2723004694835 3926.370892018779 174.30046948356807 202.39906103286384 302.75586854460096 330.8544600938967 
4018.6150234741785 4047.8169014084506 208.87793427230048 238.07981220657277 522.3474178403756 551.5492957746479 
3888.0 3915.676056338028 196.95774647887325 224.6338028169014 312.53051643192487 340.206572769953 
3991.6431924882627 4020.0 235.03755868544602 263.3943661971831 522.6056338028169 550.962441314554 
3975.610328638498 4003.0281690140846 215.81690140845072 243.23474178403757 359.85915492957747 387.2769953051643 
4117.2018779342725 4145.370892018779 238.14084507042253 266.3098591549296 405.30046948356807 433.46948356807513 
3981.8169014084506 4009.5399061032863 231.84976525821597 259.57276995305165 359.25821596244134 386.981220657277 
4178.840375586855 4208.370892018779 222.36150234741785 251.89201877934272 420.4131455399061 449.943661971831 
4098.718309859155 4126.793427230047 209.2112676056338 237.28638497652582 383.6713615023474 411.7464788732394 
4008.7981220657275 4037.906103286385 301.1032863849765 330.2112676056338 408.11737089201876 437.22535211267603 
3984.023474178404 4012.4272300469484 268.21596244131456 296.61971830985914 384.61032863849766 413.01408450704224 
4196.8779342723 4225.070422535211 254.093896713615 282.2863849765258 419.4835680751174 447.67605633802816 
4031.9953051643192 4059.906103286385 281.6244131455399 309.53521126760563 470.9389671361502 498.84976525821594 
4181.699530516432 4210.830985915493 219.2206572769953 248.35211267605635 397.16901408450707 426.30046948356807 
4373.568075117371 4403.497652582159 252.981220657277 282.9107981220657 456.40845070422534 486.3380281690141 
3743.1361502347418 3770.62441314554 191.65727699530515 219.1455399061033 372.6431924882629 400.13145539906105 
4209.929577464789 4238.356807511737 221.30046948356807 249.72769953051642 395.63380281690144 424.0610328638498 
3858.0469483568077 3885.4647887323945 268.2863849765258 295.7042253521127 391.3098591549296 418.7276995305164 
3999.0140845070423 4026.8544600938967 279.54460093896716 307.38497652582157 464.4835680751174 492.32394366197184 
4135.896713615023 4163.737089201878 241.23474178403757 269.07511737089203 290.09859154929575 317.9389671361502 
3951.7276995305165 3979.9201877934274 294.4976525821596 322.6901408450704 474.75586854460096 502.94835680751174 
4033.56338028169 4062.107981220657 242.40845070422534 270.9530516431925 348.0469483568075 376.59154929577466 
4032.779342723005 4061.5352112676055 207.05164319248826 235.80751173708921 273.8356807511737 302.59154929577466 
4289.741784037558 4318.075117370892 197.19248826291079 225.52582159624413 353.1455399061033 381.4788732394366 
3815.18779342723 3842.2535211267605 183.1267605633803 210.19248826291079 312.86384976525824 339.92957746478874 
4183.154929577465 4212.380281690141 230.15023474178403 259.3755868544601 370.03286384976525 399.25821596244134 
4040.2347417840374 4068.5915492957747 224.33802816901408 252.69483568075117 382.32394366197184 410.6807511737089 
