2648.1111111111113 2676.259259259259 126.3641975308642 154.51234567901236 201.7530864197531 229.90123456790124 
2701.8395061728397 2729.864197530864 134.0679012345679 162.09259259259258 169.0 197.02469135802468 
2178.432098765432 2205.253086419753 124.04320987654322 150.8641975308642 173.40123456790124 200.22222222222223 
3022.9506172839506 3051.1296296296296 149.7716049382716 177.9506172839506 268.6296296296296 296.80864197530866 
2359.222222222222 2386.259259259259 162.59259259259258 189.62962962962962 237.4320987654321 264.4691358024691 
2760.6728395061727 2789.253086419753 112.32098765432099 140.90123456790124 181.41358024691357 209.99382716049382 
2993.08024691358 3021.2283950617284 145.51234567901236 173.6604938271605 213.8827160493827 242.03086419753086 
2606.4074074074074 2634.0925925925926 108.18518518518519 135.87037037037038 158.69135802469137 186.37654320987653 
2817.932098765432 2846.882716049383 125.16666666666667 154.1172839506173 219.96913580246914 248.91975308641975 
2312.1111111111113 2339.641975308642 136.28395061728395 163.8148148148148 183.28395061728395 210.8148148148148 
2597.864197530864 2627.185185185185 133.43827160493828 162.75925925925927 180.14814814814815 209.46913580246914 
2513.0123456790125 2542.703703703704 167.83333333333334 197.52469135802468 265.55555555555554 295.24691358024694 
2854.6296296296296 2883.3024691358023 134.38888888888889 163.06172839506172 170.30864197530863 198.9814814814815 
2609.7345679012346 2637.6666666666665 118.67901234567901 146.61111111111111 156.37037037037038 184.30246913580248 
2573.938271604938 2601.067901234568 126.46913580246914 153.59876543209876 146.71604938271605 173.84567901234567 
2670.938271604938 2698.777777777778 132.0493827160494 159.88888888888889 205.1358024691358 232.97530864197532 
2689.3765432098767 2717.895061728395 130.30246913580248 158.820987654321 223.51234567901236 252.03086419753086 
2636.901234567901 2665.08024691358 126.85185185185185 155.03086419753086 199.1851851851852 227.3641975308642 
2799.9691358024693 2829.1975308641977 128.51234567901236 157.74074074074073 220.15432098765433 249.3827160493827 
2371.58024691358 2398.4938271604938 137.24074074074073 164.15432098765433 188.1851851851852 215.09876543209876 
2671.432098765432 2698.4074074074074 115.60493827160494 142.58024691358025 189.76543209876544 216.74074074074073 
2426.3024691358023 2454.3888888888887 137.30864197530863 165.39506172839506 184.8827160493827 212.96913580246914 
2576.2283950617284 2603.203703703704 124.72839506172839 151.7037037037037 212.58641975308643 239.56172839506172 
2512.574074074074 2540.135802469136 123.44444444444444 151.00617283950618 220.90740740740742 248.46913580246914 
2975.641975308642 3004.1296296296296 128.91975308641975 157.40740740740742 222.1851851851852 250.67283950617283 
2670.1481481481483 2698.9135802469136 116.91975308641975 145.6851851851852 181.7530864197531 210.5185185185185 
2431.8395061728397 2459.061728395062 106.87037037037037 134.09259259259258 151.09876543209876 178.320987654321 
2506.4876543209875 2533.8333333333335 105.54320987654322 132.88888888888889 153.03086419753086 180.37654320987653 
2784.598765432099 2813.641975308642 116.22222222222223 145.26543209876544 165.7716049382716 194.8148148148148 
2455.061728395062 2482.716049382716 110.74074074074075 138.39506172839506 208.02469135802468 235.679012345679 
3006.716049382716 3037.395061728395 132.96913580246914 163.64814814814815 273.75308641975306 304.4320987654321 
2585.537037037037 2612.8518518518517 114.29629629629629 141.61111111111111 228.87037037037038 256.18518518518516 
2555.567901234568 2581.895061728395 107.72222222222223 134.0493827160494 185.62962962962962 211.95679012345678 
2732.820987654321 2761.432098765432 127.38888888888889 156.0 163.12962962962962 191.74074074074073 
2713.203703703704 2740.2098765432097 112.5679012345679 139.57407407407408 246.47530864197532 273.48148148148147 
3040.8024691358023 3070.432098765432 151.82716049382717 181.45679012345678 203.08641975308643 232.71604938271605 
2482.6666666666665 2510.9691358024693 138.37037037037038 166.67283950617283 207.60493827160494 235.90740740740742 
2737.0493827160494 2765.4135802469136 110.32716049382717 138.69135802469137 139.20987654320987 167.57407407407408 
2700.462962962963 2730.401234567901 130.28395061728395 160.22222222222223 168.48765432098764 198.42592592592592 
2774.3086419753085 2802.9814814814813 126.0679012345679 154.74074074074073 285.5432098765432 314.21604938271605 
2627.395061728395 2655.1728395061727 116.32098765432099 144.09876543209876 176.62962962962962 204.40740740740742 
2684.5 2713.3271604938273 118.28395061728395 147.11111111111111 174.5 203.32716049382717 
2640.432098765432 2667.5 114.0246913580247 141.09259259259258 163.20987654320987 190.27777777777777 
2697.3518518518517 2726.8888888888887 98.0679012345679 127.60493827160494 174.94444444444446 204.4814814814815 
2481.0246913580245 2509.0185185185187 123.75925925925925 151.7530864197531 162.320987654321 190.3148148148148 
2630.6604938271603 2659.7345679012346 140.89506172839506 169.96913580246914 216.70987654320987 245.78395061728395 
2713.4938271604938 2741.3333333333335 105.80864197530865 133.64814814814815 179.79012345679013 207.62962962962962 
2607.567901234568 2637.043209876543 115.35185185185185 144.82716049382717 166.9506172839506 196.42592592592592 
2993.7283950617284 3023.1728395061727 146.44444444444446 175.88888888888889 197.74074074074073 227.1851851851852 
2588.277777777778 2617.043209876543 105.34567901234568 134.11111111111111 193.89506172839506 222.6604938271605 
