2366.3311258278145 2393.9139072847684 112.54304635761589 140.12582781456953 161.86092715231788 189.4437086092715 
2455.0794701986756 2483.291390728477 129.60927152317882 157.82119205298014 199.98675496688742 228.19867549668874 
2384.2119205298013 2413.2847682119204 119.99337748344371 149.0662251655629 162.8543046357616 191.9271523178808 
1959.5629139072848 1986.8807947019868 108.02649006622516 135.34437086092714 148.60927152317882 175.9271523178808 
2784.264900662252 2814.0331125827815 121.52980132450331 151.2980132450331 182.57615894039736 212.34437086092714 
2449.3311258278145 2476.2847682119204 123.13245033112582 150.08609271523179 186.25165562913907 213.20529801324503 
2562.9867549668875 2592.4900662251657 112.93377483443709 142.43708609271522 191.6953642384106 221.19867549668874 
2145.1920529801323 2172.3112582781455 125.8543046357616 152.97350993377484 206.86754966887418 233.98675496688742 
2251.9139072847684 2279.298013245033 106.47682119205298 133.86092715231788 162.21192052980132 189.59602649006624 
2502.8940397350993 2532.298013245033 110.3112582781457 139.71523178807948 168.2913907284768 197.6953642384106 
2565.8079470198677 2593.2582781456954 107.80132450331126 135.25165562913907 147.16556291390728 174.6158940397351 
2371.6225165562914 2399.337748344371 110.62913907284768 138.34437086092714 187.81456953642385 215.52980132450332 
2040.7880794701987 2068.3046357615895 89.16556291390728 116.68211920529801 170.64238410596028 198.158940397351 
2410.7880794701987 2439.0 103.28476821192054 131.49668874172184 164.90066225165563 193.11258278145695 
2492.099337748344 2522.4966887417218 127.09933774834437 157.49668874172184 166.50331125827816 196.90066225165563 
2332.0596026490066 2360.3046357615895 106.91390728476821 135.158940397351 157.43046357615893 185.67549668874173 
2604.6225165562914 2633.0331125827815 121.73509933774834 150.1456953642384 224.25827814569536 252.66887417218544 
2254.8278145695363 2284.3311258278145 116.5364238410596 146.03973509933775 183.20529801324503 212.7086092715232 
2811.218543046358 2840.655629139073 108.50993377483444 137.94701986754967 217.01324503311258 246.4503311258278 
2275.6225165562914 2303.271523178808 98.90728476821192 126.55629139072848 167.74172185430464 195.39072847682118 
2484.218543046358 2510.0794701986756 103.6887417218543 129.5496688741722 163.90066225165563 189.76158940397352 
2208.9668874172185 2236.8145695364237 97.42384105960265 125.27152317880795 139.19867549668874 167.04635761589404 
2591.933774834437 2619.9470198675494 135.64238410596028 163.65562913907286 229.05298013245033 257.0662251655629 
2467.2582781456954 2496.1324503311257 121.74172185430463 150.6158940397351 204.4437086092715 233.31788079470198 
2537.82119205298 2567.456953642384 102.23841059602648 131.87417218543047 169.50993377483445 199.1456953642384 
2286.4503311258277 2315.9205298013244 102.4635761589404 131.9337748344371 163.80132450331126 193.27152317880794 
2311.841059602649 2341.046357615894 128.7019867549669 157.90728476821192 214.72185430463577 243.9271523178808 
2694.1523178807947 2723.4900662251657 119.04635761589404 148.3841059602649 205.17880794701986 234.51655629139074 
2528.0066225165565 2557.245033112583 91.18543046357615 120.42384105960265 162.34437086092714 191.58278145695365 
2372.3708609271525 2402.4701986754967 112.08609271523179 142.18543046357615 187.03973509933775 217.13907284768212 
2135.900662251656 2163.4503311258277 103.41721854304636 130.96688741721854 107.98675496688742 135.53642384105962 
2449.735099337748 2477.682119205298 109.3841059602649 137.33112582781456 162.68211920529802 190.6291390728477 
2500.58940397351 2528.072847682119 109.58940397350993 137.0728476821192 155.09271523178808 182.57615894039736 
2367.0132450331125 2395.8543046357618 107.89403973509934 136.73509933774835 116.71523178807946 145.5562913907285 
2328.026490066225 2357.794701986755 130.20529801324503 159.97350993377484 171.27814569536423 201.04635761589404 
2381.5761589403974 2411.0132450331125 108.01324503311258 137.4503311258278 167.83443708609272 197.27152317880794 
2424.430463576159 2453.569536423841 100.04635761589404 129.18543046357615 156.64900662251657 185.78807947019868 
2057.801324503311 2084.6225165562914 121.21192052980132 148.03311258278146 161.03973509933775 187.86092715231788 
2262.9139072847684 2292.615894039735 107.98013245033113 137.68211920529802 154.13907284768212 183.841059602649 
2362.6490066225165 2392.3509933774835 107.3841059602649 137.08609271523179 206.19205298013244 235.89403973509934 
2072.701986754967 2099.291390728477 102.94701986754967 129.53642384105962 176.841059602649 203.43046357615893 
2069.4966887417218 2097.344370860927 118.74172185430463 146.58940397350995 163.5496688741722 191.39735099337747 
2479.1059602649007 2508.609271523179 109.03311258278146 138.53642384105962 191.05960264900662 220.56291390728478 
2533.1920529801323 2561.4039735099336 120.21192052980132 148.42384105960264 165.94039735099338 194.1523178807947 
2489.1523178807947 2517.6291390728475 104.18543046357615 132.66225165562915 147.9271523178808 176.40397350993376 
2338.7880794701987 2365.907284768212 118.98675496688742 146.10596026490066 167.96026490066225 195.0794701986755 
2254.5562913907283 2283.099337748344 106.11258278145695 134.65562913907286 151.67549668874173 180.2185430463576 
2305.3509933774835 2333.3311258278145 105.48344370860927 133.46357615894038 159.09271523178808 187.0728476821192 
2534.456953642384 2564.026490066225 124.26490066225166 153.83443708609272 165.68211920529802 195.25165562913907 
2562.1523178807947 2591.3245033112585 113.06622516556291 142.23841059602648 232.64900662251657 261.8211920529801 
