747.8024691358024 777.4938271604939 69.82716049382717 99.51851851851852 90.49382716049382 120.18518518518519 
516.395061728395 542.8765432098766 68.70370370370371 95.18518518518519 79.49382716049382 105.9753086419753 
535.604938271605 564.3703703703703 67.0246913580247 95.79012345679013 80.34567901234568 109.11111111111111 
558.7777777777778 587.8518518518518 72.38271604938272 101.45679012345678 73.04938271604938 102.12345679012346 
455.8641975308642 483.7037037037037 74.1358024691358 101.9753086419753 69.96296296296296 97.80246913580247 
558.395061728395 586.358024691358 75.90123456790124 103.8641975308642 86.76543209876543 114.72839506172839 
434.8641975308642 463.81481481481484 69.01234567901234 97.96296296296296 63.93827160493827 92.88888888888889 
416.08641975308643 443.4320987654321 71.30864197530865 98.65432098765432 82.37037037037037 109.71604938271605 
602.395061728395 631.1604938271605 66.61728395061728 95.38271604938272 89.25925925925925 118.0246913580247 
614.7654320987655 643.4074074074074 67.98765432098766 96.62962962962963 76.25925925925925 104.90123456790124 
626.6913580246913 658.2345679012345 69.4074074074074 100.95061728395062 75.64197530864197 107.18518518518519 
660.2469135802469 690.8641975308642 64.41975308641975 95.03703703703704 82.34567901234568 112.96296296296296 
792.8271604938271 820.9753086419753 76.66666666666667 104.81481481481481 94.75308641975309 122.90123456790124 
425.8641975308642 452.4691358024691 66.50617283950618 93.11111111111111 71.4320987654321 98.03703703703704 
686.320987654321 716.1975308641976 69.64197530864197 99.51851851851852 93.14814814814815 123.0246913580247 
534.8024691358024 562.7654320987655 76.34567901234568 104.30864197530865 86.80246913580247 114.76543209876543 
392.9012345679012 422.28395061728395 64.95061728395062 94.33333333333333 70.18518518518519 99.5679012345679 
412.8888888888889 440.6666666666667 70.27160493827161 98.04938271604938 87.0246913580247 114.80246913580247 
314.12345679012344 342.95061728395063 63.55555555555556 92.38271604938272 72.71604938271605 101.54320987654322 
785.5308641975308 816.641975308642 62.45679012345679 93.5679012345679 81.04938271604938 112.1604938271605 
414.14814814814815 442.358024691358 78.53086419753086 106.74074074074075 87.33333333333333 115.54320987654322 
592.8518518518518 620.1975308641976 74.23456790123457 101.58024691358025 83.91358024691358 111.25925925925925 
854.3333333333334 883.5308641975308 67.23456790123457 96.4320987654321 76.55555555555556 105.75308641975309 
420.4567901234568 449.4074074074074 69.81481481481481 98.76543209876543 92.51851851851852 121.46913580246914 
348.69135802469134 376.962962962963 67.91358024691358 96.18518518518519 81.48148148148148 109.75308641975309 
509.74074074074076 537.9506172839506 68.30864197530865 96.51851851851852 86.66666666666667 114.87654320987654 
354.81481481481484 383.14814814814815 67.09876543209876 95.4320987654321 69.20987654320987 97.54320987654322 
302.679012345679 330.7037037037037 78.92592592592592 106.95061728395062 88.82716049382717 116.85185185185185 
586.5679012345679 615.7037037037037 72.29629629629629 101.4320987654321 72.92592592592592 102.06172839506173 
459.38271604938274 487.1604938271605 71.11111111111111 98.88888888888889 96.0246913580247 123.80246913580247 
305.4320987654321 333.2716049382716 68.74074074074075 96.58024691358025 65.0246913580247 92.8641975308642 
784.4814814814815 812.320987654321 69.23456790123457 97.07407407407408 75.24691358024691 103.08641975308642 
762.9753086419753 792.7901234567901 71.08641975308642 100.90123456790124 87.62962962962963 117.44444444444444 
404.22222222222223 431.38271604938274 74.5679012345679 101.72839506172839 69.76543209876543 96.92592592592592 
635.4938271604939 664.1975308641976 66.17283950617283 94.87654320987654 77.44444444444444 106.14814814814815 
388.8641975308642 417.1975308641975 69.39506172839506 97.72839506172839 73.44444444444444 101.77777777777777 
555.0123456790124 582.9135802469136 67.5679012345679 95.46913580246914 87.39506172839506 115.29629629629629 
702.9012345679013 730.1851851851852 59.39506172839506 86.67901234567901 80.58024691358025 107.8641975308642 
662.4567901234568 691.716049382716 70.54320987654322 99.80246913580247 80.74074074074075 110.0 
423.25925925925924 451.5308641975309 69.33333333333333 97.60493827160494 72.80246913580247 101.07407407407408 
494.0 520.7283950617284 68.96296296296296 95.69135802469135 69.72839506172839 96.45679012345678 
459.4938271604938 488.25925925925924 59.80246913580247 88.5679012345679 59.46913580246913 88.23456790123457 
486.04938271604937 513.2098765432099 67.5925925925926 94.75308641975309 78.0246913580247 105.18518518518519 
571.2716049382716 596.0864197530864 69.93827160493827 94.75308641975309 80.90123456790124 105.71604938271605 
800.1604938271605 831.9506172839506 66.48148148148148 98.27160493827161 85.72839506172839 117.51851851851852 
495.75308641975306 525.9382716049382 69.60493827160494 99.79012345679013 76.92592592592592 107.11111111111111 
374.3333333333333 402.7283950617284 71.28395061728395 99.67901234567901 97.95061728395062 126.34567901234568 
747.2716049382716 776.5925925925926 62.19753086419753 91.51851851851852 77.87654320987654 107.19753086419753 
590.2962962962963 619.0 59.5679012345679 88.27160493827161 71.72839506172839 100.4320987654321 
367.69135802469134 397.01234567901236 71.18518518518519 100.50617283950618 80.12345679012346 109.44444444444444 
