62.78260869565217 90.3913043478261 60.21739130434783 87.82608695652173 53.21739130434783 80.82608695652173 
59.65217391304348 87.58695652173913 57.41304347826087 85.34782608695652 34.93478260869565 62.869565217391305 
120.69565217391305 150.2608695652174 68.3913043478261 97.95652173913044 50.58695652173913 80.15217391304348 
183.56521739130434 213.56521739130434 53.93478260869565 83.93478260869566 51.19565217391305 81.19565217391305 
81.67391304347827 110.26086956521739 52.95652173913044 81.54347826086956 54.17391304347826 82.76086956521739 
97.1086956521739 125.80434782608695 63.52173913043478 92.21739130434783 60.08695652173913 88.78260869565217 
102.67391304347827 132.7826086956522 51.91304347826087 82.02173913043478 46.02173913043478 76.1304347826087 
109.56521739130434 138.04347826086956 60.97826086956522 89.45652173913044 53.97826086956522 82.45652173913044 
48.5 74.3695652173913 57.43478260869565 83.30434782608695 39.608695652173914 65.47826086956522 
61.391304347826086 88.23913043478261 56.97826086956522 83.82608695652173 36.5 63.34782608695652 
143.1086956521739 172.2391304347826 61.108695652173914 90.23913043478261 62.47826086956522 91.6086956521739 
93.3913043478261 120.56521739130434 63.56521739130435 90.73913043478261 50.78260869565217 77.95652173913044 
95.1086956521739 123.04347826086956 54.5 82.43478260869566 49.78260869565217 77.71739130434783 
86.8913043478261 114.17391304347827 53.08695652173913 80.3695652173913 47.19565217391305 74.47826086956522 
77.23913043478261 105.06521739130434 54.73913043478261 82.56521739130434 55.04347826086956 82.8695652173913 
71.8913043478261 101.1304347826087 55.21739130434783 84.45652173913044 48.608695652173914 77.84782608695652 
67.30434782608695 92.84782608695652 55.41304347826087 80.95652173913044 46.65217391304348 72.19565217391305 
103.45652173913044 131.17391304347825 61.108695652173914 88.82608695652173 51.869565217391305 79.58695652173913 
58.108695652173914 84.73913043478261 59.26086956521739 85.8913043478261 41.26086956521739 67.8913043478261 
154.47826086956522 182.30434782608697 58.21739130434783 86.04347826086956 57.82608695652174 85.65217391304348 
54.91304347826087 81.32608695652173 59.23913043478261 85.65217391304348 33.28260869565217 59.69565217391305 
54.23913043478261 81.73913043478261 64.0 91.5 41.0 68.5 
53.84782608695652 78.30434782608695 60.608695652173914 85.06521739130434 42.26086956521739 66.71739130434783 
72.17391304347827 100.0 49.80434782608695 77.6304347826087 51.130434782608695 78.95652173913044 
70.17391304347827 96.3695652173913 57.369565217391305 83.56521739130434 38.43478260869565 64.6304347826087 
91.6086956521739 122.15217391304348 52.43478260869565 82.97826086956522 61.04347826086956 91.58695652173913 
85.04347826086956 114.28260869565217 67.73913043478261 96.97826086956522 59.82608695652174 89.06521739130434 
51.130434782608695 80.26086956521739 55.17391304347826 84.30434782608695 40.91304347826087 70.04347826086956 
78.06521739130434 105.45652173913044 57.45652173913044 84.84782608695652 46.0 73.3913043478261 
74.34782608695652 102.6086956521739 56.0 84.26086956521739 44.32608695652174 72.58695652173913 
159.5 188.52173913043478 65.69565217391305 94.71739130434783 72.97826086956522 102.0 
62.47826086956522 90.41304347826087 54.23913043478261 82.17391304347827 49.80434782608695 77.73913043478261 
92.23913043478261 122.23913043478261 51.65217391304348 81.65217391304348 60.71739130434783 90.71739130434783 
57.23913043478261 84.30434782608695 57.630434782608695 84.69565217391305 39.630434782608695 66.69565217391305 
194.06521739130434 223.19565217391303 65.06521739130434 94.19565217391305 65.3913043478261 94.52173913043478 
177.56521739130434 205.6086956521739 61.608695652173914 89.65217391304348 79.17391304347827 107.21739130434783 
130.3913043478261 158.32608695652175 61.73913043478261 89.67391304347827 52.391304347826086 80.32608695652173 
61.391304347826086 90.84782608695652 62.45652173913044 91.91304347826087 49.5 78.95652173913044 
57.17391304347826 84.02173913043478 55.02173913043478 81.8695652173913 43.391304347826086 70.23913043478261 
73.8913043478261 103.34782608695652 64.80434782608695 94.26086956521739 56.73913043478261 86.19565217391305 
45.45652173913044 71.21739130434783 53.02173913043478 78.78260869565217 35.67391304347826 61.43478260869565 
99.45652173913044 128.47826086956522 54.30434782608695 83.32608695652173 47.41304347826087 76.43478260869566 
68.28260869565217 96.76086956521739 64.1086956521739 92.58695652173913 48.28260869565217 76.76086956521739 
114.78260869565217 142.7173913043478 53.73913043478261 81.67391304347827 56.28260869565217 84.21739130434783 
77.56521739130434 106.3695652173913 53.630434782608695 82.43478260869566 43.97826086956522 72.78260869565217 
75.43478260869566 103.47826086956522 56.52173913043478 84.56521739130434 50.30434782608695 78.34782608695652 
159.6304347826087 188.32608695652175 53.97826086956522 82.67391304347827 58.391304347826086 87.08695652173913 
97.80434782608695 124.21739130434783 66.04347826086956 92.45652173913044 44.08695652173913 70.5 
102.91304347826087 130.6304347826087 54.91304347826087 82.6304347826087 53.78260869565217 81.5 
64.56521739130434 93.15217391304348 57.17391304347826 85.76086956521739 51.54347826086956 80.1304347826087 
