86.66666666666667 120.41666666666667 48.333333333333336 82.08333333333333 55.0 88.75 
29.0 57.333333333333336 48.916666666666664 77.25 24.0 52.333333333333336 
34.583333333333336 62.916666666666664 63.583333333333336 91.91666666666667 31.25 59.583333333333336 
25.25 56.5 52.0 83.25 21.083333333333332 52.333333333333336 
27.916666666666668 55.0 40.333333333333336 67.41666666666667 22.916666666666668 50.0 
43.083333333333336 68.91666666666667 69.83333333333333 95.66666666666667 38.916666666666664 64.75 
33.166666666666664 64.41666666666667 44.166666666666664 75.41666666666667 26.5 57.75 
42.5 66.66666666666667 47.416666666666664 71.58333333333333 35.0 59.166666666666664 
30.333333333333332 63.25 24.083333333333332 57.0 22.833333333333332 55.75 
27.5 53.333333333333336 44.916666666666664 70.75 22.5 48.333333333333336 
46.5 74.83333333333333 41.333333333333336 69.66666666666667 39.416666666666664 67.75 
38.666666666666664 69.5 48.25 79.08333333333333 33.666666666666664 64.5 
24.25 47.583333333333336 40.833333333333336 64.16666666666667 18.416666666666668 41.75 
24.25 50.5 38.166666666666664 64.41666666666667 17.166666666666668 43.416666666666664 
31.083333333333332 51.5 41.916666666666664 62.333333333333336 26.083333333333332 46.5 
42.833333333333336 70.75 54.0 81.91666666666667 37.833333333333336 65.75 
36.75 65.5 46.0 74.75 28.833333333333332 57.583333333333336 
25.583333333333332 57.666666666666664 46.25 78.33333333333333 20.583333333333332 52.666666666666664 
41.0 75.16666666666667 34.666666666666664 68.83333333333333 27.166666666666668 61.333333333333336 
39.333333333333336 62.666666666666664 39.25 62.583333333333336 34.333333333333336 57.666666666666664 
32.416666666666664 63.666666666666664 50.75 82.0 27.416666666666668 58.666666666666664 
30.916666666666668 57.583333333333336 38.75 65.41666666666667 25.916666666666668 52.583333333333336 
25.666666666666668 54.0 62.75 91.08333333333333 16.5 44.833333333333336 
31.416666666666668 56.416666666666664 50.583333333333336 75.58333333333333 26.416666666666668 51.416666666666664 
31.416666666666668 61.833333333333336 42.0 72.41666666666667 26.416666666666668 56.833333333333336 
34.083333333333336 60.333333333333336 47.916666666666664 74.16666666666667 28.25 54.5 
41.75 70.08333333333333 42.583333333333336 70.91666666666667 32.583333333333336 60.916666666666664 
25.25 47.75 35.833333333333336 58.333333333333336 20.25 42.75 
26.583333333333332 49.5 31.083333333333332 54.0 21.583333333333332 44.5 
28.5 56.0 30.083333333333332 57.583333333333336 23.5 51.0 
34.25 67.58333333333333 53.916666666666664 87.25 28.416666666666668 61.75 
70.66666666666667 96.5 68.41666666666667 94.25 46.333333333333336 72.16666666666667 
35.25 66.91666666666667 43.833333333333336 75.5 26.916666666666668 58.583333333333336 
25.916666666666668 53.0 43.083333333333336 70.16666666666667 20.916666666666668 48.0 
41.25 70.0 49.583333333333336 78.33333333333333 22.916666666666668 51.666666666666664 
25.25 52.333333333333336 48.916666666666664 76.0 20.25 47.333333333333336 
26.25 60.416666666666664 45.916666666666664 80.08333333333333 20.416666666666668 54.583333333333336 
34.75 68.08333333333333 42.083333333333336 75.41666666666667 28.916666666666668 62.25 
23.5 51.833333333333336 28.5 56.833333333333336 18.5 46.833333333333336 
30.5 60.916666666666664 65.41666666666667 95.83333333333333 26.333333333333332 56.75 
48.25 82.0 55.416666666666664 89.16666666666667 38.666666666666664 72.41666666666667 
21.833333333333332 44.333333333333336 43.5 66.0 16.416666666666668 38.916666666666664 
30.083333333333332 57.166666666666664 42.833333333333336 69.91666666666667 25.083333333333332 52.166666666666664 
48.666666666666664 79.91666666666667 56.0 87.25 31.75 63.0 
52.5 83.75 51.5 82.75 39.166666666666664 70.41666666666667 
39.166666666666664 72.5 41.5 74.83333333333333 27.083333333333332 60.416666666666664 
30.0 56.25 56.0 82.25 25.0 51.25 
64.08333333333333 90.33333333333333 51.916666666666664 78.16666666666667 41.166666666666664 67.41666666666667 
31.5 57.75 33.416666666666664 59.666666666666664 23.166666666666668 49.416666666666664 
41.0 72.66666666666667 65.83333333333333 97.5 28.5 60.166666666666664 
