1207.5523809523809 1234.9809523809524 68.0952380952381 95.52380952380952 87.64761904761905 115.07619047619048 
1140.6857142857143 1169.0190476190476 79.68571428571428 108.01904761904763 104.26666666666667 132.6 
1280.4190476190477 1308.5619047619048 67.00952380952381 95.15238095238095 110.94285714285714 139.0857142857143 
999.2952380952381 1026.5809523809523 77.21904761904761 104.5047619047619 96.99047619047619 124.27619047619048 
1072.5809523809523 1100.4857142857143 71.58095238095238 99.48571428571428 101.37142857142857 129.27619047619046 
1129.6380952380953 1157.8761904761905 86.06666666666666 114.3047619047619 100.88571428571429 129.1238095238095 
1233.1809523809525 1261.5142857142857 89.3047619047619 117.63809523809523 121.92380952380952 150.25714285714287 
1081.2761904761905 1109.3238095238096 81.8952380952381 109.94285714285714 107.0952380952381 135.14285714285714 
1160.142857142857 1188.6190476190477 81.14285714285714 109.61904761904762 101.23809523809524 129.71428571428572 
1003.4571428571429 1030.5523809523809 72.5047619047619 99.6 97.02857142857142 124.12380952380953 
984.2380952380952 1012.3333333333334 77.85714285714286 105.95238095238095 85.96190476190476 114.05714285714286 
1224.7714285714285 1253.057142857143 83.2 111.48571428571428 92.27619047619048 120.56190476190476 
887.8190476190476 914.6285714285714 70.72380952380952 97.53333333333333 112.64761904761905 139.45714285714286 
1032.352380952381 1061.2095238095237 73.20952380952382 102.06666666666666 89.23809523809524 118.0952380952381 
1231.3714285714286 1258.942857142857 75.84761904761905 103.41904761904762 117.48571428571428 145.05714285714285 
1235.152380952381 1262.6761904761904 74.4095238095238 101.93333333333334 101.36190476190477 128.88571428571427 
963.4190476190477 992.5619047619048 75.60952380952381 104.75238095238095 96.55238095238096 125.6952380952381 
1136.3809523809523 1163.4285714285713 76.76190476190476 103.80952380952381 104.80952380952381 131.85714285714286 
1109.3809523809523 1138.142857142857 79.42857142857143 108.19047619047619 113.13333333333334 141.89523809523808 
890.7428571428571 918.0285714285715 78.21904761904761 105.5047619047619 108.01904761904763 135.3047619047619 
735.3047619047619 761.8285714285714 76.9047619047619 103.42857142857143 96.46666666666667 122.99047619047619 
1417.2571428571428 1446.8285714285714 75.82857142857142 105.4 109.38095238095238 138.95238095238096 
967.0 997.4761904761905 79.47619047619048 109.95238095238095 121.8952380952381 152.37142857142857 
1418.847619047619 1449.3714285714286 76.27619047619048 106.8 98.83809523809524 129.36190476190475 
1279.2666666666667 1308.647619047619 72.98095238095237 102.36190476190477 97.34285714285714 126.72380952380952 
1095.3904761904762 1123.6761904761904 79.53333333333333 107.81904761904762 95.05714285714286 123.34285714285714 
1231.7047619047619 1258.0380952380951 77.27619047619048 103.60952380952381 121.17142857142858 147.5047619047619 
1326.952380952381 1355.8095238095239 78.57142857142857 107.42857142857143 115.55238095238096 144.40952380952382 
1300.2190476190476 1328.6 70.88571428571429 99.26666666666667 111.36190476190477 139.74285714285713 
980.0857142857143 1008.847619047619 72.94285714285714 101.70476190476191 98.26666666666667 127.02857142857142 
1284.3904761904762 1314.6285714285714 72.86666666666666 103.1047619047619 103.56190476190476 133.8 
1092.247619047619 1120.6285714285714 79.62857142857143 108.00952380952381 104.51428571428572 132.89523809523808 
855.8285714285714 883.0190476190476 73.18095238095238 100.37142857142857 88.48571428571428 115.67619047619047 
1092.6857142857143 1118.1619047619047 78.20952380952382 103.68571428571428 86.99047619047619 112.46666666666667 
981.4285714285714 1009.5714285714286 73.00952380952381 101.15238095238095 121.47619047619048 149.61904761904762 
1189.6285714285714 1217.247619047619 81.77142857142857 109.39047619047619 95.84761904761905 123.46666666666667 
1195.104761904762 1224.104761904762 84.67619047619047 113.67619047619047 115.21904761904761 144.21904761904761 
1168.7238095238095 1196.3428571428572 84.07619047619048 111.6952380952381 118.55238095238096 146.17142857142858 
1292.4952380952382 1321.8761904761905 73.35238095238095 102.73333333333333 96.24761904761905 125.62857142857143 
1011.8190476190476 1039.3428571428572 84.29523809523809 111.81904761904762 91.03809523809524 118.56190476190476 
1084.7904761904763 1113.1238095238095 75.62857142857143 103.96190476190476 95.14285714285714 123.47619047619048 
1198.2190476190476 1226.695238095238 79.72380952380952 108.2 108.36190476190477 136.83809523809524 
1279.2666666666667 1308.7428571428572 77.21904761904761 106.6952380952381 92.4 121.87619047619047 
1249.0190476190476 1276.4476190476191 103.60952380952381 131.03809523809525 127.98095238095237 155.40952380952382 
1120.2 1146.8666666666666 69.96190476190476 96.62857142857143 97.77142857142857 124.43809523809524 
1154.6285714285714 1183.057142857143 79.48571428571428 107.91428571428571 136.6095238095238 165.03809523809525 
981.9904761904762 1010.2761904761904 76.56190476190476 104.84761904761905 90.73333333333333 119.01904761904763 
1182.4761904761904 1209.857142857143 76.38095238095238 103.76190476190476 88.29523809523809 115.67619047619047 
1098.895238095238 1126.7047619047619 78.94285714285714 106.75238095238095 107.2 135.0095238095238 
1105.3238095238096 1134.2761904761905 84.18095238095238 113.13333333333334 99.73333333333333 128.68571428571428 
