2982.417142857143 3009.302857142857 143.44571428571427 170.33142857142857 204.33142857142857 231.21714285714285 
2836.714285714286 2865.7428571428572 156.88571428571427 185.9142857142857 246.34285714285716 275.37142857142857 
3070.617142857143 3100.217142857143 125.81714285714285 155.41714285714286 165.44571428571427 195.0457142857143 
3375.72 3405.52 124.60571428571428 154.40571428571428 209.97714285714287 239.77714285714285 
3087.782857142857 3116.5257142857145 138.46857142857144 167.21142857142857 213.9257142857143 242.66857142857143 
2945.102857142857 2974.074285714286 139.4742857142857 168.44571428571427 220.10285714285715 249.0742857142857 
3104.845714285714 3133.4742857142855 130.18857142857144 158.81714285714287 309.2742857142857 337.90285714285716 
3140.6057142857144 3168.062857142857 128.77714285714285 156.2342857142857 214.8057142857143 242.26285714285714 
3061.96 3091.502857142857 131.90285714285713 161.44571428571427 360.90285714285716 390.4457142857143 
2824.8342857142857 2851.7771428571427 144.94857142857143 171.89142857142858 235.49142857142857 262.4342857142857 
2914.7714285714287 2944.2 142.77142857142857 172.2 246.34285714285716 275.77142857142854 
3099.8685714285716 3128.5257142857145 150.06857142857143 178.72571428571428 216.06857142857143 244.72571428571428 
3200.3771428571426 3228.462857142857 146.00571428571428 174.09142857142857 222.46285714285713 250.54857142857142 
2902.44 2929.9542857142856 130.01142857142858 157.5257142857143 215.66857142857143 243.18285714285713 
2940.657142857143 2968.6 162.65714285714284 190.6 254.34285714285716 282.2857142857143 
3095.5314285714285 3123.96 178.01714285714286 206.44571428571427 245.90285714285713 274.33142857142855 
2950.92 2977.6057142857144 131.78285714285715 158.46857142857144 233.00571428571428 259.69142857142856 
2836.6285714285714 2864.542857142857 113.85714285714286 141.77142857142857 171.74285714285713 199.65714285714284 
3152.0857142857144 3180.457142857143 125.25714285714285 153.62857142857143 203.31428571428572 231.68571428571428 
2901.12 2929.2914285714287 159.32 187.49142857142857 215.54857142857142 243.72 
3237.5485714285714 3266.7485714285713 126.34857142857143 155.54857142857142 212.72 241.92 
2954.022857142857 2982.594285714286 184.86857142857144 213.44 253.08 281.6514285714286 
3034.88 3063.308571428571 118.25142857142858 146.68 168.33714285714285 196.7657142857143 
2873.2057142857143 2901.8342857142857 126.29142857142857 154.92 212.32 240.94857142857143 
3355.4114285714286 3384.554285714286 161.55428571428573 190.69714285714286 203.55428571428573 232.69714285714286 
3216.462857142857 3244.8342857142857 156.2057142857143 184.57714285714286 267.12 295.49142857142857 
3177.8171428571427 3207.445714285714 157.77142857142857 187.4 201.56 231.18857142857144 
3044.1828571428573 3072.7542857142857 153.64 182.21142857142857 300.4971428571429 329.06857142857143 
3171.457142857143 3202.3142857142857 162.62857142857143 193.4857142857143 243.2 274.0571428571429 
3016.7028571428573 3045.5314285714285 172.0742857142857 200.90285714285713 283.7885714285714 312.6171428571429 
3083.982857142857 3112.3542857142857 168.04 196.41142857142856 211.38285714285715 239.75428571428571 
2760.5885714285714 2788.5314285714285 142.98857142857142 170.93142857142857 216.78857142857143 244.73142857142858 
2897.308571428571 2925.1085714285714 183.33714285714285 211.13714285714286 357.8514285714286 385.6514285714286 
3056.1257142857144 3084.3542857142857 151.69714285714286 179.9257142857143 242.3257142857143 270.5542857142857 
3314.3542857142857 3342.8685714285716 166.66857142857143 195.18285714285713 224.84 253.3542857142857 
3216.36 3244.845714285714 139.81714285714287 168.30285714285714 175.36 203.84571428571428 
3263.9142857142856 3293.2285714285713 166.88571428571427 196.2 288.34285714285716 317.65714285714284 
2909.8685714285716 2939.0685714285714 127.15428571428572 156.3542857142857 226.01142857142858 255.21142857142857 
2967.285714285714 2995.4 129.14285714285714 157.25714285714287 251.4857142857143 279.6 
3209.554285714286 3238.4685714285715 172.3542857142857 201.26857142857142 289.24 318.1542857142857 
3036.1714285714284 3064.285714285714 147.71428571428572 175.82857142857142 235.57142857142858 263.6857142857143 
2955.5085714285715 2984.308571428571 167.33714285714285 196.13714285714286 279.30857142857144 308.10857142857145 
2951.7542857142857 2980.24 149.01142857142858 177.49714285714285 225.09714285714287 253.58285714285714 
2860.1657142857143 2887.7657142857142 173.33714285714285 200.93714285714285 315.22285714285715 342.8228571428571 
3245.12 3273.0057142857145 153.44571428571427 181.33142857142857 254.8057142857143 282.69142857142856 
3243.64 3272.0685714285714 166.21142857142857 194.64 236.98285714285714 265.4114285714286 
3239.3542857142857 3268.6114285714284 165.21142857142857 194.46857142857144 293.84 323.09714285714284 
2812.154285714286 2839.325714285714 113.15428571428572 140.3257142857143 152.64 179.81142857142856 
2598.782857142857 2624.925714285714 103.66857142857143 129.81142857142856 154.5257142857143 180.66857142857143 
3133.674285714286 3163.4742857142855 156.84571428571428 186.6457142857143 205.58857142857144 235.38857142857142 
