3963.2102803738317 3991.154205607477 320.3644859813084 348.30841121495325 434.00467289719626 461.9485981308411 
4117.182242990654 4146.107476635514 229.50934579439252 258.43457943925233 477.4626168224299 506.3878504672897 
4054.7242990654204 4082.57476635514 254.45794392523365 282.30841121495325 340.7056074766355 368.55607476635515 
4493.317757009346 4523.014018691589 318.0327102803738 347.7289719626168 451.1214953271028 480.81775700934577 
4045.2897196261683 4073.3504672897197 218.68691588785046 246.74766355140187 310.10280373831773 338.16355140186914 
4023.7897196261683 4050.96261682243 164.37383177570092 191.5467289719626 335.0514018691589 362.22429906542055 
3967.803738317757 3996.191588785047 274.5747663551402 302.9626168224299 359.8130841121495 388.20093457943926 
4237.467289719626 4265.177570093458 221.61682242990653 249.3271028037383 385.22429906542055 412.93457943925233 
4280.196261682243 4308.934579439252 219.47663551401868 248.21495327102804 490.85046728971963 519.588785046729 
4061.299065420561 4088.285046728972 291.5233644859813 318.5093457943925 503.02803738317755 530.0140186915888 
4219.696261682243 4247.873831775701 389.7710280373832 417.9485981308411 441.8457943925234 470.0233644859813 
3854.051401869159 3881.785046728972 338.4579439252336 366.19158878504675 483.9579439252336 511.69158878504675 
4144.532710280374 4171.705607476635 240.14953271028037 267.3224299065421 351.8224299065421 378.99532710280374 
4072.8130841121497 4100.406542056075 177.54205607476635 205.1355140186916 436.22429906542055 463.81775700934577 
4404.728971962617 4433.303738317757 240.33644859813083 268.91121495327104 342.06542056074767 370.64018691588785 
3792.7476635514017 3819.5233644859813 238.4018691588785 265.1775700934579 383.21495327102804 409.9906542056075 
4108.719626168225 4137.785046728972 270.85981308411215 299.9252336448598 391.89719626168227 420.9626168224299 
4214.313084112149 4243.355140186916 209.80373831775702 238.84579439252337 353.2383177570093 382.2803738317757 
4015.4906542056074 4043.551401869159 314.18224299065423 342.2429906542056 447.5934579439252 475.6542056074766 
4204.401869158878 4232.836448598131 267.60747663551405 296.0420560747664 493.42056074766356 521.8551401869158 
4057.9205607476633 4086.61214953271 242.1214953271028 270.8130841121495 437.73364485981307 466.4252336448598 
4118.827102803738 4146.794392523365 255.5607476635514 283.52803738317755 440.7429906542056 468.7102803738318 
4221.752336448598 4249.392523364486 227.55607476635515 255.19626168224298 482.6869158878505 510.32710280373834 
3882.3644859813085 3909.841121495327 298.3551401869159 325.8317757009346 494.7943925233645 522.2710280373832 
4248.490654205608 4277.602803738318 276.13084112149534 305.2429906542056 353.72429906542055 382.83644859813086 
4193.308411214954 4222.771028037383 258.5233644859813 287.9859813084112 393.30841121495325 422.7710280373832 
4073.5093457943926 4101.336448598131 220.50934579439252 248.33644859813083 355.1448598130841 382.97196261682245 
4223.714953271028 4251.542056074766 312.8785046728972 340.7056074766355 416.6121495327103 444.4392523364486 
4154.121495327103 4182.813084112149 337.7897196261682 366.48130841121497 401.2710280373832 429.9626168224299 
4128.406542056075 4157.308411214954 289.68224299065423 318.5841121495327 471.6775700934579 500.57943925233644 
3944.0233644859813 3973.626168224299 247.2289719626168 276.8317757009346 359.72429906542055 389.32710280373834 
4082.0186915887853 4110.126168224299 217.77570093457945 245.88317757009347 364.1682242990654 392.27570093457945 
4011.032710280374 4039.0934579439254 261.70093457943926 289.7616822429907 519.9579439252336 548.018691588785 
4129.920560747663 4158.261682242991 283.803738317757 312.1448598130841 437.6775700934579 466.01869158878503 
4051.892523364486 4079.5794392523367 289.61682242990656 317.303738317757 335.91121495327104 363.5981308411215 
3733.1728971962616 3759.785046728972 250.57009345794393 277.18224299065423 325.08878504672896 351.70093457943926 
4156.271028037383 4183.957943925234 262.29906542056074 289.9859813084112 371.9252336448598 399.6121495327103 
4353.551401869159 4382.009345794392 301.71495327102804 330.17289719626166 385.98130841121497 414.4392523364486 
4006.588785046729 4035.9813084112147 294.56542056074767 323.9579439252336 355.2803738317757 384.67289719626166 
4383.439252336449 4412.177570093458 202.26168224299064 231.0 314.8878504672897 343.6261682242991 
4115.528037383177 4143.845794392523 228.4392523364486 256.7570093457944 232.95794392523365 261.27570093457945 
3833.5 3860.766355140187 276.2102803738318 303.4766355140187 359.9485981308411 387.21495327102804 
4389.911214953271 4418.509345794392 315.2383177570093 343.83644859813086 455.0981308411215 483.696261682243 
4250.7990654205605 4278.906542056075 329.32710280373834 357.43457943925233 426.07943925233644 454.1869158878505 
4464.598130841122 4494.130841121495 245.34579439252337 274.8785046728972 495.01869158878503 524.5514018691589 
3927.733644859813 3955.467289719626 252.44392523364485 280.1775700934579 404.696261682243 432.4299065420561 
4190.845794392523 4219.046728971963 377.2710280373832 405.47196261682245 418.83644859813086 447.0373831775701 
4378.92523364486 4407.336448598131 196.61682242990653 225.02803738317758 391.0747663551402 419.4859813084112 
4192.252336448598 4220.056074766355 175.9018691588785 203.70560747663552 302.4392523364486 330.2429906542056 
4064.5841121495328 4093.4392523364486 258.5747663551402 287.4299065420561 353.0420560747664 381.89719626168227 
