3587.4926829268293 3615.9560975609756 211.3219512195122 239.78536585365853 377.0292682926829 405.4926829268293 
4224.839024390244 4253.643902439025 234.86341463414635 263.66829268292685 394.37560975609756 423.18048780487806 
3955.7073170731705 3985.2195121951218 228.41463414634146 257.9268292682927 418.0243902439024 447.5365853658537 
3962.2292682926827 3990.765853658537 188.42439024390245 216.9609756097561 276.10731707317075 304.6439024390244 
4078.3853658536586 4107.751219512195 242.84878048780487 272.21463414634144 431.2878048780488 460.65365853658534 
3946.487804878049 3973.9024390243903 238.65853658536585 266.0731707317073 301.2439024390244 328.6585365853659 
3811.756097560976 3840.2195121951218 177.58536585365854 206.0487804878049 254.5121951219512 282.9756097560976 
4180.160975609756 4211.014634146341 214.9170731707317 245.77073170731708 469.64878048780486 500.50243902439024 
3670.112195121951 3697.7951219512197 193.06341463414634 220.74634146341464 227.7951219512195 255.4780487804878 
3637.1853658536584 3665.5756097560975 236.5268292682927 264.9170731707317 331.3560975609756 359.74634146341464 
3873.1463414634145 3901.390243902439 171.70731707317074 199.9512195121951 300.1463414634146 328.390243902439 
3752.170731707317 3780.243902439024 260.7560975609756 288.8292682926829 307.3658536585366 335.4390243902439 
4115.531707317074 4144.360975609756 321.21463414634144 350.0439024390244 477.89756097560974 506.7268292682927 
3864.2048780487803 3891.5951219512194 315.69268292682926 343.0829268292683 408.2780487804878 435.66829268292685 
3931.9951219512195 3961.6048780487804 231.6780487804878 261.2878048780488 326.45853658536583 356.0682926829268 
3702.7804878048782 3729.5853658536585 173.34146341463415 200.14634146341464 355.4390243902439 382.2439024390244 
3711.29756097561 3739.2243902439022 204.51707317073172 232.44390243902438 248.83414634146342 276.7609756097561 
3741.8048780487807 3769.5365853658536 243.8048780487805 271.5365853658537 321.1463414634146 348.8780487804878 
3610.019512195122 3636.8243902439026 170.97073170731707 197.77560975609757 359.3609756097561 386.1658536585366 
3666.790243902439 3694.2536585365856 218.37560975609756 245.8390243902439 342.61951219512196 370.0829268292683 
3612.1951219512193 3639.9268292682927 231.34146341463415 259.0731707317073 344.0243902439024 371.7560975609756 
3813.0146341463415 3840.7707317073173 138.77073170731708 166.5268292682927 329.77073170731705 357.52682926829266 
3929.917073170732 3957.6 204.06341463414634 231.74634146341464 333.20975609756096 360.89268292682925 
4127.424390243902 4157.473170731707 231.61951219512196 261.66829268292685 448.2780487804878 478.32682926829267 
3927.629268292683 3956.653658536585 200.3609756097561 229.38536585365853 347.9463414634146 376.9707317073171 
3945.619512195122 3975.1073170731706 202.74146341463415 232.22926829268292 358.47317073170734 387.9609756097561 
3777.9560975609756 3807.590243902439 221.00487804878048 250.6390243902439 254.0780487804878 283.7121951219512 
3597.4975609756098 3625.3512195121953 195.13170731707316 222.98536585365855 405.76585365853657 433.61951219512196 
4044.317073170732 4072.487804878049 224.0487804878049 252.21951219512195 306.3414634146341 334.5121951219512 
3793.8 3820.7756097560978 179.84878048780487 206.82439024390243 217.48292682926828 244.45853658536586 
3855.458536585366 3884.1170731707316 231.19024390243902 259.8487804878049 380.89756097560974 409.5560975609756 
3637.1560975609755 3664.3756097560977 200.0829268292683 227.30243902439025 240.8390243902439 268.05853658536586 
3836.0975609756097 3863.121951219512 200.0 227.02439024390245 243.53658536585365 270.5609756097561 
3811.756097560976 3840.3658536585367 198.0 226.609756097561 267.1951219512195 295.8048780487805 
4030.190243902439 4059.2634146341466 232.9219512195122 261.9951219512195 355.4341463414634 384.5073170731707 
3773.917073170732 3801.819512195122 297.0390243902439 324.94146341463414 261.6 289.50243902439024 
3989.4146341463415 4018.7804878048782 276.7317073170732 306.0975609756098 392.8536585365854 422.219512195122 
3656.887804878049 3684.180487804878 204.32682926829267 231.61951219512196 264.2780487804878 291.57073170731707 
3909.980487804878 3937.7609756097563 234.41951219512194 262.2 374.4439024390244 402.22439024390246 
3678.346341463415 3706.712195121951 199.68780487804878 228.05365853658537 361.78536585365856 390.1512195121951 
3714.4 3742.6439024390243 218.44878048780487 246.69268292682926 368.91219512195124 397.1560975609756 
3650.7073170731705 3678.9024390243903 199.4390243902439 227.6341463414634 311.8536585365854 340.0487804878049 
3979.7804878048782 4009.487804878049 250.0 279.7073170731707 447.4634146341463 477.1707317073171 
3872.9658536585366 3902.307317073171 215.42926829268293 244.77073170731708 298.50243902439024 327.8439024390244 
4187.980487804878 4216.760975609756 191.10243902439024 219.88292682926829 304.34634146341466 333.1268292682927 
3999.7707317073173 4029.2829268292685 266.18536585365854 295.69756097560975 486.96585365853656 516.4780487804878 
3890.790243902439 3919.3512195121953 288.76585365853657 317.32682926829267 339.05853658536586 367.61951219512196 
3726.5853658536585 3754.9024390243903 203.0 231.3170731707317 321.0487804878049 349.3658536585366 
3714.4536585365854 3741.8439024390245 219.0878048780488 246.4780487804878 358.77073170731705 386.1609756097561 
3688.765853658537 3716.5951219512194 184.4 212.22926829268292 228.30243902439025 256.13170731707316 
