2152.6293706293704 2180.146853146853 122.62237762237763 150.13986013986013 187.0 214.5174825174825 
2049.006993006993 2076.3146853146854 97.62237762237763 124.93006993006993 130.44055944055944 157.74825174825176 
2251.6363636363635 2280.097902097902 106.20979020979021 134.67132867132867 139.71328671328672 168.17482517482517 
2055.2517482517483 2083.083916083916 101.48251748251748 129.3146853146853 164.72727272727272 192.55944055944056 
1997.6573426573427 2024.1958041958042 104.65734265734265 131.1958041958042 158.46153846153845 185.0 
2189.874125874126 2218.86013986014 98.1118881118881 127.0979020979021 151.76923076923077 180.75524475524475 
2312.335664335664 2341.7762237762236 105.06293706293707 134.5034965034965 154.25874125874125 183.6993006993007 
1942.3846153846155 1970.1118881118882 105.54545454545455 133.27272727272728 160.54545454545453 188.27272727272728 
2088.426573426573 2117.1678321678323 98.95104895104895 127.6923076923077 142.86713286713288 171.6083916083916 
2075.2237762237764 2102.5314685314684 101.35664335664336 128.66433566433565 174.62937062937064 201.93706293706293 
1952.6923076923076 1979.5454545454545 120.13986013986013 146.993006993007 179.0909090909091 205.94405594405595 
2472.895104895105 2502.3706293706296 105.91608391608392 135.3916083916084 133.0 162.47552447552448 
2185.916083916084 2212.944055944056 100.25874125874125 127.2867132867133 139.06993006993008 166.0979020979021 
2129.3496503496503 2156.5174825174827 179.37762237762237 206.54545454545453 188.47552447552448 215.64335664335664 
2254.6993006993007 2283.1608391608393 91.32867132867133 119.79020979020979 140.3986013986014 168.86013986013987 
2228.4335664335663 2256.86013986014 109.95804195804196 138.3846153846154 127.37762237762237 155.8041958041958 
2013.118881118881 2041.6853146853148 119.41958041958041 147.98601398601397 174.4825174825175 203.04895104895104 
2162.153846153846 2191.944055944056 113.16783216783217 142.95804195804195 185.54545454545453 215.33566433566435 
2341.055944055944 2370.111888111888 95.81118881118881 124.86713286713287 136.75524475524475 165.8111888111888 
2191.4755244755243 2219.5524475524476 98.24475524475524 126.32167832167832 136.26573426573427 164.34265734265733 
2157.6573426573427 2185.2097902097903 117.91608391608392 145.46853146853147 193.4965034965035 221.04895104895104 
2138.3076923076924 2165.8251748251746 124.23076923076923 151.74825174825176 163.02797202797203 190.54545454545453 
2265.902097902098 2294.993006993007 96.72027972027972 125.81118881118881 146.14685314685315 175.23776223776224 
1970.4405594405594 1997.4685314685314 129.46153846153845 156.48951048951048 174.25874125874125 201.28671328671328 
2029.923076923077 2057.965034965035 114.52447552447552 142.56643356643357 149.3986013986014 177.44055944055944 
2420.937062937063 2449.6783216783215 131.11888111888112 159.86013986013987 204.53846153846155 233.27972027972027 
2214.181818181818 2243.027972027972 95.42657342657343 124.27272727272727 160.72027972027973 189.56643356643357 
2278.671328671329 2306.6083916083917 117.96503496503496 145.9020979020979 172.97202797202797 200.9090909090909 
1949.4895104895104 1977.1818181818182 87.65034965034965 115.34265734265735 145.6083916083916 173.3006993006993 
2446.3566433566434 2475.4825174825173 107.37062937062937 136.4965034965035 186.97202797202797 216.0979020979021 
2252.7062937062938 2281.2027972027972 104.46853146853147 132.96503496503496 158.96503496503496 187.46153846153845 
2212.2587412587413 2241.909090909091 109.58041958041959 139.23076923076923 174.64335664335664 204.2937062937063 
1908.3426573426573 1935.4055944055945 92.74825174825175 119.81118881118881 124.88111888111888 151.94405594405595 
2005.944055944056 2033.3566433566434 113.86713286713287 141.27972027972027 152.28671328671328 179.6993006993007 
2028.93006993007 2056.867132867133 102.44755244755245 130.3846153846154 127.2867132867133 155.2237762237762 
2383.5244755244757 2412.230769230769 118.6923076923077 147.3986013986014 155.83216783216784 184.53846153846155 
2066.0699300699303 2094.5314685314684 96.36363636363636 124.82517482517483 138.62237762237763 167.08391608391608 
2273.0 2302.5104895104896 105.86013986013987 135.37062937062936 138.36363636363637 167.87412587412587 
1996.1608391608393 2022.944055944056 104.81118881118881 131.5944055944056 173.04895104895104 199.83216783216784 
2144.6013986013986 2174.2167832167834 96.67832167832168 126.2937062937063 174.07692307692307 203.69230769230768 
2047.7412587412587 2074.909090909091 94.5944055944056 121.76223776223776 164.06993006993008 191.23776223776224 
2134.153846153846 2162.230769230769 105.92307692307692 134.0 132.58041958041957 160.65734265734267 
1733.6853146853148 1760.6433566433566 91.34965034965035 118.3076923076923 144.06993006993008 171.02797202797203 
2204.4965034965035 2232.013986013986 93.76923076923077 121.2867132867133 154.3916083916084 181.9090909090909 
2468.076923076923 2496.3636363636365 105.97902097902097 134.26573426573427 179.020979020979 207.30769230769232 
2189.846153846154 2217.5384615384614 94.93006993006993 122.62237762237763 135.75524475524475 163.44755244755245 
2092.2657342657344 2120.097902097902 101.77622377622377 129.6083916083916 172.3006993006993 200.13286713286712 
2050.426573426573 2078.888111888112 94.44755244755245 122.9090909090909 165.4265734265734 193.8881118881119 
1926.5454545454545 1953.958041958042 138.73426573426573 166.14685314685315 159.65734265734267 187.06993006993008 
2020.8881118881118 2048.195804195804 95.75524475524476 123.06293706293707 165.25874125874125 192.56643356643357 
