1784.8529411764705 1810.6617647058824 82.6470588235294 108.45588235294117 136.2058823529412 162.01470588235293 
2051.735294117647 2080.5220588235293 94.03676470588235 122.82352941176471 140.94117647058823 169.72794117647058 
1841.5220588235295 1870.639705882353 95.66911764705883 124.78676470588235 157.8235294117647 186.94117647058823 
2055.051470588235 2085.0882352941176 112.86764705882354 142.90441176470588 190.25735294117646 220.2941176470588 
2064.573529411765 2093.764705882353 90.99264705882354 120.18382352941177 128.60294117647058 157.7941176470588 
1988.1176470588234 2016.4632352941176 103.53676470588235 131.88235294117646 124.51470588235294 152.86029411764707 
2027.5955882352941 2056.676470588235 83.84558823529412 112.92647058823529 157.3308823529412 186.41176470588235 
1993.0367647058824 2020.9411764705883 102.08088235294117 129.98529411764707 139.9485294117647 167.85294117647058 
2084.6029411764707 2114.235294117647 104.63970588235294 134.27205882352942 155.69117647058823 185.3235294117647 
2097.8161764705883 2126.345588235294 94.79411764705883 123.32352941176471 158.625 187.15441176470588 
1941.6691176470588 1968.8014705882354 85.00735294117646 112.13970588235294 138.9264705882353 166.05882352941177 
2069.6470588235293 2097.1838235294117 89.52941176470588 117.06617647058823 134.05882352941177 161.59558823529412 
1968.8676470588234 1997.2867647058824 104.38970588235294 132.80882352941177 128.43382352941177 156.85294117647058 
1896.8823529411766 1925.1176470588234 96.19117647058823 124.42647058823529 127.25 155.48529411764707 
1934.4558823529412 1961.3308823529412 102.40441176470588 129.27941176470588 115.41176470588235 142.28676470588235 
2001.4044117647059 2029.8970588235295 94.55147058823529 123.04411764705883 124.75 153.24264705882354 
1997.8823529411766 2026.6691176470588 93.96323529411765 122.75 142.36764705882354 171.15441176470588 
1942.1323529411766 1970.4044117647059 116.23529411764706 144.50735294117646 139.41176470588235 167.68382352941177 
1894.0367647058824 1924.2205882352941 112.44117647058823 142.625 149.03676470588235 179.22058823529412 
2106.0367647058824 2134.0882352941176 95.3529411764706 123.40441176470588 112.66176470588235 140.71323529411765 
1869.6838235294117 1897.0735294117646 101.69852941176471 129.08823529411765 136.0441176470588 163.43382352941177 
1825.8161764705883 1853.610294117647 94.98529411764706 122.77941176470588 132.53676470588235 160.3308823529412 
1959.375 1988.014705882353 88.875 117.51470588235294 160.99264705882354 189.63235294117646 
1915.9411764705883 1943.9191176470588 101.67647058823529 129.65441176470588 135.27941176470588 163.25735294117646 
1989.1838235294117 2017.1985294117646 96.75735294117646 124.7720588235294 138.4485294117647 166.46323529411765 
1888.6323529411766 1916.7941176470588 96.50735294117646 124.66911764705883 130.39705882352942 158.55882352941177 
2074.9117647058824 2104.139705882353 90.1470588235294 119.375 132.55882352941177 161.78676470588235 
2027.6985294117646 2056.044117647059 104.48529411764706 132.8308823529412 142.99264705882354 171.33823529411765 
1908.0808823529412 1935.9485294117646 103.08823529411765 130.9558823529412 134.46323529411765 162.3308823529412 
1667.8970588235295 1694.4411764705883 101.48529411764706 128.02941176470588 142.7058823529412 169.25 
2088.389705882353 2117.801470588235 103.20588235294117 132.61764705882354 193.75735294117646 223.1691176470588 
1954.0073529411766 1982.8676470588234 91.80147058823529 120.66176470588235 172.27205882352942 201.13235294117646 
1625.4485294117646 1652.2132352941176 84.69117647058823 111.45588235294117 126.11029411764706 152.875 
1995.3823529411766 2022.9926470588234 98.36764705882354 125.9779411764706 147.66176470588235 175.27205882352942 
1885.4705882352941 1912.4191176470588 91.05882352941177 118.00735294117646 141.05882352941177 168.00735294117646 
2166.448529411765 2193.8382352941176 96.68382352941177 124.07352941176471 130.11029411764707 157.5 
1865.8676470588234 1894.875 95.16176470588235 124.16911764705883 148.58823529411765 177.59558823529412 
2004.4632352941176 2032.2573529411766 105.38235294117646 133.1764705882353 118.65441176470588 146.4485294117647 
1852.3382352941176 1881.3823529411766 95.93382352941177 124.9779411764706 114.6029411764706 143.64705882352942 
1828.8529411764705 1855.7279411764705 91.63235294117646 118.50735294117646 108.8970588235294 135.77205882352942 
2174.6911764705883 2202.8161764705883 97.81617647058823 125.94117647058823 123.23529411764706 151.36029411764707 
1992.5 2019.5220588235295 99.83823529411765 126.86029411764706 131.73529411764707 158.75735294117646 
1946.5661764705883 1974.2867647058824 100.08088235294117 127.80147058823529 152.375 180.09558823529412 
1754.1985294117646 1781.4044117647059 86.45588235294117 113.66176470588235 146.25735294117646 173.46323529411765 
2119.095588235294 2148.2132352941176 111.01470588235294 140.13235294117646 165.74264705882354 194.86029411764707 
1997.5367647058824 2026.5808823529412 84.53676470588235 113.58088235294117 136.0514705882353 165.09558823529412 
2179.220588235294 2207.7867647058824 147.09558823529412 175.66176470588235 181.80882352941177 210.375 
2004.0514705882354 2033.6838235294117 87.80882352941177 117.44117647058823 160.68382352941177 190.31617647058823 
1837.1323529411766 1865.2941176470588 83.78676470588235 111.94852941176471 139.55882352941177 167.72058823529412 
1736.5882352941176 1763.389705882353 101.00735294117646 127.80882352941177 134.08823529411765 160.88970588235293 
