988.3627450980392 1015.9607843137255 96.75490196078431 124.3529411764706 111.44117647058823 139.0392156862745 
1187.0980392156862 1216.7058823529412 79.3529411764706 108.96078431372548 100.56862745098039 130.1764705882353 
996.5392156862745 1024.8235294117646 78.20588235294117 106.49019607843137 79.34313725490196 107.62745098039215 
1077.6764705882354 1106.1568627450981 77.09803921568627 105.57843137254902 108.95098039215686 137.4313725490196 
1010.3137254901961 1039.7254901960785 90.00980392156863 119.42156862745098 108.01960784313725 137.4313725490196 
818.9411764705883 846.4411764705883 75.92156862745098 103.42156862745098 101.93137254901961 129.4313725490196 
1177.8921568627452 1205.1470588235295 68.1470588235294 95.40196078431373 115.98039215686275 143.23529411764707 
1041.7254901960785 1069.3235294117646 79.67647058823529 107.27450980392157 97.62745098039215 125.22549019607843 
1057.1274509803923 1086.5882352941176 78.93137254901961 108.3921568627451 90.00980392156863 119.47058823529412 
1015.5980392156863 1044.2254901960785 68.61764705882354 97.24509803921569 84.12745098039215 112.75490196078431 
1327.3725490196077 1356.2941176470588 81.72549019607843 110.6470588235294 100.32352941176471 129.2450980392157 
858.8137254901961 885.0392156862745 83.77450980392157 110.0 111.24509803921569 137.47058823529412 
1100.6274509803923 1129.4019607843138 77.17647058823529 105.95098039215686 123.03921568627452 151.81372549019608 
995.1372549019608 1024.1568627450981 76.15686274509804 105.17647058823529 111.8529411764706 140.87254901960785 
1195.5686274509803 1223.6568627450981 76.74509803921569 104.83333333333333 118.29411764705883 146.38235294117646 
897.1470588235294 925.8725490196078 84.7156862745098 113.44117647058823 90.5 119.22549019607843 
1003.343137254902 1031.8725490196077 84.62745098039215 113.15686274509804 87.42156862745098 115.95098039215686 
1054.735294117647 1082.8235294117646 73.02941176470588 101.11764705882354 94.79411764705883 122.88235294117646 
954.4509803921569 982.1470588235294 79.73529411764706 107.43137254901961 121.31372549019608 149.00980392156862 
1022.0882352941177 1050.7156862745098 81.88235294117646 110.50980392156863 97.8529411764706 126.48039215686275 
1234.921568627451 1265.5588235294117 76.61764705882354 107.25490196078431 105.29411764705883 135.9313725490196 
996.1078431372549 1022.3333333333334 74.08823529411765 100.31372549019608 89.12745098039215 115.3529411764706 
923.3137254901961 950.1274509803922 74.55882352941177 101.37254901960785 92.29411764705883 119.1078431372549 
1246.7941176470588 1276.2058823529412 78.33333333333333 107.74509803921569 109.38235294117646 138.7941176470588 
932.6666666666666 960.8529411764706 77.55882352941177 105.74509803921569 103.80392156862744 131.99019607843138 
1164.686274509804 1192.8235294117646 80.70588235294117 108.84313725490196 116.6470588235294 144.7843137254902 
845.0294117647059 873.5588235294117 86.96078431372548 115.49019607843137 97.19607843137256 125.72549019607843 
1048.0098039215686 1074.7745098039215 85.8921568627451 112.65686274509804 110.17647058823529 136.94117647058823 
1029.6470588235295 1058.813725490196 81.25490196078431 110.42156862745098 100.74509803921569 129.91176470588235 
1045.5980392156862 1072.4607843137255 78.03921568627452 104.90196078431373 100.97058823529412 127.83333333333333 
933.9117647058823 962.9803921568628 89.73529411764706 118.80392156862744 102.34313725490196 131.41176470588235 
924.3039215686274 951.2156862745098 86.40196078431373 113.31372549019608 111.27450980392157 138.18627450980392 
986.8921568627451 1015.9607843137255 75.34313725490196 104.41176470588235 95.0 124.06862745098039 
1161.264705882353 1190.578431372549 72.00980392156863 101.32352941176471 96.36274509803921 125.67647058823529 
1136.8039215686274 1166.9019607843138 75.07843137254902 105.17647058823529 105.73529411764706 135.83333333333334 
925.9117647058823 954.0980392156863 67.77450980392157 95.96078431372548 96.17647058823529 124.36274509803921 
1030.8529411764705 1060.0686274509803 77.50980392156863 106.72549019607843 94.06862745098039 123.2843137254902 
1061.137254901961 1088.049019607843 85.08823529411765 112.0 109.45098039215686 136.36274509803923 
1241.578431372549 1268.4411764705883 80.24509803921569 107.1078431372549 87.36274509803921 114.22549019607843 
1042.137254901961 1070.2745098039215 64.88235294117646 93.01960784313725 77.96078431372548 106.09803921568627 
942.0784313725491 966.9803921568628 76.7843137254902 101.68627450980392 91.33333333333333 116.23529411764706 
1065.9411764705883 1094.0294117647059 73.12745098039215 101.2156862745098 102.57843137254902 130.66666666666666 
967.0196078431372 996.7254901960785 100.49019607843137 130.19607843137254 114.61764705882354 144.3235294117647 
1156.0098039215686 1184.686274509804 73.8529411764706 102.52941176470588 85.06862745098039 113.74509803921569 
1148.4019607843138 1176.686274509804 66.81372549019608 95.09803921568627 99.45098039215686 127.73529411764706 
1258.313725490196 1286.2549019607843 82.7843137254902 110.72549019607843 97.42156862745098 125.36274509803921 
937.7549019607843 964.8627450980392 82.97058823529412 110.07843137254902 98.45098039215686 125.55882352941177 
827.8333333333334 853.6666666666666 68.66666666666667 94.5 106.23529411764706 132.0686274509804 
991.3921568627451 1018.5490196078431 79.16666666666667 106.32352941176471 105.93137254901961 133.08823529411765 
1069.137254901961 1098.549019607843 82.01960784313725 111.43137254901961 108.2156862745098 137.62745098039215 
