2950.2976190476193 2978.184523809524 125.42857142857143 153.3154761904762 153.51190476190476 181.39880952380952 
3000.3988095238096 3029.4464285714284 131.73214285714286 160.7797619047619 251.35119047619048 280.3988095238095 
2999.4940476190477 3027.9464285714284 144.8154761904762 173.26785714285714 254.01785714285714 282.4702380952381 
2599.2321428571427 2627.1785714285716 134.70833333333334 162.6547619047619 269.1011904761905 297.04761904761904 
2712.6011904761904 2739.3869047619046 102.69642857142857 129.48214285714286 166.70833333333334 193.49404761904762 
2833.0773809523807 2860.3988095238096 149.36904761904762 176.6904761904762 173.61309523809524 200.9345238095238 
2668.1130952380954 2696.7738095238096 186.23809523809524 214.89880952380952 242.8154761904762 271.4761904761905 
2977.845238095238 3005.5833333333335 188.86904761904762 216.60714285714286 192.78571428571428 220.52380952380952 
2878.1071428571427 2905.6666666666665 154.2797619047619 181.83928571428572 253.88095238095238 281.4404761904762 
2627.220238095238 2654.4821428571427 114.78571428571429 142.04761904761904 175.49404761904762 202.75595238095238 
2988.6071428571427 3016.940476190476 138.0297619047619 166.36309523809524 223.07142857142858 251.4047619047619 
2729.7321428571427 2757.559523809524 139.35119047619048 167.17857142857142 200.0297619047619 227.85714285714286 
2487.7976190476193 2515.8630952380954 122.14285714285714 150.20833333333334 180.57142857142858 208.63690476190476 
2941.3035714285716 2970.0833333333335 156.51785714285714 185.29761904761904 203.20833333333334 231.98809523809524 
3118.4583333333335 3148.190476190476 135.51190476190476 165.24404761904762 224.82738095238096 254.5595238095238 
2620.0119047619046 2647.2738095238096 139.48809523809524 166.75 195.48809523809524 222.75 
2637.095238095238 2665.7559523809523 130.26785714285714 158.92857142857142 219.95238095238096 248.61309523809524 
2675.2619047619046 2702.0476190476193 145.95238095238096 172.73809523809524 215.08333333333334 241.86904761904762 
2892.7916666666665 2920.2916666666665 120.125 147.625 200.17261904761904 227.67261904761904 
2951.3035714285716 2979.4583333333335 138.32738095238096 166.48214285714286 247.375 275.5297619047619 
3109.6428571428573 3140.2083333333335 158.70238095238096 189.26785714285714 238.98809523809524 269.55357142857144 
2890.6071428571427 2919.4761904761904 149.53571428571428 178.4047619047619 205.66666666666666 234.53571428571428 
2754.0119047619046 2782.315476190476 126.01190476190476 154.3154761904762 168.11904761904762 196.42261904761904 
3088.75 3118.4523809523807 134.0297619047619 163.73214285714286 186.36904761904762 216.07142857142858 
2550.8571428571427 2578.9821428571427 122.30952380952381 150.4345238095238 162.16666666666666 190.29166666666666 
2878.2321428571427 2906.684523809524 127.85119047619048 156.30357142857142 154.00595238095238 182.45833333333334 
2811.8690476190477 2839.904761904762 126.30952380952381 154.3452380952381 221.45238095238096 249.48809523809524 
2467.970238095238 2494.934523809524 136.92261904761904 163.88690476190476 188.44642857142858 215.41071428571428 
2843.5059523809523 2871.690476190476 128.83928571428572 157.02380952380952 175.64880952380952 203.83333333333334 
3064.7261904761904 3093.9226190476193 117.875 147.07142857142858 221.6904761904762 250.88690476190476 
2981.3869047619046 3009.8988095238096 124.7797619047619 153.29166666666666 300.55357142857144 329.0654761904762 
2816.7916666666665 2846.0773809523807 120.0 149.28571428571428 222.92261904761904 252.20833333333334 
2864.5238095238096 2891.9940476190477 132.9404761904762 160.41071428571428 221.36904761904762 248.83928571428572 
2859.3511904761904 2887.7440476190477 126.94047619047619 155.33333333333334 169.26785714285714 197.66071428571428 
2878.75 2906.815476190476 151.75 179.8154761904762 229.64285714285714 257.7083333333333 
2876.3035714285716 2904.815476190476 164.29166666666666 192.80357142857142 207.01785714285714 235.5297619047619 
2709.285714285714 2737.8273809523807 156.4047619047619 184.94642857142858 183.45238095238096 211.99404761904762 
2765.4940476190477 2793.9761904761904 129.07142857142858 157.55357142857142 184.24404761904762 212.72619047619048 
2737.9880952380954 2766.2619047619046 149.10119047619048 177.375 246.97619047619048 275.25 
2754.029761904762 2781.7083333333335 142.29166666666666 169.9702380952381 176.58928571428572 204.26785714285714 
2782.184523809524 2811.470238095238 110.63690476190476 139.92261904761904 170.57738095238096 199.86309523809524 
2821.660714285714 2849.5178571428573 120.63095238095238 148.48809523809524 167.01785714285714 194.875 
3050.285714285714 3079.3333333333335 137.98809523809524 167.03571428571428 225.64285714285714 254.6904761904762 
2847.125 2873.0476190476193 128.17857142857142 154.10119047619048 195.8154761904762 221.73809523809524 
2780.3928571428573 2808.309523809524 130.91071428571428 158.82738095238096 186.22619047619048 214.14285714285714 
2707.904761904762 2736.0 133.64285714285714 161.73809523809524 228.38095238095238 256.4761904761905 
2659.345238095238 2687.1726190476193 132.375 160.20238095238096 193.92857142857142 221.75595238095238 
2978.9583333333335 3007.559523809524 145.45238095238096 174.05357142857142 204.0297619047619 232.63095238095238 
3044.434523809524 3072.410714285714 117.58333333333333 145.5595238095238 136.9345238095238 164.91071428571428 
2993.0238095238096 3021.4761904761904 191.98809523809524 220.4404761904762 282.1309523809524 310.5833333333333 
