3673.9895287958116 3702.523560209424 167.2408376963351 195.77486910994764 308.4659685863874 337.0 
3585.5130890052355 3614.387434554974 192.81675392670158 221.6910994764398 340.19895287958116 369.0732984293194 
3555.4293193717276 3583.5968586387435 179.4240837696335 207.59162303664922 269.64397905759165 297.81151832460733 
3242.3141361256544 3271.0314136125653 147.58115183246073 176.29842931937173 298.0471204188482 326.76439790575915 
3512.1884816753927 3540.5916230366493 188.13089005235602 216.53403141361255 306.8743455497382 335.27748691099475 
3525.1204188481674 3554.5183246073298 175.13612565445027 204.53403141361255 205.04188481675394 234.43979057591622 
3373.942408376963 3402.3717277486912 171.6020942408377 200.03141361256544 318.15706806282725 346.586387434555 
3425.7120418848167 3454.5340314136124 165.27748691099475 194.09947643979058 222.02094240837695 250.84293193717278 
3481.910994764398 3509.7643979057593 178.85340314136127 206.7068062827225 319.79057591623035 347.64397905759165 
3540.6806282722514 3570.1570680628274 214.2408376963351 243.717277486911 263.42931937172773 292.90575916230364 
3307.062827225131 3334.6806282722514 173.29842931937173 200.91623036649216 223.4764397905759 251.09424083769633 
3380.6020942408377 3409.895287958115 162.19895287958116 191.49214659685865 235.6544502617801 264.9476439790576 
3623.047120418848 3652.523560209424 243.67539267015707 273.151832460733 379.09424083769636 408.57068062827227 
3368.916230366492 3396.717277486911 215.51832460732984 243.3193717277487 211.87434554973822 239.67539267015707 
3430.8534031413615 3459.151832460733 216.68586387434556 244.98429319371726 299.2565445026178 327.5549738219895 
3203.5916230366493 3230.8429319371726 145.07329842931938 172.32460732984293 339.586387434555 366.83769633507853 
3416.3193717277486 3445.638743455497 148.5235602094241 177.84293193717278 259.2565445026178 288.5759162303665 
3435.2722513089006 3462.5759162303666 162.30366492146598 189.60732984293193 281.84293193717275 309.14659685863876 
3413.502617801047 3441.1465968586385 186.92670157068062 214.57068062827224 261.434554973822 289.0785340314136 
3238.193717277487 3265.6544502617803 177.96858638743456 205.42931937172776 203.45549738219896 230.91623036649216 
3358.869109947644 3387.2722513089006 141.62303664921467 170.0261780104712 240.50785340314135 268.9109947643979 
3480.5759162303666 3508.717277486911 185.39267015706807 213.53403141361255 254.10994764397907 282.25130890052355 
3307.413612565445 3335.9476439790574 190.6806282722513 219.21465968586386 396.23560209424085 424.7696335078534 
3187.801047120419 3214.3455497382197 232.5392670157068 259.08376963350787 290.6544502617801 317.19895287958116 
3251.2303664921465 3278.717277486911 176.36125654450262 203.84816753926702 254.4502617801047 281.9371727748691 
3440.471204188482 3469.13612565445 205.6544502617801 234.3193717277487 244.63350785340313 273.29842931937173 
3411.544502617801 3438.69109947644 210.15183246073298 237.29842931937173 280.6282722513089 307.77486910994764 
3644.5916230366493 3673.5968586387435 157.04188481675394 186.04712041884818 230.37696335078533 259.3821989528796 
3402.9633507853405 3430.3455497382197 163.22513089005236 190.60732984293193 228.06806282722513 255.4502617801047 
3387.0523560209426 3414.9842931937173 187.36125654450262 215.2931937172775 269.4869109947644 297.4188481675393 
3319.497382198953 3347.848167539267 251.13089005235602 279.4816753926702 297.21989528795814 325.57068062827227 
3214.1204188481674 3242.785340314136 179.89005235602093 208.55497382198953 228.5235602094241 257.18848167539267 
3711.9633507853405 3740.759162303665 185.8586387434555 214.6544502617801 343.8743455497382 372.67015706806285 
3281.832460732984 3311.4921465968587 217.56020942408378 247.2198952879581 382.434554973822 412.09424083769636 
3289.455497382199 3317.8586387434557 161.3193717277487 189.72251308900525 365.869109947644 394.27225130890054 
3244.2879581151833 3271.9581151832463 254.4869109947644 282.15706806282725 361.4869109947644 389.15706806282725 
3577.581151832461 3606.612565445026 254.27748691099475 283.3089005235602 257.18848167539267 286.21989528795814 
3205.240837696335 3232.9895287958116 135.5392670157068 163.28795811518324 279.0890052356021 306.83769633507853 
3647.4240837696334 3676.6649214659687 139.87958115183247 169.12041884816753 216.97905759162305 246.2198952879581 
3270.7696335078535 3299.6178010471203 233.9371727748691 262.78534031413614 340.42931937172773 369.27748691099475 
3497.4659685863876 3526.2879581151833 131.74869109947645 160.57068062827224 251.5235602094241 280.3455497382199 
3235.8167539267015 3263.4869109947645 220.55497382198953 248.22513089005236 229.56020942408378 257.2303664921466 
3571.890052356021 3599.3507853403144 149.17801047120417 176.63874345549738 249.40314136125656 276.86387434554973 
3358.026178010471 3386.4816753926702 185.1413612565445 213.59685863874344 302.9214659685864 331.37696335078533 
3618.3350785340313 3646.6596858638745 152.7696335078534 181.09424083769633 245.2198952879581 273.5445026178011 
3469.523560209424 3498.2931937172775 171.57068062827224 200.34031413612564 236.93193717277487 265.70157068062827 
3719.3717277486912 3748.2984293193717 217.99476439790575 246.92146596858638 350.81151832460733 379.73821989528795 
3439.361256544503 3467.6596858638745 190.1675392670157 218.46596858638745 235.87958115183247 264.1780104712042 
3584.13612565445 3612.9581151832463 171.37696335078533 200.19895287958116 320.75916230366494 349.5811518324607 
3386.806282722513 3415.785340314136 155.44502617801047 184.4240837696335 291.0732984293194 320.0523560209424 
