3010.157894736842 3037.877192982456 142.49122807017545 170.21052631578948 256.56140350877195 284.280701754386 
3138.0058479532163 3165.6666666666665 145.78362573099415 173.44444444444446 270.6666666666667 298.32748538011697 
2989.0409356725145 3017.4327485380118 111.87134502923976 140.26315789473685 225.21052631578948 253.60233918128654 
3108.8362573099416 3136.438596491228 134.78947368421052 162.3918128654971 243.1345029239766 270.7368421052632 
2931.9298245614036 2960.2339181286548 126.44444444444444 154.7485380116959 206.2280701754386 234.53216374269005 
3048.8654970760235 3076.6432748538014 157.49122807017545 185.26900584795322 239.42105263157896 267.19883040935673 
2932.5087719298244 2961.0175438596493 116.86549707602339 145.37426900584796 173.06432748538012 201.57309941520467 
2991.9532163742692 3020.4912280701756 128.37426900584796 156.91228070175438 211.80701754385964 240.3450292397661 
2907.66081871345 2935.6432748538014 167.46783625730995 195.45029239766083 228.2748538011696 256.2573099415205 
2995.251461988304 3023.5263157894738 112.50292397660819 140.77777777777777 224.9298245614035 253.2046783625731 
3093.280701754386 3122.87134502924 131.60233918128654 161.19298245614036 200.85380116959064 230.44444444444446 
3140.8654970760235 3169.812865497076 120.44444444444444 149.3918128654971 197.093567251462 226.04093567251462 
2817.1988304093566 2845.8538011695905 114.75438596491227 143.4093567251462 222.19883040935673 250.85380116959064 
2535.8304093567253 2563.345029239766 114.89473684210526 142.4093567251462 182.29239766081872 209.80701754385964 
2786.1754385964914 2815.035087719298 123.05847953216374 151.91812865497076 190.8830409356725 219.74269005847952 
3127.3216374269005 3156.2982456140353 121.76608187134502 150.74269005847952 254.5438596491228 283.5204678362573 
2802.783625730994 2830.122807017544 113.16959064327486 140.50877192982455 151.87719298245614 179.21637426900585 
2868.4912280701756 2896.4736842105262 120.34502923976608 148.32748538011697 226.94152046783626 254.92397660818713 
2928.5204678362575 2957.7309941520466 131.29239766081872 160.50292397660817 243.5204678362573 272.7309941520468 
2995.3859649122805 3024.4210526315787 169.5438596491228 198.57894736842104 246.1169590643275 275.15204678362574 
2902.9883040935674 2930.4444444444443 149.18713450292398 176.64327485380116 211.906432748538 239.36257309941521 
2714.2865497076023 2742.561403508772 186.71345029239765 214.98830409356725 209.2280701754386 237.50292397660817 
2833.6374269005846 2861.035087719298 122.30409356725146 149.7017543859649 180.74269005847952 208.140350877193 
2893.0818713450294 2920.8304093567253 156.32748538011697 184.07602339181287 194.92397660818713 222.67251461988303 
2773.4502923976606 2800.3216374269005 125.48538011695906 152.35672514619884 168.80116959064327 195.67251461988303 
3074.66081871345 3104.1345029239765 129.10526315789474 158.57894736842104 283.5204678362573 312.99415204678365 
2909.3333333333335 2937.315789473684 140.80701754385964 168.78947368421052 324.1578947368421 352.140350877193 
2691.6374269005846 2719.7660818713452 120.35087719298245 148.4795321637427 184.41520467836258 212.5438596491228 
3004.3567251461986 3032.777777777778 137.62573099415204 166.046783625731 240.93567251461988 269.3567251461988 
2996.245614035088 3025.309941520468 136.18713450292398 165.2514619883041 228.84795321637426 257.9122807017544 
2918.2690058479534 2946.5146198830407 122.12865497076024 150.37426900584796 177.36257309941521 205.6081871345029 
2828.187134502924 2856.1403508771928 125.12280701754386 153.07602339181287 202.05263157894737 230.00584795321637 
2843.2105263157896 2871.5438596491226 137.4093567251462 165.74269005847952 188.15204678362574 216.48538011695908 
2641.2748538011697 2668.5263157894738 131.42105263157896 158.67251461988303 184.9298245614035 212.1812865497076 
3187.3918128654973 3216.8947368421054 137.87719298245614 167.38011695906434 218.41520467836258 247.91812865497076 
2742.245614035088 2770.1403508771928 182.69005847953215 210.58479532163742 300.98830409356725 328.8830409356725 
2950.5204678362575 2980.4912280701756 115.52046783625731 145.49122807017545 200.140350877193 230.11111111111111 
2876.187134502924 2904.0233918128656 107.64912280701755 135.48538011695908 205.98245614035088 233.8187134502924 
2819.2280701754385 2848.1461988304095 136.42690058479533 165.3450292397661 250.48538011695908 279.4035087719298 
3020.187134502924 3050.0409356725145 164.6783625730994 194.53216374269005 230.859649122807 260.7134502923977 
2801.8830409356724 2829.0175438596493 161.66666666666666 188.80116959064327 226.41520467836258 253.54970760233917 
3181.970760233918 3210.8596491228072 164.97076023391813 193.859649122807 271.12280701754383 300.01169590643275 
3027.4327485380118 3056.3508771929824 139.23391812865498 168.15204678362574 215.06432748538012 243.98245614035088 
2890.2748538011697 2918.6374269005846 114.87134502923976 143.23391812865498 229.60233918128654 257.96491228070175 
2865.0233918128656 2892.8596491228072 110.71929824561404 138.55555555555554 183.23976608187135 211.07602339181287 
2917.2748538011697 2945.4619883040937 127.53216374269006 155.71929824561403 201.6315789473684 229.8187134502924 
2832.3918128654973 2861.719298245614 161.80701754385964 191.1345029239766 238.85380116959064 268.1812865497076 
2800.8654970760235 2829.2865497076023 123.73099415204679 152.15204678362574 237.21052631578948 265.63157894736844 
2852.309941520468 2878.9766081871344 128.76608187134502 155.4327485380117 203.9766081871345 230.64327485380116 
2842.0467836257308 2870.0877192982457 122.23391812865498 150.2748538011696 191.37426900584796 219.41520467836258 
