2446.9797297297296 2476.472972972973 101.95945945945945 131.4527027027027 186.03378378378378 215.52702702702703 
2165.3310810810813 2192.9662162162163 126.52027027027027 154.15540540540542 184.11486486486487 211.75 
2370.9054054054054 2400.162162162162 108.82432432432432 138.0810810810811 154.8918918918919 184.14864864864865 
2181.2297297297296 2208.7635135135133 112.48648648648648 140.02027027027026 147.55405405405406 175.08783783783784 
2406.1013513513512 2435.7297297297296 94.25 123.87837837837837 159.88513513513513 189.51351351351352 
2474.087837837838 2502.2972972972975 100.8108108108108 129.02027027027026 128.81756756756758 157.02702702702703 
2229.0472972972975 2257.1216216216217 107.25 135.32432432432432 200.9391891891892 229.01351351351352 
2264.4324324324325 2291.8310810810813 96.77027027027027 124.16891891891892 144.56756756756758 171.96621621621622 
2422.587837837838 2451.912162162162 99.67567567567568 129.0 176.50675675675674 205.8310810810811 
2198.337837837838 2225.7027027027025 104.64189189189189 132.00675675675674 158.0 185.36486486486487 
2296.4594594594596 2324.2297297297296 121.29054054054055 149.0608108108108 229.5 257.27027027027026 
2112.4797297297296 2141.4324324324325 109.10135135135135 138.05405405405406 141.31756756756758 170.27027027027026 
2265.1824324324325 2294.0337837837837 116.53378378378379 145.38513513513513 184.03378378378378 212.88513513513513 
2368.5337837837837 2397.3175675675675 99.18243243243244 127.96621621621621 182.11486486486487 210.89864864864865 
2357.722972972973 2385.560810810811 93.48648648648648 121.32432432432432 179.61486486486487 207.4527027027027 
2519.891891891892 2548.9797297297296 102.45270270270271 131.54054054054055 144.82432432432432 173.91216216216216 
2099.1283783783783 2128.385135135135 116.4391891891892 145.69594594594594 157.10135135135135 186.3581081081081 
2331.695945945946 2360.310810810811 95.72297297297297 124.33783783783784 214.26351351351352 242.8783783783784 
2376.1283783783783 2405.824324324324 120.28378378378379 149.97972972972974 163.69594594594594 193.3918918918919 
2366.9797297297296 2394.8513513513512 109.98648648648648 137.8581081081081 159.61486486486487 187.48648648648648 
2330.7972972972975 2359.141891891892 110.68243243243244 139.02702702702703 142.77702702702703 171.1216216216216 
2352.5810810810813 2382.175675675676 121.07432432432432 150.6689189189189 173.86486486486487 203.45945945945945 
2144.2702702702704 2171.7364864864867 95.0608108108108 122.52702702702703 179.8108108108108 207.27702702702703 
2309.175675675676 2338.060810810811 95.32432432432432 124.20945945945945 155.3918918918919 184.27702702702703 
2295.3716216216217 2324.6283783783783 115.12837837837837 144.38513513513513 136.79054054054055 166.0472972972973 
2191.2635135135133 2218.7297297297296 104.04054054054055 131.50675675675674 139.97972972972974 167.44594594594594 
2204.439189189189 2232.074324324324 106.8108108108108 134.44594594594594 142.00675675675674 169.6418918918919 
2461.2432432432433 2490.2972972972975 118.12837837837837 147.18243243243242 236.78378378378378 265.8378378378378 
2253.5202702702704 2281.054054054054 100.79729729729729 128.3310810810811 192.6418918918919 220.17567567567568 
2131.9324324324325 2160.2432432432433 97.37162162162163 125.68243243243244 139.83783783783784 168.14864864864865 
2211.324324324324 2240.5810810810813 115.93243243243244 145.1891891891892 197.8108108108108 227.06756756756758 
2466.7567567567567 2494.9324324324325 99.32432432432432 127.5 130.27027027027026 158.44594594594594 
2031.6554054054054 2059.2567567567567 97.72972972972973 125.33108108108108 133.47972972972974 161.0810810810811 
2253.7837837837837 2282.162162162162 91.06756756756756 119.44594594594595 152.77027027027026 181.14864864864865 
2218.0945945945946 2247.824324324324 88.86486486486487 118.5945945945946 155.3918918918919 185.1216216216216 
2253.2702702702704 2280.7702702702704 98.08783783783784 125.58783783783784 205.16216216216216 232.66216216216216 
2217.2702702702704 2245.3783783783783 93.12837837837837 121.23648648648648 161.25675675675674 189.36486486486487 
2630.527027027027 2660.2905405405404 114.78378378378379 144.5472972972973 190.66216216216216 220.42567567567568 
2506.6216216216217 2535.0675675675675 120.35135135135135 148.7972972972973 166.38513513513513 194.8310810810811 
2279.195945945946 2306.2905405405404 103.20945945945945 130.30405405405406 160.20945945945945 187.30405405405406 
2378.175675675676 2407.3986486486488 92.3445945945946 121.56756756756756 125.60810810810811 154.8310810810811 
2392.1689189189187 2420.885135135135 116.16891891891892 144.88513513513513 135.88513513513513 164.60135135135135 
2489.358108108108 2518.3783783783783 121.95945945945945 150.97972972972974 146.25 175.27027027027026 
1876.3108108108108 1902.3243243243244 97.80405405405405 123.81756756756756 129.48648648648648 155.5 
2328.7027027027025 2358.060810810811 104.75675675675676 134.11486486486487 154.5810810810811 183.9391891891892 
2202.8445945945946 2230.412162162162 105.03378378378379 132.60135135135135 146.55405405405406 174.1216216216216 
2074.9189189189187 2103.3310810810813 112.85135135135135 141.26351351351352 171.8108108108108 200.22297297297297 
2293.2162162162163 2321.189189189189 104.73648648648648 132.70945945945945 160.71621621621622 188.6891891891892 
2425.824324324324 2454.7432432432433 111.12162162162163 140.04054054054055 159.2027027027027 188.1216216216216 
2210.358108108108 2239.108108108108 96.5608108108108 125.3108108108108 154.68243243243242 183.43243243243242 
