5100.771428571428 5130.179591836734 352.60816326530613 382.0163265306122 528.9551020408163 558.3632653061225 
4895.567346938776 4923.995918367347 373.32244897959185 401.75102040816324 598.2408163265306 626.6693877551021 
4923.8 4951.820408163266 412.9020408163265 440.9224489795918 552.3918367346939 580.4122448979592 
4808.595918367347 4836.391836734694 466.37142857142857 494.1673469387755 572.7795918367347 600.5755102040816 
4991.436734693878 5020.865306122449 366.6408163265306 396.069387755102 525.0081632653062 554.4367346938775 
4987.444897959183 5016.8938775510205 419.66938775510204 449.1183673469388 536.2 565.6489795918367 
5018.432653061224 5047.636734693878 415.0857142857143 444.28979591836736 554.9428571428572 584.1469387755102 
4949.9795918367345 4978.061224489796 352.81632653061223 380.8979591836735 671.5102040816327 699.5918367346939 
4873.49387755102 4901.636734693878 377.24897959183676 405.39183673469387 556.534693877551 584.6775510204081 
5061.857142857143 5091.6122448979595 360.57142857142856 390.3265306122449 490.0408163265306 519.795918367347 
4868.70612244898 4897.808163265307 358.9510204081633 388.0530612244898 579.1346938775511 608.2367346938776 
5189.1061224489795 5218.1469387755105 441.9632653061224 471.0040816326531 501.4530612244898 530.4938775510204 
5450.122448979592 5479.448979591837 385.44897959183675 414.7755102040816 650.7142857142857 680.0408163265306 
5014.465306122449 5043.424489795919 502.0775510204082 531.0367346938775 687.7510204081633 716.7102040816327 
4812.791836734694 4840.465306122449 394.0571428571429 421.73061224489794 507.34285714285716 535.0163265306122 
5067.465306122449 5096.240816326531 368.0979591836735 396.8734693877551 471.8938775510204 500.66938775510204 
5088.914285714286 5118.240816326531 391.0775510204082 420.40408163265306 741.2204081632653 770.5469387755102 
5008.751020408164 5036.0775510204085 360.8122448979592 388.1387755102041 556.6489795918367 583.9755102040816 
4886.559183673469 4914.844897959184 366.0285714285714 394.3142857142857 588.130612244898 616.4163265306122 
5146.379591836735 5175.277551020408 368.62448979591835 397.52244897959184 600.4 629.2979591836735 
4765.367346938776 4792.775510204082 350.59183673469386 378.0 582.6530612244898 610.0612244897959 
5057.787755102041 5086.828571428571 379.21632653061226 408.25714285714287 543.1551020408164 572.195918367347 
4655.620408163265 4683.436734693878 446.5795918367347 474.39591836734695 630.6204081632653 658.4367346938775 
4952.469387755102 4980.775510204082 475.0612244897959 503.3673469387755 662.9387755102041 691.2448979591836 
4665.665306122449 4692.991836734694 310.7265306122449 338.0530612244898 458.21632653061226 485.54285714285714 
4902.277551020408 4930.624489795919 383.52244897959184 411.869387755102 603.3591836734694 631.7061224489796 
4870.551020408163 4899.530612244898 430.0612244897959 459.0408163265306 607.8775510204082 636.8571428571429 
5285.869387755102 5314.502040816326 363.21632653061226 391.8489795918367 528.4204081632653 557.0530612244899 
5454.448979591837 5483.836734693878 489.42857142857144 518.8163265306123 749.3265306122449 778.7142857142857 
4767.122448979592 4794.448979591837 361.9795918367347 389.3061224489796 480.734693877551 508.0612244897959 
4776.995918367347 4805.097959183673 323.7918367346939 351.8938775510204 511.71020408163264 539.8122448979592 
5087.751020408164 5116.322448979592 374.8938775510204 403.46530612244896 447.68979591836734 476.2612244897959 
4836.2 4865.220408163265 318.75102040816324 347.77142857142854 553.730612244898 582.7510204081633 
5036.379591836735 5064.644897959183 368.54285714285714 396.8081632653061 468.6857142857143 496.9510204081633 
5167.457142857143 5197.395918367347 423.2938775510204 453.2326530612245 633.2734693877551 663.2122448979592 
4993.326530612245 5022.163265306122 467.2040816326531 496.0408163265306 550.530612244898 579.3673469387755 
4820.142857142857 4847.2040816326535 448.42857142857144 475.48979591836735 525.469387755102 552.530612244898 
4963.440816326531 4990.7265306122445 343.21632653061226 370.50204081632654 434.7265306122449 462.0122448979592 
4826.551020408163 4855.040816326531 381.55102040816325 410.0408163265306 495.7551020408163 524.2448979591836 
4801.542857142857 4828.70612244898 272.54285714285714 299.7061224489796 360.3387755102041 387.50204081632654 
5094.542857142857 5124.216326530613 478.134693877551 507.8081632653061 498.4 528.0734693877552 
5003.171428571429 5032.967346938775 395.8857142857143 425.68163265306123 580.6204081632653 610.4163265306122 
4670.70612244898 4698.644897959183 507.930612244898 535.869387755102 576.4408163265306 604.3795918367347 
4615.604081632653 4643.3591836734695 306.9918367346939 334.7469387755102 449.9918367346939 477.7469387755102 
4796.959183673469 4825.265306122449 368.3469387755102 396.6530612244898 607.3469387755102 635.6530612244898 
4914.281632653061 4942.220408163265 394.0163265306122 421.9551020408163 551.4857142857143 579.4244897959184 
4930.448979591837 4958.306122448979 392.3265306122449 420.18367346938777 458.8775510204082 486.734693877551 
4598.702040816326 4626.457142857143 294.41632653061225 322.1714285714286 502.1510204081633 529.9061224489795 
4387.8530612244895 4414.4857142857145 260.5265306122449 287.1591836734694 459.62857142857143 486.2612244897959 
4958.195918367347 4986.910204081632 435.6857142857143 464.4 481.3591836734694 510.0734693877551 
