2781.624277456647 2810.063583815029 122.34682080924856 150.78612716763007 263.73410404624275 292.1734104046243 
2824.5375722543354 2853.2369942196533 146.76300578034682 175.46242774566474 225.60693641618496 254.3063583815029 
2932.42774566474 2961.271676300578 128.66473988439307 157.50867052023122 215.8092485549133 244.65317919075144 
2907.1098265895953 2933.78612716763 108.78034682080924 135.45664739884393 193.67052023121389 220.34682080924856 
2775.1676300578033 2802.393063583815 119.27167630057804 146.4971098265896 201.43930635838151 228.66473988439307 
3191.184971098266 3220.0289017341042 150.8728323699422 179.71676300578034 282.1387283236994 310.98265895953756 
2952.57225433526 2981.5606936416184 162.89017341040463 191.878612716763 250.28901734104045 279.2774566473988 
3060.4046242774566 3089.508670520231 169.1271676300578 198.23121387283237 232.97687861271677 262.08092485549133 
2959.8323699421967 2988.300578034682 127.47976878612717 155.9479768786127 201.2485549132948 229.71676300578034 
3039.9710982658958 3068.4971098265896 143.17341040462426 171.69942196531792 199.59537572254337 228.121387283237 
2728.0115606936415 2756.421965317919 154.58381502890174 182.9942196531792 196.65317919075144 225.0635838150289 
3130.0520231213873 3158.722543352601 127.44508670520231 156.11560693641619 216.43930635838151 245.10982658959537 
2795.28323699422 2822.9710982658958 138.1387283236994 165.82658959537574 180.22543352601156 207.91329479768785 
2999.127167630058 3027.7109826589594 128.0693641618497 156.65317919075144 228.635838150289 257.21965317919074 
3084.485549132948 3111.6820809248557 121.65317919075144 148.84971098265896 177.46242774566474 204.65895953757226 
2813.907514450867 2841.9710982658958 149.71098265895955 177.77456647398844 239.1387283236994 267.2023121387283 
2817.121387283237 2844.635838150289 178.66473988439307 206.17919075144508 233.6242774566474 261.1387283236994 
2979.6531791907514 3008.583815028902 166.88439306358381 195.8150289017341 227.08092485549133 256.0115606936416 
2781.57225433526 2809.2601156069363 114.13872832369943 141.82658959537574 192.8728323699422 220.56069364161849 
3097.0809248554915 3126.676300578035 132.72832369942196 162.32369942196533 220.11560693641619 249.71098265895955 
3066.3872832369943 3094.7398843930637 149.7398843930636 178.09248554913296 248.61271676300578 276.9653179190751 
3179.57225433526 3210.092485549133 152.51445086705203 183.03468208092485 260.9884393063584 291.5086705202312 
3188.9884393063585 3218.150289017341 161.364161849711 190.52601156069363 239.1907514450867 268.35260115606934 
3002.0693641618495 3029.9884393063585 157.53179190751445 185.4508670520231 259.78612716763007 287.70520231213874 
2914.35838150289 2942.335260115607 122.42196531791907 150.39884393063585 169.30057803468208 197.27745664739885 
2719.7630057803467 2748.057803468208 182.5549132947977 210.84971098265896 199.90751445086704 228.20231213872833 
3023.6820809248557 3051.3121387283236 121.04046242774567 148.67052023121389 209.95375722543352 237.58381502890174 
2765.0751445086707 2792.3872832369943 134.35260115606937 161.66473988439307 220.88439306358381 248.19653179190752 
3080.5317919075146 3108.4797687861274 153.31791907514452 181.26589595375722 247.32369942196533 275.271676300578 
3108.9537572254335 3137.7976878612717 126.39306358381504 155.23699421965318 215.63005780346822 244.47398843930637 
2971.583815028902 2999.473988439306 120.84393063583815 148.73410404624278 196.52601156069363 224.41618497109826 
3051.8323699421967 3080.6184971098264 152.0635838150289 180.84971098265896 213.53757225433526 242.32369942196533 
2722.364161849711 2751.063583815029 152.60693641618496 181.3063583815029 193.0635838150289 221.76300578034682 
2908.566473988439 2936.8901734104047 166.46820809248555 194.79190751445086 271.485549132948 299.80924855491327 
3037.341040462428 3065.3468208092486 172.59537572254337 200.60115606936415 244.51445086705203 272.5202312138728 
2328.306358381503 2354.375722543353 147.242774566474 173.3121387283237 219.83815028901734 245.90751445086704 
3103.64161849711 3131.0693641618495 202.3063583815029 229.73410404624278 262.1676300578035 289.59537572254334 
2961.1676300578033 2990.21387283237 123.94219653179191 152.98843930635837 214.95375722543352 244.0 
3030.658959537572 3059.907514450867 133.10982658959537 162.35838150289018 200.22543352601156 229.47398843930637 
2805.71676300578 2832.8554913294797 130.9942196531792 158.13294797687863 185.8612716763006 213.0 
2955.543352601156 2983.549132947977 128.52023121387282 156.52601156069363 195.80346820809248 223.8092485549133 
2858.543352601156 2886.606936416185 139.70520231213874 167.76878612716763 226.66473988439307 254.72832369942196 
2800.8208092485547 2828.1040462427745 119.24277456647398 146.52601156069363 183.21965317919074 210.5028901734104 
2925.658959537572 2953.375722543353 139.78612716763007 167.5028901734104 241.98843930635837 269.70520231213874 
2976.751445086705 3003.7456647398844 149.39884393063585 176.39306358381504 190.9364161849711 217.9306358381503 
2800.341040462428 2828.549132947977 134.10404624277456 162.3121387283237 265.91907514450867 294.1271676300578 
2818.751445086705 2846.2947976878613 113.6820809248555 141.22543352601156 163.46242774566474 191.0057803468208 
2919.2890173410406 2947.872832369942 148.53179190751445 177.11560693641619 204.11560693641619 232.69942196531792 
3144.1965317919075 3172.0867052023123 149.79768786127167 177.6878612716763 201.97109826589596 229.8612716763006 
2959.1676300578033 2987.722543352601 130.13294797687863 158.6878612716763 239.1387283236994 267.6936416184971 
