298.3205128205128 325.56410256410254 69.6923076923077 96.93589743589743 71.96153846153847 99.2051282051282 
424.3333333333333 453.2435897435897 65.96153846153847 94.87179487179488 74.88461538461539 103.7948717948718 
768.4102564102565 798.7307692307693 72.17948717948718 102.5 91.38461538461539 121.7051282051282 
325.7692307692308 353.20512820512823 61.69230769230769 89.12820512820512 58.11538461538461 85.55128205128206 
550.6923076923077 579.3461538461538 62.08974358974359 90.74358974358974 68.6923076923077 97.34615384615384 
367.78205128205127 397.5897435897436 75.16666666666667 104.97435897435898 66.46153846153847 96.26923076923077 
638.9487179487179 668.8846153846154 64.08974358974359 94.02564102564102 93.14102564102564 123.07692307692308 
603.0897435897435 632.9615384615385 73.48717948717949 103.35897435897436 70.05128205128206 99.92307692307692 
341.5897435897436 368.44871794871796 66.85897435897436 93.71794871794872 63.38461538461539 90.24358974358974 
519.3205128205128 547.3974358974359 67.46153846153847 95.53846153846153 73.88461538461539 101.96153846153847 
432.64102564102564 458.7307692307692 73.07692307692308 99.16666666666667 75.62820512820512 101.71794871794872 
291.64102564102564 317.02564102564105 75.8076923076923 101.1923076923077 79.44871794871794 104.83333333333333 
450.34615384615387 479.5769230769231 58.06410256410256 87.2948717948718 77.06410256410257 106.2948717948718 
355.14102564102564 380.0769230769231 67.5 92.43589743589743 65.93589743589743 90.87179487179488 
462.9230769230769 490.93589743589746 71.65384615384616 99.66666666666667 75.42307692307692 103.43589743589743 
520.0128205128206 547.8974358974359 74.65384615384616 102.53846153846153 77.71794871794872 105.6025641025641 
627.7051282051282 656.3589743589744 65.17948717948718 93.83333333333333 78.46153846153847 107.11538461538461 
387.38461538461536 417.1923076923077 67.83333333333333 97.64102564102564 85.32051282051282 115.12820512820512 
464.5769230769231 493.4871794871795 65.41025641025641 94.32051282051282 83.92307692307692 112.83333333333333 
329.12820512820514 357.65384615384613 69.16666666666667 97.6923076923077 68.23076923076923 96.75641025641026 
352.2564102564103 380.71794871794873 72.12820512820512 100.58974358974359 70.23076923076923 98.6923076923077 
267.94871794871796 296.9871794871795 69.66666666666667 98.7051282051282 67.2948717948718 96.33333333333333 
219.4102564102564 245.8846153846154 60.91025641025641 87.38461538461539 63.69230769230769 90.16666666666667 
469.8333333333333 498.1025641025641 64.74358974358974 93.01282051282051 73.8076923076923 102.07692307692308 
465.46153846153845 493.0897435897436 66.84615384615384 94.47435897435898 82.8974358974359 110.52564102564102 
526.025641025641 555.1282051282051 69.23076923076923 98.33333333333333 72.11538461538461 101.21794871794872 
416.0 445.2307692307692 75.98717948717949 105.21794871794872 86.96153846153847 116.1923076923077 
326.47435897435895 353.5897435897436 60.56410256410256 87.67948717948718 52.44871794871795 79.56410256410257 
505.6666666666667 533.4871794871794 68.42307692307692 96.24358974358974 78.05128205128206 105.87179487179488 
647.8846153846154 676.5384615384615 56.43589743589744 85.08974358974359 73.38461538461539 102.03846153846153 
378.6025641025641 408.34615384615387 64.57692307692308 94.32051282051282 78.88461538461539 108.62820512820512 
493.05128205128204 522.9871794871794 78.16666666666667 108.1025641025641 90.11538461538461 120.05128205128206 
574.4487179487179 602.7179487179487 62.41025641025641 90.67948717948718 76.56410256410257 104.83333333333333 
385.88461538461536 412.4230769230769 66.62820512820512 93.16666666666667 76.14102564102564 102.67948717948718 
394.4230769230769 424.6794871794872 59.94871794871795 90.2051282051282 90.26923076923077 120.52564102564102 
370.7435897435897 399.5897435897436 69.5 98.34615384615384 75.94871794871794 104.7948717948718 
463.78205128205127 493.5897435897436 63.07692307692308 92.88461538461539 84.85897435897436 114.66666666666667 
350.6794871794872 379.3974358974359 62.756410256410255 91.47435897435898 70.43589743589743 99.15384615384616 
571.5384615384615 600.8974358974359 69.25641025641026 98.61538461538461 74.35897435897436 103.71794871794872 
527.3974358974359 557.7820512820513 68.52564102564102 98.91025641025641 99.55128205128206 129.93589743589743 
385.4102564102564 413.29487179487177 68.1923076923077 96.07692307692308 77.32051282051282 105.2051282051282 
404.06410256410254 433.29487179487177 64.88461538461539 94.11538461538461 89.37179487179488 118.6025641025641 
558.0512820512821 584.9102564102565 68.76923076923077 95.62820512820512 83.97435897435898 110.83333333333333 
427.62820512820514 454.93589743589746 67.08974358974359 94.3974358974359 101.1025641025641 128.4102564102564 
498.94871794871796 526.7051282051282 68.66666666666667 96.42307692307692 94.2051282051282 121.96153846153847 
445.34615384615387 472.2692307692308 67.7051282051282 94.62820512820512 67.3974358974359 94.32051282051282 
434.6666666666667 463.3205128205128 65.01282051282051 93.66666666666667 66.44871794871794 95.1025641025641 
556.8461538461538 584.8589743589744 65.16666666666667 93.17948717948718 81.58974358974359 109.6025641025641 
356.5 384.5128205128205 63.92307692307692 91.93589743589743 56.48717948717949 84.5 
646.2051282051282 674.6666666666666 65.87179487179488 94.33333333333333 76.37179487179488 104.83333333333333 
