1277.486725663717 1305.9823008849557 85.48672566371681 113.98230088495575 109.30973451327434 137.8053097345133 
1226.8761061946902 1254.4424778761063 83.29203539823008 110.85840707964601 101.96460176991151 129.53097345132744 
1540.0884955752213 1568.8495575221239 93.75221238938053 122.51327433628319 108.82300884955752 137.58407079646017 
1202.424778761062 1229.7699115044247 76.76106194690266 104.10619469026548 112.59292035398231 139.93805309734512 
1547.2212389380531 1576.6902654867256 91.26548672566372 120.73451327433628 139.05309734513276 168.52212389380531 
1470.1681415929204 1500.2566371681417 79.76991150442478 109.85840707964601 118.40707964601769 148.49557522123894 
1431.9115044247787 1461.7787610619469 81.09734513274336 110.96460176991151 109.77876106194691 139.64601769911505 
1345.141592920354 1374.0796460176991 84.54867256637168 113.48672566371681 112.35398230088495 141.2920353982301 
1121.7787610619469 1151.3805309734514 76.66371681415929 106.26548672566372 102.95575221238938 132.55752212389382 
1550.274336283186 1579.212389380531 86.30088495575221 115.23893805309734 125.52212389380531 154.46017699115043 
1111.7345132743362 1139.9646017699115 81.4424778761062 109.67256637168141 98.52212389380531 126.75221238938053 
1082.4513274336284 1108.0265486725664 73.94690265486726 99.52212389380531 106.30973451327434 131.8849557522124 
1438.787610619469 1466.8849557522124 85.2566371681416 113.35398230088495 118.46017699115045 146.55752212389382 
1484.646017699115 1513.8938053097345 83.03539823008849 112.28318584070796 107.32743362831859 136.57522123893804 
1386.2300884955753 1415.4778761061948 83.22123893805309 112.46902654867256 117.24778761061947 146.49557522123894 
1373.929203539823 1402.5575221238937 93.12389380530973 121.75221238938053 115.86725663716814 144.49557522123894 
1504.5575221238937 1533.9823008849557 81.28318584070796 110.70796460176992 118.31858407079646 147.7433628318584 
1194.203539823009 1221.504424778761 74.24778761061947 101.54867256637168 113.52212389380531 140.8230088495575 
1264.7433628318583 1292.2212389380531 81.61061946902655 109.08849557522124 117.07964601769912 144.55752212389382 
1286.274336283186 1314.725663716814 80.60176991150442 109.05309734513274 85.6283185840708 114.07964601769912 
1481.7079646017698 1510.5575221238937 80.10619469026548 108.95575221238938 100.3716814159292 129.2212389380531 
1443.0088495575221 1470.0884955752213 89.99115044247787 117.070796460177 128.1504424778761 155.23008849557522 
1347.8053097345132 1375.2389380530974 88.15044247787611 115.58407079646018 105.01769911504425 132.4513274336283 
1023.6106194690266 1050.3805309734514 76.42477876106194 103.19469026548673 98.59292035398231 125.36283185840708 
1433.646017699115 1461.4778761061948 83.15929203539822 110.99115044247787 121.77876106194691 149.61061946902655 
1489.8407079646017 1519.0 79.24778761061947 108.40707964601769 108.02654867256638 137.18584070796462 
1268.58407079646 1297.0796460176991 83.63716814159292 112.13274336283186 102.90265486725664 131.39823008849558 
1265.58407079646 1293.6371681415928 90.94690265486726 119.0 101.11504424778761 129.16814159292036 
1132.1238938053098 1158.5398230088495 79.75221238938053 106.16814159292035 117.0 143.41592920353983 
1259.654867256637 1287.2212389380531 89.88495575221239 117.45132743362832 124.21238938053098 151.7787610619469 
1422.495575221239 1451.0796460176991 82.929203539823 111.51327433628319 112.1858407079646 140.76991150442478 
1094.6725663716813 1122.9911504424779 88.91150442477876 117.23008849557522 104.71681415929204 133.0353982300885 
1205.9026548672566 1232.7610619469026 89.98230088495575 116.84070796460178 104.61946902654867 131.47787610619469 
1737.9469026548672 1766.929203539823 84.92035398230088 113.90265486725664 128.76991150442478 157.75221238938053 
1338.2212389380531 1366.58407079646 79.46017699115045 107.82300884955752 114.24778761061947 142.61061946902655 
1308.1238938053098 1335.6902654867256 88.99115044247787 116.5575221238938 97.23008849557522 124.79646017699115 
1602.8230088495575 1632.8230088495575 86.19469026548673 116.19469026548673 104.79646017699115 134.79646017699116 
1718.6637168141592 1749.283185840708 78.65486725663717 109.27433628318585 125.69911504424779 156.31858407079645 
1187.1061946902655 1215.8230088495575 82.15929203539822 110.87610619469027 103.20353982300885 131.9203539823009 
1260.4513274336284 1288.858407079646 81.16814159292035 109.57522123893806 104.77876106194691 133.18584070796462 
1439.3982300884957 1469.0 87.52212389380531 117.12389380530973 135.4867256637168 165.08849557522123 
1335.7433628318583 1364.7699115044247 83.47787610619469 112.50442477876106 114.92035398230088 143.94690265486724 
1461.495575221239 1490.345132743363 82.72566371681415 111.57522123893806 140.30088495575222 169.1504424778761 
1151.0619469026549 1178.141592920354 88.19469026548673 115.27433628318585 103.33628318584071 130.41592920353983 
1391.7787610619469 1420.3185840707965 99.23008849557522 127.76991150442478 126.05309734513274 154.5929203539823 
1266.0796460176991 1293.2920353982302 95.89380530973452 123.10619469026548 111.27433628318585 138.4867256637168 
1354.58407079646 1383.345132743363 79.50442477876106 108.26548672566372 94.61946902654867 123.38053097345133 
1301.5663716814158 1329.2212389380531 75.99115044247787 103.64601769911505 99.94690265486726 127.60176991150442 
1203.6725663716813 1231.9026548672566 93.12389380530973 121.35398230088495 109.56637168141593 137.79646017699116 
1282.212389380531 1310.353982300885 79.53982300884955 107.68141592920354 112.39823008849558 140.53982300884957 
