3029.11797752809 3057.0112359550562 156.63483146067415 184.52808988764045 230.12921348314606 258.02247191011236 
3352.612359550562 3382.5561797752807 143.75280898876406 173.69662921348313 334.1292134831461 364.0730337078652 
3144.3595505617977 3172.5898876404494 163.08988764044943 191.32022471910113 238.62921348314606 266.85955056179773 
3050.758426966292 3080.196629213483 167.47191011235955 196.91011235955057 240.14044943820224 269.57865168539325 
3225.7303370786517 3254.4101123595506 139.64044943820224 168.32022471910113 187.97752808988764 216.6573033707865 
3273.4101123595506 3302.370786516854 141.37640449438203 170.3370786516854 315.8820224719101 344.8426966292135 
3036.3988764044943 3064.7134831460676 151.56179775280899 179.87640449438203 184.7134831460674 213.02808988764045 
2825.376404494382 2854.870786516854 118.06179775280899 147.5561797752809 208.01685393258427 237.51123595505618 
3107.612359550562 3135.8426966292136 149.52808988764045 177.75842696629215 208.96067415730337 237.19101123595505 
3232.1348314606744 3260.0561797752807 212.87640449438203 240.79775280898878 321.6292134831461 349.55056179775283 
2988.005617977528 3016.994382022472 178.3370786516854 207.32584269662922 268.3426966292135 297.3314606741573 
2935.1516853932585 2962.876404494382 130.45505617977528 158.17977528089887 208.46629213483146 236.19101123595505 
3009.078651685393 3036.2134831460676 168.19101123595505 195.32584269662922 229.24719101123594 256.3820224719101 
3001.0280898876404 3028.7808988764045 142.92134831460675 170.67415730337078 247.82584269662922 275.57865168539325 
3030.6516853932585 3059.8651685393256 152.45505617977528 181.6685393258427 220.76404494382024 249.97752808988764 
3185.370786516854 3212.674157303371 156.0 183.30337078651687 264.97752808988764 292.2808988764045 
3060.6404494382023 3090.275280898876 144.98314606741573 174.61797752808988 243.0 272.63483146067415 
3286.0842696629215 3315.747191011236 210.91573033707866 240.57865168539325 239.75842696629215 269.42134831460675 
2942.629213483146 2971.3651685393256 134.77528089887642 163.51123595505618 213.24719101123594 241.98314606741573 
3307.808988764045 3337.1067415730336 125.14606741573034 154.4438202247191 236.34831460674158 265.64606741573033 
3257.2696629213483 3284.9101123595506 164.2808988764045 191.92134831460675 203.2808988764045 230.92134831460675 
3179.808988764045 3207.3651685393256 130.74157303370785 158.29775280898878 151.26966292134833 178.82584269662922 
2737.1516853932585 2765.38202247191 150.92696629213484 179.1573033707865 256.814606741573 285.0449438202247 
3084.061797752809 3112.7696629213483 190.4438202247191 219.15168539325842 240.97191011235955 269.67977528089887 
2996.3651685393256 3024.6516853932585 202.02247191011236 230.30898876404495 285.2977528089888 313.5842696629214 
3141.6348314606744 3170.0337078651687 140.45505617977528 168.85393258426967 180.45505617977528 208.85393258426967 
3146.938202247191 3174.9438202247193 140.88202247191012 168.8876404494382 192.27528089887642 220.2808988764045 
2957.449438202247 2985.5393258426966 146.0561797752809 174.14606741573033 193.96629213483146 222.0561797752809 
3084.870786516854 3113.4662921348313 169.30898876404495 197.90449438202248 169.18539325842696 197.7808988764045 
3191.044943820225 3219.808988764045 142.02808988764045 170.7921348314607 261.7752808988764 290.53932584269666 
3215.7303370786517 3243.9606741573034 139.9438202247191 168.17415730337078 208.59550561797752 236.82584269662922 
3047.629213483146 3075.4101123595506 128.90449438202248 156.68539325842696 247.01123595505618 274.79213483146066 
3085.3370786516853 3114.016853932584 145.18539325842696 173.86516853932585 223.82022471910113 252.5 
3277.9662921348313 3307.0393258426966 163.14044943820224 192.2134831460674 199.65168539325842 228.72471910112358 
3272.247191011236 3301.376404494382 155.27528089887642 184.40449438202248 268.70786516853934 297.8370786516854 
3319.3426966292136 3347.629213483146 125.19101123595506 153.47752808988764 216.47752808988764 244.76404494382024 
3194.629213483146 3222.775280898876 133.53370786516854 161.67977528089887 229.40449438202248 257.55056179775283 
3212.0730337078653 3240.612359550562 168.3876404494382 196.92696629213484 210.1067415730337 238.64606741573033 
2980.438202247191 3007.4044943820227 135.41573033707866 162.38202247191012 208.64044943820224 235.6067415730337 
3408.438202247191 3438.8314606741574 187.87640449438203 218.26966292134833 233.6067415730337 264.0 
3286.241573033708 3314.3314606741574 169.7865168539326 197.87640449438203 241.57865168539325 269.6685393258427 
3249.044943820225 3278.2022471910113 139.09550561797752 168.25280898876406 236.62921348314606 265.7865168539326 
3033.2359550561796 3060.2865168539324 147.93258426966293 174.98314606741573 319.02247191011236 346.0730337078652 
3316.370786516854 3344.9101123595506 243.15168539325842 271.69101123595505 252.2134831460674 280.75280898876406 
3007.88202247191 3035.8595505617977 150.03932584269663 178.01685393258427 274.2303370786517 302.20786516853934 
3047.0842696629215 3075.5393258426966 129.20224719101122 157.6573033707865 253.15168539325842 281.60674157303373 
3089.2865168539324 3117.6853932584268 137.2191011235955 165.61797752808988 213.5561797752809 241.95505617977528 
2964.7865168539324 2993.129213483146 195.17415730337078 223.51685393258427 350.85393258426967 379.19662921348316 
2768.432584269663 2795.7640449438204 150.77528089887642 178.1067415730337 262.0280898876405 289.35955056179773 
3172.6629213483147 3200.949438202247 195.4943820224719 223.7808988764045 212.6067415730337 240.8932584269663 
