3869.0476190476193 3896.5476190476193 218.88095238095238 246.38095238095238 323.3333333333333 350.8333333333333 
3922.1809523809525 3949.942857142857 246.65714285714284 274.4190476190476 378.03809523809525 405.8 
3997.6428571428573 4025.5 256.9047619047619 284.76190476190476 323.0238095238095 350.8809523809524 
4189.490476190476 4218.871428571429 326.56190476190477 355.9428571428571 469.252380952381 498.6333333333333 
3890.5285714285715 3918.1714285714284 275.26666666666665 302.9095238095238 436.7190476190476 464.3619047619048 
4168.533333333334 4197.152380952381 235.3904761904762 264.0095238095238 397.96190476190475 426.5809523809524 
4001.690476190476 4029.7619047619046 251.3095238095238 279.3809523809524 285.5952380952381 313.6666666666667 
3999.5857142857144 4028.609523809524 262.84761904761905 291.87142857142857 438.34761904761905 467.37142857142857 
4094.961904761905 4123.4857142857145 242.0095238095238 270.53333333333336 322.9142857142857 351.43809523809523 
4075.766666666667 4104.528571428571 246.45714285714286 275.2190476190476 491.05238095238093 519.8142857142857 
3975.6809523809525 4003.847619047619 228.96666666666667 257.1333333333333 374.7761904761905 402.9428571428571 
4087.252380952381 4115.347619047619 347.87142857142857 375.96666666666664 376.87142857142857 404.96666666666664 
4123.242857142857 4151.385714285714 277.93333333333334 306.0761904761905 449.7190476190476 477.8619047619048 
3852.4142857142856 3879.366666666667 188.55714285714285 215.5095238095238 377.46190476190475 404.4142857142857 
4117.9857142857145 4146.7 374.7952380952381 403.5095238095238 426.98571428571427 455.7 
3785.8809523809523 3813.214285714286 252.16666666666666 279.5 358.64285714285717 385.9761904761905 
4059.9142857142856 4088.5809523809526 280.247619047619 308.9142857142857 416.53333333333336 445.2 
3979.3333333333335 4006.7619047619046 322.5 349.92857142857144 471.1904761904762 498.6190476190476 
3774.8952380952383 3803.0142857142855 255.0857142857143 283.2047619047619 404.32380952380953 432.4428571428571 
3969.2190476190476 3998.6238095238095 236.7904761904762 266.1952380952381 271.74285714285713 301.14761904761906 
4084.9285714285716 4113.785714285715 256.1904761904762 285.04761904761904 498.64285714285717 527.5 
3998.852380952381 4027.9 207.68571428571428 236.73333333333332 334.9 363.94761904761907 
4018.595238095238 4046.6190476190477 357.3333333333333 385.35714285714283 465.5 493.5238095238095 
4170.028571428571 4199.433333333333 227.38571428571427 256.79047619047617 381.74285714285713 411.14761904761906 
4237.747619047619 4266.438095238095 350.12857142857143 378.81904761904764 379.17619047619047 407.8666666666667 
3872.6619047619047 3901.7809523809524 279.4 308.5190476190476 455.2809523809524 484.4 
3620.004761904762 3647.1 193.71904761904761 220.81428571428572 284.14761904761906 311.24285714285713 
3968.5333333333333 3996.5095238095237 234.53333333333333 262.5095238095238 385.77142857142854 413.747619047619 
4080.3380952380953 4108.528571428571 220.36190476190475 248.55238095238096 278.4809523809524 306.6714285714286 
3799.8380952380953 3827.1238095238095 211.57619047619048 238.86190476190475 320.8857142857143 348.1714285714286 
4297.809523809524 4326.071428571428 257.45238095238096 285.7142857142857 416.57142857142856 444.8333333333333 
4005.0809523809526 4033.057142857143 297.46190476190475 325.43809523809523 429.84285714285716 457.81904761904764 
3627.8380952380953 3655.9095238095238 367.76666666666665 395.83809523809526 354.4095238095238 382.4809523809524 
3879.5 3907.5714285714284 229.73809523809524 257.8095238095238 310.6904761904762 338.76190476190476 
3744.6809523809525 3772.4666666666667 236.34761904761905 264.1333333333333 331.9190476190476 359.7047619047619 
3653.8142857142857 3681.504761904762 325.9095238095238 353.6 403.6714285714286 431.3619047619048 
4085.714285714286 4113.5952380952385 212.45238095238096 240.33333333333334 378.7142857142857 406.5952380952381 
3604.366666666667 3632.1047619047617 256.48571428571427 284.2238095238095 311.17619047619047 338.9142857142857 
3819.9857142857145 3847.1047619047617 202.05238095238096 229.17142857142858 278.12857142857143 305.247619047619 
4078.6047619047617 4107.366666666667 261.7238095238095 290.48571428571427 403.2238095238095 431.98571428571427 
4027.866666666667 4055.7 231.9857142857143 259.81904761904764 360.5809523809524 388.4142857142857 
4459.428571428572 4489.833333333333 310.6666666666667 341.07142857142856 349.57142857142856 379.9761904761905 
4077.4761904761904 4105.738095238095 210.76190476190476 239.02380952380952 356.14285714285717 384.4047619047619 
4155.947619047619 4185.090476190476 267.37619047619046 296.5190476190476 427.23333333333335 456.37619047619046 
3831.647619047619 3860.1714285714284 248.61904761904762 277.14285714285717 521.7904761904762 550.3142857142857 
3877.5333333333333 3905.842857142857 263.65238095238095 291.96190476190475 391.1047619047619 419.4142857142857 
4088.657142857143 4117.347619047619 279.5857142857143 308.2761904761905 410.9428571428571 439.6333333333333 
3740.1285714285714 3766.866666666667 206.77142857142857 233.5095238095238 385.03333333333336 411.77142857142854 
3899.147619047619 3926.8142857142857 275.76666666666665 303.43333333333334 398.43333333333334 426.1 
4004.652380952381 4033.7 213.34285714285716 242.3904761904762 319.93809523809523 348.98571428571427 
