4856.502024291498 4885.226720647774 440.90283400809716 469.6275303643725 594.417004048583 623.1417004048583 
5267.951417004048 5296.817813765182 383.4574898785425 412.3238866396761 648.7004048582996 677.5668016194332 
4892.4089068825915 4920.242914979757 352.68825910931173 380.52226720647775 493.36032388663966 521.1943319838057 
4643.935222672065 4671.789473684211 342.6275303643725 370.4817813765182 447.8421052631579 475.69635627530363 
5014.238866396761 5042.821862348178 328.10526315789474 356.68825910931173 508.7125506072874 537.2955465587045 
5294.028340080971 5322.51012145749 485.3886639676113 513.8704453441295 640.8502024291498 669.331983805668 
5028.080971659919 5056.6234817813765 395.7449392712551 424.2874493927126 553.4453441295547 581.9878542510121 
5037.578947368421 5066.465587044534 445.3562753036437 474.2429149797571 521.080971659919 549.9676113360324 
4995.963562753036 5023.838056680162 504.5506072874494 532.4251012145749 510.47773279352225 538.3522267206478 
4932.161943319838 4960.6234817813765 312.21457489878543 340.6761133603239 570.4008097165992 598.8623481781376 
5041.967611336032 5070.206477732793 397.4251012145749 425.66396761133603 595.0242914979757 623.2631578947369 
4675.9797570850205 4704.3400809716595 337.10526315789474 365.4655870445344 502.47773279352225 530.8380566801619 
5263.6599190283405 5293.072874493927 382.61538461538464 412.02834008097165 575.8259109311741 605.2388663967612 
4911.246963562753 4938.777327935222 319.748987854251 347.2793522267207 567.7854251012146 595.3157894736842 
4784.182186234818 4812.825910931174 394.3562753036437 423.0 644.8097165991903 673.4534412955466 
5401.631578947368 5430.882591093117 435.5991902834008 464.8502024291498 727.6032388663967 756.8542510121457 
5201.647773279352 5230.777327935222 461.09716599190284 490.2267206477733 699.6842105263158 728.8137651821862 
4854.728744939272 4882.178137651822 343.12955465587044 370.57894736842104 553.4129554655871 580.8623481781376 
4981.412955465587 5010.259109311741 446.3400809716599 475.1862348178138 574.7530364372469 603.5991902834008 
4635.214574898785 4663.372469635628 418.7570850202429 446.914979757085 581.914979757085 610.0728744939271 
5071.368421052632 5098.6963562753035 488.69635627530363 516.0242914979757 695.8016194331984 723.1295546558705 
5129.417004048583 5157.858299595142 381.61538461538464 410.05668016194335 630.2874493927126 658.7287449392712 
5067.315789473684 5096.101214574899 403.68825910931173 432.4736842105263 636.6072874493927 665.3927125506073 
4961.854251012146 4989.364372469636 465.8502024291498 493.36032388663966 575.9230769230769 603.4331983805668 
4634.311740890688 4661.781376518219 273.61538461538464 301.085020242915 378.05668016194335 405.5263157894737 
5134.902834008097 5163.627530364372 455.56275303643724 484.2874493927126 614.3967611336033 643.1214574898786 
5128.655870445344 5156.8744939271255 423.7773279352227 451.99595141700405 455.15384615384613 483.3724696356275 
4911.085020242915 4938.95951417004 302.0242914979757 329.8987854251012 506.20647773279353 534.080971659919 
4917.712550607287 4945.748987854251 311.88663967611336 339.9230769230769 473.6842105263158 501.7206477732793 
4958.886639676113 4987.44939271255 484.68016194331983 513.2429149797571 552.3481781376519 580.9109311740891 
5035.672064777328 5063.182186234818 359.19838056680163 386.7085020242915 494.8421052631579 522.3522267206478 
4675.82995951417 4702.935222672065 448.63967611336034 475.7449392712551 594.3522267206478 621.4574898785426 
5060.603238866397 5088.700404858299 371.69635627530363 399.79352226720647 560.0971659919028 588.1943319838057 
5196.878542510121 5225.987854251012 457.33603238866397 486.44534412955466 674.2672064777328 703.3765182186235 
5087.728744939272 5116.12955465587 501.165991902834 529.5668016194332 798.8016194331984 827.2024291497976 
4784.85020242915 4812.785425101215 542.5951417004048 570.5303643724696 711.4291497975709 739.3643724696357 
4907.242914979757 4935.522267206477 439.72469635627533 468.00404858299595 562.080971659919 590.3603238866397 
4840.753036437247 4868.506072874494 359.0242914979757 386.7773279352227 555.4696356275304 583.2226720647774 
5010.6234817813765 5039.712550607287 403.53846153846155 432.6275303643725 598.417004048583 627.506072874494 
5225.631578947368 5255.327935222672 600.4291497975709 630.1255060728745 859.8623481781376 889.5587044534414 
5182.093117408906 5210.655870445344 429.35222672064776 457.914979757085 569.5222672064777 598.085020242915 
4892.923076923077 4920.271255060728 366.2024291497976 393.5506072874494 601.6882591093117 629.0364372469636 
4743.546558704454 4770.773279352226 398.91902834008096 426.14574898785423 520.3684210526316 547.5951417004048 
4966.9109311740895 4995.109311740891 442.7004048582996 470.8987854251012 674.582995951417 702.7813765182186 
4469.9473684210525 4497.032388663968 380.9676113360324 408.05263157894734 589.1578947368421 616.2429149797571 
4791.485829959514 4818.48987854251 268.246963562753 295.251012145749 566.4858299595141 593.4898785425102 
4937.991902834008 4965.684210526316 416.9230769230769 444.61538461538464 505.502024291498 533.1943319838057 
5165.412955465587 5193.854251012146 426.2631578947368 454.7044534412955 654.0971659919028 682.5384615384615 
5092.364372469636 5120.744939271255 568.6801619433198 597.0607287449393 661.4129554655871 689.7935222672065 
4743.80971659919 4770.894736842105 464.07287449392715 491.1578947368421 620.0242914979757 647.1093117408907 
