1160.509090909091 1187.5545454545454 94.41818181818182 121.46363636363637 117.32727272727273 144.37272727272727 
897.0363636363636 922.9909090909091 77.35454545454546 103.30909090909091 92.2 118.15454545454546 
1156.9636363636364 1185.2363636363636 91.23636363636363 119.50909090909092 110.61818181818182 138.8909090909091 
1189.8 1217.8909090909092 79.8 107.89090909090909 94.68181818181819 122.77272727272727 
1343.8545454545454 1373.1272727272728 81.85454545454546 111.12727272727273 100.78181818181818 130.05454545454546 
1314.918181818182 1344.7363636363636 77.6 107.41818181818182 124.55454545454545 154.37272727272727 
1240.4363636363637 1269.8909090909092 84.61818181818182 114.07272727272728 105.73636363636363 135.1909090909091 
1083.6272727272728 1110.9 79.17272727272727 106.44545454545455 99.04545454545455 126.31818181818181 
1170.5727272727272 1196.3909090909092 77.57272727272728 103.39090909090909 106.95454545454545 132.77272727272728 
1388.7636363636364 1416.2181818181818 76.03636363636363 103.49090909090908 129.70909090909092 157.16363636363636 
1231.0454545454545 1260.090909090909 77.54545454545455 106.5909090909091 102.44545454545455 131.4909090909091 
1342.9 1372.4454545454546 76.30909090909091 105.85454545454546 90.66363636363636 120.2090909090909 
970.7545454545455 997.8454545454546 74.89090909090909 101.98181818181818 96.7909090909091 123.88181818181818 
1196.4 1223.5363636363636 73.4 100.53636363636363 105.4 132.53636363636363 
1061.3454545454545 1089.6181818181817 79.86363636363636 108.13636363636364 108.04545454545455 136.3181818181818 
1197.5 1226.4545454545455 74.4090909090909 103.36363636363636 113.2 142.15454545454546 
1283.009090909091 1310.6454545454546 75.32727272727273 102.96363636363637 113.06363636363636 140.7 
1119.1818181818182 1147.2272727272727 65.37272727272727 93.41818181818182 102.84545454545454 130.8909090909091 
1558.8909090909092 1588.6181818181817 98.02727272727273 127.75454545454545 129.86363636363637 159.5909090909091 
1209.0545454545454 1237.5545454545454 86.00909090909092 114.50909090909092 105.7090909090909 134.20909090909092 
1275.4 1304.1272727272728 73.4 102.12727272727273 114.8 143.52727272727273 
1316.3545454545454 1344.9 69.53636363636363 98.08181818181818 118.17272727272727 146.71818181818182 
1419.8181818181818 1449.1818181818182 79.54545454545455 108.9090909090909 109.65454545454546 139.01818181818183 
1350.5727272727272 1379.5727272727272 103.39090909090909 132.3909090909091 109.9090909090909 138.9090909090909 
1360.3636363636363 1389.6818181818182 84.27272727272727 113.5909090909091 117.67272727272727 146.9909090909091 
989.1272727272727 1016.4909090909091 76.35454545454546 103.71818181818182 107.92727272727272 135.29090909090908 
1234.7 1262.2454545454545 75.65454545454546 103.2 109.2909090909091 136.83636363636364 
1325.3545454545454 1354.1272727272728 77.58181818181818 106.35454545454546 136.3090909090909 165.0818181818182 
1155.4 1183.4454545454546 79.17272727272727 107.21818181818182 95.9 123.94545454545455 
1063.0727272727272 1092.1181818181817 77.2090909090909 106.25454545454545 100.76363636363637 129.8090909090909 
1343.409090909091 1371.7727272727273 71.68181818181819 100.04545454545455 104.77272727272727 133.13636363636363 
1300.6454545454546 1329.4636363636364 74.82727272727273 103.64545454545454 103.55454545454545 132.37272727272727 
1469.5727272727272 1499.7545454545455 73.82727272727273 104.00909090909092 102.73636363636363 132.9181818181818 
1177.8 1205.8 74.57272727272728 102.57272727272728 99.07272727272728 127.07272727272728 
1244.5181818181818 1272.0636363636363 82.83636363636364 110.38181818181818 102.75454545454545 130.3 
1239.9 1270.9454545454546 73.94545454545455 104.99090909090908 106.68181818181819 137.72727272727272 
1233.4363636363637 1261.709090909091 80.98181818181818 109.25454545454545 105.32727272727273 133.6 
1148.1363636363637 1177.409090909091 87.95454545454545 117.22727272727273 140.43636363636364 169.70909090909092 
1304.9727272727273 1334.8363636363636 76.01818181818182 105.88181818181818 99.41818181818182 129.28181818181818 
1243.1181818181817 1271.3454545454545 85.34545454545454 113.57272727272728 106.18181818181819 134.4090909090909 
1267.0181818181818 1294.9272727272728 85.83636363636364 113.74545454545455 112.87272727272727 140.78181818181818 
1020.2454545454545 1047.4272727272728 75.45454545454545 102.63636363636364 134.38181818181818 161.56363636363636 
1499.0454545454545 1525.7272727272727 82.77272727272727 109.45454545454545 112.2 138.88181818181818 
1458.1909090909091 1485.5545454545454 82.13636363636364 109.5 105.1 132.46363636363637 
1324.9545454545455 1354.590909090909 88.22727272727273 117.86363636363636 120.12727272727273 149.76363636363635 
1402.409090909091 1432.1818181818182 81.2090909090909 110.98181818181818 118.4090909090909 148.1818181818182 
1445.0181818181818 1474.4272727272728 90.82727272727273 120.23636363636363 119.18181818181819 148.5909090909091 
1195.8090909090909 1222.6272727272728 83.12727272727273 109.94545454545455 97.2090909090909 124.02727272727273 
1353.1090909090908 1380.9272727272728 76.99090909090908 104.80909090909091 93.04545454545455 120.86363636363636 
1261.3727272727272 1288.8272727272727 67.41818181818182 94.87272727272727 119.28181818181818 146.73636363636365 
