33.833333333333336 58.0 51.666666666666664 75.83333333333333 28.833333333333332 53.0 
23.77777777777778 54.611111111111114 52.166666666666664 83.0 17.666666666666668 48.5 
31.166666666666668 56.72222222222222 47.388888888888886 72.94444444444444 22.11111111111111 47.666666666666664 
30.333333333333332 58.111111111111114 47.77777777777778 75.55555555555556 25.333333333333332 53.111111111111114 
33.0 65.22222222222223 46.22222222222222 78.44444444444444 28.555555555555557 60.77777777777778 
36.888888888888886 63.0 64.38888888888889 90.5 32.44444444444444 58.55555555555556 
29.11111111111111 53.0 44.44444444444444 68.33333333333333 23.555555555555557 47.44444444444444 
36.333333333333336 61.888888888888886 49.05555555555556 74.61111111111111 26.61111111111111 52.166666666666664 
37.72222222222222 69.38888888888889 49.888888888888886 81.55555555555556 33.27777777777778 64.94444444444444 
58.666666666666664 87.0 46.72222222222222 75.05555555555556 37.666666666666664 66.0 
32.111111111111114 63.77777777777778 45.44444444444444 77.11111111111111 27.666666666666668 59.333333333333336 
32.22222222222222 61.388888888888886 54.666666666666664 83.83333333333333 27.22222222222222 56.388888888888886 
47.77777777777778 76.94444444444444 32.111111111111114 61.27777777777778 33.888888888888886 63.05555555555556 
37.388888888888886 65.16666666666667 52.111111111111114 79.88888888888889 30.166666666666668 57.94444444444444 
33.05555555555556 65.55555555555556 45.833333333333336 78.33333333333333 28.055555555555557 60.55555555555556 
34.44444444444444 58.333333333333336 53.55555555555556 77.44444444444444 23.833333333333332 47.72222222222222 
36.333333333333336 66.33333333333333 50.22222222222222 80.22222222222223 31.61111111111111 61.611111111111114 
33.5 61.55555555555556 54.55555555555556 82.61111111111111 27.944444444444443 56.0 
39.72222222222222 68.33333333333333 44.388888888888886 73.0 35.833333333333336 64.44444444444444 
37.22222222222222 62.22222222222222 43.333333333333336 68.33333333333333 32.22222222222222 57.22222222222222 
28.444444444444443 54.833333333333336 47.666666666666664 74.05555555555556 19.555555555555557 45.94444444444444 
43.44444444444444 72.33333333333333 61.888888888888886 90.77777777777777 35.44444444444444 64.33333333333333 
29.38888888888889 55.77777777777778 49.94444444444444 76.33333333333333 23.833333333333332 50.22222222222222 
33.94444444444444 63.94444444444444 44.5 74.5 28.944444444444443 58.94444444444444 
23.88888888888889 51.111111111111114 47.388888888888886 74.61111111111111 18.333333333333332 45.55555555555556 
39.0 74.55555555555556 44.72222222222222 80.27777777777777 34.55555555555556 70.11111111111111 
30.11111111111111 62.05555555555556 48.5 80.44444444444444 19.0 50.94444444444444 
30.333333333333332 56.166666666666664 49.55555555555556 75.38888888888889 25.88888888888889 51.72222222222222 
37.55555555555556 64.22222222222223 59.888888888888886 86.55555555555556 29.77777777777778 56.44444444444444 
30.166666666666668 58.22222222222222 33.94444444444444 62.0 23.5 51.55555555555556 
42.388888888888886 72.94444444444444 54.388888888888886 84.94444444444444 32.388888888888886 62.94444444444444 
63.77777777777778 92.38888888888889 54.333333333333336 82.94444444444444 37.111111111111114 65.72222222222223 
36.666666666666664 64.72222222222223 42.611111111111114 70.66666666666667 32.77777777777778 60.833333333333336 
29.61111111111111 51.55555555555556 34.111111111111114 56.05555555555556 22.944444444444443 44.888888888888886 
39.72222222222222 64.72222222222223 45.27777777777778 70.27777777777777 32.5 57.5 
28.88888888888889 56.111111111111114 48.388888888888886 75.61111111111111 23.88888888888889 51.111111111111114 
35.388888888888886 65.38888888888889 48.666666666666664 78.66666666666667 29.833333333333332 59.833333333333336 
36.05555555555556 67.72222222222223 47.5 79.16666666666667 31.055555555555557 62.72222222222222 
38.888888888888886 64.44444444444444 44.388888888888886 69.94444444444444 31.666666666666668 57.22222222222222 
31.833333333333332 58.5 44.77777777777778 71.44444444444444 25.72222222222222 52.388888888888886 
47.05555555555556 81.22222222222223 53.111111111111114 87.27777777777777 39.44444444444444 73.61111111111111 
35.111111111111114 66.22222222222223 55.5 86.61111111111111 29.555555555555557 60.666666666666664 
45.72222222222222 77.11111111111111 45.22222222222222 76.61111111111111 35.27777777777778 66.66666666666667 
34.111111111111114 60.5 49.611111111111114 76.0 28.555555555555557 54.94444444444444 
35.833333333333336 65.0 46.5 75.66666666666667 29.72222222222222 58.888888888888886 
33.94444444444444 64.5 48.72222222222222 79.27777777777777 28.944444444444443 59.5 
28.833333333333332 57.44444444444444 47.5 76.11111111111111 23.833333333333332 52.44444444444444 
31.944444444444443 60.0 37.72222222222222 65.77777777777777 26.944444444444443 55.0 
33.333333333333336 62.5 55.55555555555556 84.72222222222223 28.333333333333332 57.5 
30.555555555555557 55.833333333333336 47.55555555555556 72.83333333333333 25.555555555555557 50.833333333333336 
