2586.490322580645 2614.7806451612905 152.6516129032258 180.94193548387096 194.15483870967742 222.44516129032257 
2515.6838709677418 2544.941935483871 130.03225806451613 159.29032258064515 171.2 200.45806451612904 
2434.0709677419354 2461.6193548387096 104.78064516129032 132.32903225806453 166.4774193548387 194.0258064516129 
2684.748387096774 2715.425806451613 102.52258064516128 133.2 175.55483870967743 206.23225806451612 
2356.3483870967743 2384.283870967742 111.15483870967742 139.09032258064516 197.92903225806452 225.86451612903227 
2275.148387096774 2303.341935483871 107.47096774193548 135.66451612903225 157.63225806451612 185.8258064516129 
2244.2193548387095 2272.767741935484 123.8 152.3483870967742 216.63870967741934 245.18709677419355 
2493.5032258064516 2521.4709677419355 106.40645161290323 134.3741935483871 190.5032258064516 218.47096774193548 
2555.1032258064515 2583.941935483871 138.51612903225808 167.3548387096774 187.6516129032258 216.49032258064517 
2417.4129032258065 2447.1548387096773 107.05806451612904 136.8 202.60645161290321 232.3483870967742 
2790.303225806452 2819.335483870968 107.20645161290322 136.23870967741937 179.6258064516129 208.65806451612903 
2667.5290322580645 2696.0451612903225 104.1741935483871 132.69032258064516 201.75483870967741 230.2709677419355 
2365.032258064516 2393.2258064516127 110.48387096774194 138.67741935483872 155.51612903225808 183.70967741935485 
2532.032258064516 2559.6451612903224 122.93548387096774 150.5483870967742 177.67741935483872 205.29032258064515 
2506.283870967742 2534.574193548387 123.31612903225806 151.60645161290321 195.3483870967742 223.63870967741934 
2300.174193548387 2327.9483870967742 85.9483870967742 113.72258064516129 145.94838709677418 173.7225806451613 
2261.4774193548387 2288.9290322580646 96.89677419354838 124.34838709677419 156.15483870967742 183.60645161290321 
2565.1870967741934 2592.7354838709675 116.83225806451613 144.38064516129032 163.0258064516129 190.5741935483871 
2690.2 2720.232258064516 116.71612903225807 146.7483870967742 233.56129032258065 263.59354838709675 
2394.2580645161293 2422.3548387096776 135.1290322580645 163.2258064516129 143.7741935483871 171.8709677419355 
2536.374193548387 2563.374193548387 143.47096774193548 170.47096774193548 163.30967741935484 190.30967741935484 
2794.1935483870966 2823.935483870968 127.03225806451613 156.7741935483871 253.90322580645162 283.64516129032256 
2273.490322580645 2302.2645161290325 113.49032258064516 142.26451612903224 175.84516129032258 204.61935483870968 
2480.303225806452 2508.174193548387 116.49677419354839 144.36774193548388 161.4967741935484 189.36774193548388 
2460.825806451613 2489.2451612903224 123.27741935483871 151.69677419354838 175.05161290322582 203.47096774193548 
2416.6451612903224 2444.2258064516127 111.3225806451613 138.90322580645162 210.80645161290323 238.38709677419354 
2510.6129032258063 2537.3548387096776 130.48387096774192 157.2258064516129 154.19354838709677 180.93548387096774 
2477.5290322580645 2505.722580645161 133.61290322580646 161.80645161290323 200.46451612903226 228.65806451612903 
2510.025806451613 2538.7032258064514 119.89677419354838 148.5741935483871 170.18709677419355 198.86451612903227 
2616.6 2644.761290322581 101.47096774193548 129.63225806451612 207.21290322580646 235.3741935483871 
2273.8129032258066 2302.1354838709676 98.58709677419355 126.90967741935484 160.3548387096774 188.67741935483872 
2561.9870967741936 2590.6 131.18064516129033 159.79354838709676 175.43870967741935 204.05161290322582 
2646.341935483871 2675.0193548387097 105.0516129032258 133.7290322580645 171.40645161290323 200.08387096774194 
2349.541935483871 2377.1870967741934 127.38709677419355 155.03225806451613 163.76774193548388 191.41290322580645 
2313.81935483871 2342.7548387096776 117.88387096774194 146.81935483870967 169.78709677419354 198.7225806451613 
2625.1612903225805 2654.483870967742 108.38709677419355 137.70967741935485 148.6516129032258 177.9741935483871 
2375.9612903225807 2402.8 106.60645161290323 133.44516129032257 197.3483870967742 224.18709677419355 
2115.0967741935483 2142.7741935483873 104.80645161290323 132.48387096774192 146.73548387096776 174.41290322580645 
2602.574193548387 2631.1548387096773 113.60645161290323 142.18709677419355 169.18709677419355 197.76774193548388 
2577.8387096774195 2606.1612903225805 109.74193548387096 138.06451612903226 271.4193548387097 299.741935483871 
2420.6838709677418 2448.3612903225808 126.49032258064516 154.16774193548386 162.6451612903226 190.32258064516128 
2493.277419354839 2522.0193548387097 124.89032258064516 153.63225806451612 190.47096774193548 219.21290322580646 
2409.4193548387098 2435.9032258064517 108.35483870967742 134.83870967741936 185.25806451612902 211.74193548387098 
2557.1354838709676 2586.5225806451613 111.55483870967743 140.94193548387096 183.55483870967743 212.94193548387096 
2596.877419354839 2624.2967741935486 104.36129032258064 131.78064516129032 163.29677419354837 190.71612903225807 
2461.3548387096776 2489.8064516129034 124.58064516129032 153.03225806451613 220.93548387096774 249.38709677419354 
2445.0516129032258 2475.277419354839 114.66451612903226 144.89032258064515 213.7290322580645 243.95483870967743 
2540.1290322580644 2568.3548387096776 105.83870967741936 134.06451612903226 172.3548387096774 200.58064516129033 
2393.2451612903224 2421.5354838709677 113.01935483870967 141.30967741935484 173.6 201.89032258064515 
2425.277419354839 2452.7290322580643 118.2258064516129 145.67741935483872 188.79354838709676 216.24516129032259 
