35.55555555555556 66.66666666666667 43.111111111111114 74.22222222222223 30.555555555555557 61.666666666666664 
27.11111111111111 56.0 28.11111111111111 57.0 22.11111111111111 51.0 
30.444444444444443 60.44444444444444 41.55555555555556 71.55555555555556 25.444444444444443 55.44444444444444 
21.444444444444443 53.666666666666664 51.888888888888886 84.11111111111111 16.444444444444443 48.666666666666664 
35.111111111111114 64.0 40.111111111111114 69.0 27.88888888888889 56.77777777777778 
38.333333333333336 64.44444444444444 62.0 88.11111111111111 23.333333333333332 49.44444444444444 
23.444444444444443 51.77777777777778 33.55555555555556 61.888888888888886 18.444444444444443 46.77777777777778 
27.555555555555557 54.77777777777778 51.55555555555556 78.77777777777777 22.555555555555557 49.77777777777778 
25.555555555555557 56.111111111111114 65.88888888888889 96.44444444444444 20.555555555555557 51.111111111111114 
23.555555555555557 51.888888888888886 45.333333333333336 73.66666666666667 18.555555555555557 46.888888888888886 
33.44444444444444 65.66666666666667 38.22222222222222 70.44444444444444 22.88888888888889 55.111111111111114 
29.444444444444443 49.44444444444444 54.55555555555556 74.55555555555556 24.444444444444443 44.44444444444444 
26.11111111111111 55.0 39.888888888888886 68.77777777777777 21.11111111111111 50.0 
26.666666666666668 54.44444444444444 40.666666666666664 68.44444444444444 21.666666666666668 49.44444444444444 
31.666666666666668 64.44444444444444 49.77777777777778 82.55555555555556 26.666666666666668 59.44444444444444 
42.44444444444444 74.66666666666667 49.55555555555556 81.77777777777777 37.44444444444444 69.66666666666667 
28.88888888888889 56.111111111111114 58.44444444444444 85.66666666666667 23.88888888888889 51.111111111111114 
22.22222222222222 48.888888888888886 44.77777777777778 71.44444444444444 17.22222222222222 43.888888888888886 
25.0 52.22222222222222 41.22222222222222 68.44444444444444 20.0 47.22222222222222 
24.333333333333332 46.55555555555556 38.55555555555556 60.77777777777778 18.22222222222222 40.44444444444444 
25.555555555555557 50.55555555555556 53.333333333333336 78.33333333333333 20.555555555555557 45.55555555555556 
30.444444444444443 55.44444444444444 54.666666666666664 79.66666666666667 25.444444444444443 50.44444444444444 
31.666666666666668 61.666666666666664 47.333333333333336 77.33333333333333 26.666666666666668 56.666666666666664 
25.0 57.22222222222222 57.44444444444444 89.66666666666667 20.0 52.22222222222222 
33.0 62.44444444444444 46.888888888888886 76.33333333333333 28.0 57.44444444444444 
24.333333333333332 54.333333333333336 43.111111111111114 73.11111111111111 20.444444444444443 50.44444444444444 
23.333333333333332 43.333333333333336 46.55555555555556 66.55555555555556 18.333333333333332 38.333333333333336 
30.0 52.77777777777778 52.77777777777778 75.55555555555556 25.0 47.77777777777778 
23.88888888888889 50.55555555555556 29.666666666666668 56.333333333333336 17.77777777777778 44.44444444444444 
29.666666666666668 50.22222222222222 59.888888888888886 80.44444444444444 24.666666666666668 45.22222222222222 
28.22222222222222 58.22222222222222 49.55555555555556 79.55555555555556 23.22222222222222 53.22222222222222 
26.77777777777778 47.888888888888886 43.111111111111114 64.22222222222223 21.77777777777778 42.888888888888886 
32.22222222222222 59.44444444444444 45.22222222222222 72.44444444444444 27.22222222222222 54.44444444444444 
27.77777777777778 52.77777777777778 44.333333333333336 69.33333333333333 22.77777777777778 47.77777777777778 
26.22222222222222 49.55555555555556 50.111111111111114 73.44444444444444 20.11111111111111 43.44444444444444 
28.0 58.55555555555556 46.0 76.55555555555556 23.0 53.55555555555556 
25.0 50.0 56.44444444444444 81.44444444444444 20.0 45.0 
40.333333333333336 65.33333333333333 37.666666666666664 62.666666666666664 35.333333333333336 60.333333333333336 
33.888888888888886 62.22222222222222 53.22222222222222 81.55555555555556 28.88888888888889 57.22222222222222 
24.444444444444443 48.333333333333336 61.55555555555556 85.44444444444444 19.444444444444443 43.333333333333336 
28.444444444444443 53.44444444444444 52.111111111111114 77.11111111111111 24.555555555555557 49.55555555555556 
28.666666666666668 50.888888888888886 64.33333333333333 86.55555555555556 23.666666666666668 45.888888888888886 
26.11111111111111 55.55555555555556 35.77777777777778 65.22222222222223 21.11111111111111 50.55555555555556 
27.666666666666668 49.333333333333336 52.333333333333336 74.0 22.666666666666668 44.333333333333336 
21.666666666666668 48.888888888888886 63.0 90.22222222222223 16.666666666666668 43.888888888888886 
38.55555555555556 69.11111111111111 59.333333333333336 89.88888888888889 31.333333333333332 61.888888888888886 
30.444444444444443 57.111111111111114 49.77777777777778 76.44444444444444 25.444444444444443 52.111111111111114 
46.77777777777778 77.88888888888889 50.0 81.11111111111111 36.22222222222222 67.33333333333333 
24.444444444444443 48.333333333333336 57.77777777777778 81.66666666666667 19.444444444444443 43.333333333333336 
28.22222222222222 53.77777777777778 35.333333333333336 60.888888888888886 23.22222222222222 48.77777777777778 
