2505.4733333333334 2533.8733333333334 127.24 155.64 184.78 213.18 
2373.14 2401.5733333333333 120.40666666666667 148.84 170.20666666666668 198.64 
2186.4466666666667 2213.98 97.71333333333334 125.24666666666667 147.20666666666668 174.74 
2650.16 2678.86 120.92666666666666 149.62666666666667 193.82666666666665 222.52666666666667 
2371.1066666666666 2398.306666666667 113.07333333333334 140.27333333333334 228.50666666666666 255.70666666666668 
2361.0 2389.8333333333335 88.33333333333333 117.16666666666667 160.73333333333332 189.56666666666666 
2326.846666666667 2354.38 100.58 128.11333333333334 121.51333333333334 149.04666666666665 
2096.0933333333332 2123.693333333333 94.82666666666667 122.42666666666666 177.42666666666668 205.02666666666667 
2132.2466666666664 2159.4133333333334 88.18 115.34666666666666 138.24666666666667 165.41333333333333 
2372.0533333333333 2402.0866666666666 110.52 140.55333333333334 167.25333333333333 197.28666666666666 
2272.96 2300.16 94.86 122.06 159.78 186.98 
2471.3333333333335 2498.9 115.06666666666666 142.63333333333333 226.73333333333332 254.3 
2383.12 2412.12 130.9 159.9 167.84 196.84 
2447.766666666667 2476.2 117.22666666666667 145.66 164.23333333333332 192.66666666666666 
2165.36 2193.66 101.76 130.06 164.36 192.66 
2457.713333333333 2486.78 102.31333333333333 131.38 147.24666666666667 176.31333333333333 
2409.0866666666666 2439.153333333333 105.52 135.58666666666667 163.02 193.08666666666667 
2390.4333333333334 2418.1 102.96666666666667 130.63333333333333 180.3 207.96666666666667 
2546.5266666666666 2575.693333333333 94.72666666666667 123.89333333333333 144.92666666666668 174.09333333333333 
2568.6666666666665 2598.2 110.13333333333334 139.66666666666666 176.46666666666667 206.0 
2440.28 2468.28 105.41333333333333 133.41333333333333 166.24 194.24 
2110.633333333333 2137.8 118.1 145.26666666666668 205.76666666666668 232.93333333333334 
2626.02 2655.4866666666667 119.62 149.08666666666667 151.02 180.48666666666668 
2479.56 2508.36 107.09333333333333 135.89333333333335 163.46 192.26 
2501.346666666667 2529.0466666666666 105.64666666666666 133.34666666666666 189.74666666666667 217.44666666666666 
2387.0666666666666 2416.633333333333 103.83333333333333 133.4 155.8 185.36666666666667 
2443.26 2472.0933333333332 114.76 143.59333333333333 166.06 194.89333333333335 
2361.0533333333333 2388.82 92.18666666666667 119.95333333333333 157.98666666666668 185.75333333333333 
2169.5666666666666 2197.3 113.43333333333334 141.16666666666666 143.9 171.63333333333333 
2395.7733333333335 2424.8733333333334 88.15333333333334 117.25333333333333 129.37333333333333 158.47333333333333 
2468.9533333333334 2498.4866666666667 128.00666666666666 157.54 153.82 183.35333333333332 
2387.826666666667 2416.66 110.89333333333333 139.72666666666666 163.02666666666667 191.86 
2179.1 2206.2 111.56666666666666 138.66666666666666 155.23333333333332 182.33333333333334 
2436.84 2465.0066666666667 114.47333333333333 142.64 161.97333333333333 190.14 
2298.5733333333333 2326.24 93.47333333333333 121.14 159.97333333333333 187.64 
2246.806666666667 2274.9733333333334 96.67333333333333 124.84 180.87333333333333 209.04 
2354.74 2382.9066666666668 116.07333333333334 144.24 144.3 172.46666666666667 
2354.54 2382.3733333333334 121.70666666666666 149.54 166.07333333333332 193.90666666666667 
2373.46 2400.4933333333333 96.36 123.39333333333333 133.31333333333333 160.34666666666666 
2477.3133333333335 2505.08 99.01333333333334 126.78 144.51333333333332 172.28 
2453.4933333333333 2481.4266666666667 113.92666666666666 141.86 172.8 200.73333333333332 
2266.2066666666665 2295.04 102.84 131.67333333333335 144.14 172.97333333333333 
2412.2933333333335 2440.826666666667 117.12666666666667 145.66 151.62666666666667 180.16 
2376.0933333333332 2405.5266666666666 105.18666666666667 134.62 162.02666666666667 191.46 
2161.6266666666666 2189.76 104.02666666666667 132.16 160.29333333333332 188.42666666666668 
2395.8 2424.1666666666665 105.33333333333333 133.7 129.2 157.56666666666666 
2362.2933333333335 2390.66 117.46 145.82666666666665 208.16 236.52666666666667 
2292.213333333333 2319.5466666666666 109.98 137.31333333333333 170.21333333333334 197.54666666666665 
2395.4266666666667 2424.0933333333332 91.59333333333333 120.26 188.62666666666667 217.29333333333332 
2190.0533333333333 2218.7533333333336 113.68666666666667 142.38666666666666 160.65333333333334 189.35333333333332 
