15.0 65.0 18.0 68.0 10.0 60.0 
30.0 55.0 4.0 29.0 25.0 50.0 
45.0 65.0 77.0 97.0 40.0 60.0 
10.0 50.0 43.0 83.0 5.0 45.0 
40.0 60.0 68.0 88.0 35.0 55.0 
25.0 50.0 76.0 101.0 20.0 45.0 
25.0 45.0 31.0 51.0 20.0 40.0 
25.0 45.0 41.0 61.0 20.0 40.0 
55.0 70.0 65.0 80.0 50.0 65.0 
35.0 55.0 42.0 62.0 30.0 50.0 
40.0 65.0 49.0 74.0 35.0 60.0 
35.0 70.0 37.0 72.0 30.0 65.0 
50.0 80.0 51.0 81.0 45.0 75.0 
25.0 50.0 37.0 62.0 20.0 45.0 
35.0 65.0 17.0 47.0 30.0 60.0 
20.0 35.0 27.0 42.0 15.0 30.0 
35.0 60.0 35.0 60.0 30.0 55.0 
35.0 60.0 44.0 69.0 30.0 55.0 
25.0 40.0 16.0 31.0 20.0 35.0 
40.0 60.0 14.0 34.0 35.0 55.0 
35.0 70.0 73.0 108.0 30.0 65.0 
55.0 100.0 63.0 108.0 50.0 95.0 
30.0 60.0 17.0 47.0 25.0 55.0 
35.0 50.0 84.0 99.0 30.0 45.0 
10.0 60.0 40.0 90.0 5.0 55.0 
55.0 70.0 89.0 104.0 50.0 65.0 
10.0 40.0 79.0 109.0 5.0 35.0 
15.0 35.0 61.0 81.0 10.0 30.0 
55.0 95.0 73.0 113.0 50.0 90.0 
55.0 70.0 88.0 103.0 50.0 65.0 
50.0 65.0 72.0 87.0 45.0 60.0 
40.0 65.0 13.0 38.0 35.0 60.0 
25.0 60.0 41.0 76.0 20.0 55.0 
25.0 40.0 81.0 96.0 20.0 35.0 
25.0 40.0 24.0 39.0 20.0 35.0 
55.0 105.0 49.0 99.0 50.0 100.0 
50.0 70.0 21.0 41.0 45.0 65.0 
20.0 35.0 82.0 97.0 15.0 30.0 
20.0 35.0 72.0 87.0 15.0 30.0 
30.0 65.0 89.0 124.0 25.0 60.0 
20.0 45.0 63.0 88.0 15.0 40.0 
20.0 55.0 6.0 41.0 15.0 50.0 
40.0 65.0 79.0 104.0 35.0 60.0 
30.0 45.0 44.0 59.0 25.0 40.0 
25.0 65.0 73.0 113.0 20.0 60.0 
25.0 50.0 51.0 76.0 20.0 45.0 
50.0 90.0 69.0 109.0 45.0 85.0 
10.0 25.0 75.0 90.0 5.0 20.0 
20.0 50.0 60.0 90.0 15.0 45.0 
30.0 45.0 18.0 33.0 25.0 40.0 
