48.75 73.75 49.30555555555556 74.30555555555556 31.75 56.75 
61.5 90.11111111111111 50.75 79.36111111111111 40.69444444444444 69.30555555555556 
49.916666666666664 76.58333333333333 56.138888888888886 82.80555555555556 36.861111111111114 63.52777777777778 
47.611111111111114 73.44444444444444 47.111111111111114 72.94444444444444 34.0 59.833333333333336 
36.19444444444444 63.27777777777778 47.47222222222222 74.55555555555556 28.02777777777778 55.111111111111114 
51.388888888888886 77.77777777777777 56.27777777777778 82.66666666666667 42.22222222222222 68.61111111111111 
52.916666666666664 83.47222222222223 50.94444444444444 81.5 42.833333333333336 73.38888888888889 
103.30555555555556 131.36111111111111 53.916666666666664 81.97222222222223 68.30555555555556 96.36111111111111 
59.52777777777778 89.38888888888889 54.02777777777778 83.88888888888889 42.30555555555556 72.16666666666667 
76.94444444444444 103.47222222222223 51.55555555555556 78.08333333333333 46.22222222222222 72.75 
43.05555555555556 71.25 51.361111111111114 79.55555555555556 36.388888888888886 64.58333333333333 
38.75 66.52777777777777 46.27777777777778 74.05555555555556 32.916666666666664 60.69444444444444 
57.97222222222222 92.0 49.80555555555556 83.83333333333333 43.638888888888886 77.66666666666667 
63.77777777777778 90.30555555555556 52.361111111111114 78.88888888888889 43.916666666666664 70.44444444444444 
50.666666666666664 78.86111111111111 55.77777777777778 83.97222222222223 37.75 65.94444444444444 
53.333333333333336 83.75 49.69444444444444 80.11111111111111 34.583333333333336 65.0 
77.41666666666667 109.91666666666667 61.416666666666664 93.91666666666667 35.69444444444444 68.19444444444444 
69.33333333333333 96.97222222222223 40.583333333333336 68.22222222222223 37.80555555555556 65.44444444444444 
101.63888888888889 133.16666666666666 67.27777777777777 98.80555555555556 45.94444444444444 77.47222222222223 
65.27777777777777 92.91666666666667 50.416666666666664 78.05555555555556 43.611111111111114 71.25 
108.0 136.19444444444446 57.611111111111114 85.80555555555556 50.55555555555556 78.75 
43.638888888888886 68.77777777777777 47.666666666666664 72.80555555555556 36.44444444444444 61.583333333333336 
66.13888888888889 96.41666666666667 57.083333333333336 87.36111111111111 42.111111111111114 72.38888888888889 
47.72222222222222 76.88888888888889 48.55555555555556 77.72222222222223 42.0 71.16666666666667 
45.55555555555556 70.55555555555556 55.111111111111114 80.11111111111111 35.77777777777778 60.77777777777778 
65.19444444444444 92.69444444444444 52.333333333333336 79.83333333333333 48.25 75.75 
56.77777777777778 85.11111111111111 54.94444444444444 83.27777777777777 47.47222222222222 75.80555555555556 
52.19444444444444 76.5 62.27777777777778 86.58333333333333 31.055555555555557 55.361111111111114 
38.638888888888886 64.88888888888889 46.52777777777778 72.77777777777777 32.52777777777778 58.77777777777778 
49.138888888888886 76.63888888888889 47.94444444444444 75.44444444444444 35.666666666666664 63.166666666666664 
64.16666666666667 90.97222222222223 57.22222222222222 84.02777777777777 43.75 70.55555555555556 
99.11111111111111 125.63888888888889 54.77777777777778 81.30555555555556 50.583333333333336 77.11111111111111 
60.0 91.66666666666667 53.166666666666664 84.83333333333333 47.22222222222222 78.88888888888889 
58.833333333333336 86.88888888888889 53.72222222222222 81.77777777777777 40.166666666666664 68.22222222222223 
64.25 92.72222222222223 52.611111111111114 81.08333333333333 41.02777777777778 69.5 
38.94444444444444 67.27777777777777 41.388888888888886 69.72222222222223 33.94444444444444 62.27777777777778 
36.97222222222222 66.27777777777777 50.5 79.80555555555556 25.72222222222222 55.02777777777778 
51.97222222222222 76.41666666666667 47.861111111111114 72.30555555555556 34.05555555555556 58.5 
54.05555555555556 83.77777777777777 62.47222222222222 92.19444444444444 34.361111111111114 64.08333333333333 
79.22222222222223 112.0 55.583333333333336 88.36111111111111 51.80555555555556 84.58333333333333 
97.44444444444444 126.47222222222223 56.361111111111114 85.38888888888889 42.5 71.52777777777777 
38.94444444444444 65.05555555555556 48.638888888888886 74.75 34.5 60.611111111111114 
52.666666666666664 81.55555555555556 45.30555555555556 74.19444444444444 35.75 64.63888888888889 
44.888888888888886 70.02777777777777 56.77777777777778 81.91666666666667 37.166666666666664 62.30555555555556 
56.5 80.94444444444444 62.30555555555556 86.75 40.111111111111114 64.55555555555556 
35.638888888888886 62.583333333333336 51.666666666666664 78.61111111111111 29.805555555555557 56.75 
54.888888888888886 81.0 52.861111111111114 78.97222222222223 37.888888888888886 64.0 
75.0 102.36111111111111 51.361111111111114 78.72222222222223 42.666666666666664 70.02777777777777 
48.19444444444444 79.02777777777777 54.138888888888886 84.97222222222223 37.083333333333336 67.91666666666667 
49.55555555555556 76.91666666666667 56.97222222222222 84.33333333333333 40.666666666666664 68.02777777777777 
