3036.0054347826085 3064.538043478261 155.56521739130434 184.09782608695653 253.6141304347826 282.1467391304348 
3291.5 3318.782608695652 159.34782608695653 186.6304347826087 229.32608695652175 256.60869565217394 
3273.1684782608695 3302.1902173913045 179.5054347826087 208.52717391304347 305.2880434782609 334.3097826086956 
2936.836956521739 2963.4945652173915 158.31521739130434 184.97282608695653 205.09782608695653 231.7554347826087 
3090.179347826087 3117.842391304348 190.52173913043478 218.18478260869566 299.9076086956522 327.57065217391306 
3128.038043478261 3155.2391304347825 184.59782608695653 211.79891304347825 264.23369565217394 291.4347826086956 
2796.1358695652175 2823.6358695652175 135.41304347826087 162.91304347826087 263.58152173913044 291.08152173913044 
3410.092391304348 3438.679347826087 218.1195652173913 246.70652173913044 229.60326086956522 258.1902173913044 
3149.961956521739 3178.2771739130435 149.05978260869566 177.375 246.2663043478261 274.58152173913044 
3053.1847826086955 3081.8260869565215 215.0163043478261 243.6576086956522 267.08152173913044 295.7228260869565 
3246.2065217391305 3274.711956521739 224.29347826086956 252.79891304347825 361.5869565217391 390.0923913043478 
3268.5271739130435 3296.217391304348 198.41847826086956 226.1086956521739 314.5597826086956 342.25 
3205.6141304347825 3232.978260869565 127.05434782608695 154.41847826086956 199.03804347826087 226.40217391304347 
3454.0978260869565 3482.657608695652 203.3641304347826 231.92391304347825 256.05434782608694 284.6141304347826 
3195.9510869565215 3224.8097826086955 130.69021739130434 159.54891304347825 238.07065217391303 266.92934782608694 
3175.1521739130435 3202.461956521739 177.52173913043478 204.83152173913044 229.5 256.8097826086956 
3075.554347826087 3103.353260869565 157.94565217391303 185.7445652173913 280.55434782608694 308.3532608695652 
3222.7771739130435 3250.5489130434785 167.45652173913044 195.22826086956522 270.98369565217394 298.7554347826087 
3330.7554347826085 3358.0652173913045 141.42391304347825 168.7336956521739 230.8641304347826 258.17391304347825 
3355.7391304347825 3385.304347826087 158.06521739130434 187.6304347826087 269.32608695652175 298.89130434782606 
3430.4945652173915 3459.3804347826085 183.77717391304347 212.66304347826087 305.7119565217391 334.5978260869565 
3344.103260869565 3371.195652173913 204.33695652173913 231.42934782608697 294.5380434782609 321.6304347826087 
3460.646739130435 3488.961956521739 139.85326086956522 168.16847826086956 247.54891304347825 275.8641304347826 
2959.342391304348 2986.3804347826085 130.55978260869566 157.59782608695653 277.0054347826087 304.04347826086956 
3139.766304347826 3168.1358695652175 149.33695652173913 177.70652173913044 262.04891304347825 290.41847826086956 
3069.0 3097.3152173913045 148.15217391304347 176.4673913043478 246.93478260869566 275.25 
3339.896739130435 3368.9184782608695 192.8586956521739 221.8804347826087 292.83152173913044 321.8532608695652 
3224.896739130435 3252.2065217391305 171.70108695652175 199.0108695652174 324.67934782608694 351.9891304347826 
3263.6141304347825 3292.5815217391305 148.85326086956522 177.82065217391303 230.19021739130434 259.1576086956522 
3396.146739130435 3424.6521739130435 136.75 165.2554347826087 248.91847826086956 277.42391304347825 
3216.461956521739 3245.375 175.54891304347825 204.46195652173913 283.7445652173913 312.6576086956522 
3142.4402173913045 3168.907608695652 145.64673913043478 172.1141304347826 241.67934782608697 268.1467391304348 
3512.5489130434785 3542.195652173913 166.75 196.39673913043478 270.7554347826087 300.4021739130435 
3126.228260869565 3155.1684782608695 180.95652173913044 209.89673913043478 270.19565217391306 299.1358695652174 
3260.788043478261 3289.0489130434785 173.79347826086956 202.05434782608697 189.5923913043478 217.85326086956522 
3212.9891304347825 3239.891304347826 111.4945652173913 138.39673913043478 220.1086956521739 247.0108695652174 
3502.603260869565 3531.461956521739 145.7336956521739 174.5923913043478 225.375 254.2336956521739 
3261.3858695652175 3290.054347826087 128.97282608695653 157.6413043478261 228.55978260869566 257.2282608695652 
3356.625 3385.5108695652175 171.3913043478261 200.27717391304347 215.32065217391303 244.20652173913044 
3553.146739130435 3581.516304347826 196.7336956521739 225.10326086956522 303.2554347826087 331.625 
3120.282608695652 3147.836956521739 126.91304347826087 154.4673913043478 199.84782608695653 227.40217391304347 
3299.2228260869565 3326.804347826087 192.2445652173913 219.82608695652175 239.16847826086956 266.75 
3218.3152173913045 3246.7934782608695 147.82608695652175 176.30434782608697 291.0326086956522 319.5108695652174 
3196.3804347826085 3224.2065217391305 156.9673913043478 184.79347826086956 284.9130434782609 312.7391304347826 
3181.032608695652 3209.3478260869565 136.7608695652174 165.07608695652175 240.97826086956522 269.29347826086956 
3187.8152173913045 3216.320652173913 168.58695652173913 197.0923913043478 225.5326086956522 254.03804347826087 
3173.7934782608695 3201.646739130435 187.80978260869566 215.66304347826087 242.97826086956522 270.83152173913044 
3329.342391304348 3358.8260869565215 139.91304347826087 169.39673913043478 301.51630434782606 331.0 
3476.836956521739 3506.157608695652 151.3695652173913 180.69021739130434 255.20652173913044 284.5271739130435 
3142.5054347826085 3170.657608695652 177.3695652173913 205.52173913043478 247.39673913043478 275.54891304347825 
