34.45454545454545 62.63636363636363 49.18181818181818 77.36363636363636 18.454545454545453 46.63636363636363 
36.54545454545455 58.36363636363637 49.81818181818182 71.63636363636364 31.545454545454547 53.36363636363637 
32.45454545454545 65.18181818181819 56.90909090909091 89.63636363636364 27.454545454545453 60.18181818181818 
29.727272727272727 57.45454545454545 50.45454545454545 78.18181818181819 25.636363636363637 53.36363636363637 
35.45454545454545 60.45454545454545 54.54545454545455 79.54545454545455 30.454545454545453 55.45454545454545 
32.45454545454545 59.27272727272727 44.81818181818182 71.63636363636364 28.363636363636363 55.18181818181818 
43.36363636363637 71.54545454545455 55.90909090909091 84.0909090909091 30.181818181818183 58.36363636363637 
34.54545454545455 64.0909090909091 59.90909090909091 89.45454545454545 30.454545454545453 60.0 
56.09090909090909 84.27272727272727 54.72727272727273 82.9090909090909 44.72727272727273 72.9090909090909 
25.636363636363637 49.72727272727273 57.81818181818182 81.9090909090909 20.636363636363637 44.72727272727273 
30.181818181818183 61.54545454545455 38.72727272727273 70.0909090909091 26.09090909090909 57.45454545454545 
43.45454545454545 68.0 69.36363636363636 93.9090909090909 38.45454545454545 63.0 
23.181818181818183 49.09090909090909 55.18181818181818 81.0909090909091 18.181818181818183 44.09090909090909 
22.0 44.27272727272727 57.27272727272727 79.54545454545455 17.0 39.27272727272727 
34.27272727272727 59.72727272727273 54.45454545454545 79.9090909090909 29.272727272727273 54.72727272727273 
33.72727272727273 62.36363636363637 48.09090909090909 76.72727272727273 28.727272727272727 57.36363636363637 
41.45454545454545 62.81818181818182 52.72727272727273 74.0909090909091 31.0 52.36363636363637 
30.272727272727273 59.81818181818182 38.54545454545455 68.0909090909091 25.272727272727273 54.81818181818182 
38.90909090909091 68.9090909090909 61.54545454545455 91.54545454545455 32.09090909090909 62.09090909090909 
33.63636363636363 57.72727272727273 44.36363636363637 68.45454545454545 25.90909090909091 50.0 
43.54545454545455 79.0 62.0 97.45454545454545 39.45454545454545 74.9090909090909 
26.363636363636363 54.09090909090909 30.727272727272727 58.45454545454545 21.363636363636363 49.09090909090909 
23.272727272727273 50.54545454545455 44.09090909090909 71.36363636363636 18.272727272727273 45.54545454545455 
31.363636363636363 60.90909090909091 40.72727272727273 70.27272727272727 26.363636363636363 55.90909090909091 
30.454545454545453 62.72727272727273 50.54545454545455 82.81818181818181 25.454545454545453 57.72727272727273 
35.09090909090909 61.90909090909091 41.09090909090909 67.9090909090909 22.818181818181817 49.63636363636363 
31.363636363636363 55.45454545454545 44.81818181818182 68.9090909090909 27.272727272727273 51.36363636363637 
40.36363636363637 70.36363636363636 35.81818181818182 65.81818181818181 29.90909090909091 59.90909090909091 
26.454545454545453 59.18181818181818 57.18181818181818 89.9090909090909 22.363636363636363 55.09090909090909 
35.63636363636363 63.36363636363637 42.27272727272727 70.0 26.09090909090909 53.81818181818182 
46.18181818181818 76.63636363636364 42.81818181818182 73.27272727272727 28.454545454545453 58.90909090909091 
32.45454545454545 57.90909090909091 46.27272727272727 71.72727272727273 27.454545454545453 52.90909090909091 
49.63636363636363 77.81818181818181 38.72727272727273 66.9090909090909 39.18181818181818 67.36363636363636 
28.181818181818183 51.81818181818182 33.54545454545455 57.18181818181818 23.181818181818183 46.81818181818182 
30.454545454545453 57.72727272727273 31.272727272727273 58.54545454545455 25.454545454545453 52.72727272727273 
22.727272727272727 45.45454545454545 43.90909090909091 66.63636363636364 17.727272727272727 40.45454545454545 
32.09090909090909 63.90909090909091 44.45454545454545 76.27272727272727 27.09090909090909 58.90909090909091 
25.818181818181817 55.36363636363637 55.18181818181818 84.72727272727273 20.818181818181817 50.36363636363637 
38.54545454545455 70.81818181818181 54.09090909090909 86.36363636363636 32.63636363636363 64.9090909090909 
30.727272727272727 61.63636363636363 51.72727272727273 82.63636363636364 25.727272727272727 56.63636363636363 
26.818181818181817 56.81818181818182 44.63636363636363 74.63636363636364 21.818181818181817 51.81818181818182 
42.45454545454545 72.9090909090909 52.54545454545455 83.0 36.54545454545455 67.0 
23.90909090909091 55.27272727272727 51.09090909090909 82.45454545454545 18.90909090909091 50.27272727272727 
36.90909090909091 68.27272727272727 54.63636363636363 86.0 31.90909090909091 63.27272727272727 
28.181818181818183 59.09090909090909 53.81818181818182 84.72727272727273 23.181818181818183 54.09090909090909 
27.363636363636363 60.09090909090909 56.27272727272727 89.0 22.363636363636363 55.09090909090909 
32.90909090909091 58.81818181818182 49.90909090909091 75.81818181818181 27.90909090909091 53.81818181818182 
30.0 54.09090909090909 36.0 60.09090909090909 25.0 49.09090909090909 
27.545454545454547 53.90909090909091 56.54545454545455 82.9090909090909 22.545454545454547 48.90909090909091 
40.63636363636363 67.9090909090909 40.18181818181818 67.45454545454545 29.272727272727273 56.54545454545455 
