5029.489959839358 5058.024096385542 440.7429718875502 469.27710843373495 827.1807228915662 855.714859437751 
4970.273092369478 4997.903614457831 348.46586345381525 376.09638554216866 573.8674698795181 601.4979919678715 
4899.4658634538155 4927.839357429719 315.281124497992 343.6546184738956 475.4698795180723 503.8433734939759 
5289.220883534136 5318.25702811245 380.5983935742972 409.63453815261045 515.5060240963855 544.5421686746988 
4750.008032128514 4777.457831325301 358.28915662650604 385.73895582329317 411.83534136546183 439.285140562249 
4750.385542168675 4777.634538152611 388.9879518072289 416.23694779116465 505.3855421686747 532.6345381526104 
5098.626506024097 5127.461847389558 468.2971887550201 497.13253012048193 508.7269076305221 537.562248995984 
5142.393574297189 5170.224899598394 414.33734939759034 442.1686746987952 490.16465863453817 517.995983935743 
5240.995983935743 5269.610441767069 494.10843373493975 522.722891566265 705.8755020080321 734.4899598393574 
4936.4658634538155 4964.096385542169 428.02008032128515 455.65060240963857 643.433734939759 671.0642570281125 
5072.060240963855 5100.4738955823295 435.12048192771084 463.53413654618475 554.2489959839357 582.6626506024096 
5208.658634538153 5237.232931726908 399.39357429718876 427.96787148594376 495.9477911646586 524.5220883534137 
5118.192771084337 5147.18875502008 368.57028112449797 397.56626506024094 531.3052208835342 560.3012048192771 
4873.907630522089 4901.598393574297 376.26104417670683 403.95180722891564 546.6586345381526 574.3493975903615 
5060.373493975903 5089.048192771084 456.58232931726906 485.2570281124498 650.7951807228916 679.4698795180723 
4999.365461847389 5027.277108433735 440.1004016064257 468.0120481927711 650.0281124497992 677.9397590361446 
5070.449799196787 5099.184738955823 414.0401606425703 442.77510040160644 712.5180722891566 741.2530120481928 
4820.570281124498 4848.120481927711 387.8955823293173 415.4457831325301 492.0763052208835 519.6265060240963 
5249.365461847389 5278.321285140562 436.7028112449799 465.6586345381526 587.7791164658635 616.7349397590361 
5197.469879518072 5226.0642570281125 545.5461847389558 574.1405622489959 806.7269076305221 835.3212851405623 
5270.361445783133 5299.357429718875 420.48192771084337 449.47791164658634 651.1044176706828 680.1004016064257 
5228.7991967871485 5257.755020080322 428.06024096385545 457.0160642570281 537.8152610441767 566.7710843373494 
4953.3373493975905 4982.012048192771 438.0120481927711 466.68674698795184 671.6305220883534 700.3052208835342 
4962.734939759036 4991.630522088353 425.9116465863454 454.8072289156627 531.9518072289156 560.847389558233 
5101.546184738956 5129.678714859438 440.53413654618475 468.6666666666667 777.4698795180723 805.6024096385543 
5150.056224899598 5179.273092369478 434.3734939759036 463.5903614457831 606.1004016064257 635.3172690763053 
4824.461847389558 4852.433734939759 428.93172690763055 456.90361445783134 550.6265060240963 578.5983935742972 
5198.81124497992 5227.907630522089 404.77510040160644 433.8714859437751 517.5060240963855 546.6024096385543 
4929.104417670683 4957.176706827309 432.50602409638554 460.578313253012 501.0120481927711 529.0843373493976 
5181.775100401606 5210.22891566265 410.71084337349396 439.16465863453817 545.6907630522088 574.144578313253 
5235.333333333333 5265.152610441767 439.4497991967871 469.2690763052209 519.570281124498 549.3895582329317 
4733.0642570281125 4760.293172690763 448.2168674698795 475.4457831325301 637.6626506024096 664.8915662650602 
4908.6024096385545 4936.59437751004 498.9879518072289 526.9799196787149 733.4819277108434 761.4738955823293 
5171.248995983936 5199.983935742972 499.41767068273094 528.152610441767 578.8192771084338 607.5542168674699 
4797.915662650603 4825.104417670683 359.77510040160644 386.96385542168673 581.6706827309237 608.8594377510041 
4997.461847389558 5025.654618473895 377.4136546184739 405.60642570281124 629.1686746987951 657.3614457831326 
5110.883534136547 5139.016064257028 347.00401606425703 375.13654618473896 604.718875502008 632.85140562249 
5167.29718875502 5195.690763052209 382.9236947791165 411.3172690763052 624.6265060240963 653.0200803212851 
5160.120481927711 5189.156626506024 424.19678714859435 453.2329317269076 557.6907630522088 586.7269076305221 
4779.755020080322 4806.763052208836 320.8955823293173 347.90361445783134 559.1325301204819 586.1405622489959 
5077.305220883534 5105.3975903614455 427.99196787148594 456.0843373493976 614.3935742971887 642.4859437751004 
5127.14859437751 5157.128514056225 291.5020080321285 321.48192771084337 636.1646586345381 666.144578313253 
5015.120481927711 5042.309236947791 503.2570281124498 530.4457831325301 669.3574297188756 696.5461847389558 
5083.144578313253 5110.755020080322 494.7309236947791 522.3413654618474 895.7751004016064 923.3855421686746 
4966.887550200803 4995.763052208836 453.69879518072287 482.574297188755 500.52208835341366 529.3975903614457 
5309.943775100402 5338.518072289156 388.6024096385542 417.17670682730926 649.281124497992 677.855421686747 
4822.032128514056 4849.240963855422 313.51807228915663 340.7269076305221 524.2208835341365 551.429718875502 
5022.461847389558 5051.136546184739 382.6706827309237 411.3453815261044 425.17269076305223 453.8473895582329 
4772.5261044176705 4799.895582329317 345.5261044176707 372.8955823293173 500.2971887550201 527.6666666666666 
4904.172690763052 4931.70281124498 382.26104417670683 409.79116465863456 575.7590361445783 603.289156626506 
