29.266666666666666 60.93333333333333 63.53333333333333 95.2 24.933333333333334 56.6 
44.93333333333333 76.93333333333334 49.2 81.2 39.266666666666666 71.26666666666667 
31.2 59.2 65.8 93.8 26.2 54.2 
31.333333333333332 61.333333333333336 62.733333333333334 92.73333333333333 26.333333333333332 56.333333333333336 
33.2 57.2 55.0 79.0 28.866666666666667 52.86666666666667 
34.13333333333333 64.46666666666667 43.266666666666666 73.6 26.466666666666665 56.8 
27.733333333333334 57.4 39.53333333333333 69.2 23.4 53.06666666666667 
30.4 57.06666666666667 45.4 72.06666666666666 25.4 52.06666666666667 
39.46666666666667 68.8 48.53333333333333 77.86666666666666 24.066666666666666 53.4 
29.533333333333335 64.53333333333333 50.2 85.2 24.533333333333335 59.53333333333333 
41.8 68.13333333333334 41.93333333333333 68.26666666666667 26.466666666666665 52.8 
31.466666666666665 60.8 44.8 74.13333333333334 25.8 55.13333333333333 
38.0 64.66666666666667 58.46666666666667 85.13333333333334 24.866666666666667 51.53333333333333 
29.0 58.666666666666664 43.333333333333336 73.0 24.0 53.666666666666664 
55.0 83.33333333333333 52.666666666666664 81.0 38.666666666666664 67.0 
34.266666666666666 61.6 58.4 85.73333333333333 29.266666666666666 56.6 
51.733333333333334 84.4 41.53333333333333 74.2 46.733333333333334 79.4 
31.266666666666666 58.93333333333333 43.333333333333336 71.0 25.6 53.266666666666666 
31.066666666666666 57.4 40.0 66.33333333333333 25.066666666666666 51.4 
39.0 70.33333333333333 46.13333333333333 77.46666666666667 33.333333333333336 64.66666666666667 
31.133333333333333 60.13333333333333 53.86666666666667 82.86666666666666 24.8 53.8 
27.2 51.53333333333333 50.6 74.93333333333334 22.2 46.53333333333333 
30.466666666666665 59.46666666666667 65.6 94.6 24.133333333333333 53.13333333333333 
30.266666666666666 56.6 57.333333333333336 83.66666666666667 24.6 50.93333333333333 
32.46666666666667 59.46666666666667 51.0 78.0 27.466666666666665 54.46666666666667 
39.53333333333333 69.86666666666666 54.06666666666667 84.4 35.2 65.53333333333333 
34.06666666666667 65.06666666666666 61.46666666666667 92.46666666666667 24.4 55.4 
30.533333333333335 57.2 48.8 75.46666666666667 25.533333333333335 52.2 
36.13333333333333 64.46666666666667 45.8 74.13333333333334 30.466666666666665 58.8 
44.666666666666664 71.33333333333333 55.666666666666664 82.33333333333333 30.333333333333332 57.0 
24.666666666666668 49.666666666666664 52.13333333333333 77.13333333333334 19.0 44.0 
27.2 52.86666666666667 33.4 59.06666666666667 22.2 47.86666666666667 
38.46666666666667 68.13333333333334 37.06666666666667 66.73333333333333 31.466666666666665 61.13333333333333 
49.46666666666667 77.13333333333334 43.733333333333334 71.4 37.13333333333333 64.8 
27.133333333333333 51.13333333333333 51.53333333333333 75.53333333333333 22.133333333333333 46.13333333333333 
35.733333333333334 64.06666666666666 55.333333333333336 83.66666666666667 30.733333333333334 59.06666666666667 
33.333333333333336 60.666666666666664 50.0 77.33333333333333 28.333333333333332 55.666666666666664 
28.2 56.86666666666667 56.13333333333333 84.8 23.2 51.86666666666667 
47.06666666666667 72.06666666666666 32.333333333333336 57.333333333333336 34.13333333333333 59.13333333333333 
40.733333333333334 77.73333333333333 52.8 89.8 36.4 73.4 
43.06666666666667 72.4 48.4 77.73333333333333 35.2 64.53333333333333 
33.8 64.8 54.733333333333334 85.73333333333333 28.8 59.8 
46.8 72.13333333333334 38.13333333333333 63.46666666666667 37.13333333333333 62.46666666666667 
36.53333333333333 69.53333333333333 55.2 88.2 31.533333333333335 64.53333333333333 
28.4 54.4 43.333333333333336 69.33333333333333 23.4 49.4 
30.333333333333332 58.666666666666664 51.2 79.53333333333333 25.333333333333332 53.666666666666664 
49.53333333333333 77.2 52.733333333333334 80.4 36.266666666666666 63.93333333333333 
32.2 56.2 50.13333333333333 74.13333333333334 27.2 51.2 
29.333333333333332 55.666666666666664 43.666666666666664 70.0 23.666666666666668 50.0 
55.13333333333333 83.13333333333334 48.53333333333333 76.53333333333333 43.46666666666667 71.46666666666667 
