4666.5859030837 4694.867841409691 418.6784140969163 446.9603524229075 581.2775330396476 609.5594713656387 
4594.757709251101 4623.590308370044 383.5462555066079 412.3788546255507 468.215859030837 497.0484581497797 
4063.1762114537446 4091.4140969162995 271.3920704845815 299.6299559471366 386.3700440528634 414.6079295154185 
4423.453744493392 4451.9118942731275 330.3788546255507 358.83700440528634 372.06607929515417 400.5242290748899 
4458.083700440528 4485.57268722467 274.1409691629956 301.6299559471366 513.1718061674009 540.6607929515418 
4194.550660792952 4223.20704845815 248.05726872246697 276.7136563876652 421.84140969162996 450.4977973568282 
4562.700440528634 4592.105726872247 350.8590308370044 380.26431718061673 564.0881057268723 593.4933920704846 
4653.409691629956 4682.90308370044 330.5462555066079 360.0396475770925 503.9603524229075 533.453744493392 
4564.215859030837 4593.599118942731 430.31277533039645 459.69603524229075 551.9471365638766 581.330396475771 
4188.264317180617 4215.290748898678 304.0264317180617 331.05286343612335 465.8193832599119 492.8458149779736 
4514.356828193832 4543.36563876652 263.1101321585903 292.1189427312775 429.88546255506606 458.8942731277533 
4407.321585903083 4435.229074889868 281.58590308370043 309.49339207048456 409.19383259911893 437.10132158590307 
4540.352422907489 4568.370044052864 344.37444933920705 372.3920704845815 425.5726872246696 453.59030837004406 
4176.299559471366 4204.383259911894 290.59911894273125 318.6828193832599 504.8678414096916 532.9515418502202 
4473.660792951542 4501.8105726872245 331.3259911894273 359.4757709251101 570.4669603524229 598.6167400881058 
4601.511013215859 4630.035242290749 349.1453744493392 377.6696035242291 522.193832599119 550.7180616740088 
4363.625550660793 4391.753303964758 211.26872246696036 239.39647577092512 406.29074889867843 434.4185022026432 
4344.828193832599 4373.660792951542 317.58590308370043 346.4185022026432 552.3392070484582 581.1718061674009 
4590.638766519824 4618.920704845815 309.9955947136564 338.27753303964755 490.22026431718064 518.5022026431718 
4335.352422907489 4363.832599118943 301.57709251101323 330.057268722467 421.58590308370043 450.06607929515417 
4546.008810572687 4574.070484581498 380.5814977973568 408.6431718061674 593.8722466960353 621.9339207048458 
4312.9823788546255 4341.0 405.6079295154185 433.62555066079295 579.3480176211453 607.3656387665199 
4805.938325991189 4834.859030837004 423.9735682819383 452.8942731277533 547.193832599119 576.114537444934 
4624.030837004405 4653.612334801762 332.0044052863436 361.58590308370043 730.0 759.5814977973569 
4381.651982378855 4412.092511013216 404.2511013215859 434.6916299559471 605.5506607929516 635.9911894273127 
4386.506607929516 4414.171806167401 267.18502202643174 294.85022026431716 325.92070484581495 353.58590308370043 
4188.766519823788 4216.519823788546 299.8193832599119 327.5726872246696 436.58590308370043 464.33920704845815 
4242.268722466961 4270.176211453744 306.83700440528634 334.74449339207047 491.98237885462555 519.8898678414097 
4678.607929515419 4707.704845814978 328.59911894273125 357.69603524229075 448.0132158590308 477.1101321585903 
4384.607929515419 4413.022026431718 263.8458149779736 292.2599118942731 518.0660792951542 546.4801762114538 
4409.964757709251 4438.2246696035245 258.82819383259914 287.08810572687224 437.0352422907489 465.295154185022 
4574.030837004405 4602.488986784141 453.84140969162996 482.2995594713656 613.6563876651983 642.114537444934 
4462.303964757709 4490.938325991189 312.0044052863436 340.6387665198238 502.3259911894273 530.9603524229075 
4672.9471365638765 4701.9118942731275 313.59030837004406 342.55506607929516 579.1806167400881 608.1453744493392 
4405.550660792952 4433.0176211453745 397.8325991189427 425.2995594713656 566.1453744493392 593.6123348017621 
4728.074889867841 4755.938325991189 327.95594713656385 355.8193832599119 694.704845814978 722.568281938326 
4176.334801762115 4204.770925110132 259.33920704845815 287.7753303964758 372.3920704845815 400.82819383259914 
4406.039647577092 4434.872246696035 325.6519823788546 354.48458149779736 494.87224669603523 523.704845814978 
4435.68281938326 4463.63436123348 290.1189427312775 318.0704845814978 420.50660792951544 448.45814977973566 
4468.651982378855 4497.374449339207 360.9383259911894 389.66079295154185 514.4889867841409 543.2114537444934 
4591.480176211454 4619.806167400881 385.6299559471366 413.95594713656385 504.6740088105727 533.0 
4409.400881057269 4437.616740088106 287.55066079295153 315.76651982378854 421.0969162995595 449.31277533039645 
4380.3964757709255 4407.797356828194 227.79295154185021 255.19383259911893 391.0352422907489 418.43612334801765 
4385.964757709251 4414.797356828194 275.56387665198235 304.3964757709251 444.26872246696036 473.10132158590307 
4552.581497797357 4581.370044052864 325.83700440528634 354.62555066079295 463.66079295154185 492.44933920704847 
4622.488986784141 4651.321585903083 284.5814977973568 313.41409691629957 405.1101321585903 433.942731277533 
4433.502202643172 4462.004405286343 240.69603524229075 269.19823788546256 396.4757709251101 424.9779735682819 
4254.392070484581 4282.277533039648 299.3303964757709 327.215859030837 399.7885462555066 427.6740088105727 
4754.629955947136 4784.541850220265 364.2599118942731 394.17180616740086 417.295154185022 447.20704845814976 
4218.057268722467 4245.370044052864 200.26431718061673 227.5770925110132 362.48458149779736 389.7973568281938 
