30.5 55.5 54.4 79.4 25.5 50.5 
26.5 58.0 49.5 81.0 21.5 53.0 
18.0 44.0 57.4 83.4 13.0 39.0 
31.1 59.6 53.9 82.4 26.1 54.6 
32.1 57.6 41.8 67.3 27.1 52.6 
42.8 74.3 42.3 73.8 32.7 64.2 
34.4 59.9 68.7 94.2 26.4 51.9 
24.6 47.1 58.1 80.6 19.6 42.1 
29.9 52.4 36.0 58.5 24.9 47.4 
28.6 50.6 44.5 66.5 23.6 45.6 
29.5 53.5 53.5 77.5 24.5 48.5 
52.3 81.8 44.3 73.8 34.2 63.7 
37.2 63.2 48.6 74.6 32.2 58.2 
29.2 63.2 48.8 82.8 24.2 58.2 
37.8 66.3 42.4 70.9 31.8 60.3 
28.5 54.0 48.3 73.8 23.5 49.0 
27.5 58.0 44.1 74.6 22.5 53.0 
24.4 50.9 52.6 79.1 19.4 45.9 
23.5 51.5 41.5 69.5 18.5 46.5 
35.4 59.4 38.3 62.3 27.4 51.4 
44.3 78.3 45.6 79.6 32.3 66.3 
30.5 55.0 42.4 66.9 25.5 50.0 
35.1 63.6 53.3 81.8 30.1 58.6 
27.0 53.0 47.4 73.4 19.0 45.0 
35.3 58.3 72.5 95.5 29.3 52.3 
23.0 44.0 49.5 70.5 18.0 39.0 
30.1 57.6 53.9 81.4 25.1 52.6 
29.3 53.8 53.5 78.0 23.9 48.4 
24.5 51.5 37.8 64.8 19.5 46.5 
29.5 59.0 48.5 78.0 24.5 54.0 
27.0 50.0 44.2 67.2 22.0 45.0 
42.5 72.0 47.7 77.2 26.4 55.9 
49.0 81.5 49.8 82.3 40.0 72.5 
33.2 58.7 39.7 65.2 28.2 53.7 
45.0 75.5 52.7 83.2 40.0 70.5 
31.4 58.9 42.0 69.5 26.4 53.9 
21.5 49.5 52.2 80.2 16.5 44.5 
27.9 54.4 46.5 73.0 22.9 49.4 
32.3 58.3 42.5 68.5 27.3 53.3 
27.1 54.6 41.1 68.6 22.1 49.6 
25.0 49.0 55.1 79.1 20.0 44.0 
30.0 54.5 45.9 70.4 25.0 49.5 
36.0 63.5 46.7 74.2 30.0 57.5 
34.8 62.8 51.3 79.3 30.8 58.8 
28.0 53.0 38.1 63.1 23.0 48.0 
43.3 70.8 57.7 85.2 31.3 58.8 
33.7 60.7 58.0 85.0 28.7 55.7 
27.4 50.9 54.3 77.8 22.4 45.9 
35.2 62.7 45.2 72.7 31.2 58.7 
30.9 58.4 51.4 78.9 26.9 54.4 
