47.583333333333336 75.08333333333333 57.625 85.125 40.916666666666664 68.41666666666667 
47.666666666666664 76.20833333333333 53.708333333333336 82.25 34.75 63.291666666666664 
42.166666666666664 71.125 47.541666666666664 76.5 35.5 64.45833333333333 
44.0 71.5 40.916666666666664 68.41666666666667 37.75 65.25 
32.625 59.291666666666664 50.875 77.54166666666667 26.791666666666668 53.458333333333336 
42.791666666666664 68.625 42.208333333333336 68.04166666666667 34.041666666666664 59.875 
34.375 61.458333333333336 60.333333333333336 87.41666666666667 27.708333333333332 54.791666666666664 
29.791666666666668 56.25 48.583333333333336 75.04166666666667 23.958333333333332 50.416666666666664 
58.5 87.875 55.0 84.375 38.166666666666664 67.54166666666667 
42.458333333333336 70.58333333333333 54.625 82.75 36.208333333333336 64.33333333333333 
68.91666666666667 101.625 48.583333333333336 81.29166666666667 42.875 75.58333333333333 
32.875 60.583333333333336 51.166666666666664 78.875 27.875 55.583333333333336 
65.04166666666667 94.41666666666667 44.625 74.0 39.708333333333336 69.08333333333333 
37.041666666666664 63.5 50.833333333333336 77.29166666666667 26.208333333333332 52.666666666666664 
55.5 86.125 55.791666666666664 86.41666666666667 40.958333333333336 71.58333333333333 
40.541666666666664 62.625 47.083333333333336 69.16666666666667 33.875 55.958333333333336 
47.041666666666664 75.16666666666667 47.958333333333336 76.08333333333333 32.791666666666664 60.916666666666664 
37.0 67.20833333333333 47.208333333333336 77.41666666666667 28.666666666666668 58.875 
40.125 70.33333333333333 45.541666666666664 75.75 35.958333333333336 66.16666666666667 
34.0 63.583333333333336 49.5 79.08333333333333 29.416666666666668 59.0 
50.458333333333336 80.875 54.791666666666664 85.20833333333333 40.958333333333336 71.375 
56.0 86.625 56.083333333333336 86.70833333333333 38.5 69.125 
37.375 65.29166666666667 44.5 72.41666666666667 31.541666666666668 59.458333333333336 
50.5 81.54166666666667 42.666666666666664 73.70833333333333 45.333333333333336 76.375 
42.666666666666664 69.33333333333333 53.333333333333336 80.0 32.25 58.916666666666664 
36.833333333333336 63.291666666666664 58.125 84.58333333333333 31.0 57.458333333333336 
44.5 74.08333333333333 55.833333333333336 85.41666666666667 35.333333333333336 64.91666666666667 
40.916666666666664 72.16666666666667 64.125 95.375 36.333333333333336 67.58333333333333 
43.625 73.625 40.75 70.75 31.541666666666668 61.541666666666664 
33.166666666666664 59.833333333333336 63.375 90.04166666666667 27.333333333333332 54.0 
44.833333333333336 71.91666666666667 52.416666666666664 79.5 30.666666666666668 57.75 
29.291666666666668 54.708333333333336 50.125 75.54166666666667 22.5 47.916666666666664 
45.666666666666664 74.41666666666667 55.0 83.75 36.083333333333336 64.83333333333333 
50.5 80.70833333333333 56.458333333333336 86.66666666666667 40.916666666666664 71.125 
33.5 58.916666666666664 43.416666666666664 68.83333333333333 28.5 53.916666666666664 
30.833333333333332 59.791666666666664 55.708333333333336 84.66666666666667 25.416666666666668 54.375 
50.833333333333336 79.79166666666667 55.708333333333336 84.66666666666667 43.75 72.70833333333333 
34.041666666666664 61.75 46.5 74.20833333333333 29.875 57.583333333333336 
37.833333333333336 69.91666666666667 37.375 69.45833333333333 34.083333333333336 66.16666666666667 
29.458333333333332 58.0 51.125 79.66666666666667 22.791666666666668 51.333333333333336 
57.041666666666664 87.04166666666667 57.791666666666664 87.79166666666667 39.208333333333336 69.20833333333333 
45.333333333333336 73.66666666666667 60.0 88.33333333333333 38.083333333333336 66.41666666666667 
52.833333333333336 86.375 53.458333333333336 87.0 42.833333333333336 76.375 
38.458333333333336 65.125 61.875 88.54166666666667 33.875 60.541666666666664 
48.416666666666664 78.625 53.708333333333336 83.91666666666667 40.0 70.20833333333333 
53.833333333333336 82.58333333333333 58.166666666666664 86.91666666666667 43.625 72.375 
42.166666666666664 71.95833333333333 48.083333333333336 77.875 36.75 66.54166666666667 
31.041666666666668 53.333333333333336 49.75 72.04166666666667 25.416666666666668 47.708333333333336 
34.166666666666664 58.541666666666664 41.291666666666664 65.66666666666667 29.166666666666668 53.541666666666664 
52.125 79.41666666666667 64.33333333333333 91.625 35.875 63.166666666666664 
