78.8125 107.77083333333333 59.166666666666664 88.125 48.9375 77.89583333333333 
76.8125 104.52083333333333 62.916666666666664 90.625 44.229166666666664 71.9375 
83.10416666666667 112.6875 50.25 79.83333333333333 41.479166666666664 71.0625 
64.3125 92.64583333333333 58.083333333333336 86.41666666666667 50.3125 78.64583333333333 
81.125 108.72916666666667 56.75 84.35416666666667 46.416666666666664 74.02083333333333 
92.27083333333333 123.83333333333333 59.395833333333336 90.95833333333333 59.0625 90.625 
110.66666666666667 140.97916666666666 57.958333333333336 88.27083333333333 61.020833333333336 91.33333333333333 
86.04166666666667 116.14583333333333 60.0 90.10416666666667 50.020833333333336 80.125 
101.75 129.875 63.958333333333336 92.08333333333333 59.229166666666664 87.35416666666667 
68.85416666666667 95.83333333333333 50.25 77.22916666666667 46.645833333333336 73.625 
93.29166666666667 121.625 62.354166666666664 90.6875 47.145833333333336 75.47916666666667 
111.95833333333333 143.72916666666666 52.833333333333336 84.60416666666667 58.208333333333336 89.97916666666667 
73.0625 100.66666666666667 67.3125 94.91666666666667 40.333333333333336 67.9375 
94.9375 123.89583333333333 65.08333333333333 94.04166666666667 52.3125 81.27083333333333 
88.54166666666667 115.9375 53.375 80.77083333333333 58.333333333333336 85.72916666666667 
151.75 178.52083333333334 53.729166666666664 80.5 66.64583333333333 93.41666666666667 
64.91666666666667 91.89583333333333 56.208333333333336 83.1875 39.25 66.22916666666667 
77.27083333333333 105.29166666666667 58.770833333333336 86.79166666666667 52.4375 80.45833333333333 
101.97916666666667 132.91666666666666 61.291666666666664 92.22916666666667 58.1875 89.125 
69.4375 94.75 57.375 82.6875 49.25 74.5625 
94.22916666666667 125.0625 59.770833333333336 90.60416666666667 51.979166666666664 82.8125 
55.125 81.16666666666667 56.333333333333336 82.375 45.041666666666664 71.08333333333333 
100.875 131.29166666666666 52.791666666666664 83.20833333333333 60.979166666666664 91.39583333333333 
62.8125 90.72916666666667 65.6875 93.60416666666667 46.8125 74.72916666666667 
68.25 96.89583333333333 54.520833333333336 83.16666666666667 48.979166666666664 77.625 
72.22916666666667 99.10416666666667 50.229166666666664 77.10416666666667 50.854166666666664 77.72916666666667 
73.89583333333333 102.85416666666667 59.75 88.70833333333333 52.541666666666664 81.5 
96.45833333333333 124.375 50.75 78.66666666666667 44.895833333333336 72.8125 
100.04166666666667 128.16666666666666 55.291666666666664 83.41666666666667 50.583333333333336 78.70833333333333 
83.3125 110.5 52.375 79.5625 39.333333333333336 66.52083333333333 
87.52083333333333 114.91666666666667 55.166666666666664 82.5625 47.9375 75.33333333333333 
68.75 94.89583333333333 42.25 68.39583333333333 40.75 66.89583333333333 
111.04166666666667 140.10416666666666 61.208333333333336 90.27083333333333 56.020833333333336 85.08333333333333 
57.020833333333336 81.91666666666667 51.916666666666664 76.8125 42.9375 67.83333333333333 
90.35416666666667 118.375 57.75 85.77083333333333 47.625 75.64583333333333 
84.41666666666667 113.375 53.791666666666664 82.75 49.25 78.20833333333333 
98.72916666666667 127.27083333333333 67.0 95.54166666666667 60.291666666666664 88.83333333333333 
111.64583333333333 143.625 50.833333333333336 82.8125 57.145833333333336 89.125 
98.60416666666667 129.33333333333334 58.729166666666664 89.45833333333333 55.895833333333336 86.625 
74.22916666666667 102.25 56.6875 84.70833333333333 52.375 80.39583333333333 
92.64583333333333 122.85416666666667 55.979166666666664 86.1875 60.041666666666664 90.25 
68.08333333333333 96.72916666666667 63.625 92.27083333333333 47.645833333333336 76.29166666666667 
111.27083333333333 139.91666666666666 53.208333333333336 81.85416666666667 40.5625 69.20833333333333 
81.29166666666667 112.85416666666667 64.47916666666667 96.04166666666667 58.416666666666664 89.97916666666667 
83.5 110.79166666666667 57.333333333333336 84.625 48.270833333333336 75.5625 
99.60416666666667 130.64583333333334 57.104166666666664 88.14583333333333 50.645833333333336 81.6875 
79.33333333333333 107.97916666666667 61.5625 90.20833333333333 45.479166666666664 74.125 
158.77083333333334 187.9375 58.833333333333336 88.0 52.354166666666664 81.52083333333333 
76.1875 104.3125 48.6875 76.8125 46.166666666666664 74.29166666666667 
105.54166666666667 136.6875 57.166666666666664 88.3125 53.916666666666664 85.0625 
