1071.6893203883494 1099.893203883495 72.75728155339806 100.96116504854369 102.53398058252426 130.7378640776699 
1231.3592233009708 1258.7378640776699 81.27184466019418 108.6504854368932 118.37864077669903 145.75728155339806 
1422.1650485436894 1452.6990291262136 86.31067961165049 116.84466019417475 127.33980582524272 157.873786407767 
1101.368932038835 1128.3106796116506 85.25242718446601 112.19417475728156 83.9126213592233 110.85436893203884 
917.5145631067961 945.7669902912621 72.8252427184466 101.07766990291262 107.2135922330097 135.46601941747574 
946.9223300970874 973.5728155339806 77.97087378640776 104.62135922330097 94.57281553398059 121.22330097087378 
1223.0291262135922 1251.4757281553398 81.59223300970874 110.03883495145631 100.25242718446601 128.6990291262136 
899.0194174757281 928.6310679611651 88.14563106796116 117.75728155339806 126.95145631067962 156.5631067961165 
1055.0 1084.611650485437 81.87378640776699 111.48543689320388 110.88349514563107 140.49514563106797 
1348.3203883495146 1377.4466019417475 82.85436893203884 111.98058252427184 110.22330097087378 139.3495145631068 
1079.3009708737864 1108.0873786407767 79.93203883495146 108.71844660194175 101.23300970873787 130.01941747572815 
874.252427184466 902.8446601941747 89.1747572815534 117.76699029126213 93.70873786407768 122.30097087378641 
1337.1844660194174 1366.6019417475727 75.6116504854369 105.02912621359224 106.3883495145631 135.80582524271844 
926.9902912621359 955.5825242718447 73.87378640776699 102.46601941747574 105.75728155339806 134.3495145631068 
1272.2233009708739 1301.0582524271845 76.31067961165049 105.14563106796116 113.98058252427184 142.81553398058253 
1053.0873786407767 1079.9805825242718 83.62135922330097 110.51456310679612 114.11650485436893 141.0097087378641 
1156.1650485436894 1185.388349514563 73.28155339805825 102.50485436893204 134.5631067961165 163.7864077669903 
862.8446601941747 890.1747572815534 85.11650485436893 112.44660194174757 91.22330097087378 118.55339805825243 
1140.2524271844661 1168.2621359223301 76.94174757281553 104.95145631067962 96.20388349514563 124.2135922330097 
1040.6990291262136 1067.0582524271845 83.16504854368932 109.52427184466019 104.84466019417475 131.20388349514562 
1062.2815533980583 1088.5922330097087 78.13592233009709 104.44660194174757 102.11650485436893 128.4271844660194 
1285.6601941747572 1314.6893203883494 86.22330097087378 115.25242718446601 119.97087378640776 149.0 
1028.126213592233 1057.2038834951456 73.37864077669903 102.45631067961165 100.54368932038835 129.62135922330097 
949.5339805825242 976.5242718446602 74.88349514563107 101.87378640776699 95.18446601941747 122.1747572815534 
983.6893203883495 1010.7766990291262 85.41747572815534 112.50485436893204 101.14563106796116 128.23300970873785 
1089.4563106796118 1117.2233009708739 81.00970873786407 108.77669902912622 108.05825242718447 135.8252427184466 
1163.9417475728155 1193.4077669902913 76.75728155339806 106.22330097087378 106.03883495145631 135.50485436893203 
1072.2718446601941 1100.4271844660195 71.30097087378641 99.45631067961165 108.69902912621359 136.85436893203882 
1194.9611650485438 1224.0873786407767 75.03883495145631 104.16504854368932 83.4368932038835 112.5631067961165 
1143.388349514563 1171.5436893203882 84.6116504854369 112.76699029126213 93.31067961165049 121.46601941747574 
1351.0873786407767 1380.2621359223301 85.33980582524272 114.51456310679612 103.80582524271844 132.98058252427185 
1011.1941747572815 1039.3495145631068 87.41747572815534 115.57281553398059 117.2621359223301 145.41747572815535 
1067.1553398058252 1095.4563106796118 82.63106796116504 110.93203883495146 99.68932038834951 127.99029126213593 
1095.990291262136 1124.7281553398059 79.3495145631068 108.0873786407767 108.6116504854369 137.3495145631068 
1093.7087378640776 1121.9126213592233 76.05825242718447 104.2621359223301 96.02912621359224 124.23300970873787 
921.242718446602 949.0582524271845 75.53398058252426 103.3495145631068 104.5631067961165 132.37864077669903 
1068.8155339805826 1096.4368932038835 74.69902912621359 102.32038834951456 105.41747572815534 133.03883495145632 
1100.485436893204 1128.4466019417475 76.60194174757281 104.5631067961165 87.19417475728156 115.15533980582525 
694.1941747572815 720.2621359223301 77.16504854368932 103.23300970873787 96.2621359223301 122.33009708737865 
1136.6407766990292 1165.378640776699 75.79611650485437 104.53398058252426 81.37864077669903 110.11650485436893 
1119.9708737864078 1149.6796116504854 78.95145631067962 108.66019417475728 114.75728155339806 144.46601941747574 
1131.5242718446602 1160.504854368932 82.84466019417475 111.8252427184466 102.96116504854369 131.94174757281553 
990.9708737864078 1017.6213592233009 74.75728155339806 101.40776699029126 87.54368932038835 114.19417475728156 
933.3009708737864 960.3398058252427 84.31067961165049 111.3495145631068 97.63106796116504 124.66990291262135 
1064.8155339805826 1093.9417475728155 88.54368932038835 117.66990291262135 96.81553398058253 125.94174757281553 
1016.1650485436893 1044.368932038835 76.88349514563107 105.0873786407767 91.06796116504854 119.27184466019418 
1210.2038834951456 1238.8446601941748 88.01941747572816 116.66019417475728 102.7378640776699 131.37864077669903 
891.6504854368932 920.3883495145631 77.37864077669903 106.11650485436893 84.7864077669903 113.52427184466019 
981.5728155339806 1008.5145631067961 73.37864077669903 100.32038834951456 89.44660194174757 116.3883495145631 
1199.6796116504854 1229.485436893204 80.3883495145631 110.19417475728156 104.2135922330097 134.01941747572815 
