2331.808917197452 2359.9299363057326 129.43949044585986 157.56050955414014 136.80891719745222 164.9299363057325 
2827.3057324840765 2855.936305732484 124.35031847133757 152.98089171974522 188.4203821656051 217.05095541401275 
2368.4267515923566 2396.1019108280257 107.87261146496816 135.54777070063693 192.72611464968153 220.40127388535032 
2319.6624203821657 2347.3694267515925 111.95541401273886 139.6624203821656 188.10191082802547 215.80891719745222 
2459.0318471337578 2486.1337579617834 102.34394904458598 129.44585987261146 174.22292993630575 201.3248407643312 
2593.56050955414 2621.7770700636943 125.46496815286625 153.6815286624204 197.85987261146497 226.0764331210191 
2657.6751592356686 2686.7197452229298 120.67515923566879 149.71974522292993 171.78343949044586 200.828025477707 
2326.191082802548 2352.8471337579617 111.22292993630573 137.87898089171975 190.171974522293 216.828025477707 
2636.7006369426754 2664.917197452229 149.37579617834396 177.59235668789808 175.5859872611465 203.80254777070064 
2511.808917197452 2540.980891719745 128.15923566878982 157.3312101910828 256.10828025477707 285.28025477707007 
2587.917197452229 2615.4012738853503 112.4968152866242 139.98089171974522 166.22929936305732 193.71337579617835 
2319.828025477707 2348.044585987261 107.55414012738854 135.77070063694268 138.78980891719746 167.0063694267516 
2637.7452229299365 2665.9617834394903 111.31210191082802 139.52866242038218 157.96815286624204 186.18471337579618 
2235.9936305732485 2262.171974522293 102.44585987261146 128.62420382165604 162.2675159235669 188.44585987261146 
2201.7770700636943 2229.8025477707006 130.54140127388536 158.56687898089172 167.9235668789809 195.94904458598725 
2547.2993630573246 2576.184713375796 125.96815286624204 154.8535031847134 205.61146496815286 234.4968152866242 
2488.0127388535034 2517.375796178344 138.98089171974522 168.343949044586 204.9235668789809 234.28662420382165 
2406.872611464968 2434.8980891719743 104.09554140127389 132.12101910828025 184.6751592356688 212.70063694267515 
2659.2547770700635 2687.2165605095543 99.62420382165605 127.5859872611465 198.9044585987261 226.86624203821657 
2723.484076433121 2753.9936305732485 126.7452229299363 157.25477707006368 216.63694267515925 247.1464968152866 
2770.955414012739 2799.6815286624205 116.29936305732484 145.02547770700636 156.97452229299364 185.70063694267515 
2449.0382165605097 2476.7452229299365 134.0 161.70700636942675 252.44585987261146 280.1528662420382 
2470.5923566878982 2499.191082802548 139.828025477707 168.42675159235668 175.01910828025478 203.61783439490446 
2390.7579617834394 2418.2420382165606 114.171974522293 141.656050955414 192.06369426751593 219.54777070063693 
2402.312101910828 2430.2738853503183 119.4267515923567 147.38853503184714 146.22929936305732 174.19108280254778 
2368.9108280254777 2396.9044585987263 112.15286624203821 140.1464968152866 203.27388535031847 231.2675159235669 
2322.687898089172 2351.955414012739 106.68152866242038 135.94904458598725 227.98089171974522 257.2484076433121 
2844.8216560509554 2874.4713375796177 129.15286624203821 158.80254777070064 183.8343949044586 213.48407643312103 
2640.9490445859874 2668.9745222929937 128.29299363057325 156.3184713375796 270.5350318471338 298.56050955414014 
2628.229299363057 2657.1783439490446 106.77707006369427 135.72611464968153 157.17834394904457 186.12738853503186 
2771.477707006369 2800.8407643312103 153.15286624203821 182.51592356687897 180.6815286624204 210.04458598726114 
2627.0891719745223 2655.1783439490446 119.78343949044586 147.87261146496814 216.6751592356688 244.76433121019107 
2576.1146496815286 2604.872611464968 119.61146496815287 148.36942675159236 175.17834394904457 203.93630573248407 
2457.420382165605 2485.605095541401 114.89171974522293 143.0764331210191 171.62420382165604 199.80891719745222 
2716.859872611465 2746.955414012739 105.4140127388535 135.5095541401274 146.12738853503186 176.22292993630575 
2856.8216560509554 2885.1974522292994 111.03184713375796 139.40764331210192 206.15286624203821 234.52866242038218 
2424.2993630573246 2452.9299363057326 129.4203821656051 158.05095541401275 212.10191082802547 240.7324840764331 
2477.019108280255 2505.7452229299365 126.64968152866243 155.37579617834396 260.18471337579615 288.9108280254777 
2773.643312101911 2803.0382165605097 130.71974522292993 160.11464968152868 179.28025477707007 208.6751592356688 
2438.8025477707006 2466.0 110.96178343949045 138.15923566878982 223.22929936305732 250.42675159235668 
2533.331210191083 2562.917197452229 103.07643312101911 132.6624203821656 167.88535031847132 197.47133757961782 
2451.375796178344 2478.764331210191 125.09554140127389 152.48407643312103 185.48407643312103 212.87261146496814 
2643.872611464968 2672.9490445859874 126.18471337579618 155.2611464968153 198.61783439490446 227.69426751592357 
2482.8025477707006 2510.6369426751594 100.71337579617834 128.54777070063693 169.96815286624204 197.80254777070064 
2321.063694267516 2348.9617834394903 115.7452229299363 143.64331210191082 157.2675159235669 185.1656050955414 
2428.955414012739 2456.2802547770702 142.4140127388535 169.7388535031847 191.8535031847134 219.17834394904457 
2680.3503184713377 2708.0573248407645 98.03184713375796 125.73885350318471 194.01273885350318 221.71974522292993 
2509.5859872611463 2538.2802547770702 100.32484076433121 129.01910828025478 162.7388535031847 191.43312101910828 
2431.6178343949045 2460.6942675159235 124.48407643312102 153.56050955414014 195.94267515923568 225.01910828025478 
2486.248407643312 2514.2738853503183 123.38853503184713 151.4140127388535 176.78980891719746 204.81528662420382 
