4507.448888888889 4535.471111111111 225.33777777777777 253.36 455.0711111111111 483.0933333333333 
4338.008888888889 4365.964444444445 281.05333333333334 309.00888888888886 414.8311111111111 442.7866666666667 
4262.311111111111 4290.222222222223 299.06666666666666 326.97777777777776 428.6 456.5111111111111 
4471.702222222222 4501.057777777778 276.56888888888886 305.9244444444444 501.6355555555556 530.9911111111111 
4433.271111111111 4461.693333333334 302.76 331.1822222222222 506.8933333333333 535.3155555555555 
4415.497777777778 4443.697777777777 296.34222222222223 324.5422222222222 435.0311111111111 463.2311111111111 
4007.8488888888887 4035.0044444444443 250.56 277.71555555555557 298.2266666666667 325.3822222222222 
4478.862222222222 4508.395555555556 379.46222222222224 408.99555555555554 456.26222222222225 485.79555555555555 
4249.6577777777775 4277.88 436.9688888888889 465.1911111111111 457.94666666666666 486.1688888888889 
4581.373333333333 4609.906666666667 287.79555555555555 316.3288888888889 401.79555555555555 430.3288888888889 
4307.902222222222 4336.257777777778 256.3911111111111 284.74666666666667 393.61333333333334 421.9688888888889 
4505.768888888889 4535.724444444444 278.5022222222222 308.4577777777778 525.7466666666667 555.7022222222222 
4540.164444444445 4568.075555555555 278.8088888888889 306.72 380.27555555555557 408.18666666666667 
4275.746666666667 4303.035555555555 248.4 275.68888888888887 378.56888888888886 405.85777777777776 
4624.7155555555555 4654.426666666666 444.3377777777778 474.0488888888889 514.0711111111111 543.7822222222222 
4578.195555555556 4606.928888888889 258.24 286.97333333333336 365.59555555555556 394.3288888888889 
4539.475555555556 4569.497777777778 231.45333333333335 261.47555555555556 407.00888888888886 437.0311111111111 
4505.88 4534.368888888889 290.7688888888889 319.2577777777778 416.3466666666667 444.8355555555556 
4365.955555555555 4395.2444444444445 263.4 292.68888888888887 397.4 426.68888888888887 
4126.8133333333335 4154.768888888889 250.34666666666666 278.3022222222222 460.43555555555554 488.3911111111111 
4435.897777777778 4465.1866666666665 306.52 335.8088888888889 563.7422222222223 593.0311111111112 
4420.888888888889 4449.355555555556 364.6222222222222 393.0888888888889 535.8444444444444 564.3111111111111 
4380.902222222222 4408.324444444444 302.9688888888889 330.3911111111111 408.3911111111111 435.81333333333333 
4359.155555555555 4387.711111111111 292.55555555555554 321.1111111111111 439.7111111111111 468.26666666666665 
4068.8355555555554 4096.457777777778 355.70222222222225 383.32444444444445 404.94666666666666 432.56888888888886 
4536.608888888889 4565.253333333333 355.2088888888889 383.85333333333335 497.8311111111111 526.4755555555555 
4265.3422222222225 4293.497777777778 305.76444444444445 333.92 465.05333333333334 493.2088888888889 
4356.28 4384.791111111111 296.2577777777778 324.7688888888889 560.88 589.3911111111111 
4586.831111111111 4614.897777777778 323.64444444444445 351.7111111111111 407.7422222222222 435.8088888888889 
4454.191111111111 4481.88 271.99111111111114 299.68 458.9688888888889 486.65777777777777 
4309.084444444445 4336.684444444444 257.9511111111111 285.5511111111111 286.26222222222225 313.8622222222222 
4179.693333333334 4208.582222222222 262.53777777777776 291.4266666666667 457.62666666666667 486.5155555555556 
4313.88 4342.035555555555 288.99111111111114 317.14666666666665 474.9688888888889 503.12444444444446 
4519.306666666666 4546.6177777777775 287.21777777777777 314.5288888888889 400.3066666666667 427.6177777777778 
4357.133333333333 4385.488888888889 431.3333333333333 459.68888888888887 497.15555555555557 525.5111111111111 
4542.857777777778 4572.168888888889 348.3377777777778 377.6488888888889 535.8133333333334 565.1244444444444 
4301.648888888889 4329.093333333333 345.6311111111111 373.0755555555556 497.40444444444444 524.8488888888888 
4148.6577777777775 4176.768888888889 274.90222222222224 303.0133333333333 505.9244444444444 534.0355555555556 
4723.182222222223 4752.182222222223 377.3822222222222 406.3822222222222 542.1377777777777 571.1377777777777 
4328.368888888889 4355.6577777777775 168.5688888888889 195.85777777777778 376.7911111111111 404.08 
4450.48 4479.168888888889 334.23555555555555 362.9244444444444 452.1022222222222 480.7911111111111 
4230.72 4258.142222222222 301.0311111111111 328.4533333333333 321.4533333333333 348.87555555555554 
4337.7155555555555 4365.982222222222 206.80444444444444 235.07111111111112 334.2711111111111 362.53777777777776 
4533.057777777778 4561.368888888889 264.3466666666667 292.65777777777777 619.9688888888888 648.28 
4496.8133333333335 4524.968888888889 328.1688888888889 356.32444444444445 510.74666666666667 538.9022222222222 
4351.608888888889 4378.786666666667 228.34222222222223 255.52 383.58666666666664 410.76444444444445 
4557.008888888889 4585.431111111111 254.4311111111111 282.85333333333335 395.7866666666667 424.2088888888889 
4557.404444444444 4585.982222222222 357.8933333333333 386.4711111111111 385.82666666666665 414.40444444444444 
4317.6177777777775 4345.795555555555 233.95111111111112 262.12888888888887 418.5288888888889 446.70666666666665 
4414.764444444444 4442.653333333334 301.3644444444444 329.25333333333333 443.76444444444445 471.6533333333333 
