151.3125 178.734375 65.6875 93.109375 67.140625 94.5625 
286.609375 317.46875 62.703125 93.5625 69.828125 100.6875 
233.21875 261.96875 56.21875 84.96875 61.9375 90.6875 
120.921875 148.1875 61.390625 88.65625 62.4375 89.703125 
246.484375 273.359375 61.046875 87.921875 84.671875 111.546875 
128.90625 156.953125 69.15625 97.203125 65.328125 93.375 
203.921875 230.71875 58.109375 84.90625 74.125 100.921875 
119.109375 146.84375 64.75 92.484375 58.25 85.984375 
115.21875 144.984375 62.09375 91.859375 60.9375 90.703125 
190.296875 217.640625 58.453125 85.796875 70.484375 97.828125 
329.21875 358.75 66.4375 95.96875 61.9375 91.46875 
121.203125 149.328125 72.21875 100.34375 60.171875 88.296875 
180.125 207.15625 57.171875 84.203125 70.96875 98.0 
345.375 375.453125 74.609375 104.6875 67.390625 97.46875 
122.8125 149.21875 60.59375 87.0 70.953125 97.359375 
116.75 144.71875 61.4375 89.40625 67.28125 95.25 
192.140625 220.734375 65.8125 94.40625 72.578125 101.171875 
149.734375 176.53125 54.828125 81.625 59.890625 86.6875 
141.640625 171.25 55.609375 85.21875 60.703125 90.3125 
150.4375 178.953125 61.578125 90.09375 60.734375 89.25 
129.28125 158.890625 63.59375 93.203125 58.34375 87.953125 
129.234375 156.890625 57.96875 85.625 49.609375 77.265625 
209.296875 236.875 65.640625 93.21875 69.328125 96.90625 
129.984375 155.765625 71.421875 97.203125 62.0 87.78125 
253.484375 282.625 57.921875 87.0625 61.78125 90.921875 
194.4375 223.65625 60.546875 89.765625 75.65625 104.875 
138.359375 165.9375 67.75 95.328125 72.046875 99.625 
312.796875 343.96875 56.59375 87.765625 64.453125 95.625 
184.515625 209.125 59.453125 84.0625 84.8125 109.421875 
228.640625 258.5625 60.890625 90.8125 79.0 108.921875 
493.359375 524.765625 65.0625 96.46875 62.78125 94.1875 
154.203125 182.796875 55.359375 83.953125 45.28125 73.875 
239.015625 266.984375 60.28125 88.25 74.125 102.09375 
185.046875 213.328125 67.90625 96.1875 54.25 82.53125 
171.625 200.375 59.46875 88.21875 66.6875 95.4375 
229.171875 257.84375 63.515625 92.1875 70.203125 98.875 
204.53125 232.5 65.90625 93.875 65.296875 93.265625 
205.515625 232.0 64.4375 90.921875 62.984375 89.46875 
220.75 252.546875 61.75 93.546875 59.515625 91.3125 
179.328125 209.40625 59.828125 89.90625 67.171875 97.25 
148.484375 174.1875 61.421875 87.125 53.265625 78.96875 
306.125 337.21875 62.1875 93.28125 63.28125 94.375 
250.15625 279.6875 54.734375 84.265625 61.8125 91.34375 
107.4375 133.296875 64.3125 90.171875 49.15625 75.015625 
299.0 329.3125 68.765625 99.078125 77.21875 107.53125 
117.421875 144.375 63.90625 90.859375 56.34375 83.296875 
151.28125 178.390625 62.8125 89.921875 61.140625 88.25 
246.5625 274.375 63.203125 91.015625 56.21875 84.03125 
178.734375 207.171875 62.6875 91.125 64.4375 92.875 
171.578125 200.5625 63.671875 92.65625 65.828125 94.8125 
