3123.6704545454545 3153.471590909091 144.32386363636363 174.125 281.34090909090907 311.14204545454544 
2847.7045454545455 2875.943181818182 123.88068181818181 152.1193181818182 205.54545454545453 233.7840909090909 
3125.5852272727275 3154.7613636363635 139.98863636363637 169.16477272727272 223.6534090909091 252.82954545454547 
3140.3011363636365 3168.4829545454545 162.7784090909091 190.96022727272728 239.5625 267.7443181818182 
3174.625 3203.630681818182 267.85227272727275 296.85795454545456 389.1136363636364 418.1193181818182 
2859.7272727272725 2888.0511363636365 124.125 152.44886363636363 272.03977272727275 300.3636363636364 
3239.346590909091 3267.6420454545455 153.21022727272728 181.5056818181818 173.7215909090909 202.01704545454547 
3128.431818181818 3157.6079545454545 141.7215909090909 170.89772727272728 205.875 235.05113636363637 
2928.818181818182 2958.5625 144.07386363636363 173.8181818181818 240.97727272727272 270.72159090909093 
3034.625 3062.8920454545455 161.92613636363637 190.1931818181818 198.88636363636363 227.1534090909091 
3116.0511363636365 3144.346590909091 135.36363636363637 163.6590909090909 216.73295454545453 245.0284090909091 
3015.5795454545455 3045.0113636363635 166.22727272727272 195.6590909090909 245.4659090909091 274.89772727272725 
2854.568181818182 2880.7897727272725 148.80113636363637 175.02272727272728 218.60227272727272 244.82386363636363 
2890.278409090909 2919.0852272727275 177.9090909090909 206.7159090909091 196.8693181818182 225.67613636363637 
3164.2386363636365 3193.556818181818 163.48295454545453 192.80113636363637 276.17045454545456 305.4886363636364 
3169.0625 3198.181818181818 170.0 199.1193181818182 228.1534090909091 257.27272727272725 
2964.5625 2993.1988636363635 162.58522727272728 191.2215909090909 252.46022727272728 281.09659090909093 
2953.2670454545455 2980.7954545454545 143.10227272727272 170.6306818181818 237.4715909090909 265.0 
2998.2102272727275 3025.340909090909 121.02272727272727 148.1534090909091 203.7215909090909 230.85227272727272 
3125.2386363636365 3154.0170454545455 137.48863636363637 166.26704545454547 183.13636363636363 211.91477272727272 
3004.193181818182 3032.2613636363635 149.0909090909091 177.1590909090909 203.79545454545453 231.86363636363637 
3110.3011363636365 3138.880681818182 132.10227272727272 160.6818181818182 255.64204545454547 284.22159090909093 
3199.7045454545455 3227.659090909091 193.6818181818182 221.63636363636363 249.64772727272728 277.60227272727275 
2970.1136363636365 2999.005681818182 156.20454545454547 185.0965909090909 180.45454545454547 209.3465909090909 
2966.630681818182 2995.380681818182 139.94886363636363 168.69886363636363 265.15340909090907 293.90340909090907 
2975.8238636363635 3004.2045454545455 125.91477272727273 154.29545454545453 217.98295454545453 246.36363636363637 
3111.5795454545455 3139.619318181818 150.46022727272728 178.5 179.70454545454547 207.7443181818182 
3126.465909090909 3154.505681818182 135.4943181818182 163.5340909090909 287.28409090909093 315.3238636363636 
3276.0 3304.9204545454545 128.54545454545453 157.4659090909091 234.8068181818182 263.72727272727275 
2895.6647727272725 2923.6477272727275 143.47727272727272 171.46022727272728 272.0625 300.04545454545456 
3194.4147727272725 3224.0170454545455 127.44318181818181 157.04545454545453 232.08522727272728 261.6875 
2988.0227272727275 3017.0 112.36363636363636 141.3409090909091 199.67045454545453 228.64772727272728 
2956.1477272727275 2984.0454545454545 132.1875 160.08522727272728 222.6818181818182 250.57954545454547 
3101.9375 3130.0625 136.5909090909091 164.7159090909091 266.9943181818182 295.1193181818182 
3035.3636363636365 3064.2272727272725 136.60227272727272 165.4659090909091 225.36363636363637 254.22727272727272 
3169.5511363636365 3198.0170454545455 195.53977272727272 224.0056818181818 240.17613636363637 268.64204545454544 
3023.2329545454545 3051.443181818182 158.07386363636363 186.2840909090909 319.3125 347.52272727272725 
2930.681818181818 2958.380681818182 145.05113636363637 172.75 175.0568181818182 202.7556818181818 
3142.1079545454545 3170.6022727272725 125.66477272727273 154.1590909090909 182.44886363636363 210.9431818181818 
2954.6420454545455 2982.965909090909 138.2443181818182 166.5681818181818 264.98295454545456 293.3068181818182 
3144.6704545454545 3173.306818181818 136.20454545454547 164.8409090909091 349.10227272727275 377.7386363636364 
2868.2102272727275 2895.653409090909 124.55681818181819 152.0 234.1193181818182 261.5625 
3015.125 3043.875 139.1590909090909 167.9090909090909 212.6818181818182 241.4318181818182 
3204.1022727272725 3233.4204545454545 232.7159090909091 262.03409090909093 270.8068181818182 300.125 
3224.9375 3253.6875 146.2443181818182 174.9943181818182 250.73295454545453 279.48295454545456 
3254.818181818182 3284.5625 144.52272727272728 174.26704545454547 218.51136363636363 248.2556818181818 
2756.715909090909 2784.1875 134.8181818181818 162.28977272727272 175.29545454545453 202.76704545454547 
3209.3977272727275 3238.2897727272725 145.23295454545453 174.125 191.4431818181818 220.33522727272728 
2900.3636363636365 2927.5795454545455 140.39204545454547 167.60795454545453 196.61363636363637 223.82954545454547 
2983.193181818182 3012.028409090909 150.82386363636363 179.6590909090909 254.67045454545453 283.5056818181818 
