4072.2227488151657 4100.943127962085 263.5687203791469 292.28909952606637 496.18009478672985 524.9004739336493 
3748.8530805687205 3776.6729857819905 246.49763033175356 274.3175355450237 283.8056872037915 311.6255924170616 
3896.1895734597156 3924.1990521327016 226.6824644549763 254.69194312796208 298.2037914691943 326.2132701421801 
3959.5023696682465 3986.4928909952605 223.88625592417063 250.87677725118485 310.4739336492891 337.46445497630333 
3987.6398104265404 4015.9336492890993 213.4265402843602 241.72037914691944 352.97156398104266 381.2654028436019 
4014.9241706161138 4043.170616113744 258.563981042654 286.81042654028437 435.09004739336496 463.33649289099526 
4245.5023696682465 4274.03317535545 291.478672985782 320.0094786729858 511.2132701421801 539.7440758293839 
3910.042654028436 3939.2369668246447 239.218009478673 268.4123222748815 402.436018957346 431.6303317535545 
4063.9810426540284 4091.516587677725 271.7156398104265 299.25118483412325 339.7867298578199 367.3222748815166 
3870.9241706161138 3899.383886255924 254.6824644549763 283.14218009478674 324.3127962085308 352.77251184834125 
3949.303317535545 3977.383886255924 190.81042654028437 218.89099526066352 341.7914691943128 369.87203791469193 
3887.563981042654 3915.739336492891 216.14218009478674 244.3175355450237 309.436018957346 337.61137440758296 
3855.6635071090045 3884.478672985782 250.81042654028437 279.6255924170616 344.6919431279621 373.50710900473933 
3994.127962085308 4022.895734597156 242.83412322274881 271.6018957345972 271.49763033175356 300.2654028436019 
4142.137440758293 4170.857819905214 397.81516587677726 426.53554502369667 523.4407582938388 552.1611374407582 
4037.521327014218 4066.8104265402844 229.38388625592418 258.6729857819905 356.97630331753555 386.2654028436019 
4379.080568720379 4409.672985781991 213.38862559241707 243.98104265402844 431.521327014218 462.1137440758294 
3753.796208530806 3780.9763033175354 263.563981042654 290.74407582938386 384.7203791469194 411.90047393364927 
4137.881516587678 4166.127962085308 252.23222748815166 280.478672985782 432.8341232227488 461.0805687203791 
3983.0236966824646 4010.701421800948 222.5165876777251 250.19431279620852 416.22274881516586 443.90047393364927 
4059.1563981042655 4087.4028436018957 188.55450236966826 216.8009478672986 336.33649289099526 364.58293838862556 
3984.857819905213 4012.796208530806 216.3175355450237 244.2559241706161 368.0094786729858 395.9478672985782 
4370.417061611374 4400.985781990521 245.33649289099526 275.90521327014216 311.76777251184836 342.33649289099526 
4154.104265402843 4183.914691943128 253.0521327014218 282.86255924170615 371.90047393364927 401.71090047393363 
4024.5071090047395 4052.3981042654027 258.7914691943128 286.6824644549763 435.9526066350711 463.8436018957346 
3983.3317535545025 4011.127962085308 293.6919431279621 321.4881516587678 299.61137440758296 327.4075829383886 
4064.3364928909955 4093.2464454976302 258.54502369668245 287.45497630331755 362.22748815165875 391.13744075829385 
3711.791469194313 3739.2559241706163 204.81042654028437 232.27488151658767 401.0568720379147 428.521327014218 
3409.1232227488154 3435.7109004739336 277.54028436018956 304.12796208530807 354.8341232227488 381.4218009478673 
3990.8909952606637 4018.616113744076 260.7298578199052 288.45497630331755 525.4644549763033 553.1895734597157 
3741.0189573459716 3768.127962085308 294.0 321.1090047393365 349.66824644549763 376.77725118483414 
4310.308056872038 4339.691943127962 168.40758293838863 197.79146919431278 379.2417061611374 408.6255924170616 
4151.080568720379 4180.1563981042655 250.739336492891 279.81516587677726 425.5118483412322 454.5876777251185 
3900.3744075829386 3927.8151658767774 261.8530805687204 289.29383886255926 279.8767772511848 307.3175355450237 
4549.706161137441 4579.587677725119 279.97630331753555 309.85781990521326 419.4454976303318 449.3270142180095 
3982.862559241706 4011.39336492891 288.70142180094786 317.23222748815164 387.81516587677726 416.34597156398104 
3872.7725118483413 3901.445497630332 296.1563981042654 324.8293838862559 410.0473933649289 438.7203791469194 
4308.710900473934 4338.023696682464 215.7867298578199 245.0995260663507 251.24644549763033 280.5592417061611 
3919.03317535545 3947.5876777251183 256.7630331753555 285.3175355450237 388.39336492890993 416.9478672985782 
3835.4976303317535 3863.6255924170614 317.478672985782 345.60663507109007 385.09478672985784 413.22274881516586 
3509.7061611374406 3537.0758293838862 201.60189573459715 228.97156398104266 250.77251184834122 278.14218009478674 
3781.796208530806 3809.355450236967 176.66350710900474 204.2227488151659 307.4123222748815 334.97156398104266 
4087.3601895734596 4115.914691943128 334.4691943127962 363.02369668246445 390.70142180094786 419.25592417061614 
4382.744075829384 4411.8436018957345 317.5260663507109 346.6255924170616 525.1374407582938 554.2369668246446 
4020.0236966824646 4048.696682464455 227.63033175355451 256.30331753554503 439.81042654028437 468.4834123222749 
3971.559241706161 4000.1848341232226 243.23696682464455 271.86255924170615 314.521327014218 343.1469194312796 
4173.772511848341 4203.1563981042655 219.72985781990522 249.11374407582937 341.2369668246445 370.62085308056874 
4074.4075829383887 4102.39336492891 248.7440758293839 276.7298578199052 337.41706161137444 365.4028436018957 
4329.0663507109 4358.734597156398 297.8767772511848 327.54502369668245 404.5876777251185 434.25592417061614 
3960.1990521327016 3987.8056872037914 206.3601895734597 233.96682464454977 304.53554502369667 332.14218009478674 
