48.85294117647059 76.94117647058823 59.294117647058826 87.38235294117646 32.8235294117647 60.911764705882355 
45.029411764705884 71.05882352941177 59.088235294117645 85.11764705882354 32.8235294117647 58.85294117647059 
51.73529411764706 84.23529411764706 51.6764705882353 84.17647058823529 40.411764705882355 72.91176470588235 
43.705882352941174 71.79411764705883 46.35294117647059 74.44117647058823 33.470588235294116 61.55882352941177 
37.94117647058823 65.58823529411765 47.911764705882355 75.55882352941177 32.38235294117647 60.029411764705884 
42.588235294117645 66.8529411764706 40.38235294117647 64.6470588235294 33.76470588235294 58.029411764705884 
59.970588235294116 88.20588235294117 53.705882352941174 81.94117647058823 46.35294117647059 74.58823529411765 
39.3235294117647 65.94117647058823 50.35294117647059 76.97058823529412 31.970588235294116 58.588235294117645 
36.94117647058823 60.470588235294116 43.61764705882353 67.1470588235294 30.764705882352942 54.294117647058826 
80.67647058823529 109.6470588235294 56.11764705882353 85.08823529411765 48.470588235294116 77.44117647058823 
62.529411764705884 91.3529411764706 48.5 77.32352941176471 43.411764705882355 72.23529411764706 
37.88235294117647 65.52941176470588 63.3235294117647 90.97058823529412 32.88235294117647 60.529411764705884 
69.5 98.61764705882354 58.294117647058826 87.41176470588235 48.470588235294116 77.58823529411765 
54.14705882352941 81.20588235294117 50.55882352941177 77.61764705882354 42.6764705882353 69.73529411764706 
54.088235294117645 82.02941176470588 64.08823529411765 92.02941176470588 40.411764705882355 68.3529411764706 
70.20588235294117 99.76470588235294 45.88235294117647 75.44117647058823 39.44117647058823 69.0 
121.1470588235294 151.0 52.35294117647059 82.20588235294117 40.85294117647059 70.70588235294117 
51.88235294117647 80.70588235294117 54.970588235294116 83.79411764705883 38.11764705882353 66.94117647058823 
52.05882352941177 82.5 50.26470588235294 80.70588235294117 39.26470588235294 69.70588235294117 
96.6470588235294 125.32352941176471 67.47058823529412 96.1470588235294 44.0 72.67647058823529 
49.14705882352941 78.41176470588235 47.529411764705884 76.79411764705883 37.35294117647059 66.61764705882354 
46.11764705882353 76.41176470588235 54.38235294117647 84.67647058823529 35.529411764705884 65.82352941176471 
77.3529411764706 104.55882352941177 56.088235294117645 83.29411764705883 53.44117647058823 80.6470588235294 
66.6470588235294 93.11764705882354 56.294117647058826 82.76470588235294 52.529411764705884 79.0 
57.205882352941174 83.23529411764706 61.05882352941177 87.08823529411765 41.61764705882353 67.6470588235294 
47.970588235294116 75.61764705882354 55.64705882352941 83.29411764705883 40.1764705882353 67.82352941176471 
65.8529411764706 96.58823529411765 44.76470588235294 75.5 36.0 66.73529411764706 
58.26470588235294 86.79411764705883 63.294117647058826 91.82352941176471 33.529411764705884 62.05882352941177 
86.29411764705883 112.02941176470588 61.35294117647059 87.08823529411765 49.529411764705884 75.26470588235294 
39.411764705882355 66.17647058823529 56.0 82.76470588235294 31.470588235294116 58.23529411764706 
41.85294117647059 67.0 51.529411764705884 76.67647058823529 37.14705882352941 62.294117647058826 
51.588235294117645 76.1470588235294 48.76470588235294 73.32352941176471 40.55882352941177 65.11764705882354 
48.85294117647059 79.73529411764706 52.73529411764706 83.61764705882354 37.029411764705884 67.91176470588235 
46.088235294117645 75.20588235294117 47.76470588235294 76.88235294117646 38.6764705882353 67.79411764705883 
34.76470588235294 64.32352941176471 54.26470588235294 83.82352941176471 29.176470588235293 58.73529411764706 
59.76470588235294 89.91176470588235 51.61764705882353 81.76470588235294 41.588235294117645 71.73529411764706 
54.705882352941174 83.38235294117646 43.44117647058823 72.11764705882354 47.794117647058826 76.47058823529412 
38.23529411764706 66.02941176470588 47.029411764705884 74.82352941176471 27.058823529411764 54.85294117647059 
42.85294117647059 70.94117647058823 58.088235294117645 86.17647058823529 35.205882352941174 63.294117647058826 
51.05882352941177 78.70588235294117 45.6764705882353 73.32352941176471 38.294117647058826 65.94117647058823 
65.1470588235294 93.52941176470588 49.64705882352941 78.02941176470588 52.5 80.88235294117646 
49.85294117647059 78.38235294117646 48.94117647058823 77.47058823529412 31.852941176470587 60.38235294117647 
53.85294117647059 83.70588235294117 51.44117647058823 81.29411764705883 44.14705882352941 74.0 
56.8235294117647 86.67647058823529 53.529411764705884 83.38235294117646 41.3235294117647 71.17647058823529 
42.1764705882353 68.05882352941177 55.3235294117647 81.20588235294117 32.911764705882355 58.794117647058826 
58.38235294117647 83.97058823529412 52.05882352941177 77.6470588235294 47.88235294117647 73.47058823529412 
45.55882352941177 74.67647058823529 67.02941176470588 96.1470588235294 35.470588235294116 64.58823529411765 
43.0 67.70588235294117 45.05882352941177 69.76470588235294 33.88235294117647 58.588235294117645 
63.794117647058826 93.3529411764706 43.911764705882355 73.47058823529412 50.3235294117647 79.88235294117646 
96.29411764705883 126.88235294117646 65.94117647058823 96.52941176470588 56.5 87.08823529411765 
