42.65384615384615 71.6923076923077 48.65384615384615 77.6923076923077 33.03846153846154 62.07692307692308 
41.5 69.38461538461539 50.80769230769231 78.6923076923077 33.03846153846154 60.92307692307692 
38.26923076923077 64.8076923076923 57.23076923076923 83.76923076923077 30.76923076923077 57.30769230769231 
32.30769230769231 57.69230769230769 49.30769230769231 74.6923076923077 27.307692307692307 52.69230769230769 
53.61538461538461 84.38461538461539 51.26923076923077 82.03846153846153 36.69230769230769 67.46153846153847 
37.96153846153846 62.57692307692308 57.30769230769231 81.92307692307692 32.57692307692308 57.19230769230769 
65.57692307692308 96.73076923076923 54.34615384615385 85.5 38.84615384615385 70.0 
45.11538461538461 75.6923076923077 50.0 80.57692307692308 31.192307692307693 61.76923076923077 
46.57692307692308 71.96153846153847 67.23076923076923 92.61538461538461 42.73076923076923 68.11538461538461 
37.11538461538461 63.65384615384615 44.69230769230769 71.23076923076923 30.384615384615383 56.92307692307692 
31.653846153846153 57.42307692307692 65.92307692307692 91.6923076923077 26.26923076923077 52.03846153846154 
41.76923076923077 71.1923076923077 51.19230769230769 80.61538461538461 36.76923076923077 66.1923076923077 
60.46153846153846 93.15384615384616 54.15384615384615 86.84615384615384 40.42307692307692 73.11538461538461 
45.73076923076923 73.23076923076923 42.65384615384615 70.15384615384616 38.42307692307692 65.92307692307692 
41.61538461538461 70.65384615384616 49.0 78.03846153846153 34.11538461538461 63.15384615384615 
32.46153846153846 62.26923076923077 46.07692307692308 75.88461538461539 28.23076923076923 58.03846153846154 
56.0 84.84615384615384 47.65384615384615 76.5 45.42307692307692 74.26923076923077 
40.61538461538461 64.84615384615384 48.23076923076923 72.46153846153847 33.38461538461539 57.61538461538461 
43.42307692307692 72.07692307692308 52.0 80.65384615384616 37.23076923076923 65.88461538461539 
45.0 72.88461538461539 57.11538461538461 85.0 31.53846153846154 59.42307692307692 
44.92307692307692 77.8076923076923 54.38461538461539 87.26923076923077 32.26923076923077 65.15384615384616 
34.0 58.23076923076923 43.57692307692308 67.8076923076923 28.23076923076923 52.46153846153846 
45.38461538461539 71.34615384615384 44.15384615384615 70.11538461538461 39.61538461538461 65.57692307692308 
60.53846153846154 91.11538461538461 48.03846153846154 78.61538461538461 45.65384615384615 76.23076923076923 
44.84615384615385 74.84615384615384 49.03846153846154 79.03846153846153 36.38461538461539 66.38461538461539 
52.03846153846154 76.84615384615384 57.23076923076923 82.03846153846153 40.11538461538461 64.92307692307692 
42.88461538461539 72.6923076923077 44.38461538461539 74.1923076923077 30.5 60.30769230769231 
31.384615384615383 59.07692307692308 53.15384615384615 80.84615384615384 22.923076923076923 50.61538461538461 
52.53846153846154 80.42307692307692 55.96153846153846 83.84615384615384 39.26923076923077 67.15384615384616 
48.80769230769231 75.53846153846153 58.57692307692308 85.3076923076923 38.42307692307692 65.15384615384616 
46.30769230769231 75.15384615384616 51.76923076923077 80.61538461538461 39.19230769230769 68.03846153846153 
48.88461538461539 79.07692307692308 49.42307692307692 79.61538461538461 37.88461538461539 68.07692307692308 
35.96153846153846 66.53846153846153 56.57692307692308 87.15384615384616 30.96153846153846 61.53846153846154 
37.15384615384615 62.73076923076923 46.26923076923077 71.84615384615384 29.846153846153847 55.42307692307692 
54.30769230769231 82.57692307692308 54.92307692307692 83.1923076923077 44.30769230769231 72.57692307692308 
46.15384615384615 73.07692307692308 61.23076923076923 88.15384615384616 36.73076923076923 63.65384615384615 
49.96153846153846 79.38461538461539 45.73076923076923 75.15384615384616 36.11538461538461 65.53846153846153 
34.80769230769231 60.57692307692308 54.57692307692308 80.34615384615384 26.73076923076923 52.5 
46.46153846153846 78.1923076923077 48.15384615384615 79.88461538461539 40.88461538461539 72.61538461538461 
44.84615384615385 72.53846153846153 44.69230769230769 72.38461538461539 40.84615384615385 68.53846153846153 
54.23076923076923 83.84615384615384 49.38461538461539 79.0 32.69230769230769 62.30769230769231 
43.84615384615385 72.5 37.88461538461539 66.53846153846153 30.76923076923077 59.42307692307692 
47.07692307692308 79.0 41.30769230769231 73.23076923076923 31.384615384615383 63.30769230769231 
67.11538461538461 98.26923076923077 64.42307692307692 95.57692307692308 48.30769230769231 79.46153846153847 
37.84615384615385 64.96153846153847 59.73076923076923 86.84615384615384 30.53846153846154 57.65384615384615 
36.26923076923077 66.26923076923077 48.07692307692308 78.07692307692308 30.307692307692307 60.30769230769231 
55.5 85.11538461538461 57.57692307692308 87.1923076923077 35.5 65.11538461538461 
39.15384615384615 67.03846153846153 46.38461538461539 74.26923076923077 27.73076923076923 55.61538461538461 
45.76923076923077 71.34615384615384 44.57692307692308 70.15384615384616 35.38461538461539 60.96153846153846 
35.57692307692308 63.84615384615385 59.88461538461539 88.15384615384616 27.5 55.76923076923077 
