4214.646766169154 4243.477611940299 267.0696517412935 295.9004975124378 358.4029850746269 387.23383084577114 
3807.6517412935323 3836.6567164179105 272.85074626865674 301.8557213930348 415.6865671641791 444.69154228855723 
3752.7213930348257 3781.7014925373132 210.61194029850745 239.59203980099502 394.93532338308455 423.9154228855721 
3592.7014925373132 3621.258706467662 213.12935323383084 241.6865671641791 492.37810945273634 520.9353233830846 
3728.313432835821 3756.771144278607 222.3084577114428 250.76616915422886 436.14925373134326 464.60696517412936 
3752.870646766169 3780.9303482587065 218.96019900497512 247.01990049751242 292.0995024875622 320.1592039800995 
3821.407960199005 3850.5621890547263 193.98507462686567 223.13930348258705 338.0 367.1542288557214 
3757.726368159204 3785.8855721393033 201.273631840796 229.43283582089552 340.7363184079602 368.8955223880597 
3502.6965174129355 3529.064676616915 175.45273631840797 201.82089552238807 363.51741293532336 389.88557213930346 
3931.36815920398 3960.4726368159204 161.43781094527364 190.54228855721394 304.8756218905473 333.9800995024876 
3819.5671641791046 3848.0 195.6865671641791 224.11940298507463 338.19900497512435 366.6318407960199 
3656.2437810945275 3684.4776119402986 197.3134328358209 225.54726368159203 267.12935323383084 295.363184079602 
3821.273631840796 3850.427860696517 315.452736318408 344.60696517412936 395.8756218905473 425.02985074626866 
3538.089552238806 3565.776119402985 250.4228855721393 278.1094527363184 446.32338308457713 474.00995024875624 
3950.5223880597014 3978.134328358209 334.35820895522386 361.97014925373134 415.97014925373134 443.5820895522388 
3787.218905472637 3815.228855721393 274.1442786069652 302.1542288557214 353.5124378109453 381.5223880597015 
3549.7114427860697 3579.1641791044776 179.07960199004975 208.53233830845772 263.9651741293532 293.4179104477612 
3582.233830845771 3609.6716417910447 203.60696517412936 231.044776119403 253.75124378109453 281.18905472636817 
3611.597014925373 3638.6616915422887 206.8507462686567 233.91542288557213 365.60199004975124 392.6666666666667 
3514.054726368159 3541.8407960199006 216.33830845771143 244.12437810945275 291.44278606965173 319.228855721393 
3822.7860696517414 3851.318407960199 181.4228855721393 209.955223880597 302.96019900497515 331.4925373134328 
3915.547263681592 3944.427860696517 174.65671641791045 203.53731343283582 319.4029850746269 348.2835820895522 
4123.0696517412935 4152.348258706467 202.01492537313433 231.29353233830847 338.0199004975124 367.2985074626866 
3647.3880597014927 3674.776119402985 231.044776119403 258.43283582089555 323.6318407960199 351.0199004975124 
3622.741293532338 3650.5771144278606 202.1592039800995 229.99502487562188 307.04477611940297 334.8805970149254 
3765.5223880597014 3794.228855721393 200.92537313432837 229.6318407960199 314.55223880597015 343.2587064676617 
3694.726368159204 3724.07960199005 208.10945273631842 237.46268656716418 328.18407960199005 357.53731343283584 
3646.089552238806 3674.1741293532336 186.18905472636817 214.273631840796 273.8756218905473 301.96019900497515 
3405.457711442786 3432.6716417910447 163.81592039800995 191.02985074626866 271.30348258706465 298.51741293532336 
3692.0298507462685 3720.4378109452737 253.33830845771143 281.74626865671644 401.40796019900495 429.81592039800995 
3903.950248756219 3934.497512437811 316.04477611940297 346.59203980099505 425.0696517412935 455.6169154228856 
3687.6517412935323 3715.7860696517414 250.5174129353234 278.6517412935323 365.88557213930346 394.0199004975124 
3620.4378109452737 3647.776119402985 165.681592039801 193.01990049751242 241.40796019900498 268.74626865671644 
3624.781094527363 3652.218905472637 146.71641791044777 174.15422885572139 214.45771144278606 241.8955223880597 
4135.114427860696 4164.666666666667 245.87562189054725 275.4278606965174 384.29353233830847 413.8457711442786 
3548.2985074626868 3576.6567164179105 220.87562189054725 249.23383084577114 389.0199004975124 417.37810945273634 
3999.1641791044776 4028.467661691542 179.06965174129354 208.37313432835822 266.452736318408 295.7562189054726 
3787.3283582089553 3815.0149253731342 230.5870646766169 258.27363184079604 357.0049751243781 384.69154228855723 
3647.990049751244 3677.791044776119 201.87562189054725 231.6766169154229 285.4278606965174 315.228855721393 
3676.139303482587 3703.950248756219 191.18905472636817 219.0 337.95522388059703 365.76616915422886 
3365.2935323383085 3392.457711442786 259.39303482587064 286.55721393034827 364.92039800995025 392.0845771144279 
3742.6616915422887 3770.3482587064677 206.37313432835822 234.0597014925373 349.55223880597015 377.23880597014926 
3816.1492537313434 3844.9800995024875 287.7014925373134 316.5323383084577 422.09452736318406 450.92537313432837 
3737.6119402985073 3765.572139303483 260.0696517412935 288.02985074626866 287.88557213930346 315.8457711442786 
3527.8407960199006 3556.8457711442784 238.71144278606965 267.7164179104478 295.7761194029851 324.78109452736317 
3920.741293532338 3949.771144278607 226.03980099502488 255.06965174129354 352.00995024875624 381.03980099502485 
3352.8507462686566 3380.064676616915 190.61194029850745 217.82587064676616 245.46268656716418 272.67661691542287 
3806.8805970149256 3834.0696517412935 171.33333333333334 198.52238805970148 294.6666666666667 321.8557213930348 
3697.4825870646764 3725.716417910448 200.75124378109453 228.98507462686567 280.4925373134328 308.72636815920396 
3622.4825870646764 3651.1890547263683 188.7860696517413 217.49253731343285 241.2636815920398 269.97014925373134 
