4192.980676328502 4222.884057971014 229.84057971014494 259.743961352657 416.4347826086956 446.33816425120773 
4023.7294685990337 4051.845410628019 212.84541062801932 240.96135265700482 410.0338164251208 438.1497584541063 
3694.3429951690823 3722.072463768116 258.256038647343 285.9855072463768 404.56038647342996 432.28985507246375 
4142.768115942029 4171.053140096618 254.8985507246377 283.1835748792271 404.0 432.2850241545894 
3875.2705314009663 3903.169082125604 303.2850241545894 331.1835748792271 459.06280193236717 486.96135265700485 
3889.280193236715 3918.096618357488 204.11111111111111 232.92753623188406 423.2173913043478 452.0338164251208 
3514.768115942029 3541.4106280193237 217.29951690821255 243.94202898550725 345.3719806763285 372.0144927536232 
3634.1062801932367 3661.8357487922704 193.57487922705315 221.30434782608697 386.0144927536232 413.743961352657 
3916.7487922705313 3945.927536231884 240.79227053140096 269.9710144927536 326.67632850241546 355.8550724637681 
3852.6570048309177 3880.7004830917876 168.2173913043478 196.2608695652174 312.34299516908214 340.3864734299517 
4033.3333333333335 4062.0531400966183 222.06763285024155 250.78743961352657 365.8695652173913 394.58937198067633 
3683.8212560386473 3711.4057971014495 245.4927536231884 273.07729468599035 356.93719806763283 384.5217391304348 
3680.5314009661834 3708.526570048309 213.58937198067633 241.58454106280195 332.39130434782606 360.3864734299517 
3908.613526570048 3936.004830917874 267.80193236714973 295.19323671497585 379.41062801932367 406.80193236714973 
3803.3719806763283 3831.92270531401 227.89371980676327 256.44444444444446 296.19806763285027 324.7487922705314 
3801.1739130434785 3829.8212560386473 196.56521739130434 225.21256038647343 410.231884057971 438.8792270531401 
3954.8067632850243 3982.9468599033817 211.83574879227052 239.975845410628 326.6666666666667 354.80676328502415 
4024.613526570048 4052.415458937198 207.83574879227052 235.63768115942028 353.768115942029 381.57004830917873 
3776.9565217391305 3805.096618357488 285.07729468599035 313.2173913043478 425.0966183574879 453.2367149758454 
3955.521739130435 3984.386473429952 224.46859903381642 253.33333333333334 326.65700483091786 355.5217391304348 
3879.975845410628 3908.647342995169 199.17874396135267 227.8502415458937 280.4347826086956 309.1062801932367 
3775.2028985507245 3803.92270531401 281.80193236714973 310.5217391304348 301.94202898550725 330.66183574879227 
3913.753623188406 3943.294685990338 299.9855072463768 329.52657004830917 466.77294685990336 496.31400966183577 
3856.386473429952 3884.985507246377 229.96618357487924 258.5652173913044 376.55555555555554 405.15458937198065 
3900.0917874396137 3928.9323671497586 226.5024154589372 255.34299516908212 373.78743961352654 402.6280193236715 
3993.3719806763283 4023.4927536231885 278.0193236714976 308.14009661835746 384.7971014492754 414.9178743961353 
3518.3333333333335 3545.942028985507 190.7584541062802 218.3671497584541 342.22222222222223 369.8309178743961 
3972.990338164251 4001.2995169082124 284.8985507246377 313.20772946859904 336.7342995169082 365.04347826086956 
3710.024154589372 3737.07729468599 242.8647342995169 269.9178743961353 304.05797101449275 331.1111111111111 
3971.9323671497586 4001.4975845410627 247.94202898550725 277.5072463768116 410.45893719806764 440.02415458937196 
3951.690821256039 3981.231884057971 218.3719806763285 247.91304347826087 373.40579710144925 402.94685990338166 
4007.2753623188405 4036.3333333333335 219.20772946859904 248.2657004830918 368.6521739130435 397.71014492753625 
3894.3236714975847 3921.618357487923 262.7294685990338 290.02415458937196 368.45410628019323 395.7487922705314 
3646.985507246377 3675.222222222222 172.67632850241546 200.91304347826087 295.9951690821256 324.231884057971 
3629.314009661836 3655.9806763285023 214.35265700483092 241.01932367149757 355.42512077294685 382.09178743961354 
3593.454106280193 3621.7391304347825 260.31400966183577 288.5990338164251 381.4975845410628 409.7826086956522 
4037.5700483091787 4065.903381642512 263.9033816425121 292.2367149758454 356.19323671497585 384.52657004830917 
4015.096618357488 4044.154589371981 192.48792270531402 221.54589371980677 251.78743961352657 280.84541062801935 
3637.1111111111113 3664.2125603864733 163.29951690821255 190.40096618357487 292.0144927536232 319.1159420289855 
4215.371980676328 4243.43961352657 254.72946859903382 282.7971014492754 423.3671497584541 451.4347826086956 
3778.92270531401 3806.8212560386473 200.9951690821256 228.89371980676327 356.33816425120773 384.2367149758454 
3807.56038647343 3833.671497584541 198.08212560386474 224.19323671497585 370.5314009661836 396.64251207729467 
3738.1932367149757 3765.777777777778 161.10628019323673 188.69082125603865 316.04347826086956 343.6280193236715 
3928.458937198068 3957.3719806763283 174.4830917874396 203.39613526570048 268.24154589371983 297.15458937198065 
3885.5942028985505 3914.4106280193237 256.45410628019323 285.2705314009662 412.6231884057971 441.43961352657004 
3763.9806763285023 3793.0386473429953 170.98067632850243 200.03864734299518 297.048309178744 326.1062801932367 
3850.487922705314 3878.314009661836 232.67149758454107 260.4975845410628 363.07246376811594 390.8985507246377 
4139.555555555556 4168.758454106281 267.79227053140096 296.9951690821256 400.9323671497585 430.1352657004831 
3607.690821256039 3635.75845410628 237.10628019323673 265.17391304347825 386.7971014492754 414.8647342995169 
3983.4444444444443 4011.8985507246375 222.30917874396135 250.76328502415458 378.97584541062804 407.42995169082127 
