1652.1583333333333 1680.1166666666666 81.825 109.78333333333333 127.90833333333333 155.86666666666667 
1329.5083333333334 1356.8 92.21666666666667 119.50833333333334 112.825 140.11666666666667 
1442.425 1470.425 77.06666666666666 105.06666666666666 134.50833333333333 162.50833333333333 
1397.6666666666667 1426.7916666666667 79.5 108.625 131.1 160.225 
1624.875 1653.5833333333333 102.29166666666667 131.0 118.95833333333333 147.66666666666666 
1405.4083333333333 1434.1166666666666 93.40833333333333 122.11666666666666 114.25833333333334 142.96666666666667 
1506.2916666666667 1533.25 92.83333333333333 119.79166666666667 118.95833333333333 145.91666666666666 
1362.4416666666666 1389.025 86.73333333333333 113.31666666666666 104.93333333333334 131.51666666666668 
1622.0166666666667 1651.1416666666667 92.49166666666666 121.61666666666666 145.1 174.225 
1371.85 1400.4333333333334 89.14166666666667 117.725 119.98333333333333 148.56666666666666 
1736.25 1765.5833333333333 83.3 112.63333333333334 132.16666666666666 161.5 
1429.425 1456.9666666666667 82.175 109.71666666666667 132.24166666666667 159.78333333333333 
1555.4333333333334 1584.8916666666667 85.26666666666667 114.725 128.6 158.05833333333334 
1489.25 1518.4166666666667 87.89166666666667 117.05833333333334 116.0 145.16666666666666 
1560.575 1588.7416666666666 91.15833333333333 119.325 120.49166666666666 148.65833333333333 
1368.0333333333333 1396.4916666666666 83.99166666666666 112.45 120.7 149.15833333333333 
1534.0916666666667 1562.2166666666667 71.46666666666667 99.59166666666667 105.925 134.05 
1351.95 1378.7 90.49166666666666 117.24166666666666 108.325 135.075 
1586.9416666666666 1616.65 90.74166666666666 120.45 113.46666666666667 143.175 
1608.15 1635.4416666666666 86.48333333333333 113.775 139.06666666666666 166.35833333333332 
1479.0083333333334 1504.925 86.13333333333334 112.05 117.59166666666667 143.50833333333333 
1490.2833333333333 1519.6583333333333 77.76666666666667 107.14166666666667 129.9 159.275 
1501.7916666666667 1529.125 81.125 108.45833333333333 112.925 140.25833333333333 
1622.9083333333333 1652.9916666666666 92.90833333333333 122.99166666666666 115.675 145.75833333333333 
1316.6833333333334 1343.7666666666667 89.73333333333333 116.81666666666666 96.18333333333334 123.26666666666667 
1499.775 1528.025 83.06666666666666 111.31666666666666 103.60833333333333 131.85833333333332 
1424.575 1451.4916666666666 87.53333333333333 114.45 122.06666666666666 148.98333333333332 
1625.3833333333334 1654.05 90.675 119.34166666666667 136.85 165.51666666666668 
1373.3333333333333 1401.0416666666667 93.08333333333333 120.79166666666667 118.125 145.83333333333334 
1466.1333333333334 1492.925 81.84166666666667 108.63333333333334 108.65833333333333 135.45 
1769.25 1796.875 88.23333333333333 115.85833333333333 149.09166666666667 176.71666666666667 
1715.5 1743.5833333333333 83.375 111.45833333333333 135.5 163.58333333333334 
1622.55 1650.2166666666667 92.19166666666666 119.85833333333333 150.85 178.51666666666668 
1584.075 1612.7 90.03333333333333 118.65833333333333 138.68333333333334 167.30833333333334 
1605.4166666666667 1633.6666666666667 84.875 113.125 102.81666666666666 131.06666666666666 
1376.75 1403.875 86.5 113.625 110.86666666666666 137.99166666666667 
1542.8666666666666 1570.7 78.03333333333333 105.86666666666666 100.775 128.60833333333332 
1164.2 1191.3666666666666 83.825 110.99166666666666 109.15833333333333 136.325 
1666.975 1696.225 82.80833333333334 112.05833333333334 127.475 156.725 
1559.7083333333333 1586.625 81.625 108.54166666666667 98.95833333333333 125.875 
1433.125 1461.4583333333333 90.5 118.83333333333333 130.375 158.70833333333334 
1346.8416666666667 1374.8 89.00833333333334 116.96666666666667 117.80833333333334 145.76666666666668 
1352.975 1382.3083333333334 85.26666666666667 114.6 121.4 150.73333333333332 
1534.6583333333333 1562.0333333333333 85.78333333333333 113.15833333333333 124.20833333333333 151.58333333333334 
1372.175 1400.0083333333334 83.88333333333334 111.71666666666667 105.43333333333334 133.26666666666668 
1754.1 1783.225 85.43333333333334 114.55833333333334 132.18333333333334 161.30833333333334 
1404.2333333333333 1431.275 78.60833333333333 105.65 126.56666666666666 153.60833333333332 
1718.5583333333334 1748.1 89.41666666666667 118.95833333333333 120.61666666666666 150.15833333333333 
1702.1 1730.35 89.51666666666667 117.76666666666667 107.40833333333333 135.65833333333333 
1367.7 1395.4083333333333 76.15833333333333 103.86666666666666 101.3 129.00833333333333 
