199.28787878787878 225.57575757575756 63.24242424242424 89.53030303030303 80.37878787878788 106.66666666666667 
136.13636363636363 162.5 66.13636363636364 92.5 53.89393939393939 80.25757575757575 
281.8787878787879 308.1666666666667 69.81818181818181 96.10606060606061 71.06060606060606 97.34848484848484 
194.3030303030303 221.95454545454547 62.378787878787875 90.03030303030303 68.5909090909091 96.24242424242425 
429.1969696969697 459.72727272727275 66.13636363636364 96.66666666666667 80.27272727272727 110.8030303030303 
156.54545454545453 183.96969696969697 68.24242424242425 95.66666666666667 67.5909090909091 95.01515151515152 
274.93939393939394 303.8787878787879 57.333333333333336 86.27272727272727 70.87878787878788 99.81818181818181 
199.12121212121212 228.66666666666666 71.01515151515152 100.56060606060606 80.18181818181819 109.72727272727273 
248.45454545454547 278.3787878787879 64.66666666666667 94.5909090909091 72.8030303030303 102.72727272727273 
241.34848484848484 270.74242424242425 68.13636363636364 97.53030303030303 62.77272727272727 92.16666666666667 
159.53030303030303 189.6818181818182 67.87878787878788 98.03030303030303 67.8030303030303 97.95454545454545 
185.53030303030303 212.8030303030303 65.5909090909091 92.86363636363636 65.18181818181819 92.45454545454545 
180.45454545454547 209.3181818181818 56.22727272727273 85.0909090909091 65.81818181818181 94.68181818181819 
337.2121212121212 364.7878787878788 56.803030303030305 84.37878787878788 65.16666666666667 92.74242424242425 
243.1818181818182 272.42424242424244 69.4090909090909 98.65151515151516 78.15151515151516 107.39393939393939 
293.1363636363636 321.3939393939394 63.65151515151515 91.9090909090909 80.72727272727273 108.98484848484848 
325.2878787878788 354.07575757575756 61.5 90.28787878787878 65.43939393939394 94.22727272727273 
194.65151515151516 223.13636363636363 55.71212121212121 84.1969696969697 62.06060606060606 90.54545454545455 
215.3030303030303 243.4848484848485 62.166666666666664 90.34848484848484 71.84848484848484 100.03030303030303 
220.87878787878788 248.37878787878788 67.78787878787878 95.28787878787878 62.303030303030305 89.8030303030303 
219.6060606060606 249.0 67.03030303030303 96.42424242424242 65.78787878787878 95.18181818181819 
213.0909090909091 242.25757575757575 63.15151515151515 92.31818181818181 79.53030303030303 108.6969696969697 
223.1969696969697 250.92424242424244 61.378787878787875 89.10606060606061 59.833333333333336 87.56060606060606 
152.77272727272728 179.43939393939394 63.24242424242424 89.9090909090909 74.34848484848484 101.01515151515152 
265.3939393939394 293.1212121212121 65.86363636363636 93.5909090909091 87.83333333333333 115.56060606060606 
202.92424242424244 232.24242424242425 54.803030303030305 84.12121212121212 58.28787878787879 87.60606060606061 
219.37878787878788 248.24242424242425 65.86363636363636 94.72727272727273 68.8030303030303 97.66666666666667 
170.06060606060606 198.0909090909091 61.74242424242424 89.77272727272727 61.25757575757576 89.28787878787878 
288.72727272727275 317.6666666666667 66.81818181818181 95.75757575757575 75.16666666666667 104.10606060606061 
195.77272727272728 223.27272727272728 60.03030303030303 87.53030303030303 60.27272727272727 87.77272727272727 
109.78787878787878 137.28787878787878 54.25757575757576 81.75757575757575 51.28787878787879 78.78787878787878 
183.37878787878788 212.0909090909091 71.4090909090909 100.12121212121212 54.27272727272727 82.98484848484848 
184.22727272727272 212.93939393939394 65.81818181818181 94.53030303030303 70.78787878787878 99.5 
232.28787878787878 261.07575757575756 64.96969696969697 93.75757575757575 73.13636363636364 101.92424242424242 
272.04545454545456 300.9848484848485 60.65151515151515 89.5909090909091 77.36363636363636 106.3030303030303 
186.28787878787878 213.4848484848485 70.16666666666667 97.36363636363636 53.40909090909091 80.60606060606061 
551.0909090909091 580.1818181818181 63.59090909090909 92.68181818181819 77.9090909090909 107.0 
223.77272727272728 253.0909090909091 70.3030303030303 99.62121212121212 62.25757575757576 91.57575757575758 
146.71212121212122 175.42424242424244 58.621212121212125 87.33333333333333 71.8030303030303 100.51515151515152 
237.72727272727272 267.72727272727275 65.13636363636364 95.13636363636364 52.015151515151516 82.01515151515152 
413.1818181818182 442.1969696969697 56.90909090909091 85.92424242424242 59.95454545454545 88.96969696969697 
121.5909090909091 148.71212121212122 66.46969696969697 93.5909090909091 59.54545454545455 86.66666666666667 
117.98484848484848 146.3181818181818 57.31818181818182 85.65151515151516 63.74242424242424 92.07575757575758 
287.42424242424244 314.09090909090907 64.87878787878788 91.54545454545455 72.9090909090909 99.57575757575758 
325.6969696969697 354.3333333333333 58.42424242424242 87.06060606060606 66.75757575757575 95.39393939393939 
313.6363636363636 342.8030303030303 64.36363636363636 93.53030303030303 79.33333333333333 108.5 
99.66666666666667 125.57575757575758 62.31818181818182 88.22727272727273 51.484848484848484 77.39393939393939 
288.6969696969697 319.1515151515151 68.75757575757575 99.21212121212122 58.59090909090909 89.04545454545455 
347.54545454545456 377.0151515151515 70.78787878787878 100.25757575757575 68.98484848484848 98.45454545454545 
300.2878787878788 328.469696969697 69.27272727272727 97.45454545454545 79.62121212121212 107.8030303030303 
