1902.5703125 1930.421875 110.265625 138.1171875 122.6875 150.5390625 
1465.3828125 1493.78125 87.9453125 116.34375 106.6328125 135.03125 
1721.921875 1750.1640625 84.2578125 112.5 149.875 178.1171875 
1709.8203125 1739.078125 102.734375 131.9921875 129.3515625 158.609375 
1802.1875 1830.15625 85.171875 113.140625 126.25 154.21875 
1880.5546875 1910.125 98.9609375 128.53125 156.1796875 185.75 
1803.265625 1832.875 94.0 123.609375 118.078125 147.6875 
1650.546875 1678.3984375 84.8125 112.6640625 118.125 145.9765625 
1636.375 1665.515625 96.0546875 125.1953125 140.6875 169.828125 
1797.03125 1825.9765625 91.109375 120.0546875 133.125 162.0703125 
1713.84375 1740.9921875 88.65625 115.8046875 133.765625 160.9140625 
1669.5625 1698.5078125 85.9375 114.8828125 134.3125 163.2578125 
1449.5546875 1476.3515625 86.625 113.421875 111.3984375 138.1953125 
1763.640625 1792.5078125 90.578125 119.4453125 117.0 145.8671875 
1821.4453125 1850.9375 91.6171875 121.109375 141.40625 170.8984375 
1804.0546875 1831.90625 97.9921875 125.84375 134.9140625 162.765625 
1936.3984375 1965.734375 101.0625 130.3984375 192.296875 221.6328125 
2054.1796875 2083.5546875 75.671875 105.046875 110.984375 140.359375 
1830.34375 1858.234375 90.4921875 118.3828125 119.953125 147.84375 
1815.921875 1845.53125 95.984375 125.59375 142.75 172.359375 
1825.8359375 1855.640625 101.03125 130.8359375 144.6796875 174.484375 
1838.6328125 1868.4375 81.640625 111.4453125 119.125 148.9296875 
1941.5703125 1970.2421875 98.9453125 127.6171875 144.0703125 172.7421875 
1810.65625 1839.25 88.5234375 117.1171875 118.9375 147.53125 
1918.484375 1947.8203125 94.265625 123.6015625 138.78125 168.1171875 
1961.8984375 1991.234375 92.5625 121.8984375 150.484375 179.8203125 
1743.8828125 1772.6328125 87.6015625 116.3515625 127.9609375 156.7109375 
1681.1796875 1709.2265625 89.7109375 117.7578125 118.5546875 146.6015625 
1601.28125 1629.5234375 88.4375 116.6796875 134.578125 162.8203125 
1729.15625 1756.03125 77.0 103.875 106.421875 133.296875 
1499.953125 1527.8828125 87.921875 115.8515625 119.484375 147.4140625 
1571.484375 1600.0390625 94.96875 123.5234375 143.609375 172.1640625 
1610.0234375 1636.8984375 88.3359375 115.2109375 121.5078125 148.3828125 
1715.203125 1743.015625 94.296875 122.109375 128.328125 156.140625 
1664.7265625 1691.9140625 122.390625 149.578125 148.703125 175.890625 
1799.1640625 1828.65625 76.59375 106.0859375 132.140625 161.6328125 
1630.3984375 1657.7421875 90.609375 117.953125 125.0546875 152.3984375 
1628.15625 1656.1640625 81.78125 109.7890625 128.015625 156.0234375 
1833.3984375 1862.734375 109.1171875 138.453125 173.3203125 202.65625 
1917.65625 1946.3671875 91.1328125 119.84375 114.0234375 142.734375 
1663.609375 1690.6796875 93.8671875 120.9375 138.2890625 165.359375 
1572.5703125 1599.7578125 86.046875 113.234375 134.3828125 161.5703125 
1706.2109375 1735.3515625 96.5078125 125.6484375 179.53125 208.671875 
1731.8515625 1761.0703125 76.71875 105.9375 140.5234375 169.7421875 
1728.9375 1756.203125 91.9609375 119.2265625 120.7890625 148.0546875 
1961.7578125 1991.25 92.6875 122.1796875 129.2265625 158.71875 
1914.234375 1942.3203125 89.8125 117.8984375 122.890625 150.9765625 
1810.484375 1839.3515625 83.953125 112.8203125 123.734375 152.6015625 
1925.2109375 1954.546875 102.6171875 131.953125 141.6953125 171.03125 
1647.0625 1673.625 82.2265625 108.7890625 122.0703125 148.6328125 
