124.12765957446808 151.36170212765958 62.8936170212766 90.12765957446808 59.12765957446808 86.36170212765957 
74.57446808510639 101.70212765957447 59.8936170212766 87.02127659574468 43.61702127659574 70.74468085106383 
66.25531914893617 94.76595744680851 59.59574468085106 88.1063829787234 49.04255319148936 77.55319148936171 
97.80851063829788 127.70212765957447 67.14893617021276 97.04255319148936 48.12765957446808 78.02127659574468 
99.59574468085107 127.25531914893617 51.255319148936174 78.91489361702128 58.829787234042556 86.48936170212765 
56.38297872340426 86.06382978723404 56.319148936170215 86.0 41.97872340425532 71.65957446808511 
96.17021276595744 122.87234042553192 65.95744680851064 92.65957446808511 51.53191489361702 78.23404255319149 
76.12765957446808 106.12765957446808 56.97872340425532 86.97872340425532 51.57446808510638 81.57446808510639 
76.7872340425532 106.36170212765957 62.59574468085106 92.17021276595744 41.808510638297875 71.38297872340425 
170.7659574468085 201.82978723404256 65.36170212765957 96.42553191489361 50.319148936170215 81.38297872340425 
68.57446808510639 97.08510638297872 54.744680851063826 83.25531914893617 53.5531914893617 82.06382978723404 
82.12765957446808 112.97872340425532 56.234042553191486 87.08510638297872 60.744680851063826 91.59574468085107 
146.74468085106383 173.6595744680851 57.4468085106383 84.36170212765957 54.191489361702125 81.1063829787234 
124.31914893617021 153.25531914893617 57.744680851063826 86.68085106382979 56.4468085106383 85.38297872340425 
67.63829787234043 98.17021276595744 66.31914893617021 96.85106382978724 54.212765957446805 84.74468085106383 
72.91489361702128 98.44680851063829 49.51063829787234 75.04255319148936 49.340425531914896 74.87234042553192 
61.51063829787234 88.42553191489361 54.40425531914894 81.31914893617021 38.42553191489362 65.34042553191489 
67.55319148936171 95.31914893617021 58.95744680851064 86.72340425531915 41.255319148936174 69.02127659574468 
105.02127659574468 138.74468085106383 60.95744680851064 94.68085106382979 54.8936170212766 88.61702127659575 
82.70212765957447 111.2127659574468 59.4468085106383 87.95744680851064 50.97872340425532 79.48936170212765 
63.38297872340426 90.51063829787235 58.8936170212766 86.02127659574468 44.319148936170215 71.44680851063829 
85.1063829787234 113.51063829787235 52.829787234042556 81.23404255319149 42.42553191489362 70.82978723404256 
67.48936170212765 92.91489361702128 51.06382978723404 76.48936170212765 46.829787234042556 72.25531914893617 
66.40425531914893 91.40425531914893 55.40425531914894 80.40425531914893 43.51063829787234 68.51063829787235 
92.51063829787235 122.40425531914893 63.319148936170215 93.2127659574468 43.723404255319146 73.61702127659575 
67.95744680851064 96.8936170212766 54.744680851063826 83.68085106382979 46.93617021276596 75.87234042553192 
71.51063829787235 98.85106382978724 52.276595744680854 79.61702127659575 45.97872340425532 73.31914893617021 
69.63829787234043 95.38297872340425 55.87234042553192 81.61702127659575 44.61702127659574 70.36170212765957 
66.2127659574468 93.76595744680851 56.702127659574465 84.25531914893617 43.361702127659576 70.91489361702128 
60.361702127659576 86.95744680851064 57.51063829787234 84.1063829787234 42.91489361702128 69.51063829787235 
82.14893617021276 112.46808510638297 53.276595744680854 83.59574468085107 62.59574468085106 92.91489361702128 
63.255319148936174 91.23404255319149 58.702127659574465 86.68085106382979 52.297872340425535 80.27659574468085 
78.29787234042553 106.06382978723404 65.02127659574468 92.7872340425532 52.340425531914896 80.1063829787234 
80.14893617021276 106.0 54.8936170212766 80.74468085106383 52.319148936170215 78.17021276595744 
70.48936170212765 98.7872340425532 60.02127659574468 88.31914893617021 49.42553191489362 77.72340425531915 
124.06382978723404 150.5531914893617 56.02127659574468 82.51063829787235 53.93617021276596 80.42553191489361 
155.19148936170214 185.61702127659575 62.744680851063826 93.17021276595744 46.93617021276596 77.36170212765957 
168.80851063829786 197.31914893617022 46.87234042553192 75.38297872340425 58.38297872340426 86.8936170212766 
57.765957446808514 84.8936170212766 51.319148936170215 78.44680851063829 35.95744680851064 63.08510638297872 
91.29787234042553 117.8936170212766 50.97872340425532 77.57446808510639 48.319148936170215 74.91489361702128 
69.53191489361703 100.27659574468085 50.829787234042556 81.57446808510639 57.340425531914896 88.08510638297872 
79.46808510638297 105.95744680851064 61.40425531914894 87.8936170212766 50.744680851063826 77.23404255319149 
103.63829787234043 131.29787234042553 59.787234042553195 87.44680851063829 56.829787234042556 84.48936170212765 
69.02127659574468 95.72340425531915 48.59574468085106 75.29787234042553 45.57446808510638 72.27659574468085 
72.55319148936171 99.04255319148936 57.93617021276596 84.42553191489361 49.744680851063826 76.23404255319149 
66.23404255319149 93.36170212765957 62.57446808510638 89.70212765957447 51.12765957446808 78.25531914893617 
65.51063829787235 93.38297872340425 61.87234042553192 89.74468085106383 54.191489361702125 82.06382978723404 
64.68085106382979 91.59574468085107 59.276595744680854 86.19148936170212 42.276595744680854 69.19148936170212 
92.08510638297872 120.80851063829788 54.765957446808514 83.48936170212765 52.191489361702125 80.91489361702128 
56.723404255319146 86.40425531914893 60.95744680851064 90.63829787234043 35.95744680851064 65.63829787234043 
