82.54761904761905 110.76190476190476 55.69047619047619 83.9047619047619 40.92857142857143 69.14285714285714 
47.976190476190474 74.16666666666667 56.57142857142857 82.76190476190476 35.30952380952381 61.5 
62.857142857142854 91.42857142857143 57.19047619047619 85.76190476190476 49.642857142857146 78.21428571428571 
78.38095238095238 106.23809523809524 53.857142857142854 81.71428571428571 38.04761904761905 65.9047619047619 
80.02380952380952 110.38095238095238 46.07142857142857 76.42857142857143 44.92857142857143 75.28571428571429 
40.833333333333336 65.5952380952381 52.57142857142857 77.33333333333333 32.976190476190474 57.73809523809524 
65.88095238095238 92.78571428571429 57.76190476190476 84.66666666666667 43.45238095238095 70.35714285714286 
79.9047619047619 109.42857142857143 62.333333333333336 91.85714285714286 53.785714285714285 83.30952380952381 
54.19047619047619 82.64285714285714 51.976190476190474 80.42857142857143 43.285714285714285 71.73809523809524 
64.5952380952381 91.61904761904762 48.714285714285715 75.73809523809524 38.404761904761905 65.42857142857143 
93.28571428571429 119.5952380952381 66.0952380952381 92.4047619047619 60.214285714285715 86.52380952380952 
64.71428571428571 95.07142857142857 48.73809523809524 79.0952380952381 44.0 74.35714285714286 
59.476190476190474 84.35714285714286 54.88095238095238 79.76190476190476 44.166666666666664 69.04761904761905 
56.95238095238095 84.33333333333333 58.476190476190474 85.85714285714286 38.11904761904762 65.5 
69.71428571428571 100.19047619047619 63.166666666666664 93.64285714285714 50.73809523809524 81.21428571428571 
56.857142857142854 83.4047619047619 54.023809523809526 80.57142857142857 41.38095238095238 67.92857142857143 
56.30952380952381 83.57142857142857 59.904761904761905 87.16666666666667 37.76190476190476 65.02380952380952 
85.33333333333333 115.0952380952381 57.714285714285715 87.47619047619048 60.07142857142857 89.83333333333333 
75.35714285714286 102.02380952380952 57.714285714285715 84.38095238095238 41.76190476190476 68.42857142857143 
126.71428571428571 156.47619047619048 55.214285714285715 84.97619047619048 53.26190476190476 83.02380952380952 
97.33333333333333 126.02380952380952 53.38095238095238 82.07142857142857 50.857142857142854 79.54761904761905 
62.214285714285715 90.19047619047619 54.666666666666664 82.64285714285714 38.42857142857143 66.4047619047619 
67.23809523809524 94.97619047619048 54.19047619047619 81.92857142857143 38.07142857142857 65.80952380952381 
42.357142857142854 69.14285714285714 52.095238095238095 78.88095238095238 34.976190476190474 61.76190476190476 
78.47619047619048 108.71428571428571 45.42857142857143 75.66666666666667 63.714285714285715 93.95238095238095 
112.69047619047619 142.92857142857142 58.904761904761905 89.14285714285714 48.95238095238095 79.19047619047619 
43.666666666666664 70.45238095238095 62.54761904761905 89.33333333333333 35.57142857142857 62.357142857142854 
65.5 93.5952380952381 60.904761904761905 89.0 49.833333333333336 77.92857142857143 
83.80952380952381 114.64285714285714 60.11904761904762 90.95238095238095 49.04761904761905 79.88095238095238 
61.45238095238095 91.80952380952381 49.333333333333336 79.69047619047619 45.357142857142854 75.71428571428571 
81.28571428571429 109.38095238095238 60.833333333333336 88.92857142857143 50.23809523809524 78.33333333333333 
58.666666666666664 88.66666666666667 64.04761904761905 94.04761904761905 46.04761904761905 76.04761904761905 
175.04761904761904 204.57142857142858 59.285714285714285 88.80952380952381 58.095238095238095 87.61904761904762 
80.21428571428571 112.71428571428571 58.61904761904762 91.11904761904762 47.57142857142857 80.07142857142857 
58.57142857142857 83.69047619047619 59.54761904761905 84.66666666666667 44.285714285714285 69.4047619047619 
154.04761904761904 183.8095238095238 61.0 90.76190476190476 70.02380952380952 99.78571428571429 
91.21428571428571 120.02380952380952 57.30952380952381 86.11904761904762 45.666666666666664 74.47619047619048 
56.285714285714285 84.61904761904762 43.357142857142854 71.69047619047619 34.595238095238095 62.92857142857143 
57.38095238095238 88.21428571428571 46.57142857142857 77.4047619047619 38.38095238095238 69.21428571428571 
66.4047619047619 97.11904761904762 54.642857142857146 85.35714285714286 43.92857142857143 74.64285714285714 
46.88095238095238 75.45238095238095 54.595238095238095 83.16666666666667 38.07142857142857 66.64285714285714 
78.21428571428571 106.30952380952381 51.904761904761905 80.0 36.476190476190474 64.57142857142857 
56.142857142857146 84.5952380952381 57.666666666666664 86.11904761904762 36.80952380952381 65.26190476190476 
64.21428571428571 90.04761904761905 55.333333333333336 81.16666666666667 39.80952380952381 65.64285714285714 
138.26190476190476 166.5952380952381 53.333333333333336 81.66666666666667 54.88095238095238 83.21428571428571 
94.97619047619048 123.9047619047619 54.714285714285715 83.64285714285714 51.166666666666664 80.0952380952381 
64.88095238095238 95.5952380952381 58.285714285714285 89.0 39.30952380952381 70.02380952380952 
61.61904761904762 89.71428571428571 63.5 91.5952380952381 43.642857142857146 71.73809523809524 
71.71428571428571 101.11904761904762 49.04761904761905 78.45238095238095 45.285714285714285 74.69047619047619 
66.88095238095238 97.71428571428571 48.142857142857146 78.97619047619048 42.714285714285715 73.54761904761905 
