60.075 87.575 54.875 82.375 39.325 66.825 
37.075 64.2 50.375 77.5 29.2 56.325 
59.7 87.95 57.775 86.025 38.075 66.325 
67.1 93.35 48.725 74.975 41.8 68.05 
88.4 115.9 56.425 83.925 49.0 76.5 
100.475 128.475 56.15 84.15 47.0 75.0 
54.3 81.675 50.175 77.55 43.825 71.2 
65.0 95.5 59.95 90.45 49.425 79.925 
66.1 93.725 63.325 90.95 45.2 72.825 
69.35 99.225 66.575 96.45 38.75 68.625 
59.95 85.325 57.75 83.125 48.45 73.825 
62.55 90.175 52.25 79.875 45.3 72.925 
55.95 83.825 59.15 87.025 35.175 63.05 
58.075 86.95 55.275 84.15 41.275 70.15 
45.65 70.9 54.325 79.575 38.025 63.275 
66.9 94.525 56.725 84.35 36.3 63.925 
47.15 74.025 52.925 79.8 32.25 59.125 
64.125 90.75 52.175 78.8 43.475 70.1 
60.95 91.7 56.575 87.325 50.975 81.725 
109.3 139.175 60.9 90.775 45.675 75.55 
72.775 99.775 59.225 86.225 43.425 70.425 
47.975 77.225 55.75 85.0 37.725 66.975 
60.525 88.15 60.9 88.525 38.325 65.95 
70.275 99.275 53.7 82.7 49.3 78.3 
50.325 80.825 51.875 82.375 35.325 65.825 
140.45 170.45 57.65 87.65 59.1 89.1 
84.85 116.1 50.05 81.3 50.6 81.85 
61.5 93.375 59.525 91.4 42.2 74.075 
67.925 98.3 53.3 83.675 39.5 69.875 
112.825 140.45 62.525 90.15 52.525 80.15 
52.825 81.825 56.8 85.8 42.7 71.7 
59.2 82.95 46.15 69.9 50.225 73.975 
47.825 75.325 52.375 79.875 37.775 65.275 
62.525 90.65 57.125 85.25 51.4 79.525 
110.9 137.025 56.925 83.05 49.5 75.625 
49.5 77.875 57.4 85.775 34.5 62.875 
69.225 98.725 57.3 86.8 50.225 79.725 
63.125 89.875 56.75 83.5 42.75 69.5 
85.6 112.1 49.625 76.125 58.95 85.45 
61.075 89.95 55.45 84.325 44.45 73.325 
73.075 103.325 55.05 85.3 53.95 84.2 
54.25 84.25 50.35 80.35 42.65 72.65 
59.775 89.15 53.35 82.725 44.425 73.8 
88.0 115.0 63.85 90.85 41.55 68.55 
92.1 121.6 54.45 83.95 53.35 82.85 
83.95 112.575 56.675 85.3 48.725 77.35 
62.75 89.875 49.75 76.875 42.025 69.15 
46.5 75.5 56.95 85.95 36.375 65.375 
45.8 74.05 55.1 83.35 34.575 62.825 
64.85 91.225 53.775 80.15 49.2 75.575 
