172.24074074074073 200.2962962962963 58.574074074074076 86.62962962962963 54.333333333333336 82.38888888888889 
74.25925925925925 101.48148148148148 53.81481481481482 81.03703703703704 46.51851851851852 73.74074074074075 
97.11111111111111 124.05555555555556 68.61111111111111 95.55555555555556 57.44444444444444 84.38888888888889 
77.66666666666667 102.57407407407408 55.666666666666664 80.57407407407408 52.7962962962963 77.70370370370371 
107.07407407407408 135.3148148148148 55.7962962962963 84.03703703703704 56.24074074074074 84.48148148148148 
127.07407407407408 156.9814814814815 69.31481481481481 99.22222222222223 59.148148148148145 89.05555555555556 
81.87037037037037 111.03703703703704 59.55555555555556 88.72222222222223 47.46296296296296 76.62962962962963 
113.31481481481481 140.62962962962962 57.592592592592595 84.9074074074074 61.27777777777778 88.5925925925926 
123.18518518518519 154.11111111111111 57.148148148148145 88.07407407407408 61.7962962962963 92.72222222222223 
131.83333333333334 161.27777777777777 56.2037037037037 85.64814814814815 56.666666666666664 86.11111111111111 
192.6851851851852 222.87037037037038 67.53703703703704 97.72222222222223 58.51851851851852 88.70370370370371 
161.64814814814815 190.8148148148148 53.25925925925926 82.42592592592592 58.74074074074074 87.9074074074074 
110.53703703703704 138.22222222222223 57.833333333333336 85.51851851851852 59.648148148148145 87.33333333333333 
140.0185185185185 170.57407407407408 68.46296296296296 99.01851851851852 65.05555555555556 95.61111111111111 
63.77777777777778 91.55555555555556 63.148148148148145 90.92592592592592 45.111111111111114 72.88888888888889 
113.85185185185185 142.92592592592592 57.907407407407405 86.98148148148148 59.55555555555556 88.62962962962963 
127.92592592592592 156.35185185185185 66.18518518518519 94.61111111111111 72.14814814814815 100.57407407407408 
91.81481481481481 118.57407407407408 64.31481481481481 91.07407407407408 59.94444444444444 86.70370370370371 
140.05555555555554 170.7962962962963 58.129629629629626 88.87037037037037 53.7037037037037 84.44444444444444 
47.629629629629626 76.05555555555556 58.888888888888886 87.31481481481481 42.592592592592595 71.01851851851852 
122.92592592592592 151.8148148148148 59.2962962962963 88.18518518518519 42.333333333333336 71.22222222222223 
96.12962962962963 125.29629629629629 57.629629629629626 86.79629629629629 46.05555555555556 75.22222222222223 
97.44444444444444 124.75925925925925 60.574074074074076 87.88888888888889 52.46296296296296 79.77777777777777 
221.2037037037037 249.62962962962962 64.0925925925926 92.51851851851852 67.5925925925926 96.01851851851852 
80.33333333333333 107.18518518518519 65.92592592592592 92.77777777777777 46.611111111111114 73.46296296296296 
132.24074074074073 161.6851851851852 61.0 90.44444444444444 69.24074074074075 98.68518518518519 
131.6851851851852 160.0185185185185 67.05555555555556 95.38888888888889 70.96296296296296 99.29629629629629 
103.70370370370371 132.40740740740742 60.48148148148148 89.18518518518519 57.96296296296296 86.66666666666667 
76.57407407407408 104.81481481481481 63.18518518518518 91.42592592592592 45.55555555555556 73.79629629629629 
99.14814814814815 127.75925925925925 60.333333333333336 88.94444444444444 55.24074074074074 83.85185185185185 
118.37037037037037 146.88888888888889 53.611111111111114 82.12962962962963 51.98148148148148 80.5 
124.96296296296296 154.3148148148148 64.0 93.35185185185185 49.94444444444444 79.29629629629629 
217.42592592592592 247.14814814814815 61.31481481481482 91.03703703703704 68.18518518518519 97.9074074074074 
88.25925925925925 116.31481481481481 63.148148148148145 91.20370370370371 49.851851851851855 77.9074074074074 
113.87037037037037 143.03703703703704 62.907407407407405 92.07407407407408 61.44444444444444 90.61111111111111 
188.3148148148148 219.05555555555554 61.074074074074076 91.81481481481481 57.55555555555556 88.29629629629629 
94.5925925925926 122.64814814814815 65.85185185185185 93.9074074074074 49.01851851851852 77.07407407407408 
124.62962962962963 155.0 58.851851851851855 89.22222222222223 53.407407407407405 83.77777777777777 
128.07407407407408 156.96296296296296 62.388888888888886 91.27777777777777 58.833333333333336 87.72222222222223 
90.29629629629629 118.07407407407408 62.888888888888886 90.66666666666667 60.629629629629626 88.4074074074074 
133.40740740740742 161.64814814814815 64.48148148148148 92.72222222222223 60.074074074074076 88.31481481481481 
122.05555555555556 149.46296296296296 62.96296296296296 90.37037037037037 53.111111111111114 80.51851851851852 
96.48148148148148 125.18518518518519 63.25925925925926 91.96296296296296 49.27777777777778 77.98148148148148 
95.85185185185185 124.18518518518519 58.68518518518518 87.01851851851852 57.94444444444444 86.27777777777777 
115.57407407407408 144.46296296296296 66.42592592592592 95.31481481481481 59.98148148148148 88.87037037037037 
91.11111111111111 117.03703703703704 58.666666666666664 84.5925925925926 35.96296296296296 61.888888888888886 
145.33333333333334 174.12962962962962 51.48148148148148 80.27777777777777 44.53703703703704 73.33333333333333 
103.37037037037037 131.24074074074073 64.12962962962963 92.0 61.7037037037037 89.57407407407408 
190.5 217.8148148148148 60.333333333333336 87.64814814814815 63.7962962962963 91.11111111111111 
72.83333333333333 99.77777777777777 59.68518518518518 86.62962962962963 46.7037037037037 73.64814814814815 
