62.02325581395349 89.23255813953489 51.116279069767444 78.32558139534883 41.651162790697676 68.86046511627907 
68.95348837209302 98.37209302325581 53.651162790697676 83.06976744186046 48.83720930232558 78.25581395348837 
54.25581395348837 82.27906976744185 56.27906976744186 84.30232558139535 40.58139534883721 68.6046511627907 
70.27906976744185 98.30232558139535 62.627906976744185 90.65116279069767 49.325581395348834 77.34883720930233 
65.95348837209302 97.11627906976744 54.651162790697676 85.81395348837209 42.74418604651163 73.90697674418605 
67.25581395348837 97.95348837209302 54.651162790697676 85.34883720930233 45.69767441860465 76.3953488372093 
88.97674418604652 118.74418604651163 64.20930232558139 93.97674418604652 52.18604651162791 81.95348837209302 
67.46511627906976 93.74418604651163 64.25581395348837 90.53488372093024 42.325581395348834 68.6046511627907 
88.74418604651163 116.88372093023256 57.93023255813954 86.06976744186046 48.46511627906977 76.6046511627907 
80.27906976744185 106.90697674418605 56.348837209302324 82.97674418604652 45.27906976744186 71.90697674418605 
46.02325581395349 75.44186046511628 54.86046511627907 84.27906976744185 38.69767441860465 68.11627906976744 
94.95348837209302 124.48837209302326 62.30232558139535 91.83720930232558 55.651162790697676 85.18604651162791 
56.69767441860465 84.83720930232558 52.18604651162791 80.32558139534883 42.372093023255815 70.51162790697674 
115.95348837209302 143.3953488372093 57.06976744186046 84.51162790697674 51.58139534883721 79.02325581395348 
79.02325581395348 108.09302325581395 59.18604651162791 88.25581395348837 44.69767441860465 73.76744186046511 
84.18604651162791 111.04651162790698 56.7906976744186 83.65116279069767 51.674418604651166 78.53488372093024 
98.65116279069767 127.83720930232558 56.97674418604651 86.16279069767442 47.604651162790695 76.79069767441861 
61.116279069767444 88.67441860465117 60.81395348837209 88.37209302325581 46.116279069767444 73.67441860465117 
147.8139534883721 174.2093023255814 64.46511627906976 90.86046511627907 56.48837209302326 82.88372093023256 
46.395348837209305 75.11627906976744 54.55813953488372 83.27906976744185 40.372093023255815 69.09302325581395 
51.325581395348834 76.90697674418605 52.51162790697674 78.09302325581395 37.674418604651166 63.25581395348837 
59.348837209302324 84.69767441860465 48.53488372093023 73.88372093023256 45.395348837209305 70.74418604651163 
68.5813953488372 96.02325581395348 55.41860465116279 82.86046511627907 41.651162790697676 69.09302325581395 
51.58139534883721 80.18604651162791 51.0 79.6046511627907 33.23255813953488 61.83720930232558 
63.69767441860465 90.44186046511628 57.81395348837209 84.55813953488372 45.04651162790697 71.79069767441861 
53.2093023255814 82.62790697674419 53.83720930232558 83.25581395348837 33.44186046511628 62.86046511627907 
113.3953488372093 142.2325581395349 51.74418604651163 80.5813953488372 63.627906976744185 92.46511627906976 
64.0 88.4186046511628 53.72093023255814 78.13953488372093 42.02325581395349 66.44186046511628 
89.23255813953489 116.32558139534883 47.906976744186046 75.0 54.883720930232556 81.97674418604652 
96.86046511627907 124.65116279069767 57.2093023255814 85.0 54.51162790697674 82.30232558139535 
64.76744186046511 94.18604651162791 63.7906976744186 93.20930232558139 46.69767441860465 76.11627906976744 
68.88372093023256 94.93023255813954 52.53488372093023 78.5813953488372 57.627906976744185 83.67441860465117 
57.093023255813954 86.51162790697674 52.76744186046512 82.18604651162791 36.81395348837209 66.23255813953489 
58.83720930232558 85.34883720930233 58.74418604651163 85.25581395348837 44.2093023255814 70.72093023255815 
63.627906976744185 93.27906976744185 52.16279069767442 81.81395348837209 40.674418604651166 70.32558139534883 
86.88372093023256 115.48837209302326 54.02325581395349 82.62790697674419 44.16279069767442 72.76744186046511 
80.46511627906976 109.65116279069767 61.48837209302326 90.67441860465117 61.651162790697676 90.83720930232558 
68.53488372093024 98.88372093023256 60.348837209302324 90.69767441860465 41.02325581395349 71.37209302325581 
53.13953488372093 78.48837209302326 58.04651162790697 83.3953488372093 38.325581395348834 63.674418604651166 
92.37209302325581 122.83720930232558 57.325581395348834 87.79069767441861 43.81395348837209 74.27906976744185 
75.11627906976744 103.37209302325581 56.23255813953488 84.48837209302326 51.72093023255814 79.97674418604652 
51.04651162790697 80.93023255813954 50.0 79.88372093023256 32.53488372093023 62.41860465116279 
64.32558139534883 92.69767441860465 58.44186046511628 86.81395348837209 43.72093023255814 72.09302325581395 
77.04651162790698 104.95348837209302 54.0 81.90697674418605 48.18604651162791 76.09302325581395 
63.02325581395349 91.16279069767442 49.116279069767444 77.25581395348837 32.69767441860465 60.83720930232558 
70.88372093023256 98.90697674418605 56.906976744186046 84.93023255813954 49.2093023255814 77.23255813953489 
53.06976744186046 77.83720930232558 57.58139534883721 82.34883720930233 38.0 62.76744186046512 
88.5813953488372 116.25581395348837 54.76744186046512 82.44186046511628 39.02325581395349 66.69767441860465 
48.395348837209305 74.44186046511628 56.906976744186046 82.95348837209302 39.7906976744186 65.83720930232558 
91.48837209302326 123.34883720930233 58.651162790697676 90.51162790697674 62.23255813953488 94.09302325581395 
