3704.320197044335 3732.2266009852215 167.42364532019704 195.33004926108376 257.6453201970443 285.55172413793105 
3814.881773399015 3842.615763546798 192.89655172413794 220.6305418719212 317.0738916256158 344.807881773399 
3627.0492610837437 3655.2758620689656 234.9704433497537 263.1970443349754 328.4039408866995 356.6305418719212 
3668.1970443349755 3695.906403940887 229.72413793103448 257.4334975369458 456.0541871921182 483.76354679802955 
3784.0837438423646 3812.5566502463053 214.76354679802955 243.23645320197045 325.04433497536945 353.51724137931035 
3832.4137931034484 3861.576354679803 190.03940886699507 219.20197044334975 338.3990147783251 367.5615763546798 
3934.5467980295566 3963.5862068965516 200.08374384236453 229.1231527093596 251.51724137931035 280.5566502463054 
3781.847290640394 3810.541871921182 188.82266009852216 217.51724137931035 325.02463054187194 353.7192118226601 
3872.2266009852215 3900.7241379310344 315.5320197044335 344.0295566502463 381.61083743842363 410.10837438423647 
3663.1477832512314 3690.9556650246304 267.6256157635468 295.4334975369458 391.89162561576353 419.69950738916253 
3864.310344827586 3892.3152709359606 211.35467980295567 239.35960591133005 305.76354679802955 333.76847290640393 
3766.093596059113 3795.256157635468 201.8128078817734 230.97536945812809 316.3645320197044 345.5270935960591 
3865.3891625615765 3893.8374384236454 186.98522167487684 215.43349753694582 415.1182266009852 443.5665024630542 
3622.4334975369457 3649.847290640394 214.54679802955664 241.96059113300493 330.04433497536945 357.4581280788177 
3733.4729064039407 3761.305418719212 209.71428571428572 237.54679802955664 442.0197044334975 469.85221674876846 
3991.399014778325 4021.497536945813 221.7192118226601 251.8177339901478 371.76847290640393 401.86699507389164 
3972.330049261084 4000.6059113300494 196.93103448275863 225.20689655172413 360.5320197044335 388.807881773399 
3567.536945812808 3595.073891625616 242.17241379310346 269.70935960591135 299.679802955665 327.2167487684729 
4140.857142857143 4170.709359605911 200.9408866995074 230.79310344827587 479.8965517241379 509.7487684729064 
3600.8522167487686 3628.487684729064 278.39408866995075 306.0295566502463 335.4088669950739 363.04433497536945 
3586.71921182266 3615.6354679802957 181.98029556650246 210.89655172413794 268.2216748768473 297.13793103448273 
3718.0591133004928 3746.458128078818 205.79802955665025 234.19704433497537 333.8472906403941 362.2463054187192 
3788.64039408867 3817.5073891625616 189.5320197044335 218.39901477832512 290.83251231527095 319.69950738916253 
3773.118226600985 3801.689655172414 239.807881773399 268.37931034482756 242.65024630541873 271.2216748768473 
3699.320197044335 3727.103448275862 217.72413793103448 245.50738916256157 388.35960591133005 416.14285714285717 
4019.206896551724 4049.0344827586205 183.86206896551724 213.68965517241378 282.6305418719212 312.4581280788177 
3664.9901477832514 3693.167487684729 219.67980295566502 247.85714285714286 269.44827586206895 297.6256157635468 
3943.399014778325 3971.847290640394 266.79802955665025 295.2463054187192 512.0443349753695 540.4926108374384 
3935.4137931034484 3963.541871921182 265.5320197044335 293.6600985221675 311.69458128078816 339.8226600985222 
3945.369458128079 3973.6206896551726 215.64532019704433 243.89655172413794 361.5024630541872 389.7536945812808 
3698.3793103448274 3727.246305418719 296.5418719211823 325.4088669950739 367.8128078817734 396.679802955665 
4086.3743842364534 4115.2660098522165 228.70443349753694 257.5960591133005 282.3103448275862 311.20197044334975 
3616.7241379310344 3644.5320197044334 233.1822660098522 260.99014778325125 300.4926108374384 328.30049261083747 
3870.6600985221676 3899.231527093596 265.95566502463055 294.5270935960591 383.935960591133 412.5073891625616 
3889.0 3919.0 282.11330049261085 312.11330049261085 397.3990147783251 427.3990147783251 
3831.216748768473 3858.975369458128 222.44334975369458 250.20197044334975 321.48768472906403 349.2463054187192 
3940.231527093596 3969.320197044335 219.13300492610838 248.2216748768473 267.30049261083747 296.38916256157637 
3825.2364532019706 3853.9802955665023 279.5221674876847 308.26600985221677 452.0591133004926 480.8029556650246 
3630.985221674877 3658.522167487685 234.7536945812808 262.29064039408865 357.26600985221677 384.8029556650246 
3828.3743842364534 3856.9950738916255 214.2807881773399 242.9014778325123 444.2118226600985 472.83251231527095 
3904.5320197044334 3933.8916256157636 175.6256157635468 204.98522167487684 384.60591133004925 413.9655172413793 
4016.384236453202 4045.6453201970444 204.58620689655172 233.84729064039408 370.7931034482759 400.0541871921182 
3988.137931034483 4017.3004926108374 260.1576354679803 289.320197044335 370.37931034482756 399.5418719211823 
3831.551724137931 3861.206896551724 197.70935960591132 227.36453201970443 346.8472906403941 376.5024630541872 
3678.2364532019706 3706.093596059113 197.95566502463055 225.8128078817734 346.6354679802956 374.4926108374384 
3985.679802955665 4015.2610837438424 289.0689655172414 318.6502463054187 363.04433497536945 392.6256157635468 
3632.3399014778324 3659.753694581281 318.0295566502463 345.4433497536946 441.8226600985222 469.23645320197045 
3774.4827586206898 3803.054187192118 198.55172413793105 227.1231527093596 280.9113300492611 309.48275862068965 
3555.2364532019706 3582.330049261084 177.6256157635468 204.7192118226601 343.14285714285717 370.23645320197045 
3724.0098522167486 3751.177339901478 171.72413793103448 198.89162561576356 326.54679802955667 353.7142857142857 
