3838.2038834951454 3866.6747572815534 256.5145631067961 284.9854368932039 470.09708737864077 498.56796116504853 
3928.606796116505 3955.0631067961167 176.6990291262136 203.15533980582524 324.1407766990291 350.59708737864077 
3884.121359223301 3914.266990291262 217.23300970873785 247.37864077669903 370.2864077669903 400.43203883495147 
3861.4320388349515 3889.4417475728155 204.04368932038835 232.05339805825244 333.0339805825243 361.04368932038835 
4178.611650485437 4207.276699029127 171.51456310679612 200.17961165048544 357.9805825242718 386.6456310679612 
3854.5485436893205 3882.242718446602 287.97087378640776 315.6650485436893 357.4126213592233 385.1067961165049 
3945.0339805825242 3973.7718446601943 167.25728155339806 195.99514563106797 273.91747572815535 302.65533980582524 
3661.9611650485435 3690.116504854369 214.44174757281553 242.59708737864077 338.80582524271847 366.9611650485437 
3837.8106796116504 3866.0145631067962 232.55339805825244 260.75728155339806 316.8398058252427 345.04368932038835 
3579.73786407767 3607.4563106796118 252.5097087378641 280.2281553398058 284.1067961165049 311.8252427184466 
3811.1019417475727 3839.4514563106795 214.26699029126215 242.61650485436894 324.74271844660194 353.09223300970876 
3823.5388349514565 3852.1553398058254 269.9466019417476 298.56310679611653 311.69417475728153 340.31067961165047 
3897.3155339805826 3926.1990291262136 283.4514563106796 312.3349514563107 420.2281553398058 449.1116504854369 
4023.121359223301 4050.669902912621 220.53883495145632 248.0873786407767 390.69417475728153 418.24271844660194 
4020.4320388349515 4049.4854368932038 230.76699029126215 259.8203883495146 310.4805825242718 339.5339805825243 
3987.223300970874 4015.0631067961167 169.54854368932038 197.38834951456312 371.252427184466 399.09223300970876 
3574.4174757281553 3601.747572815534 196.4757281553398 223.80582524271844 350.3398058252427 377.66990291262135 
4049.009708737864 4078.9368932038833 199.10679611650485 229.03398058252426 383.4271844660194 413.3543689320388 
3923.621359223301 3951.4126213592235 161.3640776699029 189.15533980582524 455.07766990291265 482.86893203883494 
3855.0728155339807 3884.7815533980583 198.36893203883494 228.07766990291262 356.626213592233 386.3349514563107 
3704.6116504854367 3732.597087378641 242.0631067961165 270.0485436893204 373.49514563106794 401.4805825242718 
4233.485436893204 4263.4126213592235 243.2621359223301 273.18932038834953 409.6019417475728 439.52912621359224 
3793.0533980582522 3821.160194174757 240.04854368932038 268.15533980582524 294.8495145631068 322.95631067961165 
4094.470873786408 4122.844660194175 336.873786407767 365.247572815534 415.68446601941747 444.05825242718447 
3897.597087378641 3925.4854368932038 249.76699029126215 277.65533980582524 385.8980582524272 413.7864077669903 
3842.019417475728 3870.757281553398 267.9757281553398 296.7135922330097 392.1650485436893 420.90291262135923 
3901.849514563107 3929.616504854369 199.79126213592232 227.55825242718447 403.8398058252427 431.6067961165049 
3859.0436893203882 3887.660194174757 175.71844660194174 204.33495145631068 367.34466019417476 395.9611650485437 
3712.402912621359 3740.5582524271845 232.40776699029126 260.56310679611653 343.93689320388347 372.09223300970876 
3702.3349514563106 3729.883495145631 250.22815533980582 277.77669902912623 372.86893203883494 400.41747572815535 
3812.2815533980583 3841.529126213592 197.05825242718447 226.30582524271844 344.6601941747573 373.90776699029124 
3800.9757281553398 3828.669902912621 218.57766990291262 246.27184466019418 333.79126213592235 361.4854368932039 
3771.1116504854367 3798.6116504854367 206.1504854368932 233.6504854368932 309.36407766990294 336.86407766990294 
3887.223300970874 3915.0145631067962 181.42233009708738 209.2135922330097 290.4757281553398 318.2669902912621 
4102.354368932039 4131.23786407767 258.0145631067961 286.8980582524272 492.6456310679612 521.5291262135922 
3904.0728155339807 3932.71359223301 313.99514563106794 342.63592233009706 401.9854368932039 430.626213592233 
3896.490291262136 3925.349514563107 162.3495145631068 191.20873786407768 405.0339805825243 433.8932038834951 
3794.864077669903 3824.0873786407765 248.6359223300971 277.8592233009709 323.40776699029124 352.63106796116506 
3555.0 3582.742718446602 218.45631067961165 246.1990291262136 361.79611650485435 389.5388349514563 
3762.4466019417478 3790.3106796116504 174.2621359223301 202.126213592233 344.5339805825243 372.3980582524272 
4228.0873786407765 4257.140776699029 267.11650485436894 296.16990291262135 365.80582524271847 394.8592233009709 
3716.2718446601943 3744.2815533980583 208.37864077669903 236.38834951456312 261.6116504854369 289.621359223301 
3817.4368932038833 3845.519417475728 162.44174757281553 190.5242718446602 321.6601941747573 349.74271844660194 
4017.509708737864 4046.1990291262136 217.61165048543688 246.3009708737864 321.5873786407767 350.27669902912623 
3606.893203883495 3634.0048543689322 285.6796116504854 312.79126213592235 371.5533980582524 398.6650485436893 
4104.616504854369 4133.839805825242 277.378640776699 306.6019417475728 440.34466019417476 469.56796116504853 
4229.898058252427 4259.097087378641 207.94174757281553 237.14077669902912 392.7621359223301 421.9611650485437 
3983.8155339805826 4011.7281553398057 217.52912621359224 245.44174757281553 330.80582524271847 358.71844660194176 
4008.019417475728 4036.3203883495144 211.4757281553398 239.7766990291262 282.77669902912623 311.07766990291265 
4048.849514563107 4077.7087378640776 240.2766990291262 269.13592233009706 333.55825242718447 362.41747572815535 
