1354.1964285714287 1382.1875 75.48214285714286 103.47321428571429 94.44642857142857 122.4375 
1310.330357142857 1338.455357142857 73.73214285714286 101.85714285714286 107.1875 135.3125 
1700.6607142857142 1728.9642857142858 86.94642857142857 115.25 119.78571428571429 148.08928571428572 
1403.1875 1433.0089285714287 84.53571428571429 114.35714285714286 113.9375 143.75892857142858 
1314.9107142857142 1342.4107142857142 98.53571428571429 126.03571428571429 113.51785714285714 141.01785714285714 
1349.357142857143 1378.732142857143 73.0 102.375 113.91071428571429 143.28571428571428 
1598.9642857142858 1628.294642857143 79.60714285714286 108.9375 102.08035714285714 131.41071428571428 
1531.0982142857142 1560.4732142857142 84.84821428571429 114.22321428571429 138.25 167.625 
1327.0267857142858 1356.4910714285713 79.0625 108.52678571428571 106.98214285714286 136.44642857142858 
1307.1607142857142 1335.642857142857 77.97321428571429 106.45535714285714 113.99107142857143 142.47321428571428 
1417.0982142857142 1446.919642857143 83.5625 113.38392857142857 130.13392857142858 159.95535714285714 
1180.0 1206.6964285714287 81.33928571428571 108.03571428571429 116.97321428571429 143.66964285714286 
1400.5267857142858 1428.7410714285713 83.77678571428571 111.99107142857143 105.95535714285714 134.16964285714286 
1063.0089285714287 1090.107142857143 76.41964285714286 103.51785714285714 95.65178571428571 122.75 
1399.3839285714287 1426.3035714285713 90.6875 117.60714285714286 95.16071428571429 122.08035714285714 
1360.9107142857142 1389.0357142857142 73.88392857142857 102.00892857142857 108.77678571428571 136.90178571428572 
1417.25 1446.4017857142858 79.59821428571429 108.75 97.1875 126.33928571428571 
1232.5267857142858 1261.5 80.77678571428571 109.75 106.51785714285714 135.49107142857142 
1242.6875 1270.0982142857142 83.44642857142857 110.85714285714286 113.90178571428571 141.3125 
1117.1160714285713 1143.544642857143 80.75 107.17857142857143 120.90178571428571 147.33035714285714 
1224.125 1251.5357142857142 72.79464285714286 100.20535714285714 112.5 139.91071428571428 
1351.4910714285713 1377.830357142857 85.3125 111.65178571428571 94.15178571428571 120.49107142857143 
1464.4375 1492.6964285714287 81.25892857142857 109.51785714285714 87.5625 115.82142857142857 
1156.0982142857142 1183.375 83.99107142857143 111.26785714285714 109.66964285714286 136.94642857142858 
1182.0535714285713 1209.330357142857 78.6875 105.96428571428571 96.78571428571429 124.0625 
1247.3839285714287 1274.125 85.0 111.74107142857143 96.11607142857143 122.85714285714286 
1347.6339285714287 1376.205357142857 76.5625 105.13392857142857 98.38392857142857 126.95535714285714 
1554.642857142857 1584.5089285714287 78.02678571428571 107.89285714285714 107.86607142857143 137.73214285714286 
1438.3482142857142 1466.4732142857142 85.84821428571429 113.97321428571429 156.33928571428572 184.46428571428572 
1034.8839285714287 1061.3125 87.8125 114.24107142857143 111.90178571428571 138.33035714285714 
1159.4285714285713 1185.9910714285713 76.94642857142857 103.50892857142857 98.40178571428571 124.96428571428571 
1376.0267857142858 1403.705357142857 93.78571428571429 121.46428571428571 113.47321428571429 141.15178571428572 
1393.294642857143 1422.357142857143 84.34821428571429 113.41071428571429 101.73214285714286 130.79464285714286 
1708.7142857142858 1738.357142857143 88.27678571428571 117.91964285714286 107.19642857142857 136.83928571428572 
1253.5357142857142 1283.4910714285713 94.39285714285714 124.34821428571429 116.05357142857143 146.00892857142858 
1707.794642857143 1737.5267857142858 76.27678571428571 106.00892857142857 120.54464285714286 150.27678571428572 
1374.0089285714287 1404.0982142857142 102.375 132.46428571428572 130.4375 160.52678571428572 
1442.6160714285713 1471.6339285714287 94.05357142857143 123.07142857142857 103.75892857142857 132.77678571428572 
1139.3482142857142 1166.4464285714287 78.91071428571429 106.00892857142857 115.97321428571429 143.07142857142858 
1219.232142857143 1245.482142857143 84.0 110.25 112.5625 138.8125 
1203.4642857142858 1231.5892857142858 79.5625 107.6875 122.0 150.125 
1513.544642857143 1542.0714285714287 87.16964285714286 115.69642857142857 117.5625 146.08928571428572 
1432.25 1461.1785714285713 91.39285714285714 120.32142857142857 114.66071428571429 143.58928571428572 
1241.142857142857 1270.919642857143 90.05357142857143 119.83035714285714 131.32142857142858 161.09821428571428 
1444.8214285714287 1474.419642857143 86.6875 116.28571428571429 110.0 139.59821428571428 
1579.2142857142858 1609.2142857142858 71.19642857142857 101.19642857142857 104.83928571428571 134.83928571428572 
1261.5 1289.982142857143 82.42857142857143 110.91071428571429 106.96428571428571 135.44642857142858 
1277.642857142857 1305.0982142857142 84.59821428571429 112.05357142857143 102.33928571428571 129.79464285714286 
1349.6607142857142 1378.2767857142858 81.36607142857143 109.98214285714286 105.79464285714286 134.41071428571428 
1445.2857142857142 1475.375 85.34821428571429 115.4375 113.22321428571429 143.3125 
