3089.218579234973 3115.9398907103823 175.46994535519124 202.1912568306011 250.6120218579235 277.3333333333333 
3276.2950819672133 3303.3715846994537 162.9398907103825 190.01639344262296 268.1803278688525 295.2568306010929 
3281.1967213114754 3309.256830601093 185.54644808743168 213.60655737704917 324.88524590163934 352.94535519125685 
2965.754098360656 2994.224043715847 135.92349726775956 164.39344262295083 214.08743169398906 242.55737704918033 
3529.4918032786886 3558.5081967213114 136.01092896174865 165.02732240437157 297.44262295081967 326.4590163934426 
3309.841530054645 3337.601092896175 143.98360655737704 171.7431693989071 264.4590163934426 292.21857923497265 
3234.098360655738 3262.3224043715845 158.13114754098362 186.3551912568306 309.6448087431694 337.8688524590164 
3100.0054644808743 3128.2841530054643 145.95081967213116 174.2295081967213 200.5792349726776 228.85792349726776 
3204.6338797814205 3233.5136612021856 176.9945355191257 205.87431693989072 303.3497267759563 332.2295081967213 
3120.3060109289618 3149.2131147540986 173.3224043715847 202.2295081967213 255.63387978142077 284.5409836065574 
3436.8579234972676 3465.5464480874316 182.01639344262296 210.70491803278688 290.8743169398907 319.56284153005464 
3348.9398907103823 3377.8196721311474 151.78142076502732 180.66120218579235 308.0382513661202 336.91803278688525 
3243.5136612021856 3271.3278688524592 210.13661202185793 237.95081967213116 326.27322404371586 354.08743169398906 
3184.9945355191257 3213.0 140.89617486338798 168.9016393442623 216.224043715847 244.2295081967213 
3235.775956284153 3264.464480874317 164.28961748633878 192.97814207650273 206.29508196721312 234.98360655737704 
3467.6284153005463 3496.48087431694 174.97814207650273 203.8306010928962 198.2568306010929 227.10928961748633 
3398.9726775956283 3428.9180327868853 187.65027322404373 217.59562841530055 266.8688524590164 296.8142076502732 
3142.2622950819673 3171.907103825137 145.21857923497268 174.86338797814207 205.6775956284153 235.3224043715847 
3073.1639344262294 3101.907103825137 259.59016393442624 288.3333333333333 340.78688524590166 369.53005464480873 
3363.191256830601 3391.3333333333335 183.59562841530055 211.7377049180328 292.6174863387978 320.75956284153006 
3305.7978142076504 3333.6666666666665 187.52459016393442 215.39344262295083 332.1639344262295 360.0327868852459 
3287.5737704918033 3315.0054644808743 167.0054644808743 194.43715846994536 199.62295081967213 227.05464480874318 
3429.928961748634 3459.1092896174864 170.38251366120218 199.56284153005464 215.91256830601094 245.0928961748634 
3342.9726775956283 3372.2622950819673 147.7377049180328 177.02732240437157 258.08196721311475 287.37158469945354 
3131.2950819672133 3158.5081967213114 146.9344262295082 174.14754098360655 241.43169398907105 268.6448087431694 
3062.5081967213114 3090.2677595628415 142.05464480874318 169.81420765027323 237.50819672131146 265.26775956284155 
3032.590163934426 3059.6120218579235 137.96174863387978 164.98360655737704 208.6830601092896 235.70491803278688 
3520.6775956284155 3549.3934426229507 169.7377049180328 198.45355191256832 322.39890710382514 351.11475409836066 
3346.9180327868853 3376.590163934426 161.5191256830601 191.1912568306011 228.53005464480876 258.2021857923497 
3360.5956284153003 3389.311475409836 125.0327868852459 153.7486338797814 241.11475409836066 269.8306010928962 
3360.55737704918 3390.1748633879783 191.27322404371586 220.89071038251367 324.6830601092896 354.30054644808746 
3104.344262295082 3132.24043715847 181.66120218579235 209.55737704918033 250.27322404371586 278.1693989071038 
3279.5956284153003 3308.2841530054643 192.56284153005464 221.2513661202186 267.5464480874317 296.23497267759564 
3152.775956284153 3181.1092896174864 140.53551912568307 168.86885245901638 211.98360655737704 240.3169398907104 
3547.601092896175 3576.098360655738 221.89617486338798 250.39344262295083 300.25136612021856 328.74863387978144 
3409.7704918032787 3438.0218579234975 150.2622950819672 178.5136612021858 247.6120218579235 275.8633879781421 
3221.136612021858 3249.1967213114754 189.01092896174865 217.07103825136613 302.74863387978144 330.8087431693989 
3204.535519125683 3232.24043715847 155.62295081967213 183.327868852459 220.62841530054644 248.33333333333334 
3299.409836065574 3329.0819672131147 161.66666666666666 191.33879781420765 354.46448087431696 384.1366120218579 
3444.256830601093 3473.655737704918 164.20218579234972 193.60109289617486 434.775956284153 464.1748633879781 
3295.945355191257 3324.0601092896177 185.59016393442624 213.70491803278688 239.5792349726776 267.69398907103823 
2778.3715846994537 2806.3497267759562 176.49180327868854 204.46994535519124 295.72131147540983 323.69945355191254 
3260.75956284153 3289.2841530054643 212.08196721311475 240.60655737704917 249.53005464480876 278.05464480874315 
3329.863387978142 3358.0054644808743 144.43169398907105 172.5737704918033 195.5737704918033 223.71584699453553 
3219.7322404371585 3248.4754098360654 208.49726775956285 237.24043715846994 268.0109289617486 296.75409836065575 
3370.382513661202 3398.032786885246 166.327868852459 193.97814207650273 241.72131147540983 269.37158469945354 
3283.51912568306 3312.125683060109 123.21857923497268 151.82513661202185 183.21857923497268 211.82513661202185 
3168.912568306011 3195.6612021857923 229.19672131147541 255.94535519125682 343.2021857923497 369.95081967213116 
3087.103825136612 3115.792349726776 167.75409836065575 196.44262295081967 270.57377049180326 299.26229508196724 
3285.8306010928964 3313.8907103825136 159.81967213114754 187.87978142076503 231.10382513661202 259.1639344262295 
