4294.151376146789 4323.119266055046 338.3532110091743 367.3211009174312 512.1330275229358 541.1009174311927 
4088.0825688073396 4115.215596330275 283.197247706422 310.3302752293578 444.0 471.1330275229358 
3978.183486238532 4006.3256880733943 258.55045871559633 286.6926605504587 351.48623853211006 379.6284403669725 
4162.591743119266 4191.926605504587 219.5137614678899 248.848623853211 436.0321100917431 465.3669724770642 
4207.059633027523 4234.972477064221 203.9862385321101 231.89908256880733 372.151376146789 400.0642201834862 
4411.174311926606 4440.5091743119265 271.0045871559633 300.3394495412844 348.51376146788994 377.848623853211 
4169.646788990825 4198.133027522936 241.38990825688074 269.8761467889908 412.9036697247706 441.38990825688074 
4173.073394495413 4201.192660550459 229.59633027522935 257.7155963302752 529.5412844036697 557.6605504587156 
4030.802752293578 4057.8669724770643 291.38990825688074 318.45412844036696 460.4816513761468 487.54587155963304 
3964.3119266055046 3991.8577981651374 205.8119266055046 233.3577981651376 333.8073394495413 361.3532110091743 
4348.206422018348 4375.683486238532 317.1330275229358 344.61009174311926 446.5550458715596 474.0321100917431 
4327.880733944954 4356.963302752293 207.57339449541286 236.6559633027523 508.88990825688074 537.9724770642201 
4312.4495412844035 4339.995412844037 302.1284403669725 329.6743119266055 381.9449541284404 409.4908256880734 
4203.215596330275 4231.220183486239 283.3256880733945 311.3302752293578 380.3256880733945 408.3302752293578 
4150.931192660551 4179.5091743119265 353.3165137614679 381.89449541284404 562.9036697247707 591.4816513761468 
4345.353211009175 4374.137614678899 294.44954128440367 323.23394495412845 361.77522935779814 390.5596330275229 
4319.839449541284 4346.880733944954 282.0 309.04128440366975 370.802752293578 397.8440366972477 
4269.779816513761 4298.54128440367 251.94954128440367 280.7110091743119 463.26605504587155 492.0275229357798 
4352.293577981652 4381.811926605505 320.4357798165138 349.95412844036696 408.76146788990826 438.2798165137615 
4205.238532110092 4233.701834862385 303.04587155963304 331.5091743119266 371.70642201834863 400.1697247706422 
4473.48623853211 4502.5 270.11467889908255 299.1284403669725 402.1559633027523 431.1697247706422 
4160.98623853211 4189.862385321101 204.2018348623853 233.07798165137615 361.85779816513764 390.73394495412845 
3892.743119266055 3919.853211009174 257.95871559633025 285.06880733944956 342.42201834862385 369.5321100917431 
4120.4908256880735 4148.426605504587 301.9724770642202 329.908256880734 461.45412844036696 489.38990825688074 
4418.8302752293575 4447.935779816514 211.69266055045873 240.7981651376147 410.06880733944956 439.1743119266055 
4420.518348623853 4449.188073394495 238.92660550458714 267.5963302752294 444.41743119266056 473.08715596330273 
4161.591743119266 4189.894495412844 274.64220183486236 302.9449541284404 383.01376146788994 411.3165137614679 
4161.027522935779 4190.155963302752 278.8532110091743 307.9816513761468 399.3761467889908 428.5045871559633 
4466.688073394495 4495.587155963302 254.46330275229357 283.36238532110093 404.39449541284404 433.29357798165137 
4005.7844036697247 4034.293577981651 253.69266055045873 282.20183486238534 440.5091743119266 469.0183486238532 
3903.8119266055046 3930.6009174311926 221.3577981651376 248.14678899082568 346.3348623853211 373.1238532110092 
4165.04128440367 4193.183486238532 311.38990825688074 339.5321100917431 418.75688073394497 446.89908256880733 
4155.633027522936 4183.064220183486 375.91743119266056 403.348623853211 426.0 453.43119266055044 
4414.605504587156 4442.174311926606 242.1605504587156 269.72935779816515 484.651376146789 512.2201834862385 
3996.9036697247707 4024.954128440367 257.6788990825688 285.72935779816515 402.6834862385321 430.73394495412845 
4096.252293577982 4124.463302752293 246.80733944954127 275.0183486238532 355.70183486238534 383.91284403669727 
4362.302752293578 4391.018348623853 355.9954128440367 384.7110091743119 450.23853211009174 478.95412844036696 
4288.55504587156 4317.431192660551 207.8256880733945 236.7018348623853 361.07798165137615 389.95412844036696 
3985.756880733945 4014.6559633027523 235.651376146789 264.55045871559633 400.4036697247706 429.302752293578 
4276.188073394495 4305.04128440367 236.72935779816513 265.58256880733944 380.04128440366975 408.89449541284404 
4200.568807339449 4228.619266055046 234.13761467889907 262.1880733944954 278.55045871559633 306.60091743119267 
4152.628440366972 4181.206422018348 239.41743119266056 267.9954128440367 433.77522935779814 462.3532110091743 
4289.155963302752 4317.229357798165 255.77064220183487 283.8440366972477 402.55045871559633 430.6238532110092 
4563.288990825688 4593.701834862385 340.0550458715596 370.4678899082569 633.4266055045872 663.8394495412844 
4011.183486238532 4038.4770642201834 256.8394495412844 284.1330275229358 437.8348623853211 465.1284403669725 
4508.779816513761 4538.481651376147 324.8761467889908 354.57798165137615 597.5412844036697 627.243119266055 
4105.463302752293 4133.651376146789 299.89449541284404 328.08256880733944 387.6192660550459 415.8073394495413 
4018.9174311926604 4047.197247706422 267.6605504587156 295.9403669724771 391.0275229357798 419.3073394495413 
4195.9495412844035 4223.862385321101 201.545871559633 229.45871559633028 290.6284403669725 318.54128440366975 
4323.876146788991 4351.3302752293575 283.1834862385321 310.63761467889907 521.8119266055046 549.2660550458716 
