47.27272727272727 76.06060606060606 51.57575757575758 80.36363636363636 39.54545454545455 68.33333333333333 
65.93939393939394 97.45454545454545 58.09090909090909 89.60606060606061 44.27272727272727 75.78787878787878 
46.303030303030305 75.84848484848484 50.90909090909091 80.45454545454545 34.63636363636363 64.18181818181819 
43.484848484848484 72.27272727272727 50.39393939393939 79.18181818181819 35.45454545454545 64.24242424242425 
37.0 62.15151515151515 53.21212121212121 78.36363636363636 28.96969696969697 54.121212121212125 
49.36363636363637 78.0 53.15151515151515 81.78787878787878 35.84848484848485 64.48484848484848 
44.24242424242424 72.12121212121212 52.72727272727273 80.60606060606061 37.42424242424242 65.3030303030303 
56.54545454545455 82.3030303030303 54.39393939393939 80.15151515151516 37.36363636363637 63.121212121212125 
50.81818181818182 81.72727272727273 51.21212121212121 82.12121212121212 34.84848484848485 65.75757575757575 
44.24242424242424 75.0 53.515151515151516 84.27272727272727 35.90909090909091 66.66666666666667 
96.72727272727273 124.15151515151516 50.96969696969697 78.39393939393939 41.54545454545455 68.96969696969697 
59.90909090909091 88.24242424242425 52.45454545454545 80.78787878787878 48.333333333333336 76.66666666666667 
51.72727272727273 78.54545454545455 47.75757575757576 74.57575757575758 36.06060606060606 62.878787878787875 
38.63636363636363 68.33333333333333 52.42424242424242 82.12121212121212 34.24242424242424 63.93939393939394 
44.39393939393939 70.9090909090909 58.27272727272727 84.78787878787878 32.78787878787879 59.303030303030305 
86.12121212121212 117.18181818181819 56.09090909090909 87.15151515151516 36.03030303030303 67.0909090909091 
57.75757575757576 85.03030303030303 53.60606060606061 80.87878787878788 48.21212121212121 75.48484848484848 
45.21212121212121 74.0 55.0 83.78787878787878 29.21212121212121 58.0 
55.121212121212125 83.3030303030303 54.03030303030303 82.21212121212122 44.54545454545455 72.72727272727273 
53.303030303030305 84.66666666666667 53.57575757575758 84.93939393939394 32.24242424242424 63.60606060606061 
54.333333333333336 84.78787878787878 50.21212121212121 80.66666666666667 33.09090909090909 63.54545454545455 
57.333333333333336 85.51515151515152 52.39393939393939 80.57575757575758 43.666666666666664 71.84848484848484 
54.27272727272727 84.57575757575758 40.42424242424242 70.72727272727273 43.06060606060606 73.36363636363636 
47.54545454545455 74.21212121212122 46.90909090909091 73.57575757575758 36.78787878787879 63.45454545454545 
53.515151515151516 78.96969696969697 50.63636363636363 76.0909090909091 32.36363636363637 57.81818181818182 
66.36363636363636 95.9090909090909 59.42424242424242 88.96969696969697 36.78787878787879 66.33333333333333 
57.45454545454545 89.42424242424242 46.24242424242424 78.21212121212122 40.93939393939394 72.9090909090909 
45.878787878787875 72.6969696969697 58.96969696969697 85.78787878787878 35.39393939393939 62.21212121212121 
56.93939393939394 84.36363636363636 55.27272727272727 82.6969696969697 48.666666666666664 76.0909090909091 
45.90909090909091 75.60606060606061 58.63636363636363 88.33333333333333 38.03030303030303 67.72727272727273 
41.42424242424242 67.78787878787878 62.81818181818182 89.18181818181819 27.757575757575758 54.121212121212125 
42.515151515151516 69.03030303030303 52.72727272727273 79.24242424242425 34.333333333333336 60.84848484848485 
54.878787878787875 83.81818181818181 43.303030303030305 72.24242424242425 34.878787878787875 63.81818181818182 
49.15151515151515 78.6969696969697 53.57575757575758 83.12121212121212 41.42424242424242 70.96969696969697 
50.24242424242424 78.87878787878788 57.24242424242424 85.87878787878788 38.78787878787879 67.42424242424242 
40.18181818181818 68.36363636363636 58.90909090909091 87.0909090909091 33.60606060606061 61.78787878787879 
42.57575757575758 69.54545454545455 58.93939393939394 85.9090909090909 35.0 61.96969696969697 
43.878787878787875 71.3030303030303 52.21212121212121 79.63636363636364 32.21212121212121 59.63636363636363 
47.484848484848484 74.15151515151516 52.696969696969695 79.36363636363636 32.39393939393939 59.06060606060606 
66.84848484848484 95.18181818181819 43.96969696969697 72.3030303030303 39.27272727272727 67.60606060606061 
36.81818181818182 65.9090909090909 46.72727272727273 75.81818181818181 29.242424242424242 58.333333333333336 
51.27272727272727 77.63636363636364 59.45454545454545 85.81818181818181 30.12121212121212 56.484848484848484 
45.0 72.12121212121212 50.15151515151515 77.27272727272727 30.484848484848484 57.60606060606061 
47.78787878787879 77.33333333333333 37.78787878787879 67.33333333333333 30.818181818181817 60.36363636363637 
51.39393939393939 79.12121212121212 57.54545454545455 85.27272727272727 34.878787878787875 62.60606060606061 
46.03030303030303 75.72727272727273 51.06060606060606 80.75757575757575 33.0 62.696969696969695 
51.60606060606061 77.96969696969697 52.303030303030305 78.66666666666667 42.06060606060606 68.42424242424242 
49.27272727272727 77.15151515151516 60.0 87.87878787878788 33.81818181818182 61.696969696969695 
64.63636363636364 90.39393939393939 54.121212121212125 79.87878787878788 42.06060606060606 67.81818181818181 
47.39393939393939 76.63636363636364 50.75757575757576 80.0 36.484848484848484 65.72727272727273 
