2326.4771241830067 2353.40522875817 98.86274509803921 125.79084967320262 168.86274509803923 195.79084967320262 
2364.143790849673 2392.4117647058824 102.47058823529412 130.73856209150327 173.718954248366 201.98692810457516 
2549.575163398693 2579.052287581699 110.82352941176471 140.30065359477123 162.6143790849673 192.09150326797385 
2589.4640522875816 2617.9281045751636 108.34640522875817 136.81045751633988 173.87581699346404 202.33986928104576 
2424.9411764705883 2453.3071895424837 112.94117647058823 141.30718954248366 141.83660130718954 170.20261437908496 
2431.0065359477126 2458.2614379084966 123.85620915032679 151.11111111111111 159.27450980392157 186.52941176470588 
2326.300653594771 2354.1111111111113 107.2156862745098 135.0261437908497 188.22875816993465 216.0392156862745 
2311.8954248366013 2339.967320261438 101.52287581699346 129.59477124183007 143.95424836601308 172.0261437908497 
2359.6601307189544 2387.1111111111113 107.71895424836602 135.16993464052288 159.36601307189542 186.81699346405227 
2324.3986928104573 2351.424836601307 119.80392156862744 146.83006535947712 212.33333333333334 239.359477124183 
2495.045751633987 2524.0 117.6797385620915 146.63398692810458 168.73856209150327 197.69281045751634 
2401.59477124183 2429.274509803922 110.60130718954248 138.281045751634 198.4248366013072 226.1045751633987 
2462.2614379084966 2491.4771241830067 109.359477124183 138.5751633986928 208.5359477124183 237.7516339869281 
2549.954248366013 2577.764705882353 116.73856209150327 144.54901960784315 165.54248366013073 193.35294117647058 
2547.346405228758 2575.9411764705883 117.02614379084967 145.62091503267973 182.67320261437908 211.26797385620915 
2596.9869281045753 2627.1176470588234 111.50980392156863 141.640522875817 158.718954248366 188.84967320261438 
2493.02614379085 2521.653594771242 123.66666666666667 152.2941176470588 166.19607843137254 194.8235294117647 
2408.052287581699 2436.549019607843 103.29411764705883 131.79084967320262 140.5686274509804 169.0653594771242 
2460.5686274509803 2489.1633986928105 110.94117647058823 139.5359477124183 143.41176470588235 172.00653594771242 
2613.0 2641.300653594771 112.00653594771242 140.30718954248366 177.15032679738562 205.45098039215685 
2839.6601307189544 2870.052287581699 104.52287581699346 134.91503267973857 152.9607843137255 183.35294117647058 
2367.1307189542486 2395.3986928104573 110.23529411764706 138.5032679738562 198.07843137254903 226.34640522875816 
2374.3202614379084 2402.849673202614 112.26143790849673 140.79084967320262 193.69934640522877 222.22875816993465 
2418.823529411765 2447.156862745098 132.67320261437908 161.00653594771242 150.2941176470588 178.62745098039215 
2548.777777777778 2578.091503267974 95.06535947712419 124.37908496732027 157.30718954248366 186.62091503267973 
2569.849673202614 2599.5555555555557 92.7516339869281 122.45751633986929 175.9607843137255 205.66666666666666 
2351.59477124183 2378.849673202614 114.90849673202614 142.16339869281046 159.9281045751634 187.18300653594773 
2602.830065359477 2631.5882352941176 108.95424836601308 137.71241830065358 152.5359477124183 181.2941176470588 
2261.3137254901962 2289.091503267974 101.37908496732027 129.15686274509804 164.28758169934642 192.0653594771242 
2401.97385620915 2429.8823529411766 98.12418300653594 126.0326797385621 151.15686274509804 179.0653594771242 
2540.326797385621 2569.346405228758 115.47712418300654 144.4967320261438 175.0 204.01960784313727 
2417.0196078431372 2445.450980392157 99.3202614379085 127.7516339869281 137.98039215686273 166.41176470588235 
2469.699346405229 2498.9150326797385 101.86274509803921 131.07843137254903 158.49019607843138 187.7058823529412 
2423.1895424836603 2452.4379084967322 100.84967320261438 130.09803921568627 177.5359477124183 206.7843137254902 
2730.202614379085 2758.6666666666665 141.359477124183 169.8235294117647 197.43790849673204 225.90196078431373 
2350.9934640522874 2379.0 104.77777777777777 132.7843137254902 198.47712418300654 226.48366013071896 
2787.97385620915 2817.8104575163397 100.25490196078431 130.09150326797385 172.18954248366012 202.0261437908497 
2548.8954248366013 2579.0588235294117 115.66666666666667 145.83006535947712 214.48366013071896 244.64705882352942 
2524.2614379084966 2552.6601307189544 96.59477124183006 124.99346405228758 155.99346405228758 184.3921568627451 
2295.4640522875816 2322.8823529411766 114.97385620915033 142.3921568627451 164.33333333333334 191.7516339869281 
2618.921568627451 2648.627450980392 127.33333333333333 157.0392156862745 218.4313725490196 248.13725490196077 
2156.1633986928105 2183.483660130719 123.56209150326798 150.88235294117646 177.5032679738562 204.8235294117647 
2369.4640522875816 2397.503267973856 98.80392156862744 126.84313725490196 164.13725490196077 192.1764705882353 
2331.032679738562 2358.2875816993464 116.09803921568627 143.35294117647058 168.77777777777777 196.03267973856208 
2537.496732026144 2565.5686274509803 97.95424836601308 126.02614379084967 153.41176470588235 181.48366013071896 
2610.549019607843 2641.202614379085 125.54248366013071 156.19607843137254 246.13725490196077 276.7908496732026 
2417.091503267974 2445.1307189542486 120.47058823529412 148.50980392156862 146.66666666666666 174.7058823529412 
2390.0588235294117 2418.1307189542486 117.00653594771242 145.07843137254903 166.23529411764707 194.30718954248366 
2411.529411764706 2438.751633986928 115.2875816993464 142.50980392156862 162.47058823529412 189.69281045751634 
2530.9607843137255 2560.9281045751636 108.37254901960785 138.33986928104576 151.84313725490196 181.81045751633988 
