34.25 60.5 60.375 86.625 28.625 54.875 
28.6875 59.3125 51.4375 82.0625 22.4375 53.0625 
25.5 51.4375 53.125 79.0625 20.5 46.4375 
28.1875 54.125 47.75 73.6875 22.5625 48.5 
42.4375 74.0 50.0625 81.625 38.0625 69.625 
35.8125 62.375 39.125 65.6875 30.8125 57.375 
37.6875 69.875 56.0 88.1875 30.8125 63.0 
50.9375 74.0625 41.0 64.125 30.9375 54.0625 
79.3125 107.75 58.6875 87.125 48.0625 76.5 
32.3125 61.6875 43.3125 72.6875 26.6875 56.0625 
24.875 48.0 52.875 76.0 19.875 43.0 
35.8125 62.375 37.6875 64.25 28.9375 55.5 
39.375 65.0 49.75 75.375 32.5 58.125 
45.0625 77.25 54.0625 86.25 38.1875 70.375 
34.0625 61.25 42.1875 69.375 27.1875 54.375 
44.125 74.125 47.3125 77.3125 39.75 69.75 
29.5625 59.25 37.875 67.5625 24.5625 54.25 
50.75 74.8125 59.5 83.5625 39.5 63.5625 
34.0625 60.9375 42.4375 69.3125 27.8125 54.6875 
29.6875 54.375 53.0 77.6875 22.8125 47.5 
28.5625 59.8125 44.5 75.75 24.1875 55.4375 
23.5625 48.5625 33.25 58.25 17.3125 42.3125 
28.3125 53.9375 55.5 81.125 23.3125 48.9375 
32.375 63.0 39.4375 70.0625 25.5 56.125 
34.0625 61.875 53.625 81.4375 29.0625 56.875 
36.125 62.0625 35.375 61.3125 31.125 57.0625 
32.4375 61.5 48.5 77.5625 27.4375 56.5 
33.25 57.9375 56.9375 81.625 26.375 51.0625 
31.625 58.8125 48.3125 75.5 24.75 51.9375 
37.5625 65.0625 52.25 79.75 34.75 62.25 
37.6875 63.9375 50.25 76.5 33.3125 59.5625 
25.125 52.9375 53.125 80.9375 17.3125 45.125 
34.5 62.625 48.5625 76.6875 27.5625 55.6875 
31.0 61.3125 42.625 72.9375 24.125 54.4375 
27.0 53.875 43.25 70.125 22.0 48.875 
30.8125 56.75 50.4375 76.375 22.0625 48.0 
29.25 56.75 46.5625 74.0625 23.875 51.375 
29.625 56.5 36.3125 63.1875 24.0 50.875 
38.5 67.25 40.3125 69.0625 23.8125 52.5625 
27.0625 51.75 42.3125 67.0 22.0625 46.75 
32.8125 60.9375 46.5625 74.6875 26.0625 54.1875 
29.0625 54.375 50.5625 75.875 22.375 47.6875 
31.875 58.75 53.5625 80.4375 26.875 53.75 
35.5 67.0625 54.625 86.1875 31.125 62.6875 
33.9375 60.8125 56.6875 83.5625 26.125 53.0 
46.8125 74.3125 41.0625 68.5625 29.25 56.75 
42.75 67.75 53.1875 78.1875 36.5 61.5 
37.9375 64.1875 39.6875 65.9375 30.4375 56.6875 
33.75 58.4375 43.0625 67.75 29.375 54.0625 
32.1875 59.6875 37.625 65.125 23.4375 50.9375 
