40.95652173913044 66.6086956521739 55.0 80.65217391304348 32.69565217391305 58.34782608695652 
46.08695652173913 78.26086956521739 51.26086956521739 83.43478260869566 37.82608695652174 70.0 
48.82608695652174 77.52173913043478 57.82608695652174 86.52173913043478 39.69565217391305 68.3913043478261 
38.82608695652174 67.30434782608695 54.17391304347826 82.65217391304348 29.0 57.47826086956522 
38.17391304347826 60.78260869565217 45.73913043478261 68.34782608695652 31.869565217391305 54.47826086956522 
38.130434782608695 64.43478260869566 55.52173913043478 81.82608695652173 32.69565217391305 59.0 
50.26086956521739 78.52173913043478 49.04347826086956 77.30434782608695 30.695652173913043 58.95652173913044 
34.17391304347826 65.26086956521739 56.04347826086956 87.1304347826087 28.73913043478261 59.82608695652174 
40.47826086956522 68.95652173913044 44.95652173913044 73.43478260869566 35.04347826086956 63.52173913043478 
54.82608695652174 86.1304347826087 55.17391304347826 86.47826086956522 39.391304347826086 70.69565217391305 
44.43478260869565 72.91304347826087 45.08695652173913 73.56521739130434 37.26086956521739 65.73913043478261 
41.34782608695652 69.82608695652173 50.69565217391305 79.17391304347827 33.56521739130435 62.04347826086956 
39.30434782608695 64.95652173913044 60.0 85.65217391304348 33.56521739130435 59.21739130434783 
27.47826086956522 52.04347826086956 47.391304347826086 71.95652173913044 22.47826086956522 47.04347826086956 
31.304347826086957 59.34782608695652 52.73913043478261 80.78260869565217 24.782608695652176 52.82608695652174 
38.73913043478261 66.78260869565217 35.869565217391305 63.91304347826087 32.869565217391305 60.91304347826087 
39.26086956521739 66.8695652173913 31.652173913043477 59.26086956521739 31.652173913043477 59.26086956521739 
32.30434782608695 61.21739130434783 52.26086956521739 81.17391304347827 27.304347826086957 56.21739130434783 
37.34782608695652 65.82608695652173 53.82608695652174 82.30434782608695 26.26086956521739 54.73913043478261 
33.26086956521739 61.52173913043478 47.08695652173913 75.34782608695652 27.91304347826087 56.17391304347826 
36.08695652173913 65.65217391304348 55.52173913043478 85.08695652173913 29.52173913043478 59.08695652173913 
38.391304347826086 64.91304347826087 53.65217391304348 80.17391304347827 30.782608695652176 57.30434782608695 
36.30434782608695 62.17391304347826 57.73913043478261 83.6086956521739 30.869565217391305 56.73913043478261 
42.04347826086956 71.3913043478261 58.47826086956522 87.82608695652173 33.56521739130435 62.91304347826087 
45.26086956521739 72.21739130434783 51.47826086956522 78.43478260869566 40.26086956521739 67.21739130434783 
31.434782608695652 57.52173913043478 53.391304347826086 79.47826086956522 25.565217391304348 51.65217391304348 
38.34782608695652 62.69565217391305 49.04347826086956 73.3913043478261 33.34782608695652 57.69565217391305 
34.08695652173913 61.26086956521739 54.26086956521739 81.43478260869566 25.17391304347826 52.34782608695652 
60.0 86.30434782608695 56.26086956521739 82.56521739130434 53.69565217391305 80.0 
36.65217391304348 66.65217391304348 42.95652173913044 72.95652173913044 31.217391304347824 61.21739130434783 
44.869565217391305 74.65217391304348 43.869565217391305 73.65217391304348 34.65217391304348 64.43478260869566 
45.0 71.95652173913044 53.30434782608695 80.26086956521739 27.08695652173913 54.04347826086956 
41.65217391304348 65.56521739130434 52.869565217391305 76.78260869565217 27.08695652173913 51.0 
31.782608695652176 60.69565217391305 57.130434782608695 86.04347826086956 25.47826086956522 54.391304347826086 
39.73913043478261 67.78260869565217 52.73913043478261 80.78260869565217 27.82608695652174 55.869565217391305 
45.95652173913044 75.52173913043478 55.65217391304348 85.21739130434783 27.869565217391305 57.43478260869565 
39.73913043478261 68.8695652173913 59.21739130434783 88.34782608695652 34.30434782608695 63.43478260869565 
36.130434782608695 62.0 53.78260869565217 79.65217391304348 26.347826086956523 52.21739130434783 
49.91304347826087 79.26086956521739 48.608695652173914 77.95652173913044 34.91304347826087 64.26086956521739 
43.95652173913044 71.1304347826087 37.04347826086956 64.21739130434783 31.130434782608695 58.30434782608695 
39.91304347826087 67.52173913043478 47.78260869565217 75.3913043478261 33.17391304347826 60.78260869565217 
51.130434782608695 77.8695652173913 59.391304347826086 86.1304347826087 38.95652173913044 65.69565217391305 
41.43478260869565 69.69565217391305 52.30434782608695 80.56521739130434 31.217391304347824 59.47826086956522 
34.869565217391305 66.6086956521739 53.608695652173914 85.34782608695652 29.869565217391305 61.608695652173914 
43.04347826086956 70.65217391304348 52.65217391304348 80.26086956521739 33.130434782608695 60.73913043478261 
29.52173913043478 57.56521739130435 43.78260869565217 71.82608695652173 23.652173913043477 51.69565217391305 
42.91304347826087 74.43478260869566 44.82608695652174 76.34782608695652 30.73913043478261 62.26086956521739 
31.956521739130434 59.56521739130435 36.608695652173914 64.21739130434783 26.956521739130434 54.56521739130435 
46.30434782608695 70.8695652173913 51.130434782608695 75.69565217391305 35.47826086956522 60.04347826086956 
50.69565217391305 79.17391304347827 48.34782608695652 76.82608695652173 36.17391304347826 64.65217391304348 
