2550.8443113772455 2577.820359281437 133.7185628742515 160.69461077844312 180.51497005988023 207.49101796407186 
3064.88622754491 3095.4850299401196 117.83233532934132 148.4311377245509 179.10778443113773 209.70658682634732 
2596.934131736527 2624.5389221556884 141.50898203592814 169.11377245508982 176.36526946107784 203.97005988023952 
2753.868263473054 2782.2814371257487 127.75449101796407 156.1676646706587 249.94610778443115 278.35928143712573 
2802.425149700599 2830.8383233532936 147.20359281437126 175.61676646706587 136.5868263473054 165.0 
2649.1676646706587 2677.4610778443116 159.44910179640718 187.7425149700599 241.17365269461078 269.4670658682635 
2537.0898203592815 2565.053892215569 130.4131736526946 158.37724550898204 174.64071856287424 202.60479041916167 
3211.359281437126 3239.4730538922154 123.87425149700599 151.9880239520958 264.562874251497 292.67664670658684 
2821.9101796407185 2849.7844311377244 139.76646706586826 167.64071856287424 169.7245508982036 197.5988023952096 
2588.640718562874 2616.425149700599 113.93413173652695 141.7185628742515 196.39520958083833 224.17964071856287 
2624.22754491018 2652.2814371257487 124.11377245508982 152.1676646706587 226.88023952095807 254.93413173652695 
2621.5269461077846 2648.8323353293413 119.38323353293413 146.688622754491 168.26347305389223 195.5688622754491 
2825.185628742515 2854.5269461077846 121.46107784431138 150.80239520958085 207.49101796407186 236.8323353293413 
2900.005988023952 2927.7604790419164 132.88023952095807 160.63473053892216 207.16167664670658 234.91616766467067 
2996.2994011976048 3025.7305389221556 137.4431137724551 166.874251497006 208.96407185628743 238.39520958083833 
2622.9580838323354 2650.5928143712576 147.67664670658684 175.311377245509 229.09580838323353 256.7305389221557 
2779.74251497006 2807.25748502994 116.74850299401197 144.26347305389223 215.52095808383234 243.03592814371257 
2774.185628742515 2802.119760479042 117.68263473053892 145.61676646706587 157.14970059880238 185.08383233532933 
2727.5149700598804 2755.5389221556884 132.7185628742515 160.7425149700599 203.59281437125748 231.61676646706587 
2409.9041916167666 2436.2215568862275 127.39520958083833 153.7125748502994 182.1317365269461 208.44910179640718 
3013.1736526946106 3042.0359281437127 136.98203592814372 165.8443113772455 223.80239520958085 252.66467065868264 
2784.1497005988026 2811.8443113772455 121.59281437125749 149.2874251497006 172.62275449101796 200.31736526946108 
2861.6526946107783 2889.7964071856286 201.37724550898204 229.52095808383234 233.7185628742515 261.8622754491018 
2982.0778443113772 3010.311377245509 124.58083832335329 152.81437125748502 176.0 204.23353293413174 
2714.682634730539 2742.25748502994 145.50299401197606 173.07784431137725 230.7005988023952 258.2754491017964 
2950.1017964071857 2979.323353293413 158.2994011976048 187.52095808383234 199.05389221556885 228.2754491017964 
2728.706586826347 2756.431137724551 110.42514970059881 138.14970059880238 188.1377245508982 215.8622754491018 
2906.005988023952 2934.868263473054 120.38323353293413 149.24550898203591 171.90419161676647 200.76646706586826 
2923.9760479041915 2952.4491017964074 138.76047904191617 167.23353293413174 221.0119760479042 249.48502994011977 
2980.5988023952095 3009.820359281437 138.65868263473052 167.88023952095807 241.1676646706587 270.38922155688624 
2748.676646706587 2777.4191616766466 136.52694610778443 165.2694610778443 217.02994011976048 245.77245508982037 
2639.916167664671 2667.820359281437 113.02395209580838 140.92814371257484 220.4251497005988 248.32934131736528 
2772.25748502994 2800.940119760479 125.93413173652695 154.61676646706587 185.7005988023952 214.38323353293413 
2834.443113772455 2861.8383233532936 131.76646706586826 159.16167664670658 175.0119760479042 202.40718562874252 
2693.0958083832334 2722.7664670658683 130.91017964071855 160.5808383233533 204.8622754491018 234.53293413173654 
3002.508982035928 3030.11377245509 131.311377245509 158.91616766467067 233.9760479041916 261.5808383233533 
2712.77245508982 2741.125748502994 185.17365269461078 213.52694610778443 252.1437125748503 280.49700598802394 
2965.0359281437127 2994.1077844311376 127.42514970059881 156.49700598802394 156.8622754491018 185.93413173652695 
2610.125748502994 2639.047904191617 135.50299401197606 164.4251497005988 195.18562874251498 224.10778443113773 
2604.8922155688624 2632.7964071856286 134.59281437125748 162.49700598802394 195.46107784431138 223.36526946107784 
2882.059880239521 2911.311377245509 122.92814371257485 152.17964071856287 236.2814371257485 265.5329341317365 
2928.8982035928143 2958.8383233532936 136.688622754491 166.62874251497007 253.7185628742515 283.65868263473055 
2682.952095808383 2710.2874251497005 159.1676646706587 186.50299401197606 239.92814371257484 267.2634730538922 
2739.4491017964074 2766.3353293413174 112.31736526946108 139.20359281437126 162.29341317365268 189.17964071856287 
2909.065868263473 2938.437125748503 116.94610778443113 146.31736526946108 198.5568862275449 227.92814371257484 
2845.311377245509 2874.083832335329 139.59281437125748 168.36526946107784 193.7245508982036 222.49700598802394 
2859.568862275449 2887.8622754491016 154.69461077844312 182.9880239520958 217.7425149700599 246.03592814371257 
3025.5808383233534 3053.7245508982037 123.7185628742515 151.8622754491018 202.37724550898204 230.52095808383234 
2602.694610778443 2631.017964071856 149.99401197604791 178.31736526946108 304.19161676646706 332.5149700598802 
2667.62874251497 2695.802395209581 110.2874251497006 138.46107784431138 189.21556886227546 217.38922155688624 
