4220.954954954955 4250.031531531532 239.54954954954954 268.6261261261261 389.73873873873873 418.81531531531533 
4467.720720720721 4497.675675675676 315.56756756756755 345.52252252252254 431.5945945945946 461.54954954954957 
4212.378378378378 4240.126126126126 241.7072072072072 269.4549549549549 354.27027027027026 382.01801801801804 
4179.324324324324 4207.927927927928 230.7972972972973 259.4009009009009 338.963963963964 367.56756756756755 
4335.887387387387 4364.536036036036 308.15765765765764 336.8063063063063 618.2747747747748 646.9234234234234 
4248.306306306306 4277.360360360361 355.4009009009009 384.4549549549549 494.7477477477477 523.8018018018018 
4327.220720720721 4354.630630630631 224.45495495495496 251.86486486486487 373.0765765765766 400.4864864864865 
4245.355855855856 4273.689189189189 291.1621621621622 319.4954954954955 416.1666666666667 444.5 
4227.175675675676 4256.027027027027 277.9864864864865 306.8378378378378 421.13963963963965 449.990990990991 
4088.018018018018 4116.058558558559 190.35585585585585 218.3963963963964 360.4054054054054 388.44594594594594 
4206.414414414415 4233.959459459459 312.98198198198196 340.52702702702703 454.7927927927928 482.3378378378378 
4076.288288288288 4104.103603603604 254.38738738738738 282.2027027027027 311.64864864864865 339.463963963964 
4167.738738738739 4195.036036036036 306.04954954954957 333.34684684684686 450.7117117117117 478.009009009009 
4181.761261261261 4210.22972972973 230.96846846846847 259.43693693693695 360.9954954954955 389.463963963964 
4154.968468468468 4183.864864864865 260.13513513513516 289.0315315315315 457.35585585585585 486.2522522522523 
4417.513513513513 4446.364864864865 354.76576576576576 383.6171171171171 501.2522522522523 530.1036036036036 
4513.882882882883 4543.184684684685 293.14414414414415 322.44594594594594 485.18918918918916 514.490990990991 
4311.792792792793 4340.373873873874 304.47297297297297 333.05405405405406 448.4594594594595 477.0405405405405 
4479.468468468468 4507.486486486487 305.44594594594594 333.463963963964 467.1261261261261 495.14414414414415 
4342.391891891892 4370.635135135135 221.55405405405406 249.7972972972973 447.3918918918919 475.63513513513516 
4400.806306306306 4428.959459459459 192.13063063063063 220.28378378378378 415.31081081081084 443.463963963964 
3926.045045045045 3953.072072072072 288.1261261261261 315.15315315315314 435.86486486486484 462.8918918918919 
4398.364864864865 4427.373873873874 391.3378378378378 420.34684684684686 454.9864864864865 483.9954954954955 
4172.382882882883 4200.693693693694 236.518018018018 264.8288288288288 417.2927927927928 445.60360360360363 
4277.927927927928 4305.0675675675675 253.22072072072072 280.36036036036035 417.7477477477477 444.8873873873874 
4260.617117117117 4289.490990990991 336.44144144144144 365.31531531531533 457.8243243243243 486.6981981981982 
4098.90990990991 4126.59009009009 270.009009009009 297.68918918918916 328.23423423423424 355.9144144144144 
4250.225225225226 4278.490990990991 228.6216216216216 256.8873873873874 392.8828828828829 421.14864864864865 
4177.148648648648 4205.324324324324 284.4144144144144 312.5900900900901 485.97747747747746 514.1531531531532 
4155.045045045045 4183.040540540541 203.9954954954955 231.99099099099098 347.02702702702703 375.02252252252254 
4574.513513513513 4603.342342342342 367.3198198198198 396.14864864864865 483.6126126126126 512.4414414414415 
4293.157657657658 4321.986486486487 294.7072072072072 323.536036036036 550.6351351351351 579.4639639639639 
4449.698198198198 4478.527027027027 320.7972972972973 349.6261261261261 511.86036036036035 540.6891891891892 
4324.081081081081 4353.630630630631 255.9954954954955 285.5450450450451 404.84684684684686 434.39639639639637 
4397.689189189189 4425.031531531532 352.7162162162162 380.05855855855856 469.1306306306306 496.47297297297297 
4085.252252252252 4114.126126126126 288.3828828828829 317.2567567567568 535.1621621621622 564.0360360360361 
4248.824324324324 4276.774774774774 219.97747747747746 247.92792792792793 423.3738738738739 451.3243243243243 
4287.698198198198 4316.369369369369 249.2117117117117 277.8828828828829 352.02252252252254 380.6936936936937 
4331.815315315315 4360.373873873874 407.05405405405406 435.6126126126126 506.18468468468467 534.7432432432432 
4220.031531531532 4247.554054054054 185.9009009009009 213.42342342342343 364.536036036036 392.05855855855856 
3936.301801801802 3964.162162162162 225.80180180180182 253.66216216216216 386.3918918918919 414.2522522522523 
4283.878378378378 4312.301801801802 316.56306306306305 344.9864864864865 484.9594594594595 513.3828828828829 
4199.468468468468 4227.283783783784 252.9954954954955 280.81081081081084 381.0450450450451 408.86036036036035 
4337.427927927928 4366.459459459459 271.97297297297297 301.0045045045045 396.48198198198196 425.5135135135135 
4279.279279279279 4308.333333333333 277.6801801801802 306.73423423423424 554.2342342342342 583.2882882882883 
4151.472972972973 4179.355855855856 324.04954954954957 351.93243243243245 603.9054054054054 631.7882882882883 
4197.594594594595 4225.68018018018 259.18918918918916 287.27477477477476 374.1261261261261 402.2117117117117 
4521.22972972973 4549.427927927928 277.63963963963965 305.8378378378378 431.18468468468467 459.3828828828829 
4228.90990990991 4256.252252252252 228.35585585585585 255.69819819819818 413.9099099099099 441.2522522522523 
4515.810810810811 4544.639639639639 353.2432432432432 382.07207207207205 543.918918918919 572.7477477477478 
