2098.949275362319 2127.427536231884 103.3840579710145 131.86231884057972 154.8913043478261 183.3695652173913 
2174.282608695652 2202.7971014492755 99.2463768115942 127.76086956521739 150.58695652173913 179.1014492753623 
2139.217391304348 2167.0072463768115 106.84057971014492 134.6304347826087 148.56521739130434 176.35507246376812 
1985.4347826086957 2013.9492753623188 104.67391304347827 133.18840579710144 141.59420289855072 170.1086956521739 
1734.0507246376812 1760.6811594202898 89.52898550724638 116.15942028985508 123.47101449275362 150.1014492753623 
1984.036231884058 2012.0434782608695 106.81159420289855 134.81884057971016 135.268115942029 163.2753623188406 
2102.623188405797 2130.231884057971 107.78260869565217 135.3913043478261 152.9855072463768 180.59420289855072 
1752.3188405797102 1779.3478260869565 92.91304347826087 119.94202898550725 114.27536231884058 141.30434782608697 
2160.8840579710145 2190.9927536231885 89.46376811594203 119.57246376811594 158.52173913043478 188.6304347826087 
1839.623188405797 1867.0869565217392 100.92028985507247 128.3840579710145 137.07246376811594 164.53623188405797 
1825.2536231884058 1852.7536231884058 95.73188405797102 123.23188405797102 150.0072463768116 177.5072463768116 
2187.710144927536 2216.586956521739 107.96376811594203 136.84057971014494 160.82608695652175 189.70289855072463 
1959.0507246376812 1988.3260869565217 101.65942028985508 130.93478260869566 144.9927536231884 174.268115942029 
2005.2826086956522 2034.159420289855 89.6231884057971 118.5 139.8913043478261 168.768115942029 
1923.7173913043478 1951.3985507246377 108.83333333333333 136.5144927536232 123.06521739130434 150.7463768115942 
2199.021739130435 2228.1521739130435 92.97826086956522 122.1086956521739 156.05072463768116 185.18115942028984 
2072.217391304348 2101.710144927536 97.3623188405797 126.85507246376811 160.47826086956522 189.97101449275362 
2337.210144927536 2366.8840579710145 102.47101449275362 132.14492753623188 154.45652173913044 184.1304347826087 
1924.2536231884058 1952.0072463768115 90.40579710144928 118.15942028985508 138.8913043478261 166.64492753623188 
1999.3478260869565 2026.9565217391305 95.26086956521739 122.8695652173913 140.14492753623188 167.7536231884058 
1998.2898550724638 2026.0797101449275 94.1086956521739 121.89855072463769 130.1014492753623 157.8913043478261 
2055.768115942029 2083.8115942028985 94.71014492753623 122.7536231884058 154.3913043478261 182.43478260869566 
2266.355072463768 2296.210144927536 118.09420289855072 147.94927536231884 205.70289855072463 235.55797101449275 
2163.4347826086955 2191.731884057971 98.54347826086956 126.84057971014492 124.01449275362319 152.31159420289856 
1982.2391304347825 2010.2101449275362 87.42028985507247 115.3913043478261 168.7536231884058 196.7246376811594 
1997.036231884058 2025.4782608695652 90.84057971014492 119.28260869565217 132.8768115942029 161.31884057971016 
2168.057971014493 2197.2971014492755 129.56521739130434 158.80434782608697 135.44927536231884 164.68840579710144 
2058.021739130435 2088.3840579710145 108.02173913043478 138.3840579710145 168.8913043478261 199.2536231884058 
1833.1159420289855 1860.9420289855072 92.93478260869566 120.76086956521739 120.72463768115942 148.55072463768116 
2026.7826086956522 2055.623188405797 114.04347826086956 142.8840579710145 150.84057971014494 179.68115942028984 
1822.0289855072465 1850.5434782608695 105.94927536231884 134.46376811594203 166.30434782608697 194.81884057971016 
1792.0579710144928 1819.376811594203 89.97826086956522 117.29710144927536 140.02898550724638 167.34782608695653 
2057.5289855072465 2086.623188405797 96.0 125.09420289855072 165.06521739130434 194.15942028985506 
2159.0797101449275 2188.355072463768 92.01449275362319 121.28985507246377 154.29710144927537 183.57246376811594 
2272.659420289855 2302.804347826087 101.1159420289855 131.2608695652174 156.78985507246378 186.93478260869566 
2178.710144927536 2208.3115942028985 106.18115942028986 135.7826086956522 224.28985507246378 253.8913043478261 
1902.891304347826 1931.5869565217392 100.45652173913044 129.15217391304347 141.83333333333334 170.52898550724638 
2058.659420289855 2087.1739130434785 93.7463768115942 122.26086956521739 115.35507246376811 143.8695652173913 
2123.6884057971015 2153.144927536232 111.6086956521739 141.06521739130434 127.81884057971014 157.2753623188406 
2017.4927536231885 2045.644927536232 80.77536231884058 108.92753623188406 135.82608695652175 163.97826086956522 
2088.5289855072465 2116.427536231884 102.28985507246377 130.18840579710144 134.54347826086956 162.44202898550725 
2036.6521739130435 2064.1521739130435 99.16666666666667 126.66666666666667 140.7536231884058 168.2536231884058 
2170.9565217391305 2200.8478260869565 91.65217391304348 121.54347826086956 148.2753623188406 178.16666666666666 
2098.3695652173915 2127.427536231884 90.8913043478261 119.94927536231884 141.3840579710145 170.44202898550725 
2200.8260869565215 2229.340579710145 110.47826086956522 138.9927536231884 172.46376811594203 200.97826086956522 
2049.2608695652175 2078.463768115942 101.59420289855072 130.79710144927537 139.768115942029 168.97101449275362 
2068.253623188406 2095.753623188406 109.2536231884058 136.7536231884058 183.7608695652174 211.2608695652174 
1973.072463768116 2001.876811594203 113.03623188405797 141.84057971014494 154.44202898550725 183.2463768115942 
1979.3333333333333 2007.7028985507247 100.28985507246377 128.65942028985506 133.1014492753623 161.47101449275362 
2152.108695652174 2181.3478260869565 113.56521739130434 142.80434782608697 142.07246376811594 171.31159420289856 
