3308.311111111111 3338.2833333333333 188.86666666666667 218.8388888888889 305.64444444444445 335.6166666666667 
2660.8333333333335 2688.3333333333335 157.16666666666666 184.66666666666666 234.88888888888889 262.3888888888889 
2961.766666666667 2990.266666666667 148.43333333333334 176.93333333333334 188.2111111111111 216.7111111111111 
3299.411111111111 3328.1055555555554 182.38333333333333 211.07777777777778 261.74444444444447 290.43888888888887 
3135.4 3162.1222222222223 197.70555555555555 224.42777777777778 182.95555555555555 209.67777777777778 
3046.9666666666667 3075.2166666666667 156.6611111111111 184.9111111111111 222.46666666666667 250.71666666666667 
3147.488888888889 3174.738888888889 121.71111111111111 148.9611111111111 245.82222222222222 273.0722222222222 
3155.2722222222224 3182.438888888889 170.71666666666667 197.88333333333333 258.49444444444447 285.6611111111111 
3257.4333333333334 3287.1277777777777 155.5888888888889 185.28333333333333 265.6 295.2944444444444 
3092.488888888889 3120.711111111111 129.68333333333334 157.90555555555557 234.32222222222222 262.5444444444444 
3180.238888888889 3208.6 155.40555555555557 183.76666666666668 225.35 253.7111111111111 
3118.722222222222 3146.472222222222 157.27777777777777 185.02777777777777 313.55555555555554 341.30555555555554 
3450.383333333333 3479.661111111111 197.74444444444444 227.0222222222222 372.8277777777778 402.10555555555555 
3169.0833333333335 3196.972222222222 150.55555555555554 178.44444444444446 249.02777777777777 276.9166666666667 
3182.738888888889 3211.6833333333334 164.90555555555557 193.85 217.29444444444445 246.23888888888888 
3139.488888888889 3168.072222222222 128.7111111111111 157.29444444444445 195.26666666666668 223.85 
2987.7555555555555 3015.061111111111 145.78333333333333 173.0888888888889 259.53333333333336 286.8388888888889 
3375.5 3404.1666666666665 186.41666666666666 215.08333333333334 269.5 298.1666666666667 
3234.9555555555557 3264.1222222222223 177.37222222222223 206.5388888888889 219.73333333333332 248.9 
3223.116666666667 3252.116666666667 168.45 197.45 405.2888888888889 434.2888888888889 
3264.3888888888887 3293.3888888888887 136.61111111111111 165.61111111111111 229.61111111111111 258.6111111111111 
3343.15 3371.7055555555557 132.7888888888889 161.34444444444443 257.31666666666666 285.8722222222222 
2888.411111111111 2916.8277777777776 174.60555555555555 203.0222222222222 288.6333333333333 317.05 
2868.233333333333 2895.8166666666666 130.92777777777778 158.51111111111112 210.45555555555555 238.0388888888889 
3203.483333333333 3230.1222222222223 141.09444444444443 167.73333333333332 236.92777777777778 263.56666666666666 
3301.988888888889 3330.211111111111 180.37777777777777 208.6 272.5444444444444 300.76666666666665 
3259.788888888889 3288.761111111111 156.5388888888889 185.51111111111112 185.12222222222223 214.09444444444443 
3514.5666666666666 3544.427777777778 156.59444444444443 186.45555555555555 286.06666666666666 315.9277777777778 
3240.516666666667 3269.4055555555556 159.87777777777777 188.76666666666668 310.5722222222222 339.4611111111111 
2779.6833333333334 2806.238888888889 181.35 207.90555555555557 263.8833333333333 290.43888888888887 
2879.0222222222224 2906.883333333333 137.60555555555555 165.46666666666667 211.96666666666667 239.82777777777778 
2892.6944444444443 2921.3611111111113 141.68333333333334 170.35 230.75 259.4166666666667 
3244.9166666666665 3273.777777777778 176.05555555555554 204.91666666666666 229.80555555555554 258.6666666666667 
2995.011111111111 3023.4555555555557 157.9 186.34444444444443 185.62222222222223 214.06666666666666 
3130.438888888889 3159.4944444444445 156.05555555555554 185.11111111111111 314.93888888888887 343.99444444444447 
2971.9333333333334 2999.3777777777777 178.90555555555557 206.35 328.1 355.5444444444444 
3305.961111111111 3336.211111111111 173.15555555555557 203.40555555555557 307.5722222222222 337.8222222222222 
2964.7722222222224 2992.7166666666667 161.55 189.49444444444444 236.88333333333333 264.8277777777778 
3331.9555555555557 3360.983333333333 181.5388888888889 210.56666666666666 274.9555555555556 303.98333333333335 
3194.3888888888887 3222.9444444444443 133.63888888888889 162.19444444444446 405.27777777777777 433.8333333333333 
3200.516666666667 3228.711111111111 149.65555555555557 177.85 297.51666666666665 325.7111111111111 
3097.2444444444445 3125.161111111111 143.57777777777778 171.49444444444444 225.1888888888889 253.10555555555555 
3164.15 3191.8166666666666 147.76666666666668 175.43333333333334 227.09444444444443 254.76111111111112 
3098.2944444444443 3126.6833333333334 158.51666666666668 186.90555555555557 233.68333333333334 262.0722222222222 
3060.6944444444443 3087.972222222222 153.05555555555554 180.33333333333334 297.47222222222223 324.75 
3073.9777777777776 3102.088888888889 168.03333333333333 196.14444444444445 265.75555555555553 293.8666666666667 
3182.883333333333 3210.0777777777776 189.4111111111111 216.60555555555555 232.1611111111111 259.35555555555555 
3072.438888888889 3099.6055555555554 134.99444444444444 162.1611111111111 198.88333333333333 226.05 
3236.427777777778 3265.038888888889 142.17777777777778 170.7888888888889 257.59444444444443 286.2055555555556 
3105.8166666666666 3135.0666666666666 157.09444444444443 186.34444444444443 229.31666666666666 258.56666666666666 
