4386.868995633188 4414.5982532751095 337.4017467248908 365.13100436681225 421.6069868995633 449.3362445414847 
4247.986899563319 4276.109170305677 328.235807860262 356.3580786026201 395.0829694323144 423.2052401746725 
4630.882096069869 4659.8340611353715 361.0829694323144 390.0349344978166 500.8165938864629 529.768558951965 
4439.982532751092 4467.624454148472 314.0131004366812 341.65502183406113 361.6200873362445 389.26200873362444 
4544.930131004367 4573.336244541485 436.2183406113537 464.6244541484716 677.4847161572052 705.8908296943231 
4629.205240174672 4657.873362445415 364.7292576419214 393.3973799126638 505.73362445414847 534.4017467248908 
4527.4017467248905 4555.5021834061135 279.2401746724891 307.3406113537118 520.4803493449782 548.5807860262008 
4349.235807860262 4377.227074235808 345.5589519650655 373.55021834061137 420.26200873362444 448.2532751091703 
4229.68558951965 4257.28384279476 245.89082969432314 273.48908296943233 432.28384279475983 459.882096069869 
4168.257641921397 4196.052401746725 286.1965065502183 313.9912663755459 486.92576419213975 514.7205240174673 
4513.917030567685 4542.912663755458 303.882096069869 332.87772925764193 475.55458515283846 504.55021834061137 
4579.091703056769 4607.7379912663755 414.56768558951967 443.2139737991266 593.9606986899563 622.6069868995634 
4329.768558951965 4357.847161572053 318.3755458515284 346.4541484716157 522.8908296943231 550.9694323144105 
4505.951965065502 4533.484716157205 333.353711790393 360.88646288209605 582.5676855895197 610.1004366812227 
4409.4497816593885 4436.982532751092 424.90829694323145 452.4410480349345 490.95633187772927 518.4890829694323 
4750.506550218341 4779.2620087336245 234.0131004366812 262.7685589519651 526.8165938864629 555.5720524017468 
4574.3580786026205 4602.414847161572 371.50655021834064 399.5633187772926 493.11353711790395 521.170305676856 
4423.353711790393 4452.174672489083 311.9650655021834 340.7860262008734 532.1091703056769 560.9301310043668 
4646.292576419214 4675.46288209607 392.12663755458516 421.29694323144105 517.7117903930131 546.882096069869 
4224.458515283843 4251.663755458515 265.66812227074234 292.87336244541484 461.117903930131 488.3231441048035 
4403.812227074236 4432.371179039302 246.95633187772927 275.51528384279476 467.5458515283843 496.10480349344977 
4896.445414847161 4925.244541484716 318.589519650655 347.3886462882096 585.8995633187773 614.6986899563319 
4560.170305676856 4587.659388646288 294.73362445414847 322.2227074235808 518.6637554585153 546.1528384279476 
4270.135371179039 4297.602620087337 267.9694323144105 295.4366812227074 363.5633187772926 391.0305676855895 
4494.703056768559 4523.633187772925 396.3711790393013 425.30131004366814 523.1528384279476 552.0829694323144 
4584.703056768559 4613.28384279476 303.48471615720524 332.0655021834061 340.09606986899564 368.6768558951965 
4495.013100436681 4521.847161572053 328.03930131004364 354.87336244541484 372.93886462882097 399.77292576419217 
4427.650655021834 4455.5982532751095 313.48908296943233 341.4366812227074 413.9170305676856 441.8646288209607 
4360.366812227075 4388.139737991266 263.1397379912664 290.91266375545854 422.6157205240175 450.3886462882096 
4608.515283842795 4637.532751091703 290.7947598253275 319.8122270742358 406.0043668122271 435.0218340611354 
4148.532751091703 4175.978165938865 424.24454148471614 451.68995633187774 522.2227074235808 549.6681222707424 
4343.698689956332 4371.558951965066 374.65502183406113 402.51528384279476 577.170305676856 605.0305676855895 
4370.10480349345 4398.510917030568 251.8122270742358 280.2183406113537 415.10480349344977 443.51091703056767 
4484.10480349345 4511.812227074236 281.9519650655022 309.6593886462882 412.55458515283846 440.26200873362444 
4414.14847161572 4442.576419213974 342.1877729257642 370.6157205240175 383.51528384279476 411.94323144104806 
4278.0742358078605 4304.908296943231 263.43231441048033 290.26637554585153 367.0043668122271 393.83842794759823 
4431.663755458515 4459.589519650655 399.5764192139738 427.50218340611355 605.9213973799127 633.8471615720524 
4385.917030567685 4412.68558951965 292.91266375545854 319.68122270742356 483.44978165938863 510.2183406113537 
4324.004366812227 4352.323144104804 350.4366812227074 378.75545851528386 402.27947598253274 430.5982532751092 
4514.196506550218 4544.28384279476 319.26637554585153 349.353711790393 509.1965065502183 539.2838427947598 
4383.436681222707 4411.275109170306 269.29257641921396 297.13100436681225 576.1659388646289 604.0043668122271 
4591.4017467248905 4619.589519650655 266.7816593886463 294.9694323144105 533.170305676856 561.3580786026201 
4215.288209606987 4242.799126637555 281.5414847161572 309.0524017467249 475.5720524017467 503.0829694323144 
4423.192139737991 4450.572052401747 259.24454148471614 286.6244541484716 424.4366812227074 451.8165938864629 
4215.5502183406115 4243.563318777293 275.03930131004364 303.0524017467249 394.56768558951967 422.5807860262009 
4758.620087336245 4787.200873362445 331.7772925764192 360.3580786026201 443.22707423580783 471.8078602620087 
3993.8689956331878 4019.8951965065503 239.37991266375545 265.4061135371179 357.29694323144105 383.3231441048035 
4646.131004366812 4674.755458515284 274.9912663755459 303.6157205240175 432.0043668122271 460.6288209606987 
4400.2139737991265 4427.681222707423 316.4192139737991 343.88646288209605 357.5720524017467 385.03930131004364 
4332.602620087337 4359.807860262009 357.6113537117904 384.8165938864629 515.4192139737992 542.6244541484716 
