1709.124031007752 1737.6124031007753 82.92248062015504 111.4108527131783 110.01550387596899 138.50387596899225 
1854.15503875969 1883.7674418604652 84.95348837209302 114.56589147286822 134.50387596899225 164.11627906976744 
1730.9767441860465 1759.0 97.93798449612403 125.96124031007751 129.05426356589146 157.07751937984497 
1940.108527131783 1968.8682170542636 103.56589147286822 132.32558139534885 146.42635658914728 175.1860465116279 
1956.6434108527133 1985.2480620155038 80.73643410852713 109.34108527131782 142.41860465116278 171.02325581395348 
1752.4806201550387 1780.1162790697674 92.07751937984496 119.71317829457364 120.37209302325581 148.0077519379845 
1734.9147286821706 1762.7829457364342 96.51937984496124 124.3875968992248 151.09302325581396 178.96124031007753 
1963.015503875969 1991.4263565891472 94.37209302325581 122.78294573643412 117.86046511627907 146.27131782945736 
1705.5813953488373 1734.4573643410852 87.5813953488372 116.45736434108527 144.7674418604651 173.64341085271317 
2149.2093023255816 2178.4728682170544 93.09302325581395 122.35658914728683 136.3798449612403 165.64341085271317 
1959.3875968992247 1987.8372093023256 107.13178294573643 135.58139534883722 128.7674418604651 157.2170542635659 
1943.062015503876 1970.968992248062 102.75968992248062 130.66666666666666 145.73643410852713 173.64341085271317 
2009.2945736434108 2039.4883720930231 91.94573643410853 122.13953488372093 113.98449612403101 144.1782945736434 
1763.0 1791.4108527131782 92.33333333333333 120.74418604651163 132.51162790697674 160.92248062015503 
1829.108527131783 1856.124031007752 94.3953488372093 121.4108527131783 126.85271317829458 153.86821705426357 
1695.9457364341085 1723.2713178294573 91.89147286821705 119.21705426356588 144.04651162790697 171.37209302325581 
1788.1860465116279 1817.4496124031007 84.12403100775194 113.3875968992248 167.29457364341084 196.5581395348837 
1912.5503875968993 1940.3410852713178 87.91472868217055 115.70542635658914 116.15503875968992 143.94573643410854 
2079.937984496124 2108.5038759689924 82.69767441860465 111.26356589147287 141.75968992248062 170.32558139534885 
1762.9457364341085 1791.0852713178294 102.64341085271317 130.7829457364341 130.27131782945736 158.4108527131783 
1868.5193798449613 1896.077519379845 102.27906976744185 129.8372093023256 151.66666666666666 179.2248062015504 
1742.7364341085272 1772.1162790697674 94.75968992248062 124.13953488372093 155.54263565891472 184.92248062015503 
1843.1937984496124 1871.4883720930231 96.25581395348837 124.55038759689923 161.0 189.29457364341084 
1594.6821705426357 1622.3565891472867 86.07751937984496 113.75193798449612 132.47286821705427 160.14728682170542 
1870.0542635658915 1899.124031007752 87.35658914728683 116.42635658914729 139.47286821705427 168.54263565891472 
1757.7519379844962 1786.5891472868218 88.5813953488372 117.4186046511628 123.49612403100775 152.33333333333334 
1922.2480620155038 1952.2868217054263 81.84496124031008 111.88372093023256 130.27131782945736 160.31007751937983 
1772.6279069767443 1801.4651162790697 90.37984496124031 119.21705426356588 128.63565891472868 157.47286821705427 
1697.1472868217054 1726.2170542635658 100.75968992248062 129.8294573643411 122.82945736434108 151.89922480620154 
1615.1007751937984 1644.7131782945737 93.55038759689923 123.16279069767442 117.93023255813954 147.54263565891472 
1703.4651162790697 1731.4108527131782 93.53488372093024 121.48062015503876 155.2093023255814 183.15503875968992 
1973.3488372093022 2002.84496124031 113.26356589147287 142.75968992248062 136.33333333333334 165.8294573643411 
1799.015503875969 1829.015503875969 92.23255813953489 122.23255813953489 138.5891472868217 168.5891472868217 
1970.8527131782946 2000.3488372093022 84.91472868217055 114.4108527131783 137.24806201550388 166.74418604651163 
1822.6744186046512 1851.124031007752 97.16279069767442 125.6124031007752 158.4496124031008 186.89922480620154 
1615.875968992248 1642.1937984496124 83.28682170542636 109.6046511627907 134.5968992248062 160.91472868217053 
1815.1162790697674 1844.7286821705427 92.20930232558139 121.82170542635659 148.8139534883721 178.42635658914728 
1798.7829457364342 1826.3798449612402 83.65116279069767 111.24806201550388 137.7674418604651 165.36434108527132 
1496.9457364341085 1524.1937984496124 94.51937984496124 121.76744186046511 116.82945736434108 144.07751937984497 
2068.0077519379847 2097.813953488372 118.55813953488372 148.36434108527132 145.33333333333334 175.13953488372093 
1675.7519379844962 1702.7674418604652 83.31782945736434 110.33333333333333 131.64341085271317 158.65891472868216 
1816.2945736434108 1842.8837209302326 83.57364341085271 110.16279069767442 158.34883720930233 184.93798449612405 
1871.7984496124031 1900.093023255814 96.35658914728683 124.65116279069767 125.17054263565892 153.46511627906978 
1607.6899224806202 1633.3875968992247 93.13953488372093 118.83720930232558 114.12403100775194 139.8217054263566 
1537.3410852713178 1565.3255813953488 100.51162790697674 128.49612403100775 137.68992248062017 165.67441860465115 
1569.937984496124 1597.4573643410852 88.73643410852713 116.25581395348837 128.70542635658916 156.2248062015504 
1849.9302325581396 1877.953488372093 102.37984496124031 130.4031007751938 137.72093023255815 165.74418604651163 
1557.5891472868218 1584.875968992248 90.15503875968992 117.44186046511628 130.09302325581396 157.3798449612403 
1682.2713178294573 1710.1782945736434 119.85271317829458 147.75968992248062 119.30232558139535 147.2093023255814 
1965.3333333333333 1995.7596899224807 82.43410852713178 112.86046511627907 120.10077519379846 150.52713178294573 
