27.785714285714285 57.07142857142857 46.42857142857143 75.71428571428571 22.785714285714285 52.07142857142857 
54.07142857142857 81.92857142857143 61.142857142857146 89.0 44.785714285714285 72.64285714285714 
31.928571428571427 58.0 49.142857142857146 75.21428571428571 27.642857142857142 53.714285714285715 
37.285714285714285 70.14285714285714 53.357142857142854 86.21428571428571 30.857142857142858 63.714285714285715 
41.857142857142854 72.21428571428571 52.357142857142854 82.71428571428571 31.142857142857142 61.5 
31.142857142857142 57.214285714285715 39.642857142857146 65.71428571428571 25.428571428571427 51.5 
27.928571428571427 60.785714285714285 51.357142857142854 84.21428571428571 22.928571428571427 55.785714285714285 
61.214285714285715 94.07142857142857 37.5 70.35714285714286 56.92857142857143 89.78571428571429 
42.07142857142857 73.14285714285714 52.42857142857143 83.5 38.5 69.57142857142857 
33.785714285714285 61.642857142857146 42.642857142857146 70.5 28.785714285714285 56.642857142857146 
42.0 66.64285714285714 46.07142857142857 70.71428571428571 36.285714285714285 60.92857142857143 
28.857142857142858 57.07142857142857 56.92857142857143 85.14285714285714 23.857142857142858 52.07142857142857 
31.0 60.285714285714285 39.785714285714285 69.07142857142857 25.285714285714285 54.57142857142857 
27.428571428571427 54.214285714285715 48.142857142857146 74.92857142857143 22.428571428571427 49.214285714285715 
39.357142857142854 70.42857142857143 46.714285714285715 77.78571428571429 22.214285714285715 53.285714285714285 
40.0 67.85714285714286 47.57142857142857 75.42857142857143 32.142857142857146 60.0 
23.928571428571427 48.214285714285715 44.57142857142857 68.85714285714286 18.928571428571427 43.214285714285715 
24.214285714285715 55.285714285714285 41.42857142857143 72.5 19.214285714285715 50.285714285714285 
32.142857142857146 57.5 43.0 68.35714285714286 27.142857142857142 52.5 
38.142857142857146 64.92857142857143 36.5 63.285714285714285 30.714285714285715 57.5 
33.42857142857143 54.5 44.142857142857146 65.21428571428571 28.428571428571427 49.5 
45.714285714285715 77.14285714285714 38.642857142857146 70.07142857142857 40.714285714285715 72.14285714285714 
27.142857142857142 54.285714285714285 54.357142857142854 81.5 20.714285714285715 47.857142857142854 
32.642857142857146 61.214285714285715 45.857142857142854 74.42857142857143 28.357142857142858 56.92857142857143 
28.928571428571427 54.642857142857146 46.07142857142857 71.78571428571429 23.571428571428573 49.285714285714285 
39.5 66.28571428571429 46.857142857142854 73.64285714285714 34.5 61.285714285714285 
29.357142857142858 60.42857142857143 51.07142857142857 82.14285714285714 23.642857142857142 54.714285714285715 
29.571428571428573 57.42857142857143 43.142857142857146 71.0 24.571428571428573 52.42857142857143 
35.42857142857143 61.857142857142854 48.92857142857143 75.35714285714286 31.142857142857142 57.57142857142857 
41.5 71.85714285714286 52.07142857142857 82.42857142857143 37.214285714285715 67.57142857142857 
26.285714285714285 49.142857142857146 47.0 69.85714285714286 19.857142857142858 42.714285714285715 
40.357142857142854 65.0 51.357142857142854 76.0 34.642857142857146 59.285714285714285 
34.285714285714285 61.07142857142857 47.5 74.28571428571429 29.285714285714285 56.07142857142857 
29.5 55.57142857142857 49.07142857142857 75.14285714285714 24.5 50.57142857142857 
47.5 77.5 37.142857142857146 67.14285714285714 35.357142857142854 65.35714285714286 
30.428571428571427 59.0 40.5 69.07142857142857 25.428571428571427 54.0 
41.0 66.71428571428571 39.5 65.21428571428571 33.142857142857146 58.857142857142854 
42.642857142857146 68.0 45.42857142857143 70.78571428571429 33.0 58.357142857142854 
34.5 58.785714285714285 54.285714285714285 78.57142857142857 29.5 53.785714285714285 
29.714285714285715 54.0 41.785714285714285 66.07142857142857 24.714285714285715 49.0 
33.642857142857146 60.785714285714285 42.857142857142854 70.0 29.357142857142858 56.5 
36.857142857142854 62.57142857142857 46.214285714285715 71.92857142857143 32.57142857142857 58.285714285714285 
35.07142857142857 71.14285714285714 57.285714285714285 93.35714285714286 30.785714285714285 66.85714285714286 
27.5 53.57142857142857 49.357142857142854 75.42857142857143 22.5 48.57142857142857 
36.857142857142854 61.5 58.142857142857146 82.78571428571429 29.357142857142858 54.0 
48.285714285714285 79.0 51.142857142857146 81.85714285714286 32.214285714285715 62.92857142857143 
31.5 65.42857142857143 43.142857142857146 77.07142857142857 25.785714285714285 59.714285714285715 
29.214285714285715 58.5 39.0 68.28571428571429 24.928571428571427 54.214285714285715 
33.714285714285715 62.642857142857146 48.92857142857143 77.85714285714286 28.714285714285715 57.642857142857146 
31.285714285714285 57.0 57.214285714285715 82.92857142857143 26.285714285714285 52.0 
