4363.621739130434 4391.6 336.795652173913 364.7739130434783 306.88260869565215 334.8608695652174 
4511.265217391305 4539.547826086957 324.2 352.4826086956522 553.7 581.9826086956522 
4567.204347826087 4595.44347826087 266.0304347826087 294.2695652173913 376.5086956521739 404.74782608695654 
4472.060869565217 4499.278260869565 370.75652173913045 397.97391304347826 464.32173913043476 491.53913043478263 
4352.752173913043 4380.491304347826 278.4695652173913 306.2086956521739 424.75217391304346 452.4913043478261 
4433.721739130435 4460.569565217392 401.504347826087 428.3521739130435 496.02608695652174 522.8739130434783 
4580.695652173913 4609.0 327.5652173913044 355.8695652173913 508.5652173913044 536.8695652173913 
4321.852173913044 4350.24347826087 356.8521739130435 385.24347826086955 444.67826086956524 473.0695652173913 
4459.191304347826 4486.691304347826 362.39130434782606 389.89130434782606 562.2347826086957 589.7347826086957 
4619.578260869565 4648.143478260869 342.6434782608696 371.2086956521739 425.6217391304348 454.18695652173915 
4434.808695652174 4462.156521739131 352.6347826086957 379.9826086956522 472.8086956521739 500.1565217391304 
4682.052173913044 4710.465217391305 392.59565217391304 421.0086956521739 525.704347826087 554.1173913043478 
4597.747826086957 4626.4 260.09565217391304 288.74782608695654 355.61739130434785 384.2695652173913 
4623.813043478261 4652.269565217392 360.68260869565216 389.1391304347826 489.11739130434785 517.5739130434782 
4581.891304347826 4610.04347826087 342.9782608695652 371.1304347826087 584.6304347826087 612.7826086956521 
4491.321739130435 4519.3 326.8652173913043 354.8434782608696 534.3652173913043 562.3434782608696 
4511.113043478261 4539.395652173913 391.5913043478261 419.87391304347824 493.89565217391305 522.1782608695652 
4645.421739130435 4674.226086956522 333.94347826086954 362.74782608695654 463.7695652173913 492.5739130434783 
4511.113043478261 4539.613043478261 338.9173913043478 367.4173913043478 579.2869565217392 607.7869565217392 
4554.747826086957 4582.247826086957 306.3782608695652 333.8782608695652 536.5304347826087 564.0304347826087 
4768.095652173913 4796.856521739131 451.8782608695652 480.6391304347826 595.2260869565217 623.9869565217391 
4467.269565217392 4495.095652173913 337.81304347826085 365.6391304347826 659.4434782608696 687.2695652173913 
4431.613043478261 4460.286956521739 327.39565217391305 356.0695652173913 442.3086956521739 470.9826086956522 
4603.173913043478 4631.54347826087 276.7391304347826 305.10869565217394 512.1304347826087 540.5 
4518.673913043478 4546.260869565217 404.80434782608694 432.39130434782606 516.1521739130435 543.7391304347826 
4254.239130434783 4281.54347826087 275.32608695652175 302.6304347826087 300.9347826086956 328.2391304347826 
4328.343478260869 4356.843478260869 326.7782608695652 355.2782608695652 423.5608695652174 452.0608695652174 
4507.921739130435 4536.095652173913 372.11739130434785 400.2913043478261 552.4434782608696 580.6173913043478 
4738.791304347826 4767.660869565218 399.0086956521739 427.8782608695652 544.2695652173913 573.1391304347826 
4588.221739130435 4617.24347826087 241.4608695652174 270.4826086956522 539.2217391304348 568.2434782608696 
4310.169565217391 4337.278260869565 330.4478260869565 357.55652173913046 540.7347826086957 567.8434782608696 
4565.6 4593.621739130434 297.7086956521739 325.7304347826087 479.3391304347826 507.3608695652174 
4286.24347826087 4313.439130434783 366.6565217391304 393.8521739130435 428.76521739130436 455.96086956521737 
4414.960869565218 4442.395652173913 405.4391304347826 432.87391304347824 503.9173913043478 531.3521739130434 
4833.208695652174 4862.1 346.9695652173913 375.8608695652174 457.3391304347826 486.2304347826087 
4583.217391304348 4611.586956521739 401.2173913043478 429.5869565217391 560.5217391304348 588.8913043478261 
4415.221739130435 4443.069565217392 311.6565217391304 339.504347826087 447.6565217391304 475.504347826087 
4724.508695652174 4753.44347826087 475.6304347826087 504.5652173913044 716.4217391304347 745.3565217391305 
4592.465217391305 4620.791304347826 289.8565217391304 318.18260869565216 548.8565217391305 577.1826086956522 
4606.421739130435 4634.465217391305 252.1391304347826 280.18260869565216 391.68260869565216 419.7260869565217 
4683.226086956522 4711.182608695653 457.9869565217391 485.94347826086954 607.3565217391305 635.3130434782609 
4464.417391304348 4492.982608695652 384.4782608695652 413.04347826086956 641.2869565217392 669.8521739130434 
4657.269565217392 4685.94347826087 312.0521739130435 340.7260869565217 521.5739130434782 550.2478260869565 
4810.04347826087 4838.217391304348 264.9130434782609 293.0869565217391 375.3478260869565 403.5217391304348 
4763.813043478261 4792.682608695653 409.24782608695654 438.11739130434785 581.4217391304347 610.2913043478261 
4652.273913043478 4680.469565217391 428.81739130434784 457.0130434782609 479.53478260869565 507.7304347826087 
4535.830434782609 4564.613043478261 266.3086956521739 295.0913043478261 392.2217391304348 421.004347826087 
4749.317391304347 4778.491304347826 435.8608695652174 465.03478260869565 506.1434782608696 535.3173913043478 
4468.878260869566 4497.313043478261 306.2913043478261 334.7260869565217 454.4 482.83478260869566 
4228.169565217391 4255.669565217391 250.25652173913045 277.75652173913045 466.82173913043476 494.32173913043476 
