1288.0086206896551 1315.2931034482758 78.95689655172414 106.24137931034483 109.12068965517241 136.4051724137931 
1180.2327586206898 1205.9655172413793 81.93103448275862 107.66379310344827 121.35344827586206 147.08620689655172 
1328.2068965517242 1355.0172413793102 79.21551724137932 106.02586206896552 115.81896551724138 142.6293103448276 
1480.7586206896551 1508.7758620689656 72.30172413793103 100.31896551724138 92.86206896551724 120.87931034482759 
1599.094827586207 1626.4655172413793 85.34482758620689 112.71551724137932 110.12931034482759 137.5 
1319.448275862069 1346.2155172413793 84.46551724137932 111.23275862068965 109.12931034482759 135.89655172413794 
1351.6379310344828 1379.353448275862 93.01724137931035 120.73275862068965 101.8103448275862 129.52586206896552 
1458.9396551724137 1487.4741379310344 83.81896551724138 112.35344827586206 138.6293103448276 167.16379310344828 
1389.9655172413793 1416.8620689655172 83.62068965517241 110.51724137931035 120.3103448275862 147.20689655172413 
1349.801724137931 1377.7327586206898 91.52586206896552 119.45689655172414 121.47413793103448 149.4051724137931 
1392.8879310344828 1421.3362068965516 78.97413793103448 107.42241379310344 104.18103448275862 132.6293103448276 
1444.2241379310344 1472.5 73.87931034482759 102.15517241379311 103.92241379310344 132.19827586206895 
1538.353448275862 1568.655172413793 86.41379310344827 116.71551724137932 106.15517241379311 136.45689655172413 
1537.0775862068965 1565.8706896551723 84.24137931034483 113.03448275862068 121.26724137931035 150.06034482758622 
1569.25 1599.25 91.8103448275862 121.8103448275862 122.42241379310344 152.42241379310346 
1488.3275862068965 1515.396551724138 98.32758620689656 125.39655172413794 122.33620689655173 149.4051724137931 
1575.155172413793 1604.6379310344828 89.24137931034483 118.72413793103448 139.02586206896552 168.50862068965517 
1279.853448275862 1307.6120689655172 73.13793103448276 100.89655172413794 130.63793103448276 158.39655172413794 
1317.198275862069 1344.094827586207 74.60344827586206 101.5 109.21551724137932 136.11206896551724 
1419.25 1447.655172413793 83.79310344827586 112.19827586206897 105.54310344827586 133.94827586206895 
1475.603448275862 1502.198275862069 84.48275862068965 111.07758620689656 134.39655172413794 160.99137931034483 
1462.9310344827586 1491.3362068965516 91.47413793103448 119.87931034482759 104.67241379310344 133.07758620689654 
1548.155172413793 1576.7327586206898 82.81896551724138 111.39655172413794 125.43103448275862 154.00862068965517 
1516.6120689655172 1544.8879310344828 88.09482758620689 116.37068965517241 106.40517241379311 134.68103448275863 
1724.6379310344828 1754.5086206896551 86.26724137931035 116.13793103448276 148.51724137931035 178.38793103448276 
1465.3620689655172 1492.5172413793102 97.03448275862068 124.1896551724138 115.98275862068965 143.13793103448276 
1486.9655172413793 1516.2327586206898 78.68103448275862 107.94827586206897 97.33620689655173 126.60344827586206 
1384.9568965517242 1413.9224137931035 88.22413793103448 117.1896551724138 124.26724137931035 153.23275862068965 
1327.7413793103449 1356.9655172413793 82.76724137931035 111.99137931034483 137.6206896551724 166.8448275862069 
1384.7327586206898 1411.5431034482758 81.88793103448276 108.69827586206897 116.80172413793103 143.61206896551724 
1329.8103448275863 1358.7758620689656 91.25 120.21551724137932 151.6206896551724 180.58620689655172 
1101.698275862069 1129.4568965517242 86.08620689655173 113.84482758620689 125.63793103448276 153.39655172413794 
1569.6810344827586 1595.3275862068965 87.25862068965517 112.90517241379311 110.78448275862068 136.43103448275863 
1381.448275862069 1411.5344827586207 76.40517241379311 106.49137931034483 114.15517241379311 144.24137931034483 
1322.2672413793102 1349.6810344827586 88.10344827586206 115.51724137931035 122.42241379310344 149.83620689655172 
1452.4310344827586 1479.6724137931035 86.42241379310344 113.66379310344827 139.52586206896552 166.76724137931035 
1261.4568965517242 1289.6896551724137 87.74137931034483 115.97413793103448 101.27586206896552 129.50862068965517 
1425.2241379310344 1453.9310344827586 76.94827586206897 105.65517241379311 90.94827586206897 119.65517241379311 
1116.2413793103449 1143.7844827586207 80.25862068965517 107.80172413793103 90.70689655172414 118.25 
1412.5689655172414 1441.103448275862 89.96551724137932 118.5 108.06896551724138 136.60344827586206 
1372.6379310344828 1401.905172413793 84.13793103448276 113.40517241379311 112.29310344827586 141.56034482758622 
1533.7241379310344 1563.1637931034484 74.54310344827586 103.98275862068965 125.29310344827586 154.73275862068965 
1674.7844827586207 1702.6724137931035 86.01724137931035 113.90517241379311 130.5 158.38793103448276 
1361.5603448275863 1388.8879310344828 95.68103448275862 123.00862068965517 131.38793103448276 158.7155172413793 
1624.2413793103449 1652.7758620689656 85.03448275862068 113.56896551724138 122.54310344827586 151.07758620689654 
1459.2413793103449 1486.1810344827586 79.42241379310344 106.36206896551724 113.42241379310344 140.36206896551724 
1612.1120689655172 1642.198275862069 80.34482758620689 110.43103448275862 148.2155172413793 178.30172413793105 
1429.3362068965516 1458.4310344827586 94.49137931034483 123.58620689655173 98.21551724137932 127.3103448275862 
1509.9396551724137 1537.8275862068965 78.56896551724138 106.45689655172414 91.72413793103448 119.61206896551724 
1411.3620689655172 1442.1379310344828 86.97413793103448 117.75 114.00862068965517 144.7844827586207 
