1545.2881355932204 1573.4237288135594 90.19491525423729 118.33050847457628 128.01694915254237 156.15254237288136 
1227.3898305084747 1256.1610169491526 92.13559322033899 120.90677966101696 139.20338983050848 167.97457627118644 
1610.8728813559321 1640.6186440677966 95.63559322033899 125.38135593220339 163.08474576271186 192.83050847457628 
1410.3135593220338 1439.1271186440679 83.97457627118644 112.78813559322033 119.7542372881356 148.5677966101695 
1568.0 1597.1101694915253 104.00847457627118 133.11864406779662 121.00847457627118 150.11864406779662 
1434.7118644067796 1462.2966101694915 91.57627118644068 119.16101694915254 117.76271186440678 145.34745762711864 
1507.6271186440679 1535.7627118644068 76.33898305084746 104.47457627118644 100.08474576271186 128.22033898305085 
1627.8728813559321 1657.6186440677966 90.7542372881356 120.5 131.77118644067798 161.51694915254237 
1320.1864406779662 1347.5593220338983 86.28813559322033 113.66101694915254 124.8135593220339 152.1864406779661 
1548.449152542373 1575.6101694915253 90.91525423728814 118.07627118644068 128.02542372881356 155.1864406779661 
1428.449152542373 1458.364406779661 82.35593220338983 112.27118644067797 119.11864406779661 149.03389830508473 
1793.3898305084747 1823.5169491525423 92.85593220338983 122.98305084745763 114.94915254237289 145.07627118644066 
1558.135593220339 1585.8050847457628 76.47457627118644 104.14406779661017 95.04237288135593 122.71186440677967 
1609.7457627118645 1638.8983050847457 80.79661016949153 109.94915254237289 117.64406779661017 146.79661016949152 
1657.084745762712 1683.9915254237287 93.07627118644068 119.98305084745763 144.5593220338983 171.46610169491527 
1409.593220338983 1437.6864406779662 96.61864406779661 124.71186440677967 164.03389830508473 192.1271186440678 
1726.2966101694915 1756.1271186440679 95.51694915254237 125.34745762711864 145.78813559322035 175.61864406779662 
1409.6101694915253 1436.9830508474577 101.11864406779661 128.4915254237288 140.98305084745763 168.35593220338984 
1626.593220338983 1655.1949152542372 100.29661016949153 128.89830508474577 126.33898305084746 154.9406779661017 
1611.9661016949153 1639.7203389830509 88.95762711864407 116.71186440677967 126.79661016949153 154.55084745762713 
1361.8050847457628 1390.0254237288136 89.01694915254237 117.23728813559322 118.41525423728814 146.635593220339 
1277.9745762711864 1304.7966101694915 76.95762711864407 103.77966101694915 94.10169491525424 120.92372881355932 
1683.822033898305 1714.3728813559321 85.03389830508475 115.58474576271186 119.66949152542372 150.22033898305085 
1772.1525423728813 1801.5593220338983 90.0 119.40677966101696 121.00847457627118 150.41525423728814 
1535.7033898305085 1563.457627118644 85.76271186440678 113.51694915254237 112.34745762711864 140.10169491525423 
1572.822033898305 1601.042372881356 88.66101694915254 116.88135593220339 111.38135593220339 139.60169491525423 
1539.6101694915253 1568.4237288135594 84.66101694915254 113.47457627118644 122.52542372881356 151.33898305084745 
1510.5338983050847 1538.6271186440679 88.47457627118644 116.5677966101695 104.22881355932203 132.32203389830508 
1409.7711864406779 1437.7372881355932 96.11864406779661 124.08474576271186 123.2457627118644 151.21186440677965 
1554.9406779661017 1583.1186440677966 79.3135593220339 107.49152542372882 108.44067796610169 136.61864406779662 
1405.7457627118645 1433.2033898305085 80.98305084745763 108.44067796610169 128.90677966101694 156.364406779661 
1360.050847457627 1388.5254237288136 82.71186440677967 111.1864406779661 114.54237288135593 143.01694915254237 
1489.864406779661 1517.8305084745762 85.1864406779661 113.15254237288136 149.6271186440678 177.59322033898306 
1695.2966101694915 1725.550847457627 89.83050847457628 120.08474576271186 140.02542372881356 170.27966101694915 
1398.3305084745762 1424.6016949152543 85.00847457627118 111.27966101694915 129.8728813559322 156.14406779661016 
1690.1271186440679 1718.7288135593221 75.07627118644068 103.67796610169492 128.6864406779661 157.28813559322035 
1595.4406779661017 1623.8305084745762 85.6864406779661 114.07627118644068 144.3050847457627 172.6949152542373 
1788.042372881356 1818.5084745762713 101.61864406779661 132.08474576271186 127.19491525423729 157.66101694915255 
1296.2966101694915 1324.093220338983 83.30508474576271 111.10169491525424 108.33050847457628 136.1271186440678 
1686.4406779661017 1713.4322033898304 89.66949152542372 116.66101694915254 137.22033898305085 164.21186440677965 
1824.6016949152543 1854.3474576271187 117.3135593220339 147.0593220338983 134.0593220338983 163.8050847457627 
1686.3389830508474 1714.7711864406779 79.55932203389831 107.99152542372882 118.45762711864407 146.88983050847457 
1275.1271186440679 1300.8898305084747 80.39830508474576 106.16101694915254 99.65254237288136 125.41525423728814 
1587.9406779661017 1616.6694915254238 86.55932203389831 115.28813559322033 123.78813559322033 152.51694915254237 
1834.915254237288 1864.7881355932204 89.98305084745763 119.85593220338983 132.57627118644066 162.44915254237287 
1438.3135593220338 1466.5338983050847 96.7542372881356 124.97457627118644 97.94915254237289 126.16949152542372 
1339.677966101695 1367.8559322033898 80.73728813559322 108.91525423728814 117.37288135593221 145.55084745762713 
1182.8474576271187 1209.7542372881355 81.65254237288136 108.55932203389831 106.07627118644068 132.98305084745763 
1506.864406779661 1536.1864406779662 79.90677966101696 109.22881355932203 136.59322033898306 165.91525423728814 
1398.5338983050847 1427.8983050847457 86.1864406779661 115.55084745762711 112.27966101694915 141.64406779661016 
