2725.3544303797466 2755.1645569620255 119.69620253164557 149.50632911392404 172.8860759493671 202.69620253164558 
2418.9493670886077 2447.0506329113923 117.34177215189874 145.44303797468353 197.9367088607595 226.0379746835443 
2426.284810126582 2453.278481012658 116.98101265822785 143.9746835443038 166.91772151898735 193.91139240506328 
2410.025316455696 2437.6835443037976 107.81012658227849 135.46835443037975 161.60759493670886 189.26582278481013 
2380.772151898734 2407.987341772152 122.19620253164557 149.41139240506328 217.79746835443038 245.0126582278481 
2548.0569620253164 2576.4113924050635 103.09493670886076 131.4493670886076 162.23417721518987 190.58860759493672 
2692.26582278481 2722.8354430379745 112.14556962025317 142.71518987341773 178.15189873417722 208.72151898734177 
2677.4493670886077 2705.487341772152 124.01898734177215 152.05696202531647 171.24683544303798 199.28481012658227 
2470.3670886075947 2499.0379746835442 147.81012658227849 176.48101265822785 162.70886075949366 191.37974683544303 
2307.6898734177216 2334.2088607594937 107.34177215189874 133.86075949367088 188.06962025316454 214.58860759493672 
2710.6835443037976 2738.9430379746836 101.76582278481013 130.0253164556962 164.79746835443038 193.05696202531647 
2782.1962025316457 2811.246835443038 142.83544303797467 171.8860759493671 228.3987341772152 257.4493670886076 
2264.6898734177216 2291.3987341772154 91.5506329113924 118.25949367088607 172.6012658227848 199.31012658227849 
2557.0822784810125 2586.3227848101264 125.5379746835443 154.77848101265823 185.12025316455697 214.36075949367088 
2808.025316455696 2838.5632911392404 114.4113924050633 144.9493670886076 185.55696202531647 216.09493670886076 
2525.506329113924 2554.3987341772154 114.11392405063292 143.00632911392404 161.0126582278481 189.90506329113924 
2659.4303797468356 2688.5443037974683 122.96835443037975 152.08227848101265 197.9746835443038 227.08860759493672 
2594.3987341772154 2623.1012658227846 134.62025316455697 163.3227848101266 196.29746835443038 225.0 
2551.1139240506327 2578.518987341772 109.70253164556962 137.10759493670886 170.1012658227848 197.50632911392404 
2515.3860759493673 2543.3291139240505 129.94303797468353 157.8860759493671 229.6012658227848 257.54430379746833 
2513.2088607594937 2541.0886075949365 112.56962025316456 140.4493670886076 177.95569620253164 205.83544303797467 
2630.8860759493673 2660.8227848101264 129.5379746835443 159.4746835443038 177.53164556962025 207.46835443037975 
2639.1835443037976 2667.1265822784812 105.25316455696202 133.19620253164558 191.71518987341773 219.65822784810126 
2539.8481012658226 2568.6455696202534 150.06962025316454 178.86708860759492 216.30379746835442 245.1012658227848 
2387.6518987341774 2415.4367088607596 97.65189873417721 125.4367088607595 160.24683544303798 188.03164556962025 
2636.1329113924053 2664.518987341772 142.96835443037975 171.35443037974684 166.95569620253164 195.34177215189874 
2285.1772151898736 2312.1392405063293 105.25316455696202 132.21518987341773 163.59493670886076 190.55696202531647 
2631.46835443038 2658.6518987341774 108.59493670886076 135.77848101265823 167.1012658227848 194.28481012658227 
2580.8481012658226 2608.3481012658226 141.4240506329114 168.9240506329114 190.08860759493672 217.58860759493672 
2418.3417721518986 2447.1392405063293 101.12025316455696 129.91772151898735 151.7594936708861 180.55696202531647 
2854.3797468354433 2882.6708860759495 143.77848101265823 172.06962025316454 227.54430379746836 255.83544303797467 
2746.772151898734 2777.0569620253164 127.83544303797468 158.12025316455697 256.7088607594937 286.99367088607596 
2979.512658227848 3007.6455696202534 114.13924050632912 142.27215189873417 177.36075949367088 205.49367088607596 
2909.8860759493673 2938.746835443038 166.27848101265823 195.13924050632912 236.53164556962025 265.39240506329116 
2451.3481012658226 2479.512658227848 107.68987341772151 135.85443037974684 180.3987341772152 208.5632911392405 
2590.3354430379745 2618.721518987342 97.58227848101266 125.96835443037975 185.01898734177215 213.40506329113924 
2681.5949367088606 2710.0443037974683 105.75316455696202 134.20253164556962 155.58227848101265 184.03164556962025 
2655.6392405063293 2684.5632911392404 105.15822784810126 134.08227848101265 197.03164556962025 225.95569620253164 
2454.8417721518986 2483.76582278481 113.73417721518987 142.65822784810126 192.18354430379748 221.10759493670886 
2724.772151898734 2753.3797468354433 150.18354430379748 178.79113924050634 292.873417721519 321.4810126582278 
2208.6518987341774 2236.025316455696 110.89240506329114 138.26582278481013 175.04430379746836 202.41772151898735 
2656.5632911392404 2684.284810126582 120.00632911392405 147.72784810126583 189.72784810126583 217.4493670886076 
2638.9367088607596 2668.0822784810125 125.79113924050633 154.9367088607595 198.49367088607596 227.63924050632912 
2499.6329113924053 2529.0632911392404 106.86075949367088 136.29113924050634 160.0126582278481 189.44303797468353 
2606.9493670886077 2636.8227848101264 120.70253164556962 150.5759493670886 203.9746835443038 233.84810126582278 
2562.018987341772 2590.246835443038 159.5632911392405 187.79113924050634 213.6012658227848 241.82911392405063 
2462.259493670886 2492.0696202531644 123.81012658227849 153.62025316455697 168.65189873417722 198.4620253164557 
2165.018987341772 2191.506329113924 113.37974683544304 139.86708860759492 182.36075949367088 208.84810126582278 
2448.474683544304 2477.1139240506327 109.38607594936708 138.0253164556962 201.63924050632912 230.27848101265823 
2380.240506329114 2409.3544303797466 116.27215189873418 145.3860759493671 184.79746835443038 213.91139240506328 
