5129.024 5157.744 526.704 555.424 1052.304 1081.024 
4592.636 4620.656 380.392 408.412 448.916 476.936 
5028.284 5056.344 396.924 424.984 522.044 550.104 
5195.02 5223.84 359.06 387.88 611.78 640.6 
5110.668 5139.328 383.208 411.868 547.468 576.128 
4990.952 5019.112 354.352 382.512 585.952 614.112 
4880.848 4908.628 567.148 594.928 590.248 618.028 
5265.544 5294.224 430.844 459.524 589.184 617.864 
5087.664 5115.384 370.604 398.324 547.544 575.264 
5089.128 5117.868 385.388 414.128 731.928 760.668 
5137.816 5167.136 408.776 438.096 591.656 620.976 
4764.712 4792.772 402.632 430.692 525.232 553.292 
5413.852 5441.412 497.452 525.012 818.972 846.532 
5082.716 5110.956 363.216 391.456 606.476 634.716 
5207.952 5235.752 582.592 610.392 614.312 642.112 
5042.772 5071.392 488.792 517.412 629.412 658.032 
4757.628 4786.268 434.068 462.708 630.388 659.028 
5154.964 5183.504 373.824 402.364 531.884 560.424 
5145.6 5173.86 413.36 441.62 635.96 664.22 
5212.456 5242.276 555.236 585.056 576.216 606.036 
4981.476 5010.436 338.016 366.976 532.556 561.516 
5374.804 5403.344 431.904 460.444 794.804 823.344 
5102.156 5130.416 477.856 506.116 740.476 768.736 
5180.816 5208.916 463.136 491.236 618.696 646.796 
5100.908 5128.988 402.108 430.188 562.988 591.068 
5020.168 5047.988 452.088 479.908 615.888 643.708 
5047.828 5075.888 363.688 391.748 508.068 536.128 
5181.932 5210.992 395.392 424.452 676.212 705.272 
5145.956 5175.816 453.376 483.236 492.516 522.376 
5164.688 5192.628 400.128 428.068 620.288 648.228 
5312.768 5341.608 453.188 482.028 632.528 661.368 
5006.832 5035.392 494.752 523.312 663.232 691.792 
5099.028 5126.628 478.988 506.588 771.948 799.548 
5059.924 5087.704 615.404 643.184 618.444 646.224 
5197.116 5226.836 463.716 493.436 655.596 685.316 
5019.248 5046.888 377.928 405.568 585.528 613.168 
5116.744 5146.344 385.064 414.664 616.944 646.544 
4863.548 4891.568 423.788 451.808 588.868 616.888 
4625.356 4653.316 394.896 422.856 578.716 606.676 
5018.632 5047.012 514.712 543.092 568.312 596.692 
5252.304 5281.324 389.844 418.864 481.824 510.844 
5055.24 5083.7 406.78 435.24 575.08 603.54 
5109.1 5136.92 441.8 469.62 526.98 554.8 
5520.72 5548.54 568.7 596.52 683.72 711.54 
5172.832 5201.712 527.552 556.432 468.952 497.832 
4757.916 4786.116 418.996 447.196 587.096 615.296 
4987.312 5014.352 404.552 431.592 454.232 481.272 
5307.94 5337.22 407.26 436.54 464.1 493.38 
5315.424 5344.784 459.764 489.124 656.024 685.384 
4954.196 4982.416 431.356 459.576 536.596 564.816 
