4598.184210526316 4627.833333333333 277.6359649122807 307.28508771929825 449.06140350877195 478.7105263157895 
4349.021929824561 4377.070175438596 262.2280701754386 290.2763157894737 472.0921052631579 500.140350877193 
4579.837719298245 4609.662280701755 328.1578947368421 357.9824561403509 621.1973684210526 651.0219298245614 
4392.7807017543855 4420.609649122807 249.92543859649123 277.7543859649123 392.82456140350877 420.6535087719298 
4546.921052631579 4575.714912280701 265.1842105263158 293.9780701754386 489.7719298245614 518.5657894736842 
4473.1578947368425 4501.096491228071 355.43859649122805 383.37719298245617 562.3684210526316 590.3070175438596 
4481.653508771929 4509.811403508772 363.0833333333333 391.24122807017545 515.0745614035088 543.2324561403509 
4298.6140350877195 4325.894736842105 253.6798245614035 280.9605263157895 389.1842105263158 416.46491228070175 
4429.80701754386 4458.25 338.25 366.6929824561403 542.5263157894736 570.969298245614 
4237.960526315789 4265.394736842105 367.14912280701753 394.5833333333333 474.890350877193 502.32456140350877 
4332.320175438596 4360.6973684210525 239.64473684210526 268.0219298245614 341.88157894736844 370.25877192982455 
4644.995614035088 4674.206140350877 301.7763157894737 330.9868421052632 413.85526315789474 443.0657894736842 
4437.039473684211 4465.5921052631575 294.1842105263158 322.7368421052632 560.7236842105264 589.2763157894736 
4339.890350877193 4368.508771929824 306.3333333333333 334.95175438596493 395.7675438596491 424.3859649122807 
4614.2192982456145 4643.846491228071 323.140350877193 352.7675438596491 581.9824561403509 611.609649122807 
4431.021929824561 4459.1359649122805 350.5657894736842 378.6798245614035 632.6008771929825 660.7149122807018 
4643.232456140351 4671.916666666667 360.9605263157895 389.64473684210526 475.7763157894737 504.4605263157895 
4354.258771929824 4382.679824561404 297.53508771929825 325.9561403508772 486.2324561403509 514.6535087719299 
4376.758771929824 4403.951754385965 330.20175438596493 357.39473684210526 521.7587719298245 548.9517543859649 
4354.1973684210525 4381.653508771929 282.4561403508772 309.9122807017544 528.9342105263158 556.390350877193 
4308.662280701755 4336.710526315789 311.7675438596491 339.8157894736842 481.60087719298247 509.64912280701753 
4461.548245614035 4488.587719298245 360.9342105263158 387.9736842105263 608.9605263157895 636.0 
4719.995614035088 4749.381578947368 431.4956140350877 460.88157894736844 503.32894736842104 532.7149122807018 
4508.293859649123 4536.517543859649 199.72368421052633 227.94736842105263 302.4605263157895 330.6842105263158 
4290.820175438596 4317.925438596491 319.2324561403509 346.3377192982456 526.7412280701755 553.8464912280701 
4626.070175438596 4654.9078947368425 409.0570175438597 437.89473684210526 479.2280701754386 508.0657894736842 
4268.276315789473 4295.666666666667 261.50877192982455 288.89912280701753 468.9342105263158 496.32456140350877 
4556.815789473684 4585.960526315789 329.04824561403507 358.1929824561403 537.2982456140351 566.4429824561404 
4600.026315789473 4628.228070175439 350.5043859649123 378.7061403508772 487.7894736842105 515.9912280701755 
4682.399122807017 4711.2807017543855 303.94736842105266 332.82894736842104 511.74122807017545 540.6228070175439 
4380.017543859649 4407.583333333333 242.9298245614035 270.4956140350877 454.53508771929825 482.10087719298247 
4689.061403508772 4718.162280701755 430.7368421052632 459.8377192982456 506.07894736842104 535.1798245614035 
4597.679824561404 4626.144736842105 306.89912280701753 335.3640350877193 471.0570175438597 499.5219298245614 
4613.008771929824 4642.109649122807 410.2236842105263 439.32456140350877 518.6228070175439 547.7236842105264 
4284.9692982456145 4313.521929824561 309.1666666666667 337.719298245614 346.5043859649123 375.0570175438597 
4479.706140350877 4507.600877192983 243.3201754385965 271.21491228070175 444.31140350877195 472.2061403508772 
4659.070175438596 4687.951754385965 372.5833333333333 401.46491228070175 516.2631578947369 545.1447368421053 
4525.008771929824 4553.276315789473 295.92105263157896 324.18859649122805 387.8157894736842 416.0833333333333 
4268.206140350877 4294.7192982456145 287.4122807017544 313.92543859649123 356.5394736842105 383.05263157894734 
4540.872807017544 4569.403508771929 346.61842105263156 375.14912280701753 526.8377192982456 555.3684210526316 
4561.982456140351 4591.149122807017 335.31140350877195 364.4780701754386 403.60526315789474 432.7719298245614 
4444.184210526316 4472.539473684211 294.39473684210526 322.75 472.6929824561403 501.04824561403507 
4621.254385964912 4649.434210526316 258.78508771929825 286.96491228070175 440.8157894736842 468.9956140350877 
4325.070175438596 4353.271929824561 330.2631578947368 358.46491228070175 390.1578947368421 418.359649122807 
4698.372807017544 4726.9473684210525 310.12280701754383 338.69736842105266 386.88157894736844 415.4561403508772 
4686.903508771929 4715.456140350877 255.91228070175438 284.46491228070175 402.64912280701753 431.20175438596493 
4350.6578947368425 4379.210526315789 259.3421052631579 287.89473684210526 379.56140350877195 408.1140350877193 
4379.859649122807 4408.083333333333 252.6315789473684 280.85526315789474 484.1578947368421 512.3815789473684 
4431.421052631579 4458.986842105263 288.2456140350877 315.81140350877195 385.5877192982456 413.1535087719298 
4475.978070175439 4504.728070175439 299.9166666666667 328.6666666666667 404.4429824561403 433.1929824561403 
