359.19718309859155 389.056338028169 67.01408450704226 96.87323943661971 67.88732394366197 97.74647887323944 
394.5774647887324 422.9577464788732 58.0 86.38028169014085 58.732394366197184 87.11267605633803 
593.8732394366198 623.3098591549295 57.225352112676056 86.66197183098592 82.15492957746478 111.59154929577464 
270.8732394366197 298.3380281690141 64.67605633802818 92.14084507042253 74.77464788732394 102.2394366197183 
299.77464788732397 328.36619718309856 81.01408450704226 109.6056338028169 74.73239436619718 103.32394366197182 
519.5915492957746 548.112676056338 67.52112676056338 96.04225352112677 66.97183098591549 95.49295774647888 
156.29577464788733 183.40845070422534 66.3943661971831 93.50704225352112 58.16901408450704 85.28169014084507 
227.18309859154928 253.5211267605634 71.98591549295774 98.32394366197182 72.87323943661971 99.21126760563381 
348.09859154929575 376.76056338028167 67.78873239436619 96.45070422535211 72.21126760563381 100.87323943661971 
437.6478873239437 467.2957746478873 55.74647887323944 85.3943661971831 66.09859154929578 95.74647887323944 
510.4225352112676 538.7323943661971 64.30985915492958 92.61971830985915 83.53521126760563 111.84507042253522 
287.01408450704224 315.2535211267606 58.66197183098591 86.90140845070422 74.54929577464789 102.78873239436619 
339.3943661971831 367.2112676056338 69.11267605633803 96.92957746478874 72.08450704225352 99.90140845070422 
244.32394366197184 273.5492957746479 64.87323943661971 94.09859154929578 64.16901408450704 93.3943661971831 
305.83098591549293 333.22535211267603 66.77464788732394 94.16901408450704 57.521126760563384 84.91549295774648 
272.67605633802816 302.1830985915493 67.64788732394366 97.15492957746478 59.84507042253521 89.35211267605634 
351.7887323943662 381.7887323943662 68.21126760563381 98.21126760563381 70.94366197183099 100.94366197183099 
385.7042253521127 414.71830985915494 57.267605633802816 86.28169014084507 68.74647887323944 97.7605633802817 
298.61971830985914 326.22535211267603 58.67605633802817 86.28169014084507 71.05633802816901 98.66197183098592 
275.7887323943662 305.2957746478873 67.74647887323944 97.25352112676056 73.5774647887324 103.08450704225352 
379.01408450704224 407.6056338028169 62.04225352112676 90.63380281690141 70.8169014084507 99.40845070422536 
338.7464788732394 366.28169014084506 69.63380281690141 97.16901408450704 72.64788732394366 100.1830985915493 
369.15492957746477 399.0845070422535 68.36619718309859 98.29577464788733 75.33802816901408 105.26760563380282 
513.3521126760563 541.0985915492957 74.50704225352112 102.25352112676056 79.95774647887323 107.70422535211267 
325.15492957746477 352.5492957746479 72.87323943661971 100.26760563380282 71.83098591549296 99.22535211267606 
413.61971830985914 441.6478873239437 69.64788732394366 97.67605633802818 66.32394366197182 94.35211267605634 
350.40845070422534 378.0845070422535 76.46478873239437 104.14084507042253 82.05633802816901 109.73239436619718 
214.26760563380282 240.95774647887325 70.5774647887324 97.26760563380282 70.77464788732394 97.46478873239437 
494.4225352112676 524.9859154929577 63.394366197183096 93.95774647887323 89.88732394366197 120.45070422535211 
374.0 404.14084507042253 57.28169014084507 87.4225352112676 66.49295774647888 96.63380281690141 
338.2957746478873 368.2957746478873 59.95774647887324 89.95774647887323 69.77464788732394 99.77464788732394 
314.7323943661972 341.84507042253523 67.07042253521126 94.1830985915493 66.77464788732394 93.88732394366197 
341.23943661971833 370.1830985915493 61.014084507042256 89.95774647887323 60.83098591549296 89.77464788732394 
548.2112676056338 577.5774647887324 57.45070422535211 86.8169014084507 70.61971830985915 99.98591549295774 
352.71830985915494 382.71830985915494 66.64788732394366 96.64788732394366 63.436619718309856 93.43661971830986 
396.0422535211268 424.7042253521127 58.028169014084504 86.69014084507042 59.80281690140845 88.46478873239437 
283.056338028169 312.14084507042253 66.07042253521126 95.15492957746478 81.7605633802817 110.84507042253522 
340.1830985915493 371.16901408450707 68.64788732394366 99.63380281690141 70.6056338028169 101.59154929577464 
273.7887323943662 299.98591549295776 60.140845070422536 86.33802816901408 74.4225352112676 100.61971830985915 
481.6478873239437 509.0422535211268 67.95774647887323 95.35211267605634 87.25352112676056 114.64788732394366 
430.0 458.0281690140845 79.21126760563381 107.2394366197183 71.53521126760563 99.56338028169014 
390.38028169014086 419.32394366197184 66.67605633802818 95.61971830985915 75.84507042253522 104.78873239436619 
217.1267605633803 245.1549295774648 66.14084507042253 94.16901408450704 59.66197183098591 87.69014084507042 
233.01408450704224 260.2676056338028 66.88732394366197 94.14084507042253 68.1830985915493 95.43661971830986 
285.6619718309859 313.90140845070425 73.94366197183099 102.1830985915493 74.29577464788733 102.53521126760563 
245.92957746478874 274.943661971831 72.11267605633803 101.12676056338029 65.0 94.01408450704226 
307.19718309859155 336.07042253521126 58.67605633802817 87.54929577464789 60.23943661971831 89.11267605633803 
411.5211267605634 440.8169014084507 69.78873239436619 99.08450704225352 76.0 105.29577464788733 
460.28169014084506 488.943661971831 75.49295774647888 104.15492957746478 87.50704225352112 116.16901408450704 
210.08450704225353 238.6056338028169 67.97183098591549 96.49295774647888 61.25352112676056 89.77464788732394 
