1381.360655737705 1408.3688524590164 92.89344262295081 119.90163934426229 121.64754098360656 148.65573770491804 
1470.0983606557377 1496.532786885246 80.3360655737705 106.77049180327869 113.76229508196721 140.19672131147541 
1688.2459016393443 1718.1639344262296 76.19672131147541 106.11475409836065 113.73770491803279 143.65573770491804 
1810.139344262295 1839.0737704918033 100.12295081967213 129.05737704918033 146.69672131147541 175.63114754098362 
1539.2704918032787 1566.6475409836066 84.72950819672131 112.10655737704919 139.68032786885246 167.05737704918033 
1511.0901639344263 1539.77868852459 85.59836065573771 114.28688524590164 107.0327868852459 135.72131147540983 
1645.3852459016393 1674.1967213114754 91.22131147540983 120.0327868852459 124.56557377049181 153.37704918032787 
1759.2622950819673 1788.27868852459 85.36065573770492 114.37704918032787 127.27868852459017 156.29508196721312 
1631.032786885246 1659.2704918032787 76.31147540983606 104.54918032786885 128.98360655737704 157.22131147540983 
1548.6639344262296 1576.0819672131147 105.08196721311475 132.5 176.3360655737705 203.75409836065575 
1472.344262295082 1499.8032786885246 87.9672131147541 115.42622950819673 104.91803278688525 132.37704918032787 
1501.7295081967213 1528.450819672131 81.84426229508196 108.56557377049181 126.48360655737704 153.20491803278688 
1539.8360655737704 1568.4426229508197 99.51639344262296 128.12295081967213 139.05737704918033 167.6639344262295 
1261.8934426229507 1288.860655737705 103.99180327868852 130.95901639344262 139.7622950819672 166.7295081967213 
1615.827868852459 1644.4344262295083 85.41803278688525 114.02459016393442 127.22131147540983 155.827868852459 
1443.6967213114754 1472.5901639344263 107.3360655737705 136.2295081967213 115.64754098360656 144.54098360655738 
1676.6065573770493 1705.2131147540983 87.72131147540983 116.32786885245902 117.91803278688525 146.52459016393442 
1445.2131147540983 1471.483606557377 86.05737704918033 112.32786885245902 101.29508196721312 127.56557377049181 
1722.8934426229507 1751.5409836065573 102.57377049180327 131.22131147540983 146.95901639344262 175.60655737704917 
1654.2377049180327 1682.0655737704917 93.15573770491804 120.98360655737704 133.672131147541 161.5 
1436.2868852459017 1464.8524590163934 98.17213114754098 126.73770491803279 122.39344262295081 150.95901639344262 
1276.9262295081967 1305.0 82.99180327868852 111.06557377049181 111.76229508196721 139.8360655737705 
1843.672131147541 1870.8032786885246 83.5 110.6311475409836 151.4262295081967 178.55737704918033 
1834.72131147541 1864.1475409836066 90.68852459016394 120.11475409836065 143.91803278688525 173.34426229508196 
1458.5573770491803 1485.5655737704917 81.51639344262296 108.52459016393442 117.73770491803279 144.74590163934425 
1416.877049180328 1444.172131147541 100.68032786885246 127.97540983606558 117.43442622950819 144.7295081967213 
1709.7295081967213 1738.6639344262296 87.18852459016394 116.12295081967213 103.87704918032787 132.81147540983608 
1648.7622950819673 1675.7295081967213 89.40983606557377 116.37704918032787 131.99180327868854 158.95901639344262 
1756.2295081967213 1785.7377049180327 81.06557377049181 110.57377049180327 109.72950819672131 139.2377049180328 
1665.0 1692.295081967213 85.57377049180327 112.8688524590164 110.94262295081967 138.2377049180328 
1610.4918032786886 1639.0573770491803 97.24590163934427 125.81147540983606 129.8360655737705 158.4016393442623 
1706.2704918032787 1735.6967213114754 87.08196721311475 116.50819672131148 106.68032786885246 136.10655737704917 
1446.688524590164 1474.3934426229507 87.1639344262295 114.8688524590164 108.50819672131148 136.21311475409837 
1745.3688524590164 1774.344262295082 82.93442622950819 111.90983606557377 112.27868852459017 141.25409836065575 
1520.3032786885246 1549.032786885246 77.80327868852459 106.5327868852459 126.71311475409836 155.44262295081967 
1418.5245901639344 1447.049180327869 95.5 124.02459016393442 124.73770491803279 153.2622950819672 
1641.5655737704917 1670.6639344262296 83.49180327868852 112.59016393442623 104.17213114754098 133.2704918032787 
1641.2868852459017 1671.2868852459017 87.47540983606558 117.47540983606558 140.75409836065575 170.75409836065575 
1590.7131147540983 1619.2377049180327 89.72950819672131 118.25409836065573 135.95901639344262 164.48360655737704 
1737.0409836065573 1765.9344262295083 90.18032786885246 119.07377049180327 120.58196721311475 149.47540983606558 
1437.22131147541 1463.7377049180327 94.04098360655738 120.55737704918033 113.12295081967213 139.63934426229508 
1450.6967213114754 1477.295081967213 96.45901639344262 123.05737704918033 135.5 162.0983606557377 
1513.6803278688524 1542.2459016393443 90.27049180327869 118.8360655737705 113.45081967213115 142.01639344262296 
1783.860655737705 1812.344262295082 84.43442622950819 112.91803278688525 142.31147540983608 170.79508196721312 
1326.7868852459017 1354.0819672131147 99.23770491803279 126.5327868852459 137.68852459016392 164.98360655737704 
1622.049180327869 1651.1475409836066 89.50819672131148 118.60655737704919 145.65573770491804 174.75409836065575 
1688.5737704918033 1718.204918032787 81.55737704918033 111.18852459016394 123.98360655737704 153.61475409836066 
1845.844262295082 1875.6803278688524 78.12295081967213 107.95901639344262 122.64754098360656 152.48360655737704 
1586.4426229508197 1615.2540983606557 95.8360655737705 124.64754098360656 124.31147540983606 153.12295081967213 
1441.9426229508197 1470.6311475409836 105.0327868852459 133.72131147540983 142.2704918032787 170.95901639344262 
