2129.239436619718 2157.478873239437 93.15492957746478 121.3943661971831 144.5211267605634 172.7605633802817 
1965.1760563380283 1993.6971830985915 96.66197183098592 125.1830985915493 132.85211267605635 161.3732394366197 
2250.7676056338028 2280.7676056338028 102.46478873239437 132.46478873239437 160.20422535211267 190.20422535211267 
2160.154929577465 2188.781690140845 91.4225352112676 120.04929577464789 132.9718309859155 161.59859154929578 
2173.5845070422533 2201.6478873239435 120.90140845070422 148.96478873239437 140.06338028169014 168.1267605633803 
2211.8028169014083 2240.112676056338 99.36619718309859 127.67605633802818 163.35211267605635 191.66197183098592 
2271.1619718309857 2300.7042253521126 95.59154929577464 125.13380281690141 136.90845070422534 166.45070422535213 
2147.7042253521126 2174.957746478873 143.59859154929578 170.85211267605635 175.16901408450704 202.42253521126761 
2024.7535211267605 2052.4295774647885 94.44366197183099 122.11971830985915 154.82394366197184 182.5 
2261.9225352112676 2290.4084507042253 101.32394366197182 129.80985915492957 146.64084507042253 175.1267605633803 
2456.8521126760565 2486.3591549295775 106.90140845070422 136.40845070422534 165.58450704225353 195.09154929577466 
2250.3380281690143 2278.3661971830984 103.49295774647888 131.5211267605634 137.2394366197183 165.26760563380282 
2016.2957746478874 2043.9014084507041 107.53521126760563 135.14084507042253 136.1549295774648 163.7605633802817 
2042.8028169014085 2070.2323943661972 95.77464788732394 123.20422535211267 161.18309859154928 188.61267605633802 
2063.93661971831 2091.8591549295775 100.78873239436619 128.7112676056338 195.41549295774647 223.33802816901408 
2204.3732394366198 2233.1408450704225 112.25352112676056 141.0211267605634 138.7394366197183 167.50704225352112 
2048.6971830985917 2075.8802816901407 120.37323943661971 147.55633802816902 152.24647887323943 179.42957746478874 
2240.9084507042253 2269.4647887323945 104.36619718309859 132.92253521126761 151.78169014084506 180.33802816901408 
2320.676056338028 2349.1971830985917 107.76760563380282 136.2887323943662 173.14084507042253 201.66197183098592 
2054.239436619718 2081.774647887324 85.8943661971831 113.42957746478874 157.83098591549296 185.3661971830986 
2547.43661971831 2578.845070422535 94.30281690140845 125.71126760563381 153.2112676056338 184.61971830985917 
2046.5140845070423 2074.2957746478874 93.11971830985915 120.90140845070422 125.66901408450704 153.45070422535213 
2017.1971830985915 2045.4366197183099 88.5 116.7394366197183 140.57746478873239 168.81690140845072 
2065.0 2092.4295774647885 160.0211267605634 187.45070422535213 184.73239436619718 212.16197183098592 
2132.676056338028 2160.8098591549297 97.64084507042253 125.77464788732394 161.19718309859155 189.33098591549296 
2136.6619718309857 2165.9225352112676 103.14788732394366 132.40845070422534 168.19718309859155 197.45774647887325 
1975.3169014084508 2002.9225352112676 109.96478873239437 137.57042253521126 151.79577464788733 179.40140845070422 
2113.950704225352 2142.788732394366 133.09859154929578 161.93661971830986 207.75352112676057 236.59154929577466 
2219.4225352112676 2248.9295774647885 97.52816901408451 127.03521126760563 137.3943661971831 166.90140845070422 
2167.5352112676055 2194.507042253521 90.74647887323944 117.71830985915493 112.32394366197182 139.29577464788733 
1976.338028169014 2003.6267605633802 97.12676056338029 124.41549295774648 129.3661971830986 156.6549295774648 
2245.950704225352 2274.9295774647885 113.54929577464789 142.5281690140845 169.19014084507043 198.16901408450704 
2037.394366197183 2066.7957746478874 111.66901408450704 141.07042253521126 157.95774647887325 187.35915492957747 
2237.4859154929577 2266.5704225352115 106.8943661971831 135.9788732394366 143.4718309859155 172.55633802816902 
1887.8239436619717 1915.605633802817 88.84507042253522 116.62676056338029 124.61267605633803 152.3943661971831 
1815.0140845070423 1842.8309859154929 94.37323943661971 122.19014084507042 187.85915492957747 215.67605633802816 
2007.556338028169 2037.2042253521126 95.78169014084507 125.42957746478874 149.66901408450704 179.31690140845072 
2144.8591549295775 2174.1197183098593 89.30281690140845 118.56338028169014 168.5211267605634 197.78169014084506 
1953.9788732394366 1981.9014084507041 91.98591549295774 119.90845070422536 174.61267605633802 202.53521126760563 
2048.0140845070423 2075.4084507042253 123.74647887323944 151.14084507042253 219.14084507042253 246.53521126760563 
2191.154929577465 2219.394366197183 97.84507042253522 126.08450704225352 188.19718309859155 216.43661971830986 
1913.880281690141 1943.2464788732395 107.71126760563381 137.07746478873239 154.3732394366197 183.7394366197183 
2322.9084507042253 2350.2676056338028 115.17605633802818 142.53521126760563 211.7112676056338 239.07042253521126 
1902.6338028169014 1929.605633802817 102.20422535211267 129.17605633802816 157.56338028169014 184.53521126760563 
2150.281690140845 2179.43661971831 101.53521126760563 130.69014084507043 128.80281690140845 157.95774647887325 
2176.6338028169016 2205.049295774648 102.49295774647888 130.90845070422534 134.0281690140845 162.44366197183098 
2267.542253521127 2296.0985915492956 99.7605633802817 128.31690140845072 187.8943661971831 216.45070422535213 
1743.4577464788733 1771.4859154929577 94.54225352112677 122.57042253521126 139.19718309859155 167.22535211267606 
1994.8239436619717 2021.5845070422536 89.04225352112677 115.80281690140845 150.66901408450704 177.42957746478874 
2343.612676056338 2373.049295774648 105.82394366197182 135.2605633802817 128.75352112676057 158.19014084507043 
