1736.7857142857142 1765.6746031746031 83.92063492063492 112.80952380952381 108.91269841269842 137.8015873015873 
1756.468253968254 1785.7142857142858 100.30952380952381 129.55555555555554 144.81746031746033 174.06349206349208 
1651.436507936508 1680.3650793650793 98.61111111111111 127.53968253968254 138.16666666666666 167.0952380952381 
1529.5238095238096 1557.142857142857 106.42063492063492 134.03968253968253 132.73015873015873 160.34920634920636 
1876.015873015873 1903.595238095238 101.81746031746032 129.3968253968254 138.65079365079364 166.23015873015873 
1680.6587301587301 1708.515873015873 97.10317460317461 124.96031746031746 154.38888888888889 182.24603174603175 
1726.857142857143 1755.7460317460318 86.65079365079364 115.53968253968254 137.93650793650792 166.82539682539684 
1614.2619047619048 1641.563492063492 87.18253968253968 114.48412698412699 122.43650793650794 149.73809523809524 
1629.1825396825398 1657.6349206349207 90.73015873015873 119.18253968253968 118.83333333333333 147.28571428571428 
1465.3492063492063 1493.563492063492 87.76190476190476 115.97619047619048 124.33333333333333 152.54761904761904 
1686.4603174603174 1714.952380952381 96.65079365079364 125.14285714285714 120.82539682539682 149.31746031746033 
1604.6031746031747 1631.6666666666667 95.08730158730158 122.15079365079364 134.04761904761904 161.11111111111111 
1626.373015873016 1653.6746031746031 83.75396825396825 111.05555555555556 113.35714285714286 140.65873015873015 
1545.0238095238096 1573.1587301587301 81.57936507936508 109.71428571428571 110.62698412698413 138.76190476190476 
1750.3015873015872 1778.2380952380952 109.23015873015873 137.16666666666666 116.73809523809524 144.67460317460316 
1427.388888888889 1456.0 101.93650793650794 130.54761904761904 132.4920634920635 161.1031746031746 
1767.111111111111 1796.0 79.51587301587301 108.4047619047619 105.7936507936508 134.68253968253967 
1743.2619047619048 1771.595238095238 92.76984126984127 121.10317460317461 116.57936507936508 144.9126984126984 
1873.1507936507937 1901.7619047619048 91.28571428571429 119.89682539682539 112.15079365079364 140.76190476190476 
1731.1904761904761 1759.920634920635 94.32539682539682 123.05555555555556 125.88095238095238 154.61111111111111 
1693.5714285714287 1720.7539682539682 98.76190476190476 125.94444444444444 129.3015873015873 156.484126984127 
1754.6904761904761 1783.063492063492 97.9920634920635 126.36507936507937 111.1984126984127 139.57142857142858 
1701.7698412698412 1730.063492063492 86.05555555555556 114.34920634920636 135.97619047619048 164.26984126984127 
1921.8174603174602 1951.1825396825398 96.94444444444444 126.30952380952381 123.77777777777777 153.14285714285714 
1713.3412698412699 1741.0396825396826 93.9047619047619 121.60317460317461 114.64285714285714 142.34126984126985 
1603.357142857143 1631.9285714285713 81.78571428571429 110.35714285714286 116.91269841269842 145.484126984127 
1523.873015873016 1550.3412698412699 82.51587301587301 108.98412698412699 113.31746031746032 139.78571428571428 
1584.3253968253969 1612.1031746031747 79.61111111111111 107.38888888888889 108.16666666666667 135.94444444444446 
1450.388888888889 1477.2142857142858 88.48412698412699 115.30952380952381 147.61111111111111 174.43650793650792 
1543.8174603174602 1572.0714285714287 86.25396825396825 114.5079365079365 107.92857142857143 136.18253968253967 
1581.142857142857 1609.8333333333333 95.5079365079365 124.1984126984127 122.85714285714286 151.54761904761904 
1847.9920634920634 1876.8015873015872 99.4047619047619 128.21428571428572 156.16666666666666 184.97619047619048 
1843.531746031746 1872.6190476190477 89.82539682539682 118.91269841269842 128.37301587301587 157.46031746031747 
1775.2301587301588 1804.0 89.11904761904762 117.88888888888889 118.05555555555556 146.82539682539684 
1601.4920634920634 1629.7460317460318 91.65873015873017 119.91269841269842 120.38095238095238 148.63492063492063 
1885.7936507936508 1914.9603174603174 91.56349206349206 120.73015873015873 122.3015873015873 151.46825396825398 
1620.1746031746031 1648.3095238095239 89.42063492063492 117.55555555555556 128.96825396825398 157.1031746031746 
1805.9285714285713 1834.2619047619048 86.42857142857143 114.76190476190476 118.5079365079365 146.84126984126985 
1527.8412698412699 1554.7460317460318 90.0079365079365 116.91269841269842 115.22222222222223 142.12698412698413 
1571.484126984127 1600.015873015873 99.5079365079365 128.03968253968253 127.13492063492063 155.66666666666666 
2052.3888888888887 2082.4285714285716 86.75396825396825 116.7936507936508 150.68253968253967 180.72222222222223 
1665.436507936508 1693.7698412698412 91.69047619047619 120.02380952380952 139.3095238095238 167.64285714285714 
1916.1190476190477 1946.8333333333333 87.22222222222223 117.93650793650794 112.13492063492063 142.84920634920636 
1876.4761904761904 1904.8095238095239 87.02380952380952 115.35714285714286 107.98412698412699 136.31746031746033 
1912.9761904761904 1941.468253968254 87.11904761904762 115.61111111111111 128.92857142857142 157.4206349206349 
1819.3095238095239 1847.7619047619048 98.39682539682539 126.84920634920636 126.21428571428571 154.66666666666666 
1665.1190476190477 1694.2460317460318 89.9920634920635 119.11904761904762 114.35714285714286 143.484126984127 
1679.7301587301588 1708.3809523809523 85.87301587301587 114.52380952380952 137.95238095238096 166.6031746031746 
1699.920634920635 1728.4126984126983 97.57936507936508 126.07142857142857 148.9047619047619 177.3968253968254 
1847.6984126984128 1877.5 93.24603174603175 123.04761904761905 142.3015873015873 172.1031746031746 
