503.5194805194805 533.5844155844156 68.32467532467533 98.3896103896104 83.93506493506493 114.0 
295.3636363636364 323.6753246753247 71.07792207792208 99.3896103896104 70.32467532467533 98.63636363636364 
609.012987012987 638.4285714285714 69.0 98.41558441558442 76.57142857142857 105.98701298701299 
538.6883116883117 566.4155844155844 74.71428571428571 102.44155844155844 81.28571428571429 109.01298701298701 
452.23376623376623 481.0 52.532467532467535 81.2987012987013 58.753246753246756 87.51948051948052 
401.6623376623377 429.7142857142857 62.896103896103895 90.94805194805195 68.77922077922078 96.83116883116882 
294.93506493506493 326.16883116883116 66.6103896103896 97.84415584415585 76.58441558441558 107.81818181818181 
496.038961038961 522.8571428571429 72.97402597402598 99.79220779220779 81.20779220779221 108.02597402597402 
240.76623376623377 268.94805194805195 63.4025974025974 91.58441558441558 63.38961038961039 91.57142857142857 
660.3896103896104 686.5584415584416 60.48051948051948 86.64935064935065 74.9090909090909 101.07792207792208 
348.8961038961039 376.8181818181818 67.46753246753246 95.3896103896104 61.94805194805195 89.87012987012987 
457.0779220779221 487.3376623376623 63.94805194805195 94.20779220779221 83.50649350649351 113.76623376623377 
277.6233766233766 305.61038961038963 66.44155844155844 94.42857142857143 60.103896103896105 88.0909090909091 
533.6103896103896 563.8051948051948 73.98701298701299 104.18181818181819 77.8961038961039 108.0909090909091 
412.5584415584416 441.06493506493507 60.02597402597402 88.53246753246754 69.71428571428571 98.22077922077922 
460.64935064935065 491.4935064935065 64.18181818181819 95.02597402597402 62.45454545454545 93.2987012987013 
494.09090909090907 521.1038961038961 70.40259740259741 97.41558441558442 70.1948051948052 97.20779220779221 
426.6363636363636 454.5584415584416 71.58441558441558 99.50649350649351 68.81818181818181 96.74025974025975 
396.1038961038961 426.2987012987013 75.06493506493507 105.25974025974025 76.76623376623377 106.96103896103897 
402.15584415584414 428.38961038961037 58.896103896103895 85.12987012987013 77.36363636363636 103.59740259740259 
396.0779220779221 425.68831168831167 63.45454545454545 93.06493506493507 72.16883116883118 101.77922077922078 
395.54545454545456 424.8961038961039 69.97402597402598 99.32467532467533 69.97402597402598 99.32467532467533 
596.5714285714286 627.2857142857143 64.1948051948052 94.9090909090909 106.67532467532467 137.3896103896104 
291.54545454545456 318.94805194805195 69.06493506493507 96.46753246753246 72.37662337662337 99.77922077922078 
486.1818181818182 513.8441558441558 71.2987012987013 98.96103896103897 64.9090909090909 92.57142857142857 
393.83116883116884 424.2207792207792 60.81818181818182 91.20779220779221 71.8051948051948 102.1948051948052 
383.24675324675326 411.3636363636364 74.2987012987013 102.41558441558442 70.41558441558442 98.53246753246754 
264.45454545454544 290.75324675324674 69.51948051948052 95.81818181818181 69.62337662337663 95.92207792207792 
433.7922077922078 463.27272727272725 71.2987012987013 100.77922077922078 87.46753246753246 116.94805194805195 
367.9220779220779 392.27272727272725 73.37662337662337 97.72727272727273 74.8051948051948 99.15584415584415 
404.53246753246754 432.90909090909093 66.0909090909091 94.46753246753246 71.18181818181819 99.55844155844156 
473.61038961038963 501.987012987013 61.753246753246756 90.12987012987013 79.44155844155844 107.81818181818181 
348.05194805194805 375.5194805194805 65.27272727272727 92.74025974025975 73.12987012987013 100.59740259740259 
607.3246753246754 635.1168831168832 64.81818181818181 92.6103896103896 78.68831168831169 106.48051948051948 
560.2597402597403 587.7272727272727 67.93506493506493 95.40259740259741 77.58441558441558 105.05194805194805 
369.90909090909093 400.038961038961 67.27272727272727 97.40259740259741 86.6103896103896 116.74025974025975 
473.6363636363636 500.84415584415586 66.64935064935065 93.85714285714286 65.31168831168831 92.51948051948052 
363.5844155844156 391.05194805194805 64.48051948051948 91.94805194805195 70.50649350649351 97.97402597402598 
336.012987012987 362.76623376623377 67.0909090909091 93.84415584415585 76.02597402597402 102.77922077922078 
437.7142857142857 467.2597402597403 77.05194805194805 106.59740259740259 73.12987012987013 102.67532467532467 
427.038961038961 456.5194805194805 71.15584415584415 100.63636363636364 80.48051948051948 109.96103896103897 
478.83116883116884 507.6623376623377 66.66233766233766 95.49350649350649 65.64935064935065 94.48051948051948 
335.64935064935065 363.24675324675326 72.40259740259741 100.0 70.72727272727273 98.32467532467533 
235.62337662337663 263.15584415584414 64.66233766233766 92.1948051948052 75.83116883116882 103.36363636363636 
475.64935064935065 505.06493506493507 74.54545454545455 103.96103896103897 102.1038961038961 131.5194805194805 
438.7922077922078 468.72727272727275 57.58441558441559 87.51948051948052 78.98701298701299 108.92207792207792 
381.27272727272725 410.8181818181818 67.3896103896104 96.93506493506493 75.63636363636364 105.18181818181819 
322.7402597402597 351.3766233766234 74.62337662337663 103.25974025974025 72.77922077922078 101.41558441558442 
483.0 513.1948051948052 61.77922077922078 91.97402597402598 63.935064935064936 94.12987012987013 
662.4155844155844 692.4805194805194 72.11688311688312 102.18181818181819 78.15584415584415 108.22077922077922 
