72.42372881355932 98.69491525423729 60.52542372881356 86.79661016949153 40.91525423728814 67.1864406779661 
104.50847457627118 132.05084745762713 68.94915254237289 96.49152542372882 64.91525423728814 92.45762711864407 
214.83050847457628 244.4915254237288 74.33898305084746 104.0 56.79661016949152 86.45762711864407 
259.79661016949154 289.03389830508473 58.50847457627118 87.7457627118644 57.559322033898304 86.79661016949153 
93.16949152542372 121.47457627118644 64.49152542372882 92.79661016949153 50.016949152542374 78.32203389830508 
144.33898305084745 172.72881355932202 57.42372881355932 85.8135593220339 44.932203389830505 73.32203389830508 
115.11864406779661 142.40677966101694 57.76271186440678 85.05084745762711 62.49152542372882 89.77966101694915 
142.77966101694915 168.3728813559322 59.186440677966104 84.77966101694915 56.30508474576271 81.89830508474576 
128.96610169491527 157.27118644067798 57.440677966101696 85.7457627118644 50.6271186440678 78.9322033898305 
177.98305084745763 206.71186440677965 63.101694915254235 91.83050847457628 46.49152542372882 75.22033898305085 
129.864406779661 157.83050847457628 54.016949152542374 81.98305084745763 55.6271186440678 83.59322033898304 
171.27118644067798 198.5593220338983 57.932203389830505 85.22033898305085 53.779661016949156 81.0677966101695 
86.2542372881356 112.94915254237289 54.94915254237288 81.64406779661017 55.50847457627118 82.20338983050847 
105.16949152542372 131.4406779661017 63.067796610169495 89.33898305084746 46.610169491525426 72.88135593220339 
139.864406779661 169.61016949152543 51.86440677966102 81.61016949152543 51.69491525423729 81.44067796610169 
105.1864406779661 133.83050847457628 64.69491525423729 93.33898305084746 51.32203389830509 79.96610169491525 
155.4406779661017 182.89830508474577 61.94915254237288 89.40677966101696 57.40677966101695 84.86440677966101 
140.52542372881356 166.20338983050848 62.779661016949156 88.45762711864407 48.932203389830505 74.61016949152543 
99.91525423728814 128.3050847457627 64.20338983050847 92.59322033898304 60.11864406779661 88.50847457627118 
349.1186440677966 378.271186440678 65.38983050847457 94.54237288135593 63.559322033898304 92.71186440677967 
191.94915254237287 223.89830508474577 62.28813559322034 94.23728813559322 65.32203389830508 97.27118644067797 
172.8135593220339 200.35593220338984 59.74576271186441 87.28813559322033 64.9322033898305 92.47457627118644 
142.16949152542372 167.9322033898305 70.0677966101695 95.83050847457628 51.91525423728814 77.67796610169492 
275.22033898305085 305.3050847457627 62.69491525423729 92.77966101694915 53.644067796610166 83.72881355932203 
118.08474576271186 144.6949152542373 58.40677966101695 85.01694915254237 67.45762711864407 94.0677966101695 
125.08474576271186 154.57627118644066 66.88135593220339 96.37288135593221 71.08474576271186 100.57627118644068 
187.42372881355934 218.27118644067798 60.47457627118644 91.32203389830508 61.3728813559322 92.22033898305085 
140.79661016949152 169.94915254237287 69.1864406779661 98.33898305084746 71.13559322033899 100.28813559322033 
191.864406779661 222.79661016949152 63.66101694915254 94.59322033898304 64.10169491525424 95.03389830508475 
100.77966101694915 127.8135593220339 57.94915254237288 84.98305084745763 54.271186440677965 81.30508474576271 
152.0 182.08474576271186 64.10169491525424 94.1864406779661 57.50847457627118 87.59322033898304 
251.35593220338984 281.35593220338984 64.15254237288136 94.15254237288136 73.54237288135593 103.54237288135593 
165.88135593220338 193.33898305084745 56.610169491525426 84.0677966101695 64.98305084745763 92.44067796610169 
100.44067796610169 127.55932203389831 65.98305084745763 93.10169491525424 51.76271186440678 78.88135593220339 
115.27118644067797 145.6949152542373 54.47457627118644 84.89830508474576 58.86440677966102 89.28813559322033 
345.76271186440675 375.1694915254237 65.0677966101695 94.47457627118644 59.728813559322035 89.13559322033899 
156.47457627118644 185.3728813559322 67.27118644067797 96.16949152542372 54.983050847457626 83.88135593220339 
112.8135593220339 139.08474576271186 63.54237288135593 89.8135593220339 56.76271186440678 83.03389830508475 
118.72881355932203 147.20338983050848 60.91525423728814 89.38983050847457 52.016949152542374 80.49152542372882 
151.88135593220338 177.89830508474577 62.898305084745765 88.91525423728814 68.61016949152543 94.62711864406779 
236.16949152542372 267.6949152542373 57.30508474576271 88.83050847457628 48.779661016949156 80.30508474576271 
119.52542372881356 145.88135593220338 58.86440677966102 85.22033898305085 59.389830508474574 85.7457627118644 
175.67796610169492 204.66101694915255 69.50847457627118 98.49152542372882 57.03389830508475 86.01694915254237 
143.52542372881356 172.76271186440678 61.33898305084746 90.57627118644068 62.983050847457626 92.22033898305085 
132.40677966101694 160.3728813559322 64.66101694915254 92.62711864406779 58.32203389830509 86.28813559322033 
197.3728813559322 226.10169491525423 58.54237288135593 87.27118644067797 55.69491525423729 84.42372881355932 
346.2881355932203 376.96610169491527 63.74576271186441 94.42372881355932 79.47457627118644 110.15254237288136 
191.38983050847457 222.32203389830508 55.440677966101696 86.37288135593221 55.94915254237288 86.88135593220339 
142.33898305084745 171.15254237288136 60.45762711864407 89.27118644067797 61.932203389830505 90.7457627118644 
165.94915254237287 195.01694915254237 58.45762711864407 87.52542372881356 57.52542372881356 86.59322033898304 
