1512.4621848739496 1540.9495798319329 77.78151260504201 106.26890756302521 88.05042016806723 116.53781512605042 
1541.3781512605042 1571.5042016806722 84.83193277310924 114.95798319327731 113.94117647058823 144.0672268907563 
1399.2521008403362 1428.453781512605 85.78991596638656 114.99159663865547 120.03361344537815 149.23529411764707 
1513.327731092437 1541.7310924369747 78.6470588235294 107.05042016806723 124.50420168067227 152.9075630252101 
1623.8655462184875 1652.0588235294117 97.80672268907563 126.0 135.81512605042016 164.00840336134453 
1359.873949579832 1388.9915966386554 86.33613445378151 115.45378151260505 108.49579831932773 137.61344537815125 
1495.4705882352941 1523.4117647058824 79.21008403361344 107.15126050420169 110.22689075630252 138.16806722689077 
1232.7731092436975 1260.8823529411766 110.14285714285714 138.25210084033614 146.9327731092437 175.0420168067227 
1442.7310924369747 1471.4705882352941 73.05882352941177 101.7983193277311 101.84033613445378 130.57983193277312 
1590.5126050420167 1620.1344537815125 82.52100840336135 112.14285714285714 116.1344537815126 145.7563025210084 
1184.8655462184875 1211.2521008403362 82.17647058823529 108.56302521008404 115.9327731092437 142.31932773109244 
1401.0588235294117 1428.9579831932774 85.10924369747899 113.00840336134453 129.42016806722688 157.31932773109244 
1327.0672268907563 1354.6302521008404 100.18487394957984 127.74789915966386 107.43697478991596 135.0 
1663.09243697479 1692.2941176470588 95.3529411764706 124.5546218487395 120.39495798319328 149.5966386554622 
1238.2605042016808 1264.9831932773109 86.4201680672269 113.14285714285714 113.76470588235294 140.48739495798318 
1313.5294117647059 1342.689075630252 103.47899159663865 132.6386554621849 114.10084033613445 143.26050420168067 
1591.6134453781513 1620.2268907563025 90.58823529411765 119.2016806722689 121.52941176470588 150.14285714285714 
1609.7310924369747 1638.5126050420167 99.76470588235294 128.54621848739495 120.4873949579832 149.2689075630252 
1534.6470588235295 1561.8319327731092 82.34453781512605 109.52941176470588 103.68067226890756 130.8655462184874 
1396.1596638655462 1425.1932773109243 93.36134453781513 122.39495798319328 109.05882352941177 138.0924369747899 
1566.4285714285713 1595.1680672268908 89.26050420168067 118.0 152.1344537815126 180.87394957983193 
1509.436974789916 1539.1008403361345 83.56302521008404 113.22689075630252 133.76470588235293 163.42857142857142 
1249.0252100840337 1275.7478991596638 85.39495798319328 112.11764705882354 100.83193277310924 127.5546218487395 
1457.8655462184875 1486.2268907563025 83.32773109243698 111.6890756302521 143.1344537815126 171.49579831932772 
1890.9579831932774 1921.1680672268908 94.15126050420169 124.36134453781513 134.0924369747899 164.30252100840337 
1314.5714285714287 1342.3445378151262 89.17647058823529 116.94957983193277 119.63865546218487 147.41176470588235 
1492.9411764705883 1521.4285714285713 85.14285714285714 113.63025210084034 105.33613445378151 133.8235294117647 
1411.2605042016808 1438.8235294117646 85.49579831932773 113.05882352941177 125.75630252100841 153.31932773109244 
1527.6638655462184 1556.0672268907563 104.6218487394958 133.0252100840336 121.40336134453781 149.80672268907563 
1494.563025210084 1522.126050420168 80.29411764705883 107.85714285714286 112.88235294117646 140.4453781512605 
1630.8487394957983 1660.6806722689075 81.08403361344538 110.91596638655462 120.72268907563026 150.5546218487395 
1692.0336134453783 1721.5294117647059 81.6218487394958 111.11764705882354 127.33613445378151 156.83193277310923 
1314.0168067226891 1342.2521008403362 98.4453781512605 126.68067226890756 116.72268907563026 144.9579831932773 
1557.142857142857 1585.1680672268908 82.31932773109244 110.34453781512605 95.66386554621849 123.6890756302521 
1408.2605042016808 1436.6218487394958 77.42857142857143 105.78991596638656 109.00840336134453 137.36974789915968 
1514.2100840336134 1542.361344537815 79.63865546218487 107.78991596638656 116.75630252100841 144.9075630252101 
1272.436974789916 1299.7478991596638 82.05042016806723 109.36134453781513 99.21848739495799 126.52941176470588 
1641.3361344537816 1671.0840336134454 90.10084033613445 119.84873949579831 129.94957983193277 159.69747899159663 
1853.5126050420167 1883.218487394958 89.84033613445378 119.54621848739495 125.0672268907563 154.7731092436975 
1532.890756302521 1561.9663865546217 83.09243697478992 112.16806722689076 107.75630252100841 136.83193277310923 
1399.3781512605042 1428.6638655462184 82.53781512605042 111.82352941176471 123.04201680672269 152.32773109243698 
1324.672268907563 1351.2268907563025 76.39495798319328 102.94957983193277 103.26890756302521 129.8235294117647 
1670.109243697479 1698.9747899159663 97.42857142857143 126.29411764705883 152.0420168067227 180.9075630252101 
1332.3697478991596 1360.142857142857 82.04201680672269 109.81512605042016 112.26050420168067 140.03361344537817 
1498.4873949579833 1526.890756302521 111.76470588235294 140.16806722689077 177.6890756302521 206.0924369747899 
1662.4621848739496 1693.1764705882354 91.31932773109244 122.03361344537815 129.47899159663865 160.19327731092437 
1446.235294117647 1475.436974789916 90.75630252100841 119.95798319327731 128.73949579831933 157.94117647058823 
1736.6470588235295 1766.563025210084 94.3529411764706 124.26890756302521 110.89075630252101 140.80672268907563 
1473.1680672268908 1501.235294117647 84.7983193277311 112.8655462184874 130.60504201680672 158.67226890756302 
1654.857142857143 1683.5546218487395 71.61344537815125 100.3109243697479 122.21008403361344 150.9075630252101 
