4937.674796747968 4964.6869918699185 442.7967479674797 469.8089430894309 653.0813008130082 680.0934959349594 
5139.6016260162605 5167.792682926829 407.760162601626 435.9512195121951 724.0325203252032 752.2235772357724 
4725.455284552845 4753.056910569106 337.5 365.1016260162602 483.3414634146341 510.9430894308943 
5171.495934959349 5201.882113821138 370.8780487804878 401.2642276422764 575.8048780487804 606.1910569105692 
4844.418699186992 4872.528455284553 464.3211382113821 492.4308943089431 574.2967479674796 602.4065040650406 
4955.247967479675 4983.5609756097565 372.9390243902439 401.2520325203252 535.0447154471544 563.3577235772358 
5103.666666666667 5132.772357723577 353.3617886178862 382.4674796747967 539.0731707317074 568.1788617886178 
4839.227642276423 4866.707317073171 418.7032520325203 446.1829268292683 530.8536585365854 558.3333333333334 
5167.516260162602 5196.29674796748 454.9715447154472 483.7520325203252 626.2560975609756 655.0365853658536 
5089.052845528456 5117.975609756098 517.2682926829268 546.1910569105692 644.5813008130082 673.5040650406504 
5178.012195121952 5206.752032520325 477.4430894308943 506.1829268292683 695.8170731707318 724.5569105691056 
5084.268292682927 5114.512195121952 373.2926829268293 403.5365853658537 516.5447154471544 546.7886178861788 
5169.495934959349 5198.743902439024 475.280487804878 504.5284552845528 589.8211382113822 619.069105691057 
4718.890243902439 4746.471544715447 420.3008130081301 447.8821138211382 608.3617886178862 635.9430894308944 
5030.573170731707 5059.252032520325 369.7479674796748 398.4268292682927 564.6382113821138 593.3170731707318 
4839.6016260162605 4867.630081300813 473.9065040650407 501.9349593495935 721.2682926829268 749.2967479674796 
5162.890243902439 5191.8943089430895 463.5081300813008 492.5121951219512 598.540650406504 627.5447154471544 
5275.707317073171 5304.20325203252 492.7154471544715 521.2113821138212 672.3333333333334 700.829268292683 
5029.90650406504 5058.747967479675 367.5365853658537 396.3780487804878 495.8414634146341 524.6829268292682 
4988.926829268293 5017.138211382114 359.5162601626016 387.7276422764228 598.439024390244 626.650406504065 
5018.764227642277 5047.707317073171 357.7276422764228 386.6707317073171 571.2439024390244 600.1869918699186 
4871.735772357723 4899.865853658536 354.7276422764228 382.8577235772358 659.1747967479674 687.3048780487804 
5006.707317073171 5034.430894308943 409.5162601626016 437.239837398374 674.5528455284552 702.2764227642276 
5226.410569105691 5255.373983739837 501.0 529.9634146341464 603.5243902439024 632.4878048780488 
4750.085365853659 4778.987804878048 335.349593495935 364.2520325203252 542.5243902439024 571.4268292682926 
4658.166666666667 4685.117886178862 374.1219512195122 401.0731707317073 460.890243902439 487.8414634146341 
4692.154471544715 4719.654471544715 428.0487804878049 455.5487804878049 590.2439024390244 617.7439024390244 
5056.808943089431 5084.817073170731 370.0813008130081 398.0894308943089 643.2723577235772 671.280487804878 
4864.878048780488 4892.804878048781 473.6585365853659 501.5853658536585 620.4471544715448 648.3739837398374 
5082.849593495935 5111.955284552845 564.1260162601626 593.2317073170732 828.5813008130082 857.6869918699186 
4784.69918699187 4812.158536585366 505.1951219512195 532.6544715447154 604.2520325203252 631.7113821138212 
4790.19918699187 4817.577235772358 437.5691056910569 464.9471544715447 654.3455284552846 681.7235772357724 
4793.447154471544 4820.845528455285 410.609756097561 438.0081300813008 586.3739837398374 613.7723577235772 
5145.426829268293 5174.959349593496 413.8211382113821 443.3536585365854 571.6056910569106 601.1382113821138 
4975.922764227642 5004.845528455285 420.3536585365854 449.2764227642276 629.2154471544716 658.1382113821138 
4960.90650406504 4988.731707317073 465.7479674796748 493.5731707317073 537.0447154471544 564.869918699187 
5048.1056910569105 5076.845528455285 388.0365853658537 416.7764227642276 654.1626016260162 682.9024390243902 
4927.252032520325 4956.621951219512 441.8170731707317 471.1869918699187 595.5040650406504 624.8739837398374 
4826.30081300813 4855.386178861789 374.1951219512195 403.280487804878 523.4552845528456 552.540650406504 
5126.252032520325 5155.357723577235 454.8536585365854 483.9593495934959 615.2764227642276 644.3821138211382 
5335.804878048781 5364.666666666667 458.239837398374 487.1016260162602 656.739837398374 685.6016260162602 
5259.325203252032 5289.40650406504 338.8780487804878 368.9593495934959 570.9918699186992 601.0731707317074 
4958.337398373984 4987.524390243902 386.9227642276423 416.109756097561 595.329268292683 624.5162601626016 
5044.056910569106 5072.817073170731 289.3333333333333 318.0934959349593 541.130081300813 569.890243902439 
5176.540650406504 5205.422764227642 380.9268292682927 409.8089430894309 505.890243902439 534.7723577235772 
5070.6016260162605 5098.914634146341 432.0 460.3130081300813 521.8617886178862 550.1747967479674 
5190.784552845528 5219.036585365854 503.4227642276423 531.6747967479674 710.8252032520326 739.0772357723578 
5349.40243902439 5379.422764227642 411.609756097561 441.630081300813 540.9065040650406 570.9268292682926 
4616.081300813008 4642.40243902439 351.0447154471545 377.3658536585366 473.0325203252033 499.3536585365854 
4812.70325203252 4840.162601626016 346.6747967479675 374.1341463414634 500.3455284552846 527.8048780487804 
