2636.1315789473683 2665.2434210526317 101.46710526315789 130.57894736842104 156.32894736842104 185.44078947368422 
2298.0394736842104 2325.342105263158 94.40789473684211 121.71052631578948 152.28947368421052 179.5921052631579 
2180.8881578947367 2208.684210526316 99.63815789473684 127.4342105263158 148.58552631578948 176.3815789473684 
2426.2631578947367 2453.8289473684213 89.96710526315789 117.53289473684211 157.97368421052633 185.53947368421052 
2388.25 2417.592105263158 126.74342105263158 156.08552631578948 183.31578947368422 212.6578947368421 
2126.9605263157896 2154.032894736842 130.91447368421052 157.98684210526315 182.28947368421052 209.36184210526315 
2396.6513157894738 2424.842105263158 106.49342105263158 134.68421052631578 143.23026315789474 171.42105263157896 
2423.8552631578946 2452.0460526315787 107.16447368421052 135.35526315789474 156.6184210526316 184.80921052631578 
2439.5197368421054 2468.565789473684 118.90789473684211 147.95394736842104 181.42763157894737 210.47368421052633 
2305.2368421052633 2332.375 110.86184210526316 138.0 159.51315789473685 186.65131578947367 
2413.875 2441.5723684210525 109.17105263157895 136.8684210526316 161.63815789473685 189.33552631578948 
2697.3355263157896 2726.5460526315787 109.26315789473684 138.47368421052633 153.98026315789474 183.19078947368422 
2382.6447368421054 2411.9539473684213 103.11842105263158 132.42763157894737 162.44736842105263 191.7565789473684 
2405.25 2433.2434210526317 128.08552631578948 156.07894736842104 178.67105263157896 206.66447368421052 
2539.9868421052633 2569.8223684210525 113.5 143.33552631578948 238.53947368421052 268.375 
2614.8881578947367 2644.690789473684 108.99342105263158 138.79605263157896 154.95394736842104 184.7565789473684 
2454.125 2482.7105263157896 113.53947368421052 142.125 134.2565789473684 162.8421052631579 
2311.092105263158 2338.9868421052633 99.52631578947368 127.42105263157895 141.75 169.64473684210526 
2274.4868421052633 2302.875 102.58552631578948 130.97368421052633 154.48684210526315 182.875 
2390.782894736842 2417.4934210526317 106.17105263157895 132.8815789473684 153.94078947368422 180.65131578947367 
2727.8947368421054 2756.4473684210525 115.45394736842105 144.0065789473684 186.25 214.80263157894737 
2384.0131578947367 2410.8881578947367 115.34210526315789 142.2171052631579 171.8421052631579 198.7171052631579 
2089.2368421052633 2116.2434210526317 105.63815789473684 132.64473684210526 132.98684210526315 159.9934210526316 
2226.0855263157896 2254.309210526316 108.4407894736842 136.66447368421052 146.7171052631579 174.94078947368422 
2453.282894736842 2481.7697368421054 118.51315789473684 147.0 153.80921052631578 182.29605263157896 
2296.0394736842104 2325.5131578947367 114.09210526315789 143.56578947368422 149.1315789473684 178.60526315789474 
2196.4605263157896 2224.0263157894738 106.88157894736842 134.44736842105263 138.53947368421052 166.10526315789474 
2398.0 2427.0460526315787 119.07236842105263 148.1184210526316 210.56578947368422 239.61184210526315 
2475.190789473684 2503.3486842105262 110.60526315789474 138.76315789473685 148.2828947368421 176.44078947368422 
2476.717105263158 2505.3355263157896 97.53289473684211 126.15131578947368 171.7171052631579 200.33552631578948 
2412.1973684210525 2440.5526315789475 132.69736842105263 161.05263157894737 193.71052631578948 222.06578947368422 
2626.815789473684 2657.1118421052633 139.70394736842104 170.0 206.55263157894737 236.84868421052633 
2733.6052631578946 2761.9276315789475 112.09210526315789 140.41447368421052 146.2828947368421 174.60526315789474 
2656.7434210526317 2685.2960526315787 105.32236842105263 133.875 179.04605263157896 207.59868421052633 
2512.8223684210525 2540.3881578947367 95.96052631578948 123.52631578947368 142.82236842105263 170.38815789473685 
2098.7565789473683 2127.1447368421054 109.05263157894737 137.44078947368422 157.57236842105263 185.96052631578948 
2142.407894736842 2169.4473684210525 101.26973684210526 128.30921052631578 126.03289473684211 153.07236842105263 
2355.9539473684213 2384.407894736842 91.67105263157895 120.125 140.42763157894737 168.8815789473684 
2341.375 2370.2565789473683 110.65131578947368 139.5328947368421 172.82236842105263 201.70394736842104 
2503.2631578947367 2531.9802631578946 122.38157894736842 151.09868421052633 171.0921052631579 199.80921052631578 
2517.25 2546.592105263158 102.09868421052632 131.44078947368422 164.02631578947367 193.3684210526316 
2424.815789473684 2452.940789473684 109.41447368421052 137.53947368421052 178.03947368421052 206.16447368421052 
2492.3486842105262 2520.5723684210525 123.02631578947368 151.25 149.98026315789474 178.20394736842104 
2369.717105263158 2397.1184210526317 96.10526315789474 123.50657894736842 127.61184210526316 155.01315789473685 
2609.3881578947367 2638.7631578947367 118.88815789473684 148.26315789473685 187.2828947368421 216.6578947368421 
2428.4736842105262 2457.092105263158 128.2434210526316 156.86184210526315 197.22368421052633 225.8421052631579 
2469.434210526316 2496.5723684210525 105.875 133.01315789473685 167.78947368421052 194.92763157894737 
2327.5197368421054 2356.8618421052633 113.14473684210526 142.48684210526315 166.07236842105263 195.41447368421052 
2337.1710526315787 2366.184210526316 107.83552631578948 136.84868421052633 190.85526315789474 219.8684210526316 
2094.6381578947367 2121.5789473684213 124.15131578947368 151.0921052631579 157.66447368421052 184.60526315789474 
