233.69736842105263 259.61842105263156 68.73684210526316 94.65789473684211 74.4342105263158 100.35526315789474 
523.0657894736842 549.7763157894736 71.63157894736842 98.34210526315789 92.65789473684211 119.36842105263158 
400.7105263157895 428.07894736842104 69.57894736842105 96.94736842105263 80.1842105263158 107.55263157894737 
403.10526315789474 431.0657894736842 58.828947368421055 86.78947368421052 63.73684210526316 91.69736842105263 
444.0 472.6842105263158 68.13157894736842 96.8157894736842 70.92105263157895 99.60526315789474 
539.4473684210526 567.7368421052631 72.96052631578948 101.25 92.69736842105263 120.98684210526316 
427.86842105263156 455.9605263157895 64.60526315789474 92.69736842105263 69.76315789473684 97.85526315789474 
677.3815789473684 708.0394736842105 62.01315789473684 92.67105263157895 78.89473684210526 109.55263157894737 
479.4342105263158 507.85526315789474 57.81578947368421 86.23684210526316 73.01315789473684 101.4342105263158 
352.14473684210526 380.69736842105266 61.14473684210526 89.69736842105263 75.11842105263158 103.67105263157895 
580.4473684210526 608.2105263157895 62.921052631578945 90.6842105263158 73.34210526315789 101.10526315789474 
357.1842105263158 384.35526315789474 61.5 88.67105263157895 74.34210526315789 101.51315789473684 
383.25 411.86842105263156 68.01315789473684 96.63157894736842 76.34210526315789 104.96052631578948 
309.4736842105263 337.63157894736844 67.9342105263158 96.09210526315789 77.63157894736842 105.78947368421052 
247.5 274.67105263157896 59.23684210526316 86.40789473684211 65.39473684210526 92.5657894736842 
614.078947368421 640.3947368421053 69.64473684210526 95.96052631578948 75.94736842105263 102.26315789473684 
268.5657894736842 296.92105263157896 70.15789473684211 98.51315789473684 79.34210526315789 107.69736842105263 
647.3421052631579 675.8947368421053 70.09210526315789 98.64473684210526 88.67105263157895 117.22368421052632 
318.2894736842105 346.9736842105263 64.69736842105263 93.38157894736842 80.61842105263158 109.30263157894737 
272.13157894736844 299.7631578947368 77.48684210526316 105.11842105263158 61.328947368421055 88.96052631578948 
616.0263157894736 643.7894736842105 84.3157894736842 112.07894736842105 87.65789473684211 115.42105263157895 
450.2105263157895 479.35526315789474 66.13157894736842 95.27631578947368 81.6842105263158 110.82894736842105 
329.5657894736842 357.19736842105266 66.35526315789474 93.98684210526316 57.85526315789474 85.48684210526316 
359.0657894736842 384.5263157894737 70.46052631578948 95.92105263157895 69.90789473684211 95.36842105263158 
281.0921052631579 306.55263157894734 66.77631578947368 92.23684210526316 71.75 97.21052631578948 
504.11842105263156 531.6184210526316 65.22368421052632 92.72368421052632 70.98684210526316 98.48684210526316 
358.2368421052632 387.64473684210526 72.92105263157895 102.32894736842105 84.28947368421052 113.69736842105263 
322.2236842105263 346.69736842105266 77.09210526315789 101.5657894736842 70.46052631578948 94.9342105263158 
208.25 235.35526315789474 67.02631578947368 94.13157894736842 57.0 84.10526315789474 
265.92105263157896 293.2236842105263 73.26315789473684 100.5657894736842 68.47368421052632 95.77631578947368 
326.0657894736842 354.61842105263156 74.25 102.80263157894737 83.47368421052632 112.02631578947368 
526.4342105263158 556.0394736842105 68.84210526315789 98.44736842105263 80.23684210526316 109.84210526315789 
452.63157894736844 481.64473684210526 67.02631578947368 96.03947368421052 70.44736842105263 99.46052631578948 
395.2236842105263 422.85526315789474 69.46052631578948 97.09210526315789 79.60526315789474 107.23684210526316 
233.0921052631579 261.11842105263156 59.19736842105263 87.22368421052632 58.19736842105263 86.22368421052632 
544.0526315789474 575.171052631579 71.85526315789474 102.97368421052632 87.77631578947368 118.89473684210526 
296.89473684210526 324.5263157894737 72.71052631578948 100.34210526315789 74.61842105263158 102.25 
306.6578947368421 334.0921052631579 64.61842105263158 92.05263157894737 75.05263157894737 102.48684210526316 
214.8684210526316 243.02631578947367 63.38157894736842 91.53947368421052 66.26315789473684 94.42105263157895 
569.5657894736842 601.0131578947369 57.75 89.19736842105263 73.38157894736842 104.82894736842105 
265.25 292.35526315789474 66.67105263157895 93.77631578947368 75.42105263157895 102.52631578947368 
252.17105263157896 280.4605263157895 69.39473684210526 97.6842105263158 68.82894736842105 97.11842105263158 
345.7105263157895 371.4342105263158 64.02631578947368 89.75 99.40789473684211 125.13157894736842 
425.9868421052632 455.7894736842105 66.53947368421052 96.34210526315789 82.55263157894737 112.35526315789474 
470.92105263157896 500.2631578947368 61.75 91.09210526315789 80.78947368421052 110.13157894736842 
558.8815789473684 588.1578947368421 60.36842105263158 89.64473684210526 70.36842105263158 99.64473684210526 
545.2894736842105 573.3157894736842 62.81578947368421 90.84210526315789 80.15789473684211 108.1842105263158 
533.1184210526316 562.1315789473684 77.26315789473684 106.27631578947368 82.69736842105263 111.71052631578948 
421.39473684210526 447.25 69.64473684210526 95.5 71.6842105263158 97.53947368421052 
356.67105263157896 384.2368421052632 70.01315789473684 97.57894736842105 68.42105263157895 95.98684210526316 
