81.0 109.1896551724138 56.189655172413794 84.37931034482759 51.275862068965516 79.46551724137932 
161.9655172413793 192.48275862068965 67.56896551724138 98.08620689655173 66.39655172413794 96.91379310344827 
128.13793103448276 157.5344827586207 58.06896551724138 87.46551724137932 55.06896551724138 84.46551724137932 
107.51724137931035 134.41379310344828 52.60344827586207 79.5 45.293103448275865 72.1896551724138 
132.98275862068965 161.25862068965517 60.8448275862069 89.12068965517241 49.3448275862069 77.62068965517241 
104.77586206896552 132.8793103448276 62.793103448275865 90.89655172413794 58.672413793103445 86.77586206896552 
111.94827586206897 139.18965517241378 64.55172413793103 91.79310344827586 59.5 86.74137931034483 
152.44827586206895 179.43103448275863 62.93103448275862 89.91379310344827 56.189655172413794 83.17241379310344 
78.84482758620689 106.17241379310344 55.810344827586206 83.13793103448276 50.706896551724135 78.03448275862068 
188.56896551724137 217.6206896551724 62.10344827586207 91.15517241379311 65.29310344827586 94.34482758620689 
91.70689655172414 118.08620689655173 65.36206896551724 91.74137931034483 51.03448275862069 77.41379310344827 
89.24137931034483 117.51724137931035 62.56896551724138 90.84482758620689 45.293103448275865 73.56896551724138 
104.8103448275862 133.86206896551724 51.758620689655174 80.8103448275862 42.275862068965516 71.32758620689656 
265.7241379310345 292.7068965517241 55.43103448275862 82.41379310344827 61.206896551724135 88.1896551724138 
175.51724137931035 201.72413793103448 65.86206896551724 92.06896551724138 66.79310344827586 93.0 
116.13793103448276 144.8448275862069 61.91379310344828 90.62068965517241 55.62068965517241 84.32758620689656 
186.63793103448276 219.13793103448276 53.58620689655172 86.08620689655173 62.810344827586206 95.3103448275862 
189.29310344827587 216.36206896551724 65.1896551724138 92.25862068965517 54.41379310344828 81.48275862068965 
92.75862068965517 122.06896551724138 54.05172413793103 83.36206896551724 48.96551724137931 78.27586206896552 
126.13793103448276 154.8448275862069 61.724137931034484 90.43103448275862 55.94827586206897 84.65517241379311 
148.22413793103448 177.79310344827587 64.05172413793103 93.62068965517241 64.46551724137932 94.03448275862068 
121.39655172413794 148.98275862068965 54.172413793103445 81.75862068965517 52.3448275862069 79.93103448275862 
124.24137931034483 153.20689655172413 64.22413793103448 93.1896551724138 55.189655172413794 84.15517241379311 
131.68965517241378 160.31034482758622 59.43103448275862 88.05172413793103 51.44827586206897 80.06896551724138 
205.32758620689654 234.89655172413794 60.706896551724135 90.27586206896552 58.87931034482759 88.44827586206897 
190.01724137931035 218.89655172413794 66.44827586206897 95.32758620689656 73.12068965517241 102.0 
204.93103448275863 233.72413793103448 60.310344827586206 89.10344827586206 64.22413793103448 93.01724137931035 
104.44827586206897 133.1551724137931 61.55172413793103 90.25862068965517 55.01724137931034 83.72413793103448 
82.63793103448276 111.17241379310344 59.48275862068966 88.01724137931035 46.06896551724138 74.60344827586206 
108.27586206896552 135.3448275862069 59.58620689655172 86.65517241379311 46.94827586206897 74.01724137931035 
104.56896551724138 134.05172413793105 55.241379310344826 84.72413793103448 61.01724137931034 90.5 
188.43103448275863 215.93103448275863 61.672413793103445 89.17241379310344 60.58620689655172 88.08620689655173 
111.25862068965517 139.8793103448276 61.1551724137931 89.77586206896552 59.53448275862069 88.15517241379311 
222.91379310344828 251.5344827586207 74.51724137931035 103.13793103448276 57.10344827586207 85.72413793103448 
79.32758620689656 106.74137931034483 55.793103448275865 83.20689655172414 45.03448275862069 72.44827586206897 
91.44827586206897 116.1896551724138 61.86206896551724 86.60344827586206 45.258620689655174 70.0 
164.79310344827587 192.63793103448276 52.87931034482759 80.72413793103448 57.5 85.34482758620689 
108.41379310344827 135.39655172413794 57.44827586206897 84.43103448275862 56.53448275862069 83.51724137931035 
129.05172413793105 157.41379310344828 60.706896551724135 89.06896551724138 52.1551724137931 80.51724137931035 
118.89655172413794 145.6206896551724 65.6896551724138 92.41379310344827 64.03448275862068 90.75862068965517 
168.05172413793105 196.75862068965517 59.51724137931034 88.22413793103448 68.32758620689656 97.03448275862068 
92.20689655172414 118.84482758620689 65.10344827586206 91.74137931034483 50.206896551724135 76.84482758620689 
79.37931034482759 105.84482758620689 66.48275862068965 92.94827586206897 44.672413793103445 71.13793103448276 
112.63793103448276 139.79310344827587 62.810344827586206 89.96551724137932 59.89655172413793 87.05172413793103 
137.58620689655172 167.06896551724137 62.258620689655174 91.74137931034483 65.79310344827586 95.27586206896552 
88.27586206896552 117.32758620689656 65.43103448275862 94.48275862068965 54.275862068965516 83.32758620689656 
316.2931034482759 344.82758620689657 69.46551724137932 98.0 77.24137931034483 105.77586206896552 
172.77586206896552 202.17241379310346 60.43103448275862 89.82758620689656 60.91379310344828 90.3103448275862 
100.24137931034483 129.4655172413793 60.5 89.72413793103448 53.46551724137931 82.6896551724138 
346.86206896551727 377.0344827586207 64.94827586206897 95.12068965517241 73.60344827586206 103.77586206896552 
