1760.9166666666667 1788.4166666666667 94.67424242424242 122.17424242424242 120.09848484848484 147.59848484848484 
2158.7272727272725 2187.931818181818 82.56818181818181 111.77272727272727 168.27272727272728 197.47727272727272 
1830.5227272727273 1857.378787878788 98.74242424242425 125.59848484848484 155.52272727272728 182.37878787878788 
1878.7424242424242 1907.4166666666667 89.65151515151516 118.32575757575758 210.71212121212122 239.38636363636363 
2048.007575757576 2077.590909090909 89.93181818181819 119.51515151515152 136.5681818181818 166.15151515151516 
1610.2954545454545 1638.3257575757575 92.72727272727273 120.75757575757575 132.9469696969697 160.97727272727272 
1615.2272727272727 1643.2575757575758 99.88636363636364 127.91666666666667 142.17424242424244 170.20454545454547 
1775.659090909091 1803.689393939394 93.68181818181819 121.71212121212122 126.82575757575758 154.8560606060606 
1915.2348484848485 1943.2272727272727 92.37121212121212 120.36363636363636 120.1590909090909 148.15151515151516 
1927.6742424242425 1958.090909090909 99.26515151515152 129.6818181818182 145.09848484848484 175.5151515151515 
1895.3333333333333 1924.6136363636363 91.15151515151516 120.43181818181819 158.13636363636363 187.41666666666666 
1879.090909090909 1907.3484848484848 88.6969696969697 116.95454545454545 161.36363636363637 189.62121212121212 
1634.6742424242425 1663.1969696969697 90.21969696969697 118.74242424242425 139.75757575757575 168.28030303030303 
1620.909090909091 1648.1439393939395 120.36363636363636 147.59848484848484 134.77272727272728 162.00757575757575 
2099.280303030303 2127.878787878788 94.09848484848484 122.6969696969697 139.6590909090909 168.25757575757575 
1730.5984848484848 1756.3939393939395 91.45454545454545 117.25 124.43181818181819 150.22727272727272 
1867.7348484848485 1896.0681818181818 104.95454545454545 133.28787878787878 138.46969696969697 166.8030303030303 
1660.4545454545455 1687.878787878788 88.70454545454545 116.12878787878788 109.06818181818181 136.49242424242425 
2111.159090909091 2140.0227272727275 83.96969696969697 112.83333333333333 142.21969696969697 171.08333333333334 
1857.7651515151515 1887.0833333333333 86.65151515151516 115.96969696969697 127.53787878787878 156.8560606060606 
1712.9242424242425 1739.439393939394 97.41666666666667 123.93181818181819 161.65151515151516 188.16666666666666 
1995.7727272727273 2023.9545454545455 79.93181818181819 108.11363636363636 138.2651515151515 166.4469696969697 
1893.3257575757575 1921.5833333333333 85.24242424242425 113.5 133.32575757575756 161.58333333333334 
1837.7121212121212 1865.5151515151515 92.0909090909091 119.89393939393939 130.28787878787878 158.0909090909091 
1695.9318181818182 1723.0530303030303 90.81818181818181 117.93939393939394 122.59848484848484 149.71969696969697 
1867.3333333333333 1896.6136363636363 86.6590909090909 115.93939393939394 122.86363636363636 152.1439393939394 
1616.5530303030303 1643.8636363636363 94.73484848484848 122.04545454545455 145.3409090909091 172.65151515151516 
1565.8030303030303 1593.0757575757575 102.97727272727273 130.25 124.72727272727273 152.0 
1692.1136363636363 1719.9545454545455 90.13636363636364 117.97727272727273 131.96212121212122 159.8030303030303 
1978.5530303030303 2007.5681818181818 89.93939393939394 118.95454545454545 139.53787878787878 168.5530303030303 
1835.6515151515152 1863.9469696969697 88.71212121212122 117.00757575757575 128.5681818181818 156.86363636363637 
1938.5151515151515 1967.9848484848485 95.60606060606061 125.07575757575758 118.9090909090909 148.37878787878788 
1665.3939393939395 1692.2878787878788 88.75757575757575 115.65151515151516 108.53787878787878 135.4318181818182 
1779.840909090909 1808.969696969697 87.73484848484848 116.86363636363636 165.75 194.87878787878788 
1741.128787878788 1770.371212121212 87.66666666666667 116.9090909090909 132.31060606060606 161.5530303030303 
1791.2878787878788 1818.939393939394 100.3409090909091 127.99242424242425 163.03030303030303 190.6818181818182 
2215.742424242424 2245.287878787879 104.28030303030303 133.82575757575756 161.8030303030303 191.34848484848484 
1839.159090909091 1867.7954545454545 110.48484848484848 139.12121212121212 176.03030303030303 204.66666666666666 
1802.6363636363637 1829.871212121212 97.8409090909091 125.07575757575758 137.3181818181818 164.5530303030303 
1694.1515151515152 1721.9924242424242 96.87878787878788 124.71969696969697 140.5909090909091 168.4318181818182 
1890.1969696969697 1917.9621212121212 96.59848484848484 124.36363636363636 151.95454545454547 179.71969696969697 
1513.310606060606 1540.6969696969697 89.8030303030303 117.18939393939394 167.5681818181818 194.95454545454547 
1860.3257575757575 1889.1515151515152 92.06818181818181 120.89393939393939 129.5530303030303 158.37878787878788 
1824.090909090909 1852.3484848484848 97.5530303030303 125.81060606060606 145.37878787878788 173.63636363636363 
1690.2045454545455 1718.9545454545455 97.4090909090909 126.1590909090909 112.62878787878788 141.37878787878788 
1867.1439393939395 1895.2121212121212 93.08333333333333 121.15151515151516 134.8409090909091 162.9090909090909 
1779.1666666666667 1808.1060606060605 98.56818181818181 127.50757575757575 145.37878787878788 174.3181818181818 
1919.5 1948.060606060606 82.81060606060606 111.37121212121212 128.8181818181818 157.37878787878788 
2027.4318181818182 2056.8636363636365 92.49242424242425 121.92424242424242 118.87121212121212 148.3030303030303 
1726.719696969697 1754.939393939394 104.79545454545455 133.0151515151515 133.87121212121212 162.0909090909091 
