1649.3385826771653 1678.236220472441 83.18110236220473 112.07874015748031 113.61417322834646 142.51181102362204 
1798.4015748031495 1827.1811023622047 102.60629921259843 131.38582677165354 135.13385826771653 163.91338582677164 
1746.8740157480315 1776.6377952755906 84.66141732283465 114.4251968503937 123.29133858267717 153.0551181102362 
1813.8582677165355 1842.6377952755906 95.11023622047244 123.88976377952756 128.30708661417322 157.08661417322836 
1648.6299212598426 1675.0866141732283 94.49606299212599 120.95275590551181 115.67716535433071 142.13385826771653 
1785.0 1814.251968503937 81.44881889763779 110.7007874015748 99.18897637795276 128.44094488188978 
1449.2204724409448 1476.4251968503936 90.99212598425197 118.19685039370079 115.48031496062993 142.68503937007873 
1671.8503937007874 1699.9212598425197 85.69291338582677 113.76377952755905 113.08661417322834 141.15748031496062 
1622.0944881889764 1650.1653543307086 90.61417322834646 118.68503937007874 112.76377952755905 140.83464566929135 
1370.0314960629921 1398.259842519685 99.62992125984252 127.85826771653544 144.6771653543307 172.90551181102362 
1926.6062992125985 1954.5196850393702 86.8740157480315 114.78740157480316 129.96850393700788 157.88188976377953 
1829.4960629921259 1856.740157480315 94.5984251968504 121.84251968503936 147.56692913385828 174.81102362204723 
1903.3070866141732 1932.4015748031495 101.24409448818898 130.33858267716536 125.13385826771653 154.22834645669292 
1598.3228346456692 1625.724409448819 89.18110236220473 116.58267716535433 132.29921259842519 159.70078740157481 
1795.4015748031495 1824.023622047244 91.43307086614173 120.05511811023622 134.46456692913387 163.08661417322836 
1652.708661417323 1681.6850393700788 92.84251968503936 121.81889763779527 124.84251968503936 153.8188976377953 
1725.8503937007874 1754.0787401574803 87.78740157480316 116.01574803149606 125.03937007874016 153.26771653543307 
1729.8267716535433 1759.984251968504 117.54330708661418 147.70078740157481 130.81102362204723 160.96850393700788 
1710.4566929133857 1740.8897637795276 80.71653543307086 111.14960629921259 163.48031496062993 193.91338582677164 
1579.0393700787401 1607.0314960629921 91.39370078740157 119.38582677165354 129.1259842519685 157.11811023622047 
1698.1259842519685 1725.763779527559 97.2755905511811 124.91338582677166 155.88188976377953 183.51968503937007 
1889.8188976377953 1919.3858267716535 97.14173228346456 126.70866141732283 116.86614173228347 146.43307086614172 
1612.6220472440946 1638.8818897637796 83.07086614173228 109.33070866141732 113.13385826771653 139.39370078740157 
1720.9685039370079 1748.8425196850394 85.03937007874016 112.91338582677166 143.25984251968504 171.13385826771653 
1991.015748031496 2019.8740157480315 100.64566929133858 129.50393700787401 132.251968503937 161.11023622047244 
1720.3779527559054 1749.0787401574803 87.37007874015748 116.07086614173228 119.92125984251969 148.6220472440945 
1706.3858267716535 1735.244094488189 83.11023622047244 111.96850393700787 119.49606299212599 148.35433070866142 
1566.9685039370079 1595.3149606299212 89.22834645669292 117.5748031496063 118.89763779527559 147.24409448818898 
1675.4173228346456 1702.3464566929133 95.4251968503937 122.35433070866142 141.04724409448818 167.9763779527559 
1671.9055118110236 1700.6456692913387 90.16535433070867 118.90551181102362 106.95275590551181 135.69291338582678 
1712.1968503937007 1740.3464566929133 90.98425196850394 119.13385826771653 107.03937007874016 135.18897637795277 
1707.8582677165355 1736.4015748031495 92.62992125984252 121.1732283464567 116.94488188976378 145.48818897637796 
1580.8740157480315 1608.1574803149606 104.67716535433071 131.96062992125985 138.15748031496062 165.44094488188978 
1843.251968503937 1872.3464566929133 89.78740157480316 118.88188976377953 137.11023622047244 166.20472440944883 
1567.6299212598426 1597.3149606299212 93.66929133858268 123.35433070866142 130.89763779527559 160.58267716535434 
1756.6850393700788 1784.5984251968505 89.63779527559055 117.55118110236221 123.65354330708661 151.56692913385828 
1888.244094488189 1915.6062992125985 84.55905511811024 111.92125984251969 119.54330708661418 146.90551181102362 
1697.8031496062993 1726.2283464566929 91.92913385826772 120.35433070866142 115.08661417322834 143.51181102362204 
1803.3307086614172 1832.3464566929133 93.05511811023622 122.07086614173228 104.07086614173228 133.08661417322836 
1957.6614173228347 1986.9133858267717 85.51181102362204 114.76377952755905 160.61417322834646 189.86614173228347 
1679.1259842519685 1707.5511811023623 88.22834645669292 116.65354330708661 134.0 162.4251968503937 
1819.3700787401574 1849.8818897637796 80.1259842519685 110.63779527559055 143.2204724409449 173.73228346456693 
1536.4881889763778 1564.0866141732283 101.70866141732283 129.30708661417322 144.88976377952756 172.48818897637796 
1828.4330708661416 1856.3858267716535 97.49606299212599 125.44881889763779 135.61417322834646 163.56692913385828 
1706.763779527559 1733.4960629921259 84.5984251968504 111.33070866141732 112.25984251968504 138.99212598425197 
2072.6535433070867 2101.8267716535433 85.09448818897638 114.26771653543307 131.03937007874015 160.21259842519686 
1523.4488188976377 1551.755905511811 87.78740157480316 116.09448818897638 136.24409448818898 164.5511811023622 
1616.0393700787401 1642.9685039370079 104.2992125984252 131.22834645669292 139.33858267716536 166.26771653543307 
1781.4330708661416 1809.0708661417323 91.4724409448819 119.11023622047244 142.41732283464566 170.0551181102362 
1479.8661417322835 1507.1102362204724 94.11023622047244 121.35433070866142 117.77952755905511 145.0236220472441 
