3446.6082474226805 3475.5 150.17525773195877 179.06701030927834 305.9896907216495 334.8814432989691 
3672.185567010309 3700.4845360824743 217.80927835051546 246.10824742268042 325.4845360824742 353.78350515463916 
3491.8917525773195 3520.680412371134 341.5927835051546 370.3814432989691 367.9742268041237 396.7628865979381 
3677.505154639175 3705.494845360825 159.5979381443299 187.58762886597938 286.5257731958763 314.5154639175258 
3706.0257731958764 3735.639175257732 168.39690721649484 198.01030927835052 303.91237113402065 333.5257731958763 
3708.134020618557 3737.5154639175257 166.20618556701032 195.58762886597938 336.69072164948454 366.07216494845363 
3508.005154639175 3536.355670103093 170.48969072164948 198.840206185567 358.7783505154639 387.12886597938143 
3537.4896907216494 3564.8865979381444 208.70618556701032 236.10309278350516 325.99484536082474 353.3917525773196 
3604.314432989691 3632.742268041237 173.0 201.4278350515464 405.08762886597935 433.5154639175258 
3564.139175257732 3592.798969072165 144.81443298969072 173.4742268041237 257.79896907216494 286.4587628865979 
3564.9329896907216 3592.5876288659792 160.95876288659792 188.61340206185568 317.14948453608247 344.8041237113402 
3542.5721649484535 3571.077319587629 212.4020618556701 240.90721649484536 270.2525773195876 298.75773195876286 
3746.922680412371 3776.020618556701 179.72164948453607 208.81958762886597 316.3556701030928 345.45360824742266 
3626.216494845361 3654.6958762886597 211.67525773195877 240.15463917525773 269.0515463917526 297.53092783505156 
3405.644329896907 3433.7886597938145 184.9536082474227 213.0979381443299 283.1701030927835 311.3144329896907 
3572.3453608247423 3600.3865979381444 215.74742268041237 243.78865979381445 367.91237113402065 395.95360824742266 
3377.4896907216494 3405.1958762886597 151.41752577319588 179.1237113402062 239.2422680412371 266.9484536082474 
3647.3505154639174 3675.340206185567 239.32474226804123 267.3144329896907 384.0 411.9896907216495 
3609.3298969072166 3637.8350515463917 215.39175257731958 243.89690721649484 364.58762886597935 393.0927835051546 
3546.8917525773195 3575.3453608247423 185.56701030927834 214.02061855670104 329.1082474226804 357.5618556701031 
4112.850515463918 4143.1082474226805 321.75773195876286 352.0154639175258 299.3453608247423 329.60309278350513 
3231.237113402062 3258.0670103092784 217.98453608247422 244.81443298969072 295.6701030927835 322.5 
3281.3711340206187 3308.9742268041236 217.77835051546393 245.38144329896906 292.2474226804124 319.85051546391753 
3349.5670103092784 3377.0154639175257 247.41752577319588 274.8659793814433 340.2371134020619 367.6855670103093 
3397.634020618557 3425.082474226804 203.0 230.44845360824743 271.3453608247423 298.7938144329897 
3364.2525773195875 3391.675257731959 284.1958762886598 311.6185567010309 316.67525773195877 344.0979381443299 
3689.2061855670104 3717.7886597938145 169.15463917525773 197.73711340206185 313.89690721649487 342.47938144329896 
3538.1237113402062 3566.0103092783506 168.26288659793815 196.14948453608247 275.8041237113402 303.69072164948454 
3399.556701030928 3427.6494845360826 169.90721649484536 198.0 267.2371134020619 295.3298969072165 
3475.2113402061855 3503.458762886598 248.91237113402062 277.159793814433 270.72680412371136 298.9742268041237 
3465.505154639175 3493.726804123711 170.05154639175257 198.27319587628867 299.11340206185565 327.33505154639175 
3784.8762886597938 3813.6134020618556 238.91752577319588 267.6546391752577 356.11340206185565 384.85051546391753 
3439.319587628866 3467.1546391752577 207.5257731958763 235.36082474226805 370.6082474226804 398.44329896907215 
3576.005154639175 3604.819587628866 194.24742268041237 223.06185567010309 298.7371134020619 327.5515463917526 
3613.860824742268 3641.90206185567 183.84536082474227 211.88659793814432 279.42783505154637 307.46907216494844 
3375.103092783505 3401.520618556701 158.340206185567 184.7577319587629 226.8556701030928 253.27319587628867 
3413.4896907216494 3441.3762886597938 248.00515463917526 275.8917525773196 334.41752577319585 362.3041237113402 
3312.077319587629 3338.6237113402062 186.98453608247422 213.53092783505156 270.27319587628864 296.819587628866 
3807.9278350515465 3836.1494845360826 282.25773195876286 310.47938144329896 519.7835051546392 548.0051546391752 
3322.046391752577 3350.422680412371 165.89175257731958 194.2680412371134 262.61340206185565 290.9896907216495 
3394.561855670103 3423.659793814433 166.1443298969072 195.2422680412371 218.47938144329896 247.57731958762886 
3484.505154639175 3511.3350515463917 183.94329896907217 210.77319587628867 340.9484536082474 367.7783505154639 
3986.2474226804125 4015.422680412371 256.9020618556701 286.0773195876289 457.02061855670104 486.1958762886598 
3707.917525773196 3735.546391752577 189.59278350515464 217.22164948453607 225.64948453608247 253.27835051546393 
3488.226804123711 3516.0876288659792 192.7164948453608 220.57731958762886 337.0412371134021 364.9020618556701 
3699.7938144329896 3729.536082474227 147.13917525773195 176.88144329896906 239.3298969072165 269.07216494845363 
3698.9484536082473 3728.9742268041236 218.2422680412371 248.2680412371134 280.340206185567 310.3659793814433 
3637.2886597938145 3665.1494845360826 131.0721649484536 158.93298969072166 219.4020618556701 247.26288659793815 
3549.7525773195875 3577.355670103093 161.7319587628866 189.33505154639175 280.83505154639175 308.4381443298969 
3322.675257731959 3350.639175257732 262.4020618556701 290.3659793814433 313.41752577319585 341.3814432989691 
