2304.3698630136987 2332.931506849315 89.20547945205479 117.76712328767124 162.72602739726028 191.2876712328767 
2323.9931506849316 2352.417808219178 100.45205479452055 128.87671232876713 150.25342465753425 178.67808219178082 
2411.123287671233 2439.719178082192 114.95205479452055 143.54794520547946 194.986301369863 223.58219178082192 
2253.9520547945203 2282.376712328767 98.12328767123287 126.54794520547945 159.7054794520548 188.13013698630138 
2228.8630136986303 2257.219178082192 111.87671232876713 140.23287671232876 169.0205479452055 197.37671232876713 
2215.9931506849316 2244.246575342466 117.01369863013699 145.26712328767124 154.76027397260273 183.013698630137 
2203.082191780822 2233.595890410959 103.13013698630137 133.64383561643837 194.3835616438356 224.8972602739726 
2341.849315068493 2371.609589041096 107.86986301369863 137.63013698630138 157.26027397260273 187.0205479452055 
2191.1369863013697 2219.904109589041 114.05479452054794 142.82191780821918 166.8904109589041 195.65753424657535 
2230.2876712328766 2257.9246575342468 105.94520547945206 133.58219178082192 197.34246575342465 224.9794520547945 
2036.054794520548 2062.972602739726 119.21232876712328 146.13013698630138 153.85616438356163 180.77397260273972 
2106.780821917808 2135.582191780822 106.73972602739725 135.54109589041096 205.55479452054794 234.35616438356163 
2332.77397260274 2362.8424657534247 109.6917808219178 139.76027397260273 166.22602739726028 196.2945205479452 
2424.801369863014 2453.5342465753424 115.52054794520548 144.25342465753425 209.1164383561644 237.84931506849315 
2319.7876712328766 2347.7671232876714 98.86301369863014 126.84246575342466 240.47260273972603 268.45205479452056 
2378.986301369863 2407.7876712328766 109.01369863013699 137.81506849315068 213.986301369863 242.7876712328767 
2075.123287671233 2102.4520547945203 104.35616438356165 131.68493150684932 158.34246575342465 185.67123287671234 
2364.27397260274 2393.7602739726026 97.41780821917808 126.9041095890411 149.82191780821918 179.3082191780822 
2170.041095890411 2198.6027397260273 101.63698630136986 130.1986301369863 141.54794520547946 170.1095890410959 
2279.698630136986 2308.123287671233 97.0958904109589 125.52054794520548 148.12328767123287 176.54794520547946 
2214.5753424657532 2243.27397260274 105.86986301369863 134.56849315068493 191.4931506849315 220.1917808219178 
2354.4657534246576 2383.095890410959 100.3972602739726 129.02739726027397 186.65753424657535 215.2876712328767 
2306.4931506849316 2334.095890410959 99.3082191780822 126.91095890410959 148.41095890410958 176.013698630137 
2343.178082191781 2371.3972602739727 121.26712328767124 149.486301369863 199.68493150684932 227.9041095890411 
2227.1027397260273 2255.1849315068494 112.9931506849315 141.07534246575344 169.63698630136986 197.71917808219177 
2176.1575342465753 2205.1301369863013 115.21232876712328 144.18493150684932 138.28082191780823 167.25342465753425 
2396.431506849315 2427.253424657534 127.14383561643835 157.96575342465752 247.1164383561644 277.93835616438355 
1992.472602739726 2020.3835616438357 93.24657534246575 121.15753424657534 158.22602739726028 186.13698630136986 
2616.780821917808 2646.404109589041 145.8904109589041 175.513698630137 218.013698630137 247.63698630136986 
2384.6164383561645 2413.828767123288 130.91780821917808 160.13013698630138 135.78082191780823 164.9931506849315 
1904.527397260274 1931.6164383561643 121.65753424657534 148.74657534246575 174.1164383561644 201.2054794520548 
2411.753424657534 2440.3150684931506 113.98630136986301 142.54794520547946 161.93835616438355 190.5 
2228.3698630136987 2257.27397260274 104.38356164383562 133.2876712328767 156.58904109589042 185.4931506849315 
2342.7602739726026 2371.458904109589 104.18493150684931 132.8835616438356 196.66438356164383 225.36301369863014 
2142.3835616438355 2170.1575342465753 94.73972602739725 122.51369863013699 136.08219178082192 163.85616438356163 
2142.5068493150684 2169.6643835616437 104.28767123287672 131.44520547945206 170.1095890410959 197.26712328767124 
2004.3013698630136 2031.4246575342465 89.37671232876713 116.5 152.17808219178082 179.3013698630137 
2125.4931506849316 2152.376712328767 107.13013698630137 134.013698630137 158.986301369863 185.86986301369862 
2074.609589041096 2101.8356164383563 102.93150684931507 130.15753424657535 150.56849315068493 177.7945205479452 
2254.4794520547944 2283.3150684931506 114.15068493150685 142.986301369863 130.8082191780822 159.64383561643837 
2190.9520547945203 2218.246575342466 93.10958904109589 120.4041095890411 175.1986301369863 202.4931506849315 
2175.4794520547944 2204.109589041096 108.14383561643835 136.77397260273972 136.16438356164383 164.7945205479452 
2270.082191780822 2296.8630136986303 119.63013698630137 146.41095890410958 137.34246575342465 164.12328767123287 
2122.3972602739727 2150.719178082192 110.46575342465754 138.7876712328767 144.7945205479452 173.1164383561644 
2270.623287671233 2299.595890410959 103.5958904109589 132.56849315068493 132.67808219178082 161.65068493150685 
2197.7876712328766 2225.8698630136987 101.8972602739726 129.9794520547945 144.94520547945206 173.02739726027397 
2067.9931506849316 2095.1164383561645 102.0 129.12328767123287 126.77397260273973 153.8972602739726 
2311.4383561643835 2340.890410958904 101.53424657534246 130.986301369863 136.02739726027397 165.4794520547945 
2113.541095890411 2141.828767123288 92.04794520547945 120.33561643835617 133.54109589041096 161.82876712328766 
2119.6369863013697 2147.890410958904 98.66438356164383 126.91780821917808 135.5958904109589 163.84931506849315 
