1403.7431192660551 1431.7706422018348 82.54128440366972 110.56880733944953 112.63302752293578 140.6605504587156 
1351.7706422018348 1382.5504587155963 80.60550458715596 111.38532110091744 113.54128440366972 144.32110091743118 
1430.0183486238532 1458.5504587155963 86.6697247706422 115.20183486238533 112.02752293577981 140.55963302752295 
1158.559633027523 1187.8715596330276 80.22935779816514 109.54128440366972 98.95412844036697 128.26605504587155 
1245.6146788990825 1274.2844036697247 82.59633027522936 111.26605504587155 112.4770642201835 141.14678899082568 
1151.651376146789 1178.119266055046 97.79816513761467 124.26605504587155 92.81651376146789 119.28440366972477 
1484.4220183486239 1513.9633027522937 85.73394495412845 115.27522935779817 100.3211009174312 129.86238532110093 
1262.7339449541284 1291.1284403669724 79.85321100917432 108.24770642201835 103.11926605504587 131.5137614678899 
1007.9633027522935 1035.2568807339449 93.71559633027523 121.0091743119266 107.0091743119266 134.30275229357798 
1278.2018348623853 1306.4128440366972 73.75229357798165 101.96330275229357 111.09174311926606 139.30275229357798 
1074.467889908257 1103.2293577981652 74.59633027522936 103.35779816513761 127.19266055045871 155.954128440367 
1542.2477064220184 1571.651376146789 86.80733944954129 116.21100917431193 103.78899082568807 133.19266055045873 
1554.9633027522937 1585.697247706422 79.8348623853211 110.56880733944953 96.18348623853211 126.91743119266054 
1181.5504587155963 1209.6238532110092 85.97247706422019 114.04587155963303 101.87155963302752 129.94495412844037 
1274.5871559633028 1304.1284403669724 80.65137614678899 110.19266055045871 129.36697247706422 158.90825688073394 
1032.1100917431193 1059.633027522936 77.87155963302752 105.39449541284404 84.94495412844037 112.46788990825688 
1371.6605504587155 1401.3853211009175 80.87155963302752 110.59633027522936 104.8256880733945 134.55045871559633 
1187.2293577981652 1214.7522935779816 83.09174311926606 110.61467889908256 104.61467889908256 132.13761467889907 
1261.8440366972477 1291.1559633027523 86.86238532110092 116.1743119266055 115.23853211009174 144.55045871559633 
1454.0 1483.2201834862385 84.1743119266055 113.39449541284404 109.91743119266054 139.13761467889907 
1152.4128440366972 1180.9449541284403 86.62385321100918 115.1559633027523 109.1743119266055 137.70642201834863 
1248.8623853211009 1275.9724770642201 75.65137614678899 102.76146788990826 121.01834862385321 148.12844036697248 
1263.2385321100917 1290.9449541284403 76.86238532110092 104.56880733944953 104.08256880733946 131.78899082568807 
1398.3577981651376 1429.0 75.53211009174312 106.1743119266055 96.13761467889908 126.77981651376147 
1362.633027522936 1392.2201834862385 87.81651376146789 117.40366972477064 91.5229357798165 121.11009174311927 
1131.7798165137615 1159.5779816513761 91.10091743119266 118.89908256880734 112.3302752293578 140.12844036697248 
1518.9357798165138 1547.788990825688 91.96330275229357 120.81651376146789 117.62385321100918 146.47706422018348 
1151.8715596330276 1179.119266055046 75.6697247706422 102.91743119266054 112.40366972477064 139.651376146789 
1113.8899082568807 1141.1376146788991 79.27522935779817 106.5229357798165 115.24770642201835 142.4954128440367 
1415.091743119266 1444.6788990825687 75.02752293577981 104.61467889908256 111.3302752293578 140.91743119266056 
1417.0550458715597 1446.091743119266 76.86238532110092 105.89908256880734 104.86238532110092 133.89908256880733 
1441.302752293578 1471.8073394495414 79.28440366972477 109.78899082568807 110.1559633027523 140.6605504587156 
1292.4587155963302 1320.7155963302753 89.08256880733946 117.33944954128441 109.44954128440367 137.70642201834863 
1020.605504587156 1049.7339449541284 75.80733944954129 104.93577981651376 99.0 128.12844036697248 
1228.51376146789 1256.2660550458716 83.8348623853211 111.58715596330275 107.04587155963303 134.7981651376147 
1307.1467889908256 1333.9357798165138 77.40366972477064 104.19266055045871 94.21100917431193 121.0 
1412.440366972477 1438.1743119266055 78.56880733944953 104.30275229357798 105.97247706422019 131.70642201834863 
1447.9908256880733 1477.8990825688074 85.58715596330275 115.4954128440367 117.76146788990826 147.6697247706422 
1404.2844036697247 1432.4954128440368 79.70642201834862 107.91743119266054 119.07339449541284 147.28440366972478 
1079.8990825688074 1107.926605504587 88.07339449541284 116.10091743119266 119.87155963302752 147.89908256880733 
1137.1284403669724 1164.697247706422 66.5137614678899 94.08256880733946 120.61467889908256 148.1834862385321 
1225.7522935779816 1254.2844036697247 70.3302752293578 98.86238532110092 96.74311926605505 125.27522935779817 
1027.2477064220184 1054.954128440367 86.9908256880734 114.69724770642202 115.94495412844037 143.651376146789 
1266.7798165137615 1295.1743119266055 83.81651376146789 112.21100917431193 101.55963302752293 129.954128440367 
1438.9449541284403 1467.7064220183486 79.77064220183486 108.53211009174312 105.04587155963303 133.80733944954127 
1352.7064220183486 1381.834862385321 85.72477064220183 114.85321100917432 96.36697247706422 125.4954128440367 
1266.5045871559632 1294.394495412844 83.65137614678899 111.54128440366972 113.41284403669725 141.30275229357798 
1245.8990825688074 1275.5779816513761 89.62385321100918 119.30275229357798 84.53211009174312 114.21100917431193 
1311.2844036697247 1341.0550458715597 77.88990825688073 107.66055045871559 111.19266055045871 140.96330275229357 
1414.8532110091744 1444.8073394495414 104.94495412844037 134.89908256880733 164.6697247706422 194.62385321100916 
