2469.2922077922076 2497.961038961039 106.25324675324676 134.92207792207793 168.1883116883117 196.85714285714286 
2491.220779220779 2519.564935064935 100.72727272727273 129.07142857142858 182.64935064935065 210.9935064935065 
2513.064935064935 2541.603896103896 114.15584415584415 142.69480519480518 148.25974025974025 176.7987012987013 
2670.279220779221 2699.7272727272725 117.83766233766234 147.28571428571428 207.74675324675326 237.19480519480518 
2505.779220779221 2534.6753246753246 90.46753246753246 119.36363636363636 167.27272727272728 196.16883116883116 
2517.6623376623374 2545.487012987013 129.7922077922078 157.61688311688312 169.87012987012986 197.69480519480518 
2662.785714285714 2692.818181818182 113.51948051948052 143.55194805194805 154.53896103896105 184.57142857142858 
2496.4155844155844 2524.62987012987 106.65584415584415 134.87012987012986 190.76623376623377 218.9805194805195 
2550.8311688311687 2580.5064935064934 110.79220779220779 140.46753246753246 152.58441558441558 182.25974025974025 
2471.1103896103896 2499.5194805194806 119.12337662337663 147.53246753246754 174.19480519480518 202.6038961038961 
2393.616883116883 2421.5714285714284 141.11688311688312 169.07142857142858 292.1233766233766 320.0779220779221 
2321.87012987013 2349.7922077922076 119.56493506493507 147.48701298701297 228.2987012987013 256.2207792207792 
2249.0454545454545 2276.5779220779223 108.49350649350649 136.02597402597402 149.43506493506493 176.96753246753246 
2494.0454545454545 2522.551948051948 106.18831168831169 134.69480519480518 201.3181818181818 229.82467532467533 
2544.474025974026 2573.0454545454545 114.83766233766234 143.4090909090909 195.7077922077922 224.2792207792208 
2526.4675324675327 2554.194805194805 113.32467532467533 141.05194805194805 155.62337662337663 183.35064935064935 
2538.8376623376626 2568.025974025974 95.08441558441558 124.27272727272727 153.44805194805195 182.63636363636363 
2323.2662337662337 2351.8376623376626 124.4090909090909 152.9805194805195 171.51298701298703 200.08441558441558 
2394.8376623376626 2424.4155844155844 110.22077922077922 139.7987012987013 143.0194805194805 172.5974025974026 
2694.3311688311687 2724.038961038961 119.6948051948052 149.4025974025974 187.1883116883117 216.8961038961039 
2750.9285714285716 2780.409090909091 105.87662337662337 135.35714285714286 183.91558441558442 213.3961038961039 
2427.435064935065 2455.844155844156 123.33766233766234 151.74675324675326 188.0194805194805 216.42857142857142 
2375.688311688312 2403.5454545454545 100.24025974025975 128.0974025974026 167.7012987012987 195.55844155844156 
2467.8246753246754 2496.2337662337663 121.02597402597402 149.43506493506493 183.9025974025974 212.3116883116883 
2431.948051948052 2460.2922077922076 97.3961038961039 125.74025974025975 130.58441558441558 158.92857142857142 
2384.9545454545455 2412.3896103896104 140.03246753246754 167.46753246753246 166.05844155844156 193.4935064935065 
2677.6493506493507 2706.4805194805194 113.02597402597402 141.85714285714286 206.0909090909091 234.92207792207793 
2353.4415584415583 2382.2727272727275 111.95454545454545 140.78571428571428 154.87012987012986 183.7012987012987 
2472.7012987012986 2500.948051948052 110.07142857142857 138.3181818181818 166.85064935064935 195.0974025974026 
2684.5194805194806 2713.5454545454545 103.46753246753246 132.4935064935065 188.7922077922078 217.8181818181818 
2388.2662337662337 2415.896103896104 97.46103896103897 125.0909090909091 139.75974025974025 167.3896103896104 
2521.2597402597403 2549.311688311688 158.34415584415584 186.3961038961039 195.0909090909091 223.14285714285714 
2802.246753246753 2830.688311688312 122.94805194805195 151.3896103896104 246.85714285714286 275.2987012987013 
2303.2597402597403 2331.116883116883 99.92857142857143 127.78571428571429 136.63636363636363 164.4935064935065 
2451.811688311688 2479.9285714285716 126.46103896103897 154.57792207792207 156.61688311688312 184.73376623376623 
2705.4675324675327 2734.038961038961 125.8051948051948 154.37662337662337 179.8181818181818 208.3896103896104 
2604.3896103896104 2632.7662337662337 110.83766233766234 139.21428571428572 162.11688311688312 190.4935064935065 
2571.5714285714284 2600.2727272727275 119.44805194805195 148.14935064935065 232.67532467532467 261.3766233766234 
2640.8896103896104 2668.681818181818 113.46103896103897 141.25324675324674 166.21428571428572 194.0064935064935 
2385.5974025974024 2413.746753246753 117.11688311688312 145.26623376623377 174.42857142857142 202.57792207792207 
2513.525974025974 2543.038961038961 134.16233766233765 163.67532467532467 207.61688311688312 237.12987012987014 
2205.2987012987014 2232.896103896104 106.35064935064935 133.94805194805195 160.88311688311688 188.4805194805195 
2426.714285714286 2455.6753246753246 132.42857142857142 161.3896103896104 195.28571428571428 224.24675324675326 
2526.818181818182 2553.7662337662337 126.9090909090909 153.85714285714286 149.54545454545453 176.4935064935065 
2412.311688311688 2439.4220779220777 148.76623376623377 175.87662337662337 189.58441558441558 216.69480519480518 
2453.0064935064934 2482.551948051948 105.22727272727273 134.77272727272728 155.14935064935065 184.69480519480518 
2552.9805194805194 2581.3571428571427 144.96103896103895 173.33766233766235 193.43506493506493 221.8116883116883 
2457.0324675324673 2485.4415584415583 127.02597402597402 155.43506493506493 160.73376623376623 189.14285714285714 
2691.6363636363635 2721.7012987012986 133.83116883116884 163.8961038961039 164.88311688311688 194.94805194805195 
2636.9025974025976 2664.7272727272725 117.48051948051948 145.30519480519482 173.85064935064935 201.67532467532467 
