3138.5757575757575 3168.4545454545455 127.94545454545455 157.8242424242424 230.12121212121212 260.0 
2737.5757575757575 2764.3333333333335 112.48484848484848 139.24242424242425 238.33333333333334 265.09090909090907 
2719.2909090909093 2746.775757575758 138.86666666666667 166.35151515151514 184.35151515151514 211.83636363636364 
2783.163636363636 2810.890909090909 134.4060606060606 162.13333333333333 141.8 169.52727272727273 
2905.848484848485 2934.121212121212 152.1818181818182 180.45454545454547 252.3030303030303 280.57575757575756 
2571.478787878788 2599.2060606060604 147.0848484848485 174.8121212121212 250.2 277.92727272727274 
2761.5575757575757 2789.5575757575757 129.64848484848486 157.64848484848486 185.5878787878788 213.5878787878788 
2788.7393939393937 2816.4666666666667 114.37575757575758 142.1030303030303 173.13333333333333 200.86060606060607 
2915.478787878788 2943.9333333333334 143.1757575757576 171.63030303030303 237.93333333333334 266.3878787878788 
2737.6484848484847 2765.2848484848487 161.6787878787879 189.3151515151515 271.43636363636364 299.07272727272726 
2782.521212121212 2808.9454545454546 121.64242424242424 148.06666666666666 190.12727272727273 216.55151515151516 
2907.8 2936.2545454545457 126.76969696969697 155.22424242424242 191.22424242424242 219.6787878787879 
2752.848484848485 2781.2727272727275 144.21212121212122 172.63636363636363 213.24242424242425 241.66666666666666 
2420.10303030303 2446.2848484848487 153.16363636363636 179.34545454545454 155.4060606060606 181.5878787878788 
2816.5454545454545 2846.818181818182 164.57575757575756 194.84848484848484 253.66666666666666 283.93939393939394 
2940.4 2970.0666666666666 141.8242424242424 171.4909090909091 199.52121212121213 229.1878787878788 
2769.0969696969696 2797.0060606060606 119.97575757575757 147.88484848484848 173.0060606060606 200.9151515151515 
2838.981818181818 2867.921212121212 175.73939393939395 204.6787878787879 218.28484848484848 247.22424242424242 
2694.787878787879 2722.6666666666665 162.42424242424244 190.3030303030303 181.0 208.87878787878788 
2727.339393939394 2755.9757575757576 115.21818181818182 143.85454545454544 157.61212121212122 186.24848484848485 
2685.4727272727273 2713.6848484848483 137.8969696969697 166.1090909090909 168.16969696969696 196.38181818181818 
2699.7454545454543 2728.018181818182 121.04848484848485 149.3212121212121 168.56363636363636 196.83636363636364 
2724.4727272727273 2752.806060606061 127.7939393939394 156.12727272727273 266.8666666666667 295.2 
2718.0545454545454 2744.9939393939394 145.38787878787878 172.3272727272727 215.6 242.53939393939393 
2843.3333333333335 2871.787878787879 166.64848484848486 195.1030303030303 220.8181818181818 249.27272727272728 
2703.4727272727273 2731.927272727273 119.32121212121213 147.77575757575758 204.77575757575758 233.23030303030302 
2653.6 2681.8727272727274 145.4181818181818 173.6909090909091 147.9939393939394 176.26666666666668 
2766.448484848485 2794.8727272727274 113.93333333333334 142.35757575757575 154.11515151515152 182.53939393939393 
2960.4666666666667 2989.072727272727 246.22424242424242 274.830303030303 264.04848484848486 292.6545454545454 
2631.4060606060607 2659.10303030303 138.07272727272726 165.76969696969698 251.8 279.4969696969697 
2689.4666666666667 2716.4060606060607 110.98181818181818 137.9212121212121 167.4969696969697 194.43636363636364 
2837.957575757576 2865.5636363636363 161.4121212121212 189.01818181818183 237.26060606060605 264.8666666666667 
2924.478787878788 2953.0242424242424 120.2969696969697 148.84242424242424 219.1757575757576 247.72121212121212 
2929.630303030303 2957.9030303030304 128.5090909090909 156.78181818181818 216.3272727272727 244.6 
2798.0666666666666 2827.1878787878786 118.23030303030303 147.35151515151514 218.4 247.52121212121213 
2585.951515151515 2614.2848484848487 136.76969696969698 165.1030303030303 213.13333333333333 241.46666666666667 
2920.133333333333 2950.3454545454547 117.8 148.0121212121212 188.1030303030303 218.3151515151515 
2592.2363636363634 2619.539393939394 119.58181818181818 146.88484848484848 178.44848484848484 205.75151515151515 
2549.4727272727273 2576.169696969697 124.44242424242424 151.13939393939393 139.74545454545455 166.44242424242424 
2711.9454545454546 2740.309090909091 154.6727272727273 183.03636363636363 228.8242424242424 257.1878787878788 
2843.8727272727274 2872.1151515151514 140.1757575757576 168.4181818181818 249.66060606060606 277.9030303030303 
2663.2060606060604 2690.357575757576 136.05454545454546 163.20606060606062 215.72121212121212 242.87272727272727 
2794.612121212121 2824.369696969697 116.67272727272727 146.43030303030304 163.79393939393938 193.55151515151516 
2651.309090909091 2679.339393939394 119.30909090909091 147.33939393939394 183.16969696969696 211.2 
2915.048484848485 2944.5636363636363 140.35151515151514 169.86666666666667 209.56363636363636 239.0787878787879 
2910.418181818182 2940.721212121212 114.69090909090909 144.9939393939394 153.84242424242424 184.14545454545456 
2730.878787878788 2758.939393939394 132.92727272727274 160.9878787878788 197.75757575757575 225.8181818181818 
2953.6545454545453 2981.927272727273 123.56363636363636 151.83636363636364 190.23030303030302 218.5030303030303 
2497.957575757576 2524.139393939394 133.65454545454546 159.83636363636364 198.83636363636364 225.01818181818183 
2877.8121212121214 2905.8424242424244 133.56969696969696 161.6 204.56969696969696 232.6 
