316.42857142857144 344.0 69.31428571428572 96.88571428571429 67.48571428571428 95.05714285714286 
130.85714285714286 158.5 61.44285714285714 89.08571428571429 57.0 84.64285714285714 
243.8 270.3 61.91428571428571 88.41428571428571 71.45714285714286 97.95714285714286 
355.8857142857143 384.3142857142857 60.885714285714286 89.31428571428572 61.15714285714286 89.58571428571429 
234.5142857142857 262.4428571428571 69.81428571428572 97.74285714285715 63.114285714285714 91.04285714285714 
372.77142857142854 401.27142857142854 57.75714285714286 86.25714285714285 76.41428571428571 104.91428571428571 
322.54285714285714 350.75714285714287 61.44285714285714 89.65714285714286 74.92857142857143 103.14285714285714 
181.78571428571428 208.64285714285714 62.628571428571426 89.48571428571428 57.357142857142854 84.21428571428571 
261.54285714285714 289.6142857142857 67.37142857142857 95.44285714285714 66.95714285714286 95.02857142857142 
427.84285714285716 457.34285714285716 58.77142857142857 88.27142857142857 89.91428571428571 119.41428571428571 
344.4142857142857 371.27142857142854 59.41428571428571 86.27142857142857 73.54285714285714 100.4 
217.12857142857143 245.9142857142857 69.54285714285714 98.32857142857142 79.15714285714286 107.94285714285714 
272.1 302.6714285714286 56.27142857142857 86.84285714285714 68.24285714285715 98.81428571428572 
227.22857142857143 254.0142857142857 63.91428571428571 90.7 69.45714285714286 96.24285714285715 
313.0571428571429 341.98571428571427 72.7 101.62857142857143 69.21428571428571 98.14285714285714 
213.64285714285714 240.14285714285714 70.25714285714285 96.75714285714285 75.78571428571429 102.28571428571429 
356.1714285714286 387.0285714285714 68.17142857142858 99.02857142857142 63.65714285714286 94.51428571428572 
266.74285714285713 294.3142857142857 68.87142857142857 96.44285714285714 87.18571428571428 114.75714285714285 
328.4 354.8285714285714 65.82857142857142 92.25714285714285 59.628571428571426 86.05714285714286 
280.2142857142857 309.0 68.34285714285714 97.12857142857143 86.21428571428571 115.0 
283.62857142857143 312.27142857142854 63.871428571428574 92.51428571428572 81.57142857142857 110.21428571428571 
355.6857142857143 385.6857142857143 67.48571428571428 97.48571428571428 72.42857142857143 102.42857142857143 
433.2 460.4142857142857 65.91428571428571 93.12857142857143 69.77142857142857 96.98571428571428 
431.57142857142856 461.2857142857143 63.07142857142857 92.78571428571429 71.47142857142858 101.18571428571428 
233.47142857142856 260.4714285714286 66.42857142857143 93.42857142857143 64.35714285714286 91.35714285714286 
709.0857142857143 741.5142857142857 61.75714285714286 94.18571428571428 82.87142857142857 115.3 
334.7142857142857 360.14285714285717 60.18571428571428 85.61428571428571 66.07142857142857 91.5 
636.9571428571429 666.9571428571429 63.7 93.7 91.02857142857142 121.02857142857142 
278.7 308.4142857142857 67.07142857142857 96.78571428571429 70.35714285714286 100.07142857142857 
208.8 237.5142857142857 65.25714285714285 93.97142857142858 72.24285714285715 100.95714285714286 
330.15714285714284 360.37142857142857 79.7 109.91428571428571 66.07142857142857 96.28571428571429 
348.9142857142857 377.5571428571429 64.51428571428572 93.15714285714286 60.5 89.14285714285714 
267.1857142857143 294.1857142857143 58.02857142857143 85.02857142857142 59.32857142857143 86.32857142857142 
402.8285714285714 433.54285714285714 55.785714285714285 86.5 61.371428571428574 92.08571428571429 
527.4428571428572 557.9428571428572 73.08571428571429 103.58571428571429 82.64285714285714 113.14285714285714 
446.0 475.14285714285717 60.81428571428572 89.95714285714286 73.4 102.54285714285714 
377.4428571428571 405.72857142857146 68.15714285714286 96.44285714285714 62.25714285714286 90.54285714285714 
402.1857142857143 431.4 68.45714285714286 97.67142857142858 75.2 104.41428571428571 
402.27142857142854 431.2 60.05714285714286 88.98571428571428 74.94285714285714 103.87142857142857 
289.9428571428571 317.37142857142857 67.02857142857142 94.45714285714286 68.0 95.42857142857143 
235.4857142857143 262.34285714285716 69.94285714285714 96.8 84.25714285714285 111.11428571428571 
361.54285714285714 390.9 67.34285714285714 96.7 68.54285714285714 97.9 
252.44285714285715 281.9428571428571 67.64285714285714 97.14285714285714 70.02857142857142 99.52857142857142 
386.64285714285717 414.85714285714283 62.385714285714286 90.6 65.97142857142858 94.18571428571428 
366.37142857142857 396.01428571428573 70.41428571428571 100.05714285714286 63.92857142857143 93.57142857142857 
277.54285714285714 305.1142857142857 57.4 84.97142857142858 68.05714285714286 95.62857142857143 
317.48571428571427 345.62857142857143 67.88571428571429 96.02857142857142 82.02857142857142 110.17142857142858 
374.0857142857143 403.3 69.94285714285714 99.15714285714286 65.4 94.61428571428571 
426.6857142857143 455.4 63.32857142857143 92.04285714285714 60.885714285714286 89.6 
286.75714285714287 316.9714285714286 72.08571428571429 102.3 70.74285714285715 100.95714285714286 
