3553.2741116751267 3581.2944162436547 157.01015228426397 185.03045685279187 232.89340101522842 260.9137055837563 
3682.8934010152284 3710.710659898477 134.38071065989848 162.1979695431472 226.21827411167513 254.03553299492387 
3712.431472081218 3739.8426395939086 231.8020304568528 259.21319796954316 319.8680203045685 347.2791878172589 
3418.964467005076 3446.9086294416243 136.39086294416245 164.33502538071065 257.9238578680203 285.8680203045685 
3875.979695431472 3905.269035532995 179.6497461928934 208.93908629441626 374.43147208121826 403.7208121827411 
3375.939086294416 3403.9340101522844 197.497461928934 225.49238578680203 257.43654822335026 285.43147208121826 
3672.502538071066 3701.5888324873094 175.88324873096445 204.96954314720813 297.3502538071066 326.43654822335026 
3968.979695431472 3998.8781725888325 227.3248730964467 257.2233502538071 429.56345177664974 459.46192893401013 
3741.8629441624366 3770.8477157360408 162.0203045685279 191.00507614213197 231.53299492385787 260.51776649746193 
3729.771573604061 3758.959390862944 179.60913705583755 208.7969543147208 329.74619289340103 358.93401015228426 
3531.4213197969543 3559.187817258883 238.4720812182741 266.23857868020303 357.28426395939084 385.0507614213198 
3717.02538071066 3744.233502538071 169.50761421319797 196.71573604060913 247.60913705583755 274.8172588832487 
3361.6192893401017 3389.5888324873094 261.5532994923858 289.52284263959393 353.6243654822335 381.5939086294416 
3491.766497461929 3519.710659898477 242.98477157360406 270.92893401015226 247.12182741116752 275.06598984771574 
3769.213197969543 3797.5888324873094 236.08629441624365 264.46192893401013 456.7005076142132 485.0761421319797 
3686.0710659898477 3714.4213197969543 195.08629441624365 223.43654822335026 408.0253807106599 436.3756345177665 
3547.0101522842638 3574.472081218274 149.4720812182741 176.93401015228426 313.93908629441626 341.4010152284264 
3791.994923857868 3819.9898477157362 224.2233502538071 252.21827411167513 371.46192893401013 399.4568527918782 
3750.035532994924 3778.766497461929 192.0253807106599 220.75634517766497 296.55837563451774 325.28934010152284 
3597.253807106599 3624.766497461929 194.37055837563452 221.88324873096445 282.0507614213198 309.56345177664974 
3726.568527918782 3755.2741116751267 170.83756345177665 199.54314720812184 292.5837563451777 321.28934010152284 
3453.2741116751267 3481.192893401015 224.11167512690355 252.03045685279187 343.9086294416244 371.8274111675127 
3823.1624365482235 3852.6294416243654 180.36548223350255 209.83248730964468 301.3604060913706 330.8274111675127 
3532.9289340101523 3559.832487309645 170.66497461928935 197.56852791878174 219.28934010152284 246.19289340101523 
3569.299492385787 3597.776649746193 160.59390862944161 189.0710659898477 254.1979695431472 282.6751269035533 
3731.7055837563453 3760.284263959391 216.24365482233503 244.8223350253807 459.497461928934 488.0761421319797 
3895.9492385786803 3924.8832487309646 192.96954314720813 221.9035532994924 352.7258883248731 381.65989847715736 
3845.1573604060914 3874.6497461928934 150.2284263959391 179.72081218274113 259.3959390862944 288.88832487309645 
3651.096446700508 3679.5989847715737 279.1928934010152 307.6954314720812 383.25380710659897 411.75634517766497 
3532.3248730964465 3560.9289340101523 224.41624365482232 253.0203045685279 322.0964467005076 350.7005076142132 
3654.02538071066 3681.9695431472082 174.99492385786803 202.93908629441626 340.1928934010152 368.1370558375635 
3813.4111675126906 3841.431472081218 241.39086294416245 269.4111675126904 315.9238578680203 343.9441624365482 
3571.4467005076144 3600.02538071066 158.75634517766497 187.33502538071065 395.2284263959391 423.8071065989848 
3707.5736040609136 3735.6192893401017 199.56345177664974 227.60913705583755 336.38071065989845 364.4263959390863 
3571.796954314721 3599.944162436548 210.93908629441626 239.08629441624365 386.9492385786802 415.0964467005076 
3577.0913705583757 3605.187817258883 223.55329949238578 251.6497461928934 355.8477157360406 383.9441624365482 
3795.1167512690354 3824.431472081218 214.04060913705584 243.35532994923858 358.9492385786802 388.26395939086296 
3649.0659898477156 3677.289340101523 177.64467005076142 205.86802030456852 320.005076142132 348.2284263959391 
3770.507614213198 3798.7817258883247 211.00507614213197 239.27918781725887 380.43147208121826 408.70558375634516 
3739.5177664974617 3767.6903553299494 189.78172588832487 217.9543147208122 217.66497461928935 245.83756345177665 
3584.756345177665 3613.258883248731 233.76649746192894 262.2690355329949 352.0913705583756 380.5939086294416 
3514.8578680203045 3542.3451776649745 195.13705583756345 222.62436548223351 365.0862944162437 392.5736040609137 
3563.263959390863 3591.284263959391 189.34010152284264 217.36040609137055 264.25380710659897 292.2741116751269 
3870.395939086294 3899.253807106599 211.2233502538071 240.08121827411168 279.1015228426396 307.9593908629442 
3752.7055837563453 3781.766497461929 174.43654822335026 203.497461928934 240.5989847715736 269.65989847715736 
3508.228426395939 3537.035532994924 204.10152284263958 232.90862944162436 341.4517766497462 370.25888324873097 
3952.0862944162436 3981.807106598985 177.91370558375635 207.63451776649745 235.05583756345177 264.7766497461929 
3636.4822335025383 3665.416243654822 163.74111675126903 192.6751269035533 259.5532994923858 288.48730964467006 
3638.730964467005 3667.208121827411 208.28426395939087 236.76142131979697 306.7766497461929 335.25380710659897 
3599.060913705584 3626.497461928934 188.06091370558374 215.497461928934 280.1522842639594 307.5888324873096 
