82.61818181818182 107.98181818181818 62.10909090909091 87.47272727272727 56.21818181818182 81.58181818181818 
164.74545454545455 191.65454545454546 61.41818181818182 88.32727272727273 58.03636363636364 84.94545454545455 
169.01818181818183 199.47272727272727 54.85454545454545 85.30909090909091 56.70909090909091 87.16363636363636 
95.25454545454545 122.89090909090909 60.38181818181818 88.01818181818182 49.836363636363636 77.47272727272727 
132.98181818181817 163.07272727272726 60.29090909090909 90.38181818181818 69.98181818181818 100.07272727272728 
197.6909090909091 226.3272727272727 64.74545454545455 93.38181818181818 68.98181818181818 97.61818181818182 
164.34545454545454 191.98181818181817 65.43636363636364 93.07272727272728 59.14545454545455 86.78181818181818 
119.12727272727273 146.76363636363635 68.9090909090909 96.54545454545455 63.30909090909091 90.94545454545455 
72.0 100.63636363636364 61.018181818181816 89.65454545454546 57.6 86.23636363636363 
118.30909090909091 146.3090909090909 57.29090909090909 85.2909090909091 64.54545454545455 92.54545454545455 
92.56363636363636 120.65454545454546 56.74545454545454 84.83636363636364 53.69090909090909 81.78181818181818 
138.9090909090909 167.0909090909091 57.836363636363636 86.01818181818182 62.054545454545455 90.23636363636363 
96.45454545454545 123.0 58.981818181818184 85.52727272727273 54.018181818181816 80.56363636363636 
86.41818181818182 114.69090909090909 61.43636363636364 89.7090909090909 51.43636363636364 79.7090909090909 
214.61818181818182 242.61818181818182 65.6 93.6 62.07272727272727 90.07272727272728 
163.29090909090908 191.01818181818183 60.81818181818182 88.54545454545455 60.49090909090909 88.21818181818182 
67.9090909090909 96.9090909090909 57.18181818181818 86.18181818181819 52.45454545454545 81.45454545454545 
110.43636363636364 138.16363636363636 63.69090909090909 91.41818181818182 62.41818181818182 90.14545454545454 
100.36363636363636 130.27272727272728 66.30909090909091 96.21818181818182 49.872727272727275 79.78181818181818 
111.16363636363636 141.07272727272726 60.4 90.30909090909091 47.61818181818182 77.52727272727273 
149.76363636363635 179.76363636363635 61.03636363636364 91.03636363636363 54.472727272727276 84.47272727272727 
102.12727272727273 127.94545454545455 64.23636363636363 90.05454545454545 55.472727272727276 81.2909090909091 
165.38181818181818 194.56363636363636 48.8 77.98181818181818 58.8 87.98181818181818 
153.76363636363635 182.5818181818182 70.85454545454546 99.67272727272727 64.54545454545455 93.36363636363636 
100.87272727272727 128.6909090909091 63.54545454545455 91.36363636363636 58.49090909090909 86.30909090909091 
99.30909090909091 124.94545454545455 59.45454545454545 85.0909090909091 54.872727272727275 80.50909090909092 
74.58181818181818 101.12727272727273 57.45454545454545 84.0 54.61818181818182 81.16363636363636 
93.30909090909091 119.85454545454546 54.67272727272727 81.21818181818182 52.09090909090909 78.63636363636364 
85.63636363636364 114.63636363636364 55.43636363636364 84.43636363636364 56.25454545454546 85.25454545454545 
84.83636363636364 109.92727272727272 62.81818181818182 87.9090909090909 47.81818181818182 72.9090909090909 
278.6363636363636 309.54545454545456 63.41818181818182 94.32727272727273 67.50909090909092 98.41818181818182 
101.83636363636364 130.2 66.98181818181818 95.34545454545454 53.8 82.16363636363636 
188.5090909090909 217.3272727272727 59.981818181818184 88.8 50.67272727272727 79.49090909090908 
68.74545454545455 95.2 67.54545454545455 94.0 42.25454545454546 68.7090909090909 
133.38181818181818 160.1090909090909 63.527272727272724 90.25454545454545 56.89090909090909 83.61818181818182 
147.63636363636363 174.72727272727272 61.92727272727273 89.01818181818182 61.49090909090909 88.58181818181818 
100.69090909090909 128.87272727272727 64.94545454545455 93.12727272727273 59.10909090909091 87.2909090909091 
112.72727272727273 139.45454545454547 52.18181818181818 78.9090909090909 44.90909090909091 71.63636363636364 
131.6727272727273 159.85454545454544 64.7090909090909 92.89090909090909 68.83636363636364 97.01818181818182 
143.4909090909091 173.03636363636363 70.87272727272727 100.41818181818182 47.763636363636365 77.30909090909091 
175.63636363636363 202.63636363636363 65.38181818181818 92.38181818181818 57.67272727272727 84.67272727272727 
112.81818181818181 144.54545454545453 62.18181818181818 93.9090909090909 57.527272727272724 89.25454545454545 
147.92727272727274 175.92727272727274 65.78181818181818 93.78181818181818 58.2 86.2 
79.67272727272727 105.21818181818182 57.981818181818184 83.52727272727273 56.29090909090909 81.83636363636364 
217.01818181818183 246.1090909090909 67.89090909090909 96.98181818181818 64.05454545454545 93.14545454545454 
130.83636363636364 162.92727272727274 64.83636363636364 96.92727272727272 66.69090909090909 98.78181818181818 
103.49090909090908 134.12727272727273 60.03636363636364 90.67272727272727 50.30909090909091 80.94545454545455 
193.85454545454544 223.4909090909091 60.07272727272727 89.7090909090909 66.96363636363637 96.6 
133.70909090909092 162.8 57.018181818181816 86.10909090909091 52.8 81.89090909090909 
147.63636363636363 177.9090909090909 54.92727272727273 85.2 67.2 97.47272727272727 
