2860.7080745341614 2889.3726708074532 128.47826086956522 157.14285714285714 211.416149068323 240.08074534161491 
2633.968944099379 2661.6708074534163 126.46583850931677 154.16770186335404 175.3664596273292 203.06832298136646 
2657.577639751553 2686.1801242236024 132.6273291925466 161.22981366459626 152.7639751552795 181.3664596273292 
2371.583850931677 2399.5341614906833 113.2919254658385 141.24223602484471 148.69565217391303 176.64596273291926 
2701.5714285714284 2731.6024844720496 124.14906832298136 154.1801242236025 195.88819875776397 225.91925465838509 
2932.509316770186 2962.447204968944 144.37888198757764 174.3167701863354 222.16770186335404 252.1055900621118 
2546.086956521739 2575.0 130.85714285714286 159.77018633540374 184.66459627329192 213.5776397515528 
2457.832298136646 2485.192546583851 107.78260869565217 135.14285714285714 180.9689440993789 208.32919254658384 
2695.105590062112 2724.577639751553 140.71428571428572 170.1863354037267 221.472049689441 250.944099378882 
2829.8198757763976 2858.1428571428573 115.26086956521739 143.583850931677 177.49068322981367 205.8136645962733 
2328.0062111801244 2355.2111801242236 119.65217391304348 146.85714285714286 174.9937888198758 202.19875776397515 
2628.335403726708 2655.8509316770187 121.81987577639751 149.33540372670808 172.0310559006211 199.54658385093168 
2594.1490683229813 2622.6894409937886 114.72049689440993 143.2608695652174 147.9689440993789 176.50931677018633 
2717.2298136645963 2745.863354037267 141.2173913043478 169.85093167701862 201.48447204968943 230.11801242236024 
2784.919254658385 2812.341614906832 136.24223602484471 163.66459627329192 229.98136645962734 257.40372670807454 
2563.1801242236024 2591.6273291925468 115.37267080745342 143.8198757763975 147.62111801242236 176.06832298136646 
2413.2111801242236 2439.577639751553 126.8944099378882 153.2608695652174 186.40993788819875 212.77639751552795 
2677.0745341614906 2704.8385093167703 112.01242236024845 139.77639751552795 186.67080745341616 214.43478260869566 
2398.695652173913 2426.086956521739 117.96273291925466 145.35403726708074 188.35403726708074 215.74534161490683 
2755.1428571428573 2783.6832298136646 103.527950310559 132.06832298136646 175.4223602484472 203.96273291925465 
2389.7639751552797 2416.6273291925468 96.53416149068323 123.3975155279503 159.48447204968943 186.34782608695653 
2496.0062111801244 2523.7391304347825 147.67080745341616 175.40372670807454 155.72670807453417 183.45962732919256 
2648.745341614907 2677.503105590062 137.5776397515528 166.33540372670808 233.87577639751552 262.6335403726708 
2471.521739130435 2498.88198757764 146.11801242236024 173.47826086956522 152.91925465838509 180.27950310559007 
2705.4596273291927 2733.6894409937886 155.69565217391303 183.92546583850933 216.67080745341616 244.90062111801242 
2562.360248447205 2590.8385093167703 115.58385093167702 144.06211180124222 172.5776397515528 201.055900621118 
2732.285714285714 2760.8571428571427 133.14285714285714 161.71428571428572 157.72049689440993 186.29192546583852 
2895.1801242236024 2924.9627329192544 121.16770186335404 150.9503105590062 207.38509316770185 237.16770186335404 
2351.6832298136646 2380.0993788819874 111.82608695652173 140.24223602484471 160.57142857142858 188.98757763975155 
2389.863354037267 2416.2919254658386 121.52173913043478 147.9503105590062 145.83229813664596 172.2608695652174 
2357.4844720496894 2384.5652173913045 122.67701863354037 149.75776397515529 168.88198757763976 195.96273291925465 
2516.5465838509317 2543.7204968944097 113.56521739130434 140.7391304347826 205.64596273291926 232.8198757763975 
2465.5403726708073 2494.391304347826 136.14285714285714 164.9937888198758 186.37888198757764 215.22981366459626 
2739.1428571428573 2767.714285714286 161.87577639751552 190.4472049689441 208.98757763975155 237.55900621118013 
2672.527950310559 2702.807453416149 106.93167701863354 137.2111801242236 194.6086956521739 224.88819875776397 
2626.0931677018634 2654.354037267081 108.4472049689441 136.70807453416148 149.9751552795031 178.2360248447205 
2498.590062111801 2526.0434782608695 119.2919254658385 146.74534161490683 254.64596273291926 282.0993788819876 
2687.3975155279504 2715.751552795031 121.1304347826087 149.48447204968943 187.49068322981367 215.8447204968944 
2466.6335403726707 2495.018633540373 138.6335403726708 167.01863354037266 192.6273291925466 221.01242236024845 
2904.913043478261 2933.7329192546586 117.33540372670808 146.1552795031056 187.24223602484471 216.06211180124222 
2819.6024844720496 2848.7018633540374 128.7826086956522 157.88198757763976 204.85093167701862 233.9503105590062 
2637.7888198757764 2665.832298136646 114.44099378881988 142.48447204968943 204.09316770186336 232.13664596273293 
2975.2360248447203 3004.3975155279504 150.3416149068323 179.50310559006212 193.11801242236024 222.27950310559007 
2744.490683229814 2773.2795031055903 121.34782608695652 150.13664596273293 218.55900621118013 247.34782608695653 
2752.6770186335402 2781.6211180124224 112.54658385093168 141.49068322981367 180.40993788819875 209.35403726708074 
2634.490683229814 2663.55900621118 131.70186335403727 160.77018633540374 258.6832298136646 287.75155279503105 
2798.496894409938 2826.509316770186 117.11180124223603 145.12422360248448 141.6335403726708 169.64596273291926 
2571.664596273292 2600.7329192546586 119.86335403726709 148.93167701863354 219.28571428571428 248.35403726708074 
2919.509316770186 2950.192546583851 134.4472049689441 165.1304347826087 191.0310559006211 221.71428571428572 
2550.714285714286 2579.658385093168 137.17391304347825 166.11801242236024 217.14285714285714 246.08695652173913 
