1383.4059405940593 1413.3564356435643 80.6930693069307 110.64356435643565 89.0990099009901 119.04950495049505 
1121.0594059405942 1150.4158415841584 77.26732673267327 106.62376237623762 119.56435643564356 148.92079207920793 
1004.960396039604 1033.6237623762377 76.88118811881188 105.54455445544555 98.83168316831683 127.4950495049505 
1112.5445544554455 1139.3762376237623 69.76237623762377 96.5940594059406 110.01980198019803 136.85148514851485 
976.059405940594 1004.1287128712871 65.94059405940594 94.00990099009901 90.44554455445545 118.51485148514851 
1099.7623762376238 1129.2673267326732 66.48514851485149 95.99009900990099 102.98019801980197 132.4851485148515 
924.990099009901 952.9108910891089 70.76237623762377 98.68316831683168 93.43564356435644 121.35643564356435 
1004.6831683168317 1032.0594059405942 82.97029702970298 110.34653465346534 97.87128712871286 125.24752475247524 
1234.7326732673268 1263.7425742574258 75.9009900990099 104.91089108910892 97.10891089108911 126.11881188118812 
1042.3762376237623 1071.5346534653465 79.11881188118812 108.27722772277228 107.23762376237623 136.3960396039604 
1074.8415841584158 1103.2574257425742 83.29702970297029 111.7128712871287 124.94059405940594 153.35643564356437 
1000.5148514851485 1028.930693069307 75.58415841584159 104.0 81.25742574257426 109.67326732673267 
935.2376237623762 963.1584158415842 78.0 105.92079207920793 97.20792079207921 125.12871287128714 
1155.7326732673268 1184.3960396039604 83.97029702970298 112.63366336633663 95.48514851485149 124.14851485148515 
1072.930693069307 1101.5940594059407 78.73267326732673 107.39603960396039 96.08910891089108 124.75247524752476 
1014.4752475247525 1043.1386138613861 81.86138613861387 110.52475247524752 98.74257425742574 127.4059405940594 
1001.019801980198 1029.8316831683169 73.54455445544555 102.35643564356435 103.16831683168317 131.98019801980197 
963.7326732673267 990.6138613861386 74.4059405940594 101.2871287128713 74.35643564356435 101.23762376237623 
1185.7029702970297 1216.5940594059407 75.20792079207921 106.0990099009901 115.31683168316832 146.20792079207922 
916.8019801980198 945.3663366336634 77.46534653465346 106.02970297029702 93.08910891089108 121.65346534653466 
977.039603960396 1005.1089108910891 70.11881188118812 98.18811881188118 103.17821782178218 131.24752475247524 
864.0891089108911 892.2574257425742 74.25742574257426 102.42574257425743 92.03960396039604 120.20792079207921 
1014.8514851485148 1045.2970297029703 84.14851485148515 114.5940594059406 104.97029702970298 135.41584158415841 
1083.8415841584158 1112.1089108910892 79.95049504950495 108.21782178217822 101.47524752475248 129.74257425742573 
1099.8712871287128 1128.7821782178219 79.9009900990099 108.81188118811882 113.33663366336634 142.24752475247524 
1144.6336633663366 1173.4950495049504 89.7128712871287 118.57425742574257 89.12871287128714 117.99009900990099 
1209.5148514851485 1236.6930693069307 78.97029702970298 106.14851485148515 101.45544554455445 128.63366336633663 
1015.4950495049505 1044.009900990099 77.24752475247524 105.76237623762377 97.12871287128714 125.64356435643565 
844.1386138613861 871.5643564356436 76.99009900990099 104.41584158415841 93.51485148514851 120.94059405940594 
1030.6831683168316 1058.2574257425742 71.75247524752476 99.32673267326733 99.57425742574257 127.14851485148515 
883.8019801980198 911.7227722772277 82.17821782178218 110.0990099009901 101.27722772277228 129.1980198019802 
912.6831683168317 940.2574257425742 74.36633663366337 101.94059405940594 104.91089108910892 132.4851485148515 
1033.0 1062.2079207920792 68.14851485148515 97.35643564356435 83.65346534653466 112.86138613861387 
1225.7623762376238 1253.1881188118812 76.24752475247524 103.67326732673267 127.03960396039604 154.46534653465346 
1049.4257425742574 1076.4059405940593 79.22772277227723 106.20792079207921 102.42574257425743 129.40594059405942 
1104.7821782178219 1133.6930693069307 76.55445544554455 105.46534653465346 99.52475247524752 128.43564356435644 
852.2277227722773 879.4059405940594 71.11881188118812 98.29702970297029 99.74257425742574 126.92079207920793 
1012.8613861386139 1039.7920792079208 70.38613861386139 97.31683168316832 108.44554455445545 135.37623762376236 
836.1188118811881 863.2970297029703 92.34653465346534 119.52475247524752 98.79207920792079 125.97029702970298 
1035.6435643564357 1066.2871287128712 76.03960396039604 106.68316831683168 100.29702970297029 130.94059405940595 
1075.3168316831684 1104.970297029703 80.13861386138613 109.79207920792079 106.08910891089108 135.74257425742573 
1095.3069306930693 1123.4257425742574 68.81188118811882 96.93069306930693 98.27722772277228 126.39603960396039 
910.5841584158416 938.1584158415842 77.88118811881188 105.45544554455445 85.64356435643565 113.21782178217822 
1209.079207920792 1236.8019801980197 76.60396039603961 104.32673267326733 106.15841584158416 133.88118811881188 
1057.920792079208 1086.1881188118812 76.72277227722772 104.99009900990099 91.00990099009901 119.27722772277228 
909.8316831683169 936.7128712871287 74.15841584158416 101.03960396039604 101.06930693069307 127.95049504950495 
1197.5049504950496 1227.0594059405942 96.83168316831683 126.38613861386139 107.53465346534654 137.0891089108911 
1158.8217821782177 1187.5841584158416 86.79207920792079 115.55445544554455 91.21782178217822 119.98019801980197 
1075.1089108910892 1103.3762376237623 71.34653465346534 99.61386138613861 106.42574257425743 134.69306930693068 
833.8415841584158 861.2673267326733 73.48514851485149 100.91089108910892 96.64356435643565 124.06930693069307 
