339.93243243243245 368.5135135135135 71.8108108108108 100.39189189189189 82.21621621621621 110.79729729729729 
348.1216216216216 375.7567567567568 63.54054054054054 91.17567567567568 76.21621621621621 103.85135135135135 
378.6621621621622 406.5 71.62162162162163 99.45945945945945 93.29729729729729 121.13513513513513 
327.3243243243243 353.81081081081084 73.79729729729729 100.28378378378379 69.10810810810811 95.5945945945946 
306.7972972972973 334.22972972972974 72.78378378378379 100.21621621621621 81.08108108108108 108.51351351351352 
301.97297297297297 328.5945945945946 66.43243243243244 93.05405405405405 76.78378378378379 103.4054054054054 
312.64864864864865 339.8783783783784 61.7027027027027 88.93243243243244 72.71621621621621 99.94594594594595 
232.63513513513513 260.3378378378378 66.36486486486487 94.06756756756756 73.0945945945946 100.79729729729729 
241.7027027027027 268.93243243243245 69.04054054054055 96.27027027027027 64.32432432432432 91.55405405405405 
418.52702702702703 446.63513513513516 78.74324324324324 106.85135135135135 74.1891891891892 102.29729729729729 
649.0540540540541 681.7567567567568 67.55405405405405 100.25675675675676 84.02702702702703 116.72972972972973 
175.95945945945945 204.54054054054055 64.33783783783784 92.91891891891892 58.648648648648646 87.22972972972973 
235.36486486486487 264.2162162162162 66.74324324324324 95.5945945945946 64.39189189189189 93.24324324324324 
451.9864864864865 481.9864864864865 61.445945945945944 91.44594594594595 60.5 90.5 
309.47297297297297 337.44594594594594 62.16216216216216 90.13513513513513 67.4054054054054 95.37837837837837 
309.31081081081084 336.8783783783784 61.729729729729726 89.29729729729729 72.85135135135135 100.41891891891892 
467.2162162162162 494.9189189189189 71.39189189189189 99.0945945945946 73.56756756756756 101.27027027027027 
333.8378378378378 364.1756756756757 78.60810810810811 108.94594594594595 72.86486486486487 103.20270270270271 
444.47297297297297 472.85135135135135 63.432432432432435 91.8108108108108 78.47297297297297 106.85135135135135 
500.9864864864865 530.918918918919 64.75675675675676 94.6891891891892 76.22972972972973 106.16216216216216 
234.67567567567568 260.4189189189189 63.648648648648646 89.39189189189189 64.5 90.24324324324324 
507.3243243243243 534.9594594594595 73.48648648648648 101.12162162162163 70.27027027027027 97.9054054054054 
277.7837837837838 305.14864864864865 69.9054054054054 97.27027027027027 65.79729729729729 93.16216216216216 
307.1756756756757 334.94594594594594 63.945945945945944 91.71621621621621 59.689189189189186 87.45945945945945 
443.7972972972973 474.13513513513516 59.9054054054054 90.24324324324324 90.12162162162163 120.45945945945945 
291.5 319.6756756756757 66.22972972972973 94.4054054054054 70.66216216216216 98.83783783783784 
164.51351351351352 191.8108108108108 69.60810810810811 96.9054054054054 53.87837837837838 81.17567567567568 
457.4054054054054 486.3918918918919 65.51351351351352 94.5 78.24324324324324 107.22972972972973 
260.68918918918916 289.5405405405405 64.4054054054054 93.25675675675676 71.87837837837837 100.72972972972973 
459.93243243243245 488.9189189189189 62.41891891891892 91.4054054054054 80.20270270270271 109.1891891891892 
500.2432432432432 527.4054054054054 67.32432432432432 94.48648648648648 81.58108108108108 108.74324324324324 
170.2972972972973 198.27027027027026 73.47297297297297 101.44594594594595 64.04054054054055 92.01351351351352 
256.52702702702703 283.8918918918919 62.891891891891895 90.25675675675676 73.10810810810811 100.47297297297297 
329.5945945945946 358.5810810810811 66.06756756756756 95.05405405405405 71.4054054054054 100.39189189189189 
317.13513513513516 345.31081081081084 73.77027027027027 101.94594594594595 76.77027027027027 104.94594594594595 
200.56756756756758 228.94594594594594 70.97297297297297 99.35135135135135 61.486486486486484 89.86486486486487 
233.36486486486487 260.86486486486484 71.64864864864865 99.14864864864865 72.89189189189189 100.39189189189189 
311.5 340.14864864864865 68.94594594594595 97.5945945945946 72.43243243243244 101.08108108108108 
401.7567567567568 430.7432432432432 73.66216216216216 102.64864864864865 66.63513513513513 95.62162162162163 
277.2162162162162 305.1216216216216 67.64864864864865 95.55405405405405 63.16216216216216 91.06756756756756 
505.44594594594594 535.0405405405405 65.55405405405405 95.14864864864865 69.63513513513513 99.22972972972973 
699.0675675675676 727.9864864864865 70.91891891891892 99.83783783783784 86.43243243243244 115.35135135135135 
306.0810810810811 335.0 54.013513513513516 82.93243243243244 66.13513513513513 95.05405405405405 
361.6216216216216 388.2432432432432 56.25675675675676 82.87837837837837 67.02702702702703 93.64864864864865 
475.86486486486484 502.35135135135135 65.51351351351352 92.0 65.16216216216216 91.64864864864865 
583.2432432432432 613.1081081081081 67.24324324324324 97.10810810810811 75.87837837837837 105.74324324324324 
410.5 439.0135135135135 66.74324324324324 95.25675675675676 82.43243243243244 110.94594594594595 
302.5135135135135 331.1621621621622 71.55405405405405 100.20270270270271 79.22972972972973 107.87837837837837 
388.68918918918916 418.2162162162162 59.0 88.52702702702703 78.58108108108108 108.10810810810811 
227.35135135135135 253.97297297297297 64.97297297297297 91.5945945945946 68.86486486486487 95.48648648648648 
