930.1958762886597 958.7525773195877 65.50515463917526 94.0618556701031 87.19587628865979 115.75257731958763 
935.0618556701031 962.4329896907217 74.43298969072166 101.80412371134021 97.15463917525773 124.52577319587628 
941.8762886597938 971.4123711340206 71.51546391752578 101.05154639175258 94.44329896907216 123.97938144329896 
963.2371134020618 991.0721649484536 70.70103092783505 98.5360824742268 93.18556701030928 121.02061855670104 
986.8556701030927 1014.7422680412371 75.28865979381443 103.17525773195877 91.02061855670104 118.90721649484536 
989.5257731958762 1017.8762886597938 70.94845360824742 99.29896907216495 90.82474226804123 119.17525773195877 
955.0103092783505 985.4226804123712 76.63917525773196 107.05154639175258 92.44329896907216 122.85567010309278 
802.3711340206186 829.2783505154639 75.58762886597938 102.49484536082474 89.3917525773196 116.29896907216495 
810.659793814433 838.9072164948453 64.37113402061856 92.61855670103093 103.8659793814433 132.11340206185568 
787.2680412371134 815.0 74.80412371134021 102.5360824742268 106.69072164948453 134.42268041237114 
823.5567010309278 851.4432989690722 74.02061855670104 101.90721649484536 91.95876288659794 119.84536082474227 
1020.1030927835052 1048.5051546391753 72.89690721649484 101.29896907216495 97.82474226804123 126.22680412371135 
1072.8350515463917 1102.6288659793815 79.65979381443299 109.45360824742268 106.3917525773196 136.18556701030928 
791.7319587628866 819.0 69.90721649484536 97.17525773195877 87.4020618556701 114.6701030927835 
999.9587628865979 1028.2577319587629 81.5360824742268 109.83505154639175 86.6082474226804 114.90721649484536 
1052.7525773195875 1081.6701030927834 76.10309278350516 105.02061855670104 99.01030927835052 127.9278350515464 
987.0618556701031 1016.6494845360825 68.14432989690722 97.73195876288659 95.23711340206185 124.82474226804123 
887.9690721649484 916.680412371134 78.10309278350516 106.81443298969072 88.74226804123711 117.45360824742268 
777.4536082474227 805.6494845360825 70.95876288659794 99.15463917525773 84.48453608247422 112.68041237113403 
1032.5670103092784 1062.8762886597938 79.55670103092784 109.8659793814433 86.0 116.30927835051547 
796.340206185567 826.0309278350516 70.52577319587628 100.21649484536083 88.74226804123711 118.43298969072166 
907.4020618556701 935.1855670103092 70.81443298969072 98.5979381443299 98.03092783505154 125.81443298969072 
846.4639175257732 875.1752577319587 69.31958762886597 98.03092783505154 91.02061855670104 119.73195876288659 
876.6701030927835 904.0927835051547 75.25773195876289 102.68041237113403 83.5979381443299 111.02061855670104 
852.9896907216495 882.3711340206186 78.0721649484536 107.45360824742268 78.90721649484536 108.28865979381443 
1118.1649484536083 1147.5463917525774 85.56701030927834 114.94845360824742 95.42268041237114 124.80412371134021 
877.2989690721649 903.7938144329897 79.11340206185567 105.6082474226804 93.1340206185567 119.62886597938144 
858.1443298969073 885.8762886597938 76.52577319587628 104.25773195876289 91.21649484536083 118.94845360824742 
997.1752577319587 1025.0103092783504 68.30927835051547 96.14432989690722 80.71134020618557 108.54639175257732 
930.4020618556701 958.3917525773196 78.57731958762886 106.56701030927834 98.04123711340206 126.03092783505154 
1128.1752577319587 1157.041237113402 78.36082474226804 107.22680412371135 112.16494845360825 141.03092783505156 
833.2164948453608 861.4639175257732 86.4020618556701 114.64948453608247 91.43298969072166 119.68041237113403 
982.3298969072165 1010.4742268041238 81.58762886597938 109.73195876288659 96.43298969072166 124.57731958762886 
688.9587628865979 716.4329896907217 81.30927835051547 108.78350515463917 99.20618556701031 126.68041237113403 
877.8865979381443 905.8247422680413 81.80412371134021 109.74226804123711 84.69072164948453 112.62886597938144 
765.0103092783505 792.7938144329897 65.58762886597938 93.37113402061856 86.83505154639175 114.61855670103093 
819.8659793814433 848.5257731958762 81.4020618556701 110.0618556701031 97.90721649484536 126.56701030927834 
985.8350515463917 1013.360824742268 77.71134020618557 105.23711340206185 112.52577319587628 140.05154639175257 
735.979381443299 763.9175257731958 85.8659793814433 113.80412371134021 100.11340206185567 128.05154639175257 
919.7525773195877 950.2164948453608 83.98969072164948 114.45360824742268 93.51546391752578 123.97938144329896 
813.6494845360825 841.8453608247422 75.58762886597938 103.78350515463917 84.34020618556701 112.5360824742268 
1034.1649484536083 1064.0618556701031 73.16494845360825 103.0618556701031 81.09278350515464 110.98969072164948 
922.5463917525773 952.1855670103092 81.82474226804123 111.4639175257732 90.12371134020619 119.76288659793815 
1254.7731958762886 1283.6907216494844 79.16494845360825 108.08247422680412 100.35051546391753 129.2680412371134 
888.1134020618557 914.6082474226804 73.6082474226804 100.10309278350516 92.24742268041237 118.74226804123711 
689.8247422680413 717.7113402061856 77.45360824742268 105.34020618556701 86.3298969072165 114.21649484536083 
854.2577319587629 882.4020618556701 63.670103092783506 91.81443298969072 71.45360824742268 99.5979381443299 
1082.7525773195875 1112.0824742268042 72.21649484536083 101.54639175257732 130.94845360824743 160.27835051546393 
763.2164948453608 792.0309278350516 74.52577319587628 103.34020618556701 94.61855670103093 123.43298969072166 
1066.041237113402 1094.4432989690722 78.71134020618557 107.11340206185567 88.4639175257732 116.8659793814433 
