3687.818181818182 3716.378787878788 215.66666666666666 244.22727272727272 295.949494949495 324.510101010101 
3734.808080808081 3764.0757575757575 213.62121212121212 242.88888888888889 387.7878787878788 417.05555555555554 
3799.9545454545455 3828.338383838384 141.2070707070707 169.5909090909091 271.0151515151515 299.3989898989899 
3592.131313131313 3619.782828282828 163.7979797979798 191.44949494949495 279.65656565656565 307.30808080808083 
3412.8838383838383 3441.242424242424 223.21212121212122 251.57070707070707 360.8636363636364 389.22222222222223 
3446.686868686869 3474.3888888888887 151.17171717171718 178.87373737373738 286.73737373737373 314.43939393939394 
3626.9545454545455 3655.868686868687 183.56565656565655 212.47979797979798 383.57070707070704 412.4848484848485 
3839.7323232323233 3868.419191919192 177.74747474747474 206.43434343434345 287.40909090909093 316.0959595959596 
3822.631313131313 3852.479797979798 267.6313131313131 297.479797979798 331.67171717171715 361.520202020202 
3436.1666666666665 3464.1717171717173 167.84343434343435 195.84848484848484 259.3989898989899 287.4040404040404 
3731.5050505050503 3760.2929292929293 175.88888888888889 204.67676767676767 359.7878787878788 388.57575757575756 
3759.0050505050503 3787.717171717172 252.59595959595958 281.30808080808083 419.9141414141414 448.62626262626264 
3801.929292929293 3830.742424242424 167.72727272727272 196.54040404040404 317.5858585858586 346.3989898989899 
3682.2676767676767 3711.282828282828 212.34343434343435 241.35858585858585 326.7121212121212 355.72727272727275 
3787.378787878788 3815.8636363636365 290.6010101010101 319.0858585858586 418.23737373737373 446.72222222222223 
3497.469696969697 3525.121212121212 226.1919191919192 253.84343434343435 303.5808080808081 331.2323232323232 
3689.429292929293 3716.2979797979797 181.90404040404042 208.77272727272728 347.56060606060606 374.42929292929296 
3600.040404040404 3628.0454545454545 159.55050505050505 187.55555555555554 271.050505050505 299.05555555555554 
3616.050505050505 3644.2323232323233 222.23737373737373 250.41919191919192 334.83838383838383 363.020202020202 
3729.4141414141413 3757.217171717172 158.85858585858585 186.66161616161617 294.8181818181818 322.6212121212121 
3637.09595959596 3665.10101010101 204.85353535353536 232.85858585858585 315.02525252525254 343.030303030303 
3822.2626262626263 3850.848484848485 218.53535353535352 247.12121212121212 348.42424242424244 377.010101010101 
3545.5656565656564 3574.2020202020203 352.24747474747477 380.8838383838384 450.969696969697 479.6060606060606 
3505.0858585858587 3533.040404040404 195.08080808080808 223.03535353535352 299.12626262626264 327.0808080808081 
3780.020202020202 3809.8939393939395 173.59595959595958 203.46969696969697 275.17171717171715 305.04545454545456 
3436.181818181818 3464.969696969697 250.8080808080808 279.5959595959596 310.82828282828285 339.6161616161616 
3548.010101010101 3576.217171717172 247.27777777777777 275.4848484848485 362.7070707070707 390.9141414141414 
3740.530303030303 3768.5858585858587 335.3484848484849 363.4040404040404 434.92424242424244 462.979797979798 
3721.8030303030305 3750.212121212121 251.95959595959596 280.3686868686869 381.2979797979798 409.7070707070707 
3583.3939393939395 3612.3838383838383 231.2070707070707 260.1969696969697 376.37373737373736 405.3636363636364 
3778.1414141414143 3806.6767676767677 250.84848484848484 279.3838383838384 320.010101010101 348.54545454545456 
3376.2727272727275 3402.8636363636365 163.14646464646464 189.73737373737373 257.3838383838384 283.97474747474746 
3652.3030303030305 3679.7020202020203 340.8636363636364 368.26262626262627 457.3030303030303 484.7020202020202 
3718.0757575757575 3745.6767676767677 172.3939393939394 199.9949494949495 347.2676767676768 374.8686868686869 
3691.6717171717173 3719.651515151515 186.3939393939394 214.37373737373738 306.520202020202 334.5 
3701.0252525252527 3729.282828282828 197.84848484848484 226.1060606060606 342.3888888888889 370.64646464646466 
3758.439393939394 3786.368686868687 195.72222222222223 223.65151515151516 322.3787878787879 350.30808080808083 
3785.2373737373737 3814.5050505050503 226.12121212121212 255.38888888888889 424.6818181818182 453.949494949495 
3692.2272727272725 3720.813131313131 225.57070707070707 254.15656565656565 407.9848484848485 436.57070707070704 
3363.1666666666665 3390.868686868687 212.35858585858585 240.06060606060606 304.9848484848485 332.6868686868687 
3918.222222222222 3947.6666666666665 215.85858585858585 245.3030303030303 285.34343434343435 314.7878787878788 
3351.777777777778 3379.656565656566 186.17676767676767 214.05555555555554 262.6868686868687 290.5656565656566 
3520.1111111111113 3547.459595959596 198.1161616161616 225.46464646464648 292.93939393939394 320.2878787878788 
3507.6969696969695 3536.1060606060605 164.82323232323233 193.23232323232324 221.53535353535352 249.94444444444446 
3574.959595959596 3603.2676767676767 192.5050505050505 220.81313131313132 269.4040404040404 297.7121212121212 
3446.590909090909 3473.787878787879 170.4090909090909 197.6060606060606 248.61111111111111 275.80808080808083 
3603.030303030303 3631.9444444444443 179.58080808080808 208.4949494949495 260.6060606060606 289.520202020202 
3995.338383838384 4024.252525252525 207.04040404040404 235.95454545454547 307.25757575757575 336.17171717171715 
3646.7373737373737 3674.717171717172 250.08080808080808 278.06060606060606 333.35353535353534 361.3333333333333 
3691.787878787879 3720.39898989899 266.3888888888889 295.0 419.3636363636364 447.97474747474746 
