2845.01775147929 2873.153846153846 138.98816568047337 167.12426035502958 226.82248520710058 254.95857988165682 
2847.076923076923 2874.680473372781 113.15976331360947 140.76331360946745 173.9112426035503 201.5147928994083 
3028.201183431953 3055.7455621301774 134.42603550295857 161.97041420118344 212.6094674556213 240.15384615384616 
2846.396449704142 2875.420118343195 120.06508875739645 149.0887573964497 276.0118343195266 305.03550295857985 
2911.562130177515 2939.6686390532545 112.50887573964496 140.6153846153846 175.6449704142012 203.75147928994082 
2990.9289940828403 3021.0473372781066 134.95857988165682 165.07692307692307 212.55621301775147 242.67455621301775 
3046.3313609467455 3075.94674556213 140.5207100591716 170.1360946745562 186.5976331360947 216.2130177514793 
3378.372781065089 3408.3136094674555 157.9940828402367 187.93491124260356 225.62130177514794 255.5621301775148 
2784.3846153846152 2812.7278106508875 117.56213017751479 145.90532544378698 193.40828402366864 221.75147928994082 
3109.6331360946747 3138.9526627218934 137.92899408284023 167.24852071005918 209.89940828402368 239.2189349112426 
3006.1242603550295 3034.4970414201184 111.07692307692308 139.44970414201183 203.25443786982248 231.62721893491124 
2693.2899408284025 2721.337278106509 132.09467455621302 160.14201183431953 182.55029585798817 210.5976331360947 
2616.414201183432 2643.8994082840236 128.92307692307693 156.40828402366864 236.68047337278105 264.1656804733728 
2950.834319526627 2980.390532544379 110.98224852071006 140.53846153846155 191.15976331360946 220.71597633136093 
2936.7455621301774 2965.6508875739646 174.40828402366864 203.31360946745562 240.41420118343194 269.3195266272189 
2911.7100591715975 2940.644970414201 168.7396449704142 197.67455621301775 279.55029585798815 308.4852071005917 
2804.804733727811 2833.355029585799 102.68047337278107 131.23076923076923 162.52662721893492 191.07692307692307 
3082.224852071006 3111.1597633136093 113.23668639053254 142.1715976331361 235.50887573964496 264.4437869822485 
2754.508875739645 2782.644970414201 117.31360946745562 145.44970414201183 250.04142011834318 278.1775147928994 
2887.585798816568 2915.6331360946747 135.2189349112426 163.2662721893491 162.31360946745562 190.36094674556213 
2951.189349112426 2980.2721893491125 138.28402366863907 167.36686390532543 239.97633136094674 269.0591715976331 
2604.242603550296 2631.846153846154 122.71005917159763 150.31360946745562 218.53254437869822 246.1360946745562 
2673.076923076923 2701.094674556213 175.4378698224852 203.45562130177515 253.46153846153845 281.4792899408284 
3091.5147928994083 3120.2721893491125 160.90532544378698 189.66272189349112 212.49112426035504 241.24852071005918 
2765.171597633136 2793.2781065088757 123.30177514792899 151.40828402366864 174.4319526627219 202.53846153846155 
2775.940828402367 2804.786982248521 163.57988165680473 192.42603550295857 273.4260355029586 302.2721893491124 
2992.3076923076924 3021.6568047337278 164.17751479289942 193.52662721893492 198.49112426035504 227.84023668639054 
3041.9289940828403 3071.7218934911243 131.88165680473372 161.67455621301775 230.65680473372782 260.44970414201185 
2814.402366863905 2841.5325443786983 147.14201183431953 174.27218934911244 254.96449704142012 282.094674556213 
2767.491124260355 2796.0118343195268 156.8639053254438 185.3846153846154 212.93491124260356 241.45562130177515 
2976.449704142012 3005.2958579881656 166.5207100591716 195.36686390532543 283.6390532544379 312.4852071005917 
2806.680473372781 2833.958579881657 122.23668639053254 149.5147928994083 230.49704142011834 257.7751479289941 
2907.751479289941 2935.94674556213 119.90532544378698 148.10059171597632 185.2958579881657 213.49112426035504 
2649.568047337278 2677.6745562130177 138.25443786982248 166.36094674556213 242.6153846153846 270.72189349112426 
2821.526627218935 2850.195266272189 133.44378698224853 162.11242603550295 192.62130177514794 221.28994082840237 
2786.319526627219 2813.094674556213 122.44378698224853 149.2189349112426 189.18934911242604 215.96449704142012 
2941.627218934911 2970.621301775148 128.72781065088756 157.72189349112426 204.9112426035503 233.90532544378698 
2731.183431952663 2760.0 126.23668639053254 155.0532544378698 170.5621301775148 199.37869822485206 
2957.639053254438 2986.5739644970413 139.0 167.93491124260356 248.4378698224852 277.37278106508876 
2725.8816568047337 2753.041420118343 109.1301775147929 136.28994082840237 156.2662721893491 183.42603550295857 
3205.786982248521 3236.230769230769 143.90532544378698 174.3491124260355 254.04142011834318 284.4852071005917 
2977.0473372781066 3006.2781065088757 137.4319526627219 166.66272189349112 198.37869822485206 227.6094674556213 
2935.491124260355 2964.0710059171597 120.4733727810651 149.0532544378698 161.37869822485206 189.95857988165682 
2861.810650887574 2889.8579881656806 189.57988165680473 217.62721893491124 279.29585798816566 307.3431952662722 
2724.550295857988 2752.804733727811 126.79289940828403 155.0473372781065 183.63313609467457 211.88757396449705 
2648.183431952663 2674.455621301775 114.9585798816568 141.23076923076923 260.57988165680473 286.85207100591714 
3140.437869822485 3169.1360946745563 156.32544378698225 185.02366863905326 288.396449704142 317.094674556213 
2818.112426035503 2845.6568047337278 116.11242603550296 143.65680473372782 182.75739644970415 210.301775147929 
2807.1360946745563 2834.828402366864 123.04733727810651 150.7396449704142 219.17751479289942 246.8698224852071 
2838.201183431953 2867.4615384615386 177.79881656804733 207.05917159763314 277.35502958579883 306.61538461538464 
