2979.1724137931033 3007.362068965517 149.10344827586206 177.29310344827587 303.71264367816093 331.9022988505747 
2887.074712643678 2914.1436781609195 136.85632183908046 163.92528735632183 205.63793103448276 232.70689655172413 
2903.5287356321837 2932.7816091954023 155.41379310344828 184.66666666666666 231.41379310344828 260.6666666666667 
2877.3793103448274 2904.793103448276 184.68965517241378 212.10344827586206 255.13793103448276 282.55172413793105 
2875.2988505747126 2904.17816091954 170.21264367816093 199.09195402298852 227.54022988505747 256.41954022988506 
2891.2241379310344 2920.362068965517 133.32183908045977 162.45977011494253 178.867816091954 208.00574712643677 
3045.948275862069 3075.603448275862 155.51724137931035 185.17241379310346 193.59195402298852 223.2471264367816 
2928.6609195402298 2956.735632183908 153.71264367816093 181.78735632183907 214.29310344827587 242.367816091954 
3003.902298850575 3032.867816091954 143.95402298850576 172.91954022988506 261.8390804597701 290.8045977011494 
2703.683908045977 2730.32183908046 111.24712643678161 137.88505747126436 211.78735632183907 238.42528735632183 
2898.7528735632186 2926.942528735632 138.41379310344828 166.60344827586206 261.85632183908046 290.04597701149424 
2972.293103448276 3000.9137931034484 152.32183908045977 180.94252873563218 254.76436781609195 283.38505747126436 
3117.2413793103447 3144.9137931034484 199.94252873563218 227.61494252873564 274.5977011494253 302.2701149425287 
2904.212643678161 2933.551724137931 156.6551724137931 185.99425287356323 246.91379310344828 276.2528735632184 
2967.580459770115 2995.137931034483 139.98275862068965 167.54022988505747 173.32758620689654 200.88505747126436 
2667.7758620689656 2694.2988505747126 147.7816091954023 174.30459770114942 226.45402298850576 252.97701149425288 
2783.2471264367814 2810.862068965517 239.06896551724137 266.68390804597703 248.132183908046 275.7471264367816 
3167.885057471264 3197.137931034483 126.33908045977012 155.59195402298852 196.39080459770116 225.64367816091954 
3254.0459770114944 3282.9540229885056 139.69540229885058 168.60344827586206 317.55172413793105 346.4597701149425 
3004.844827586207 3033.235632183908 148.51149425287358 176.9022988505747 211.56896551724137 239.95977011494253 
2972.0172413793102 2999.402298850575 153.867816091954 181.2528735632184 180.29310344827587 207.67816091954023 
3119.9137931034484 3148.448275862069 158.47701149425288 187.01149425287358 263.764367816092 292.2988505747126 
3020.597701149425 3049.793103448276 143.1264367816092 172.32183908045977 326.57471264367814 355.7701149425287 
3011.844827586207 3040.17816091954 130.43103448275863 158.76436781609195 229.60344827586206 257.9367816091954 
3145.4885057471265 3173.5344827586205 151.39080459770116 179.4367816091954 176.40804597701148 204.45402298850576 
2953.1264367816093 2980.2241379310344 178.50574712643677 205.60344827586206 168.8505747126437 195.94827586206895 
2977.2816091954023 3006.1609195402298 167.52298850574712 196.4022988505747 219.98275862068965 248.86206896551724 
2882.816091954023 2910.6609195402298 186.47701149425288 214.32183908045977 255.97701149425288 283.82183908045977 
3249.8505747126437 3278.155172413793 141.95402298850576 170.25862068965517 233.24137931034483 261.54597701149424 
3080.5862068965516 3109.0057471264367 150.71264367816093 179.132183908046 235.41379310344828 263.8333333333333 
3079.977011494253 3110.0632183908046 132.5632183908046 162.6494252873563 216.01149425287358 246.0977011494253 
3052.7528735632186 3082.4655172413795 115.97126436781609 145.683908045977 221.14367816091954 250.85632183908046 
2772.2528735632186 2800.614942528736 128.61494252873564 156.97701149425288 222.3448275862069 250.70689655172413 
2647.735632183908 2675.0632183908046 142.45977011494253 169.78735632183907 238.88505747126436 266.21264367816093 
2888.17816091954 2916.712643678161 107.73563218390805 136.27011494252875 194.95977011494253 223.49425287356323 
3096.1954022988507 3125.3333333333335 209.10344827586206 238.24137931034483 276.82758620689657 305.9655172413793 
2890.8793103448274 2918.6954022988507 128.44827586206895 156.26436781609195 211.45402298850576 239.27011494252875 
2976.609195402299 3005.1436781609195 152.66091954022988 181.19540229885058 211.60919540229884 240.14367816091954 
2928.5459770114944 2956.074712643678 155.51724137931035 183.04597701149424 247.9712643678161 275.5 
2928.862068965517 2957.2528735632186 177.7471264367816 206.13793103448276 208.11494252873564 236.50574712643677 
2984.609195402299 3012.2816091954023 120.5632183908046 148.23563218390805 186.39080459770116 214.0632183908046 
2814.1264367816093 2840.9367816091954 133.21264367816093 160.02298850574712 186.54022988505747 213.3505747126437 
3001.4885057471265 3030.051724137931 143.56896551724137 172.132183908046 229.99425287356323 258.5574712643678 
3040.9942528735633 3068.17816091954 141.83908045977012 169.02298850574712 238.00574712643677 265.1896551724138 
3009.9942528735633 3038.183908045977 152.44827586206895 180.63793103448276 275.68390804597703 303.8735632183908 
2465.609195402299 2491.9310344827586 183.4022988505747 209.72413793103448 214.51724137931035 240.83908045977012 
2862.9712643678163 2890.4137931034484 171.36206896551724 198.80459770114942 195.27011494252875 222.71264367816093 
3131.4655172413795 3160.287356321839 149.39080459770116 178.21264367816093 307.78735632183907 336.60919540229884 
3001.5172413793102 3029.8793103448274 156.6206896551724 184.98275862068965 171.80459770114942 200.16666666666666 
2886.7413793103447 2915.1609195402298 132.16091954022988 160.58045977011494 219.78735632183907 248.20689655172413 
