3194.048387096774 3221.3333333333335 144.2311827956989 171.51612903225808 264.69354838709677 291.97849462365593 
3311.5752688172042 3339.532258064516 135.08602150537635 163.04301075268816 285.1774193548387 313.13440860215053 
3274.3548387096776 3301.2903225806454 166.6451612903226 193.58064516129033 253.44086021505376 280.3763440860215 
3574.2956989247314 3603.1935483870966 166.5 195.3978494623656 282.0376344086022 310.93548387096774 
3253.2419354838707 3282.032258064516 133.49462365591398 162.28494623655914 268.8333333333333 297.6236559139785 
3310.9032258064517 3338.564516129032 139.5 167.16129032258064 218.80645161290323 246.46774193548387 
3186.6021505376343 3213.6720430107525 135.88172043010752 162.9516129032258 336.2795698924731 363.3494623655914 
3334.0860215053763 3362.2043010752686 192.03225806451613 220.1505376344086 282.36559139784947 310.48387096774195 
3317.8010752688174 3346.1344086021504 213.752688172043 242.08602150537635 242.8548387096774 271.18817204301075 
3207.6290322580644 3235.451612903226 138.4247311827957 166.247311827957 254.0268817204301 281.8494623655914 
3439.569892473118 3467.2849462365593 214.5215053763441 242.23655913978496 375.0 402.71505376344084 
3408.064516129032 3437.3924731182797 151.44623655913978 180.7741935483871 304.247311827957 333.5752688172043 
3351.478494623656 3380.6182795698924 152.46236559139786 181.6021505376344 216.90860215053763 246.0483870967742 
3326.3870967741937 3353.8870967741937 163.4247311827957 190.9247311827957 263.0 290.5 
3320.8709677419356 3349.2580645161293 178.27956989247312 206.66666666666666 252.91397849462365 281.3010752688172 
3109.1559139784945 3136.978494623656 146.19892473118279 174.0215053763441 219.20967741935485 247.03225806451613 
3194.8709677419356 3221.967741935484 186.2258064516129 213.32258064516128 268.68817204301075 295.78494623655916 
3470.3225806451615 3498.951612903226 237.53763440860214 266.1666666666667 283.97849462365593 312.60752688172045 
3482.7473118279568 3510.1666666666665 149.21505376344086 176.63440860215053 236.29569892473117 263.71505376344084 
3237.6881720430106 3265.6720430107525 220.68279569892474 248.66666666666666 294.3010752688172 322.28494623655916 
3567.064516129032 3596.7688172043013 146.48924731182797 176.19354838709677 231.58064516129033 261.28494623655916 
3369.9193548387098 3397.5 188.48924731182797 216.06989247311827 234.54301075268816 262.1236559139785 
3592.483870967742 3620.7903225806454 218.89247311827958 247.19892473118279 293.61290322580646 321.9193548387097 
3101.8924731182797 3129.52688172043 135.77956989247312 163.41397849462365 274.2043010752688 301.83870967741933 
3316.3655913978496 3346.1774193548385 156.74193548387098 186.55376344086022 285.23655913978496 315.0483870967742 
3324.8064516129034 3353.516129032258 131.68817204301075 160.3978494623656 265.4516129032258 294.16129032258067 
3486.3494623655915 3513.9032258064517 161.6720430107527 189.2258064516129 242.58602150537635 270.13978494623655 
3029.494623655914 3055.7580645161293 187.65591397849462 213.91935483870967 200.91935483870967 227.18279569892474 
2828.2903225806454 2855.3870967741937 189.16666666666666 216.26344086021504 231.83870967741936 258.93548387096774 
3449.7043010752686 3478.3064516129034 180.93548387096774 209.53763440860214 256.31720430107526 284.9193548387097 
3347.3763440860216 3376.462365591398 152.86559139784947 181.9516129032258 249.8494623655914 278.93548387096774 
3301.0752688172042 3329.543010752688 213.99462365591398 242.46236559139786 307.36559139784947 335.8333333333333 
3338.043010752688 3365.1397849462364 159.91397849462365 187.01075268817203 237.0752688172043 264.1720430107527 
3034.97311827957 3062.3387096774195 228.25806451612902 255.6236559139785 257.1774193548387 284.5430107526882 
3233.8709677419356 3262.7956989247314 132.17741935483872 161.1021505376344 289.78494623655916 318.7096774193548 
3494.0806451612902 3523.3548387096776 163.9784946236559 193.252688172043 278.7043010752688 307.97849462365593 
3224.6236559139784 3252.2849462365593 154.0483870967742 181.70967741935485 236.23655913978496 263.89784946236557 
3220.1021505376343 3248.1397849462364 223.70967741935485 251.747311827957 276.1774193548387 304.21505376344084 
3345.543010752688 3373.9032258064517 174.06451612903226 202.4247311827957 225.00537634408602 253.36559139784947 
3360.2419354838707 3388.467741935484 180.53225806451613 208.75806451612902 300.2956989247312 328.52150537634407 
3296.94623655914 3325.2795698924733 228.00537634408602 256.33870967741933 309.1505376344086 337.48387096774195 
3476.6344086021504 3504.456989247312 187.40322580645162 215.2258064516129 338.247311827957 366.0698924731183 
3136.3548387096776 3163.3978494623657 137.19354838709677 164.23655913978496 237.43010752688173 264.4731182795699 
3576.3870967741937 3605.3387096774195 201.30107526881721 230.252688172043 342.73118279569894 371.68279569892474 
3283.8064516129034 3313.1612903225805 137.43010752688173 166.78494623655914 262.4623655913978 291.81720430107526 
3468.05376344086 3497.3817204301076 162.31720430107526 191.6451612903226 327.0860215053763 356.4139784946237 
3125.456989247312 3152.2311827956987 153.747311827957 180.5215053763441 234.00537634408602 260.7795698924731 
3500.064516129032 3528.935483870968 184.32258064516128 213.19354838709677 273.18279569892474 302.0537634408602 
3319.6236559139784 3346.7741935483873 157.9516129032258 185.1021505376344 279.13978494623655 306.2903225806452 
3324.8924731182797 3354.2741935483873 129.19354838709677 158.5752688172043 222.4731182795699 251.8548387096774 
