4779.387234042553 4808.3446808510635 278.34468085106386 307.30212765957447 477.45106382978724 506.40851063829786 
4647.902127659574 4676.5191489361705 461.3063829787234 489.92340425531916 423.2425531914894 451.8595744680851 
4557.268085106383 4585.331914893617 269.1404255319149 297.20425531914896 373.0340425531915 401.0978723404255 
4633.374468085106 4661.11914893617 339.20425531914896 366.9489361702128 441.9914893617021 469.73617021276596 
4433.642553191489 4461.408510638298 273.6212765957447 301.3872340425532 456.17446808510635 483.9404255319149 
4915.531914893617 4944.808510638298 374.74468085106383 404.02127659574467 543.8085106382979 573.0851063829788 
4846.544680851064 4875.182978723405 301.2893617021277 329.92765957446807 483.92765957446807 512.5659574468085 
4591.076595744681 4618.948936170213 328.2893617021277 356.16170212765957 413.0127659574468 440.88510638297873 
4611.621276595744 4640.6 315.8553191489362 344.83404255319147 573.3446808510638 602.3234042553191 
4683.314893617021 4712.102127659575 346.25106382978726 375.0382978723404 573.0808510638298 601.868085106383 
4752.068085106383 4781.068085106383 342.8553191489362 371.8553191489362 410.4297872340426 439.4297872340426 
4748.1659574468085 4776.03829787234 512.8893617021276 540.7617021276595 670.6127659574468 698.4851063829788 
4645.95744680851 4673.872340425532 321.1063829787234 349.02127659574467 538.6170212765958 566.531914893617 
4527.114893617021 4554.88085106383 249.5191489361702 277.2851063829787 465.7744680851064 493.5404255319149 
4685.4808510638295 4714.11914893617 317.2893617021277 345.92765957446807 487.2468085106383 515.8851063829787 
4521.672340425532 4549.012765957446 352.331914893617 379.6723404255319 630.8425531914894 658.1829787234043 
4660.625531914894 4689.646808510638 378.58297872340427 407.60425531914893 537.9659574468085 566.9872340425532 
4745.076595744681 4774.268085106383 316.6936170212766 345.88510638297873 512.1191489361702 541.3106382978723 
4466.36170212766 4494.404255319149 311.4468085106383 339.48936170212767 477.6595744680851 505.70212765957444 
4607.953191489361 4636.868085106383 351.97446808510637 380.88936170212764 484.91063829787237 513.8255319148936 
4635.493617021277 4663.727659574468 391.9404255319149 420.17446808510635 467.6 495.83404255319147 
4906.897872340425 4935.940425531915 405.6212765957447 434.663829787234 625.6851063829787 654.7276595744681 
4519.872340425532 4547.808510638298 327.668085106383 355.60425531914893 647.6808510638298 675.6170212765958 
4693.991489361702 4722.310638297872 366.1404255319149 394.4595744680851 381.11914893617023 409.4382978723404 
4412.6 4440.706382978723 240.0468085106383 268.1531914893617 426.06808510638297 454.17446808510635 
4709.914893617021 4738.063829787234 396.531914893617 424.6808510638298 504.40425531914894 532.5531914893617 
4546.868085106383 4575.336170212766 285.6127659574468 314.0808510638298 405.6127659574468 434.0808510638298 
4540.9106382978725 4569.017021276596 392.59148936170214 420.69787234042553 518.0382978723404 546.1446808510639 
4407.36170212766 4435.531914893617 340.0 368.17021276595744 463.7659574468085 491.93617021276594 
4804.642553191489 4832.940425531915 334.34468085106386 362.64255319148936 464.40851063829786 492.7063829787234 
4459.914893617021 4487.702127659574 313.40425531914894 341.1914893617021 600.6595744680851 628.4468085106383 
4542.889361702128 4570.634042553192 365.93191489361703 393.67659574468087 462.31489361702126 490.0595744680851 
4942.75744680851 4972.374468085106 427.7574468085106 457.3744680851064 646.0127659574468 675.6297872340425 
4665.791489361702 4693.557446808511 368.9617021276596 396.7276595744681 562.9617021276596 590.7276595744681 
4774.340425531915 4803.510638297872 485.97872340425533 515.1489361702128 687.9531914893618 717.1234042553192 
4812.131914893617 4841.685106382979 339.3872340425532 368.9404255319149 460.53617021276597 490.08936170212763 
4651.4595744680855 4679.289361702127 357.4595744680851 385.2893617021277 594.672340425532 622.5021276595745 
4679.327659574468 4708.327659574468 334.668085106383 363.668085106383 479.6468085106383 508.6468085106383 
4697.4808510638295 4726.182978723405 369.9063829787234 398.6085106382979 548.8638297872341 577.5659574468085 
4630.514893617022 4658.897872340425 335.6 363.98297872340424 548.195744680851 576.5787234042554 
4569.782978723404 4597.804255319149 344.46382978723403 372.4851063829787 536.4851063829788 564.5063829787234 
4660.378723404256 4687.697872340425 404.25106382978726 431.5702127659574 436.01702127659576 463.336170212766 
4491.114893617021 4519.731914893617 341.5191489361702 370.13617021276593 589.731914893617 618.3489361702127 
4564.5404255319145 4592.178723404255 392.668085106383 420.3063829787234 382.9446808510638 410.58297872340427 
4467.995744680851 4496.187234042553 391.9574468085106 420.1489361702128 642.2723404255319 670.4638297872341 
4890.4595744680855 4919.310638297872 354.88510638297873 383.73617021276596 564.3106382978723 593.1617021276596 
4569.663829787234 4598.131914893617 323.1531914893617 351.6212765957447 451.30212765957447 479.77021276595747 
4469.893617021276 4497.127659574468 330.3191489361702 357.5531914893617 470.51063829787233 497.74468085106383 
4817.485106382978 4847.548936170213 339.44255319148937 369.5063829787234 454.4851063829787 484.54893617021276 
5094.025531914894 5123.940425531915 419.9617021276596 449.87659574468086 580.8978723404256 610.8127659574468 
