3905.941964285714 3932.504464285714 262.875 289.4375 428.04017857142856 454.60267857142856 
4211.638392857143 4238.959821428572 252.14285714285714 279.4642857142857 413.11160714285717 440.4330357142857 
4262.473214285715 4290.352678571428 295.1607142857143 323.04017857142856 527.6964285714286 555.5758928571429 
4345.004464285715 4373.620535714285 306.26785714285717 334.88392857142856 487.9955357142857 516.6116071428571 
4485.549107142857 4514.633928571428 357.10714285714283 386.1919642857143 519.5223214285714 548.6071428571429 
4093.1428571428573 4121.357142857143 263.74107142857144 291.95535714285717 444.70535714285717 472.91964285714283 
4374.611607142857 4402.446428571428 214.15625 241.99107142857142 410.1919642857143 438.0267857142857 
4477.200892857143 4506.620535714285 295.79464285714283 325.2142857142857 529.9241071428571 559.34375 
4513.839285714285 4542.299107142857 335.60267857142856 364.0625 434.24107142857144 462.70089285714283 
4205.59375 4232.535714285715 265.23660714285717 292.17857142857144 416.21875 443.1607142857143 
4479.986607142857 4507.620535714285 286.29910714285717 313.9330357142857 306.54910714285717 334.1830357142857 
4334.5 4363.272321428572 354.98214285714283 383.7544642857143 473.3392857142857 502.11160714285717 
4151.897321428572 4178.638392857143 391.22767857142856 417.96875 446.36160714285717 473.10267857142856 
4337.678571428572 4366.40625 290.14285714285717 318.8705357142857 485.3125 514.0401785714286 
4285.388392857143 4313.46875 253.58482142857142 281.66517857142856 379.71875 407.79910714285717 
4644.209821428572 4672.714285714285 348.04464285714283 376.54910714285717 466.79910714285717 495.30357142857144 
4152.910714285715 4180.901785714285 306.23214285714283 334.2232142857143 383.49107142857144 411.48214285714283 
4334.058035714285 4361.78125 259.95089285714283 287.67410714285717 480.35267857142856 508.07589285714283 
4489.004464285715 4518.334821428572 334.23214285714283 363.5625 502.53125 531.8616071428571 
4256.183035714285 4284.129464285715 274.83482142857144 302.78125 484.70982142857144 512.65625 
4245.700892857143 4272.84375 260.92410714285717 288.0669642857143 256.72767857142856 283.8705357142857 
4469.473214285715 4498.78125 298.35714285714283 327.66517857142856 523.2232142857143 552.53125 
4327.357142857143 4356.241071428572 338.47767857142856 367.36160714285717 442.66964285714283 471.55357142857144 
4406.821428571428 4435.102678571428 309.11607142857144 337.39732142857144 476.64285714285717 504.92410714285717 
4454.959821428572 4483.174107142857 251.40625 279.6205357142857 301.7455357142857 329.95982142857144 
4352.674107142857 4380.888392857143 327.88392857142856 356.0982142857143 462.45089285714283 490.66517857142856 
4384.026785714285 4411.4375 265.75 293.1607142857143 429.6517857142857 457.0625 
4273.9375 4300.611607142857 282.5982142857143 309.27232142857144 393.98214285714283 420.65625 
4518.017857142857 4546.5 262.36160714285717 290.84375 388.41964285714283 416.9017857142857 
4430.924107142857 4457.866071428572 337.36607142857144 364.3080357142857 529.2723214285714 556.2142857142857 
4294.53125 4323.058035714285 255.10714285714286 283.63392857142856 364.1294642857143 392.65625 
4481.638392857143 4510.991071428572 368.98660714285717 398.3392857142857 605.4330357142857 634.7857142857143 
4204.433035714285 4233.964285714285 261.24107142857144 290.77232142857144 505.01339285714283 534.5446428571429 
4334.553571428572 4362.276785714285 284.08035714285717 311.80357142857144 378.16964285714283 405.89285714285717 
4187.4375 4216.098214285715 260.90625 289.5669642857143 359.5357142857143 388.19642857142856 
4167.071428571428 4194.683035714285 257.9732142857143 285.58482142857144 334.6607142857143 362.27232142857144 
4479.821428571428 4509.397321428572 354.26339285714283 383.8392857142857 802.8125 832.3883928571429 
4259.955357142857 4288.169642857143 248.90178571428572 277.11607142857144 441.29464285714283 469.50892857142856 
4478.040178571428 4505.5625 277.625 305.14732142857144 483.35267857142856 510.875 
4516.660714285715 4545.857142857143 247.46428571428572 276.6607142857143 346.61607142857144 375.8125 
4201.504464285715 4229.71875 338.64732142857144 366.86160714285717 447.1294642857143 475.34375 
4074.379464285714 4102.013392857143 349.0982142857143 376.73214285714283 370.58482142857144 398.21875 
4189.200892857143 4216.790178571428 425.10267857142856 452.6919642857143 466.29910714285717 493.88839285714283 
4024.8303571428573 4052.151785714286 294.625 321.94642857142856 351.79464285714283 379.11607142857144 
4578.638392857143 4607.924107142857 308.96875 338.2544642857143 482.8794642857143 512.1651785714286 
4460.316964285715 4488.129464285715 317.6875 345.5 406.07589285714283 433.88839285714283 
4523.491071428572 4552.508928571428 330.88392857142856 359.9017857142857 472.0625 501.08035714285717 
4100.116071428572 4127.727678571428 239.15625 266.76785714285717 413.24107142857144 440.85267857142856 
4226.419642857143 4254.120535714285 262.2142857142857 289.91517857142856 329.54464285714283 357.2455357142857 
4852.96875 4882.053571428572 323.78125 352.86607142857144 627.0758928571429 656.1607142857143 
