4449.622881355932 4478.097457627118 428.78389830508473 457.25847457627117 507.54661016949154 536.021186440678 
4494.847457627118 4522.474576271186 359.1779661016949 386.8050847457627 491.16101694915255 518.7881355932203 
4692.720338983051 4720.495762711865 275.22457627118644 303.0 363.0593220338983 390.83474576271186 
4690.593220338983 4718.3050847457625 389.54237288135596 417.2542372881356 561.4406779661017 589.1525423728814 
4808.673728813559 4837.275423728814 326.25 354.85169491525426 518.1228813559322 546.7245762711865 
4366.427966101695 4393.46186440678 599.4745762711865 626.5084745762712 505.9194915254237 532.9533898305085 
4775.080508474576 4804.063559322034 275.70762711864404 304.6906779661017 439.3601694915254 468.34322033898303 
4779.6949152542375 4808.296610169492 349.9618644067797 378.5635593220339 461.3474576271187 489.9491525423729 
4683.949152542373 4712.995762711865 418.8305084745763 447.8771186440678 595.1355932203389 624.1822033898305 
4826.381355932203 4854.6652542372885 329.47033898305085 357.7542372881356 451.33898305084745 479.6228813559322 
4492.190677966101 4520.474576271186 347.16101694915255 375.4449152542373 495.15677966101697 523.4406779661017 
4805.1652542372885 4833.936440677966 286.4957627118644 315.2669491525424 485.0381355932203 513.8093220338983 
4622.495762711865 4651.372881355932 313.08474576271186 341.9618644067797 536.0974576271186 564.9745762711865 
4431.974576271186 4458.9449152542375 273.5381355932203 300.50847457627117 379.00847457627117 405.978813559322 
4663.576271186441 4691.161016949152 437.4364406779661 465.021186440678 563.7881355932203 591.3728813559322 
4824.436440677966 4852.529661016949 402.29661016949154 430.3898305084746 629.1398305084746 657.2330508474577 
4800.521186440678 4828.275423728814 374.3728813559322 402.1271186440678 583.4449152542373 611.1991525423729 
4650.1652542372885 4677.326271186441 322.8728813559322 350.03389830508473 559.4872881355932 586.6483050847457 
4446.830508474576 4475.389830508475 260.3813559322034 288.9406779661017 624.6271186440678 653.1864406779661 
4585.0847457627115 4613.559322033899 298.1271186440678 326.60169491525426 438.6864406779661 467.16101694915255 
4818.792372881356 4847.563559322034 340.5 369.271186440678 541.0805084745763 569.8516949152543 
4879.093220338983 4907.673728813559 392.7669491525424 421.3474576271187 552.228813559322 580.8093220338983 
4848.885593220339 4877.317796610169 446.3728813559322 474.8050847457627 592.2330508474577 620.6652542372881 
4648.966101694915 4678.39406779661 424.08898305084745 453.5169491525424 528.6271186440678 558.0550847457627 
4374.572033898305 4401.817796610169 398.33474576271186 425.5805084745763 505.6313559322034 532.8771186440678 
4535.364406779661 4563.139830508475 337.20338983050846 364.978813559322 490.5762711864407 518.3516949152543 
4842.483050847458 4870.957627118644 349.8898305084746 378.364406779661 428.58474576271186 457.0593220338983 
4434.110169491525 4463.283898305085 286.3898305084746 315.5635593220339 503.3050847457627 532.478813559322 
4522.016949152542 4550.385593220339 305.6398305084746 334.00847457627117 414.135593220339 442.5042372881356 
4838.627118644068 4867.059322033899 445.8135593220339 474.2457627118644 583.4152542372881 611.8474576271186 
4587.516949152542 4615.377118644068 287.3305084745763 315.1906779661017 592.771186440678 620.6313559322034 
4675.080508474576 4703.1949152542375 353.5805084745763 381.6949152542373 597.5805084745763 625.6949152542373 
4686.063559322034 4713.457627118644 406.0169491525424 433.41101694915255 577.5466101694915 604.9406779661017 
4451.470338983051 4479.245762711865 330.29661016949154 358.0720338983051 427.4449152542373 455.22033898305085 
4503.21186440678 4531.135593220339 393.35593220338984 421.27966101694915 476.3898305084746 504.3135593220339 
4439.3983050847455 4466.75 396.98728813559325 424.33898305084745 497.1525423728813 524.5042372881356 
4490.237288135593 4518.161016949152 309.0169491525424 336.9406779661017 577.0593220338983 604.9830508474577 
4808.800847457627 4838.080508474576 336.2457627118644 365.52542372881356 451.3008474576271 480.5805084745763 
4659.889830508475 4687.474576271186 474.9237288135593 502.50847457627117 493.5762711864407 521.1610169491526 
4493.220338983051 4520.911016949152 288.4449152542373 316.135593220339 509.8728813559322 537.5635593220339 
4249.733050847458 4275.792372881356 277.54237288135596 303.60169491525426 454.81779661016947 480.8771186440678 
4623.474576271186 4652.033898305085 431.978813559322 460.5381355932203 580.5084745762712 609.0677966101695 
4979.072033898305 5008.245762711865 349.09322033898303 378.2669491525424 491.91101694915255 521.0847457627119 
4838.440677966101 4866.703389830508 368.3686440677966 396.6313559322034 364.96610169491527 393.228813559322 
4584.902542372882 4612.614406779661 407.8474576271187 435.5593220338983 482.1906779661017 509.9025423728813 
4513.186440677966 4541.279661016949 343.8305084745763 371.9237288135593 470.26271186440675 498.35593220338984 
4986.1652542372885 5015.233050847458 291.8262711864407 320.89406779661016 456.54661016949154 485.614406779661 
4740.949152542373 4769.21186440678 352.83474576271186 381.0974576271187 514.3389830508474 542.6016949152543 
4802.779661016949 4831.974576271186 382.3008474576271 411.4957627118644 529.771186440678 558.9661016949152 
4870.279661016949 4899.220338983051 326.40677966101697 355.3474576271187 553.7542372881356 582.6949152542373 
