21.25 46.25 46.75 71.75 16.25 41.25 
11.25 46.25 70.0 105.0 6.25 41.25 
21.25 56.25 44.0 79.0 16.25 51.25 
15.0 37.5 26.0 48.5 10.0 32.5 
28.75 60.0 42.25 73.5 23.75 55.0 
21.25 58.75 66.5 104.0 16.25 53.75 
20.0 51.25 58.0 89.25 15.0 46.25 
39.25 60.5 42.0 63.25 34.25 55.5 
25.0 55.0 50.0 80.0 20.0 50.0 
30.0 66.25 45.75 82.0 25.0 61.25 
28.75 60.0 54.5 85.75 23.75 55.0 
30.5 58.0 25.5 53.0 25.5 53.0 
55.25 96.5 42.75 84.0 52.75 94.0 
36.25 62.5 37.75 64.0 31.25 57.5 
26.25 65.0 48.0 86.75 21.25 60.0 
31.25 60.0 26.75 55.5 26.25 55.0 
17.5 47.5 59.75 89.75 12.5 42.5 
45.0 82.5 34.5 72.0 40.0 77.5 
36.0 73.5 46.25 83.75 28.5 66.0 
16.25 45.0 63.25 92.0 11.25 40.0 
32.5 63.75 40.5 71.75 27.5 58.75 
23.75 47.5 62.0 85.75 18.75 42.5 
41.25 68.75 36.75 64.25 36.25 63.75 
35.0 62.5 37.75 65.25 30.0 57.5 
23.75 42.5 44.25 63.0 18.75 37.5 
30.0 46.25 31.0 47.25 25.0 41.25 
27.25 56.0 75.75 104.5 22.25 51.0 
24.75 43.5 53.25 72.0 19.75 38.5 
35.0 67.5 60.0 92.5 30.0 62.5 
31.25 52.5 51.75 73.0 26.25 47.5 
43.75 82.5 64.5 103.25 38.75 77.5 
35.0 75.0 25.75 65.75 30.0 70.0 
21.25 47.5 38.0 64.25 16.25 42.5 
31.25 65.0 20.0 53.75 26.25 60.0 
42.5 82.5 42.25 82.25 37.5 77.5 
28.75 52.5 52.75 76.5 23.75 47.5 
30.0 55.0 62.5 87.5 25.0 50.0 
30.0 53.75 45.0 68.75 25.0 48.75 
22.5 48.75 36.25 62.5 17.5 43.75 
37.5 68.75 50.5 81.75 32.5 63.75 
36.25 68.75 37.5 70.0 31.25 63.75 
27.5 62.5 28.75 63.75 22.5 57.5 
36.25 60.0 29.5 53.25 31.25 55.0 
21.25 50.0 48.5 77.25 16.25 45.0 
16.25 52.5 41.0 77.25 11.25 47.5 
34.0 67.75 53.5 87.25 29.0 62.75 
27.5 51.25 31.75 55.5 22.5 46.25 
22.5 45.0 71.0 93.5 17.5 40.0 
28.75 47.5 42.5 61.25 23.75 42.5 
35.75 68.25 54.0 86.5 30.75 63.25 
