69.64285714285714 98.57142857142857 64.625 93.55357142857143 39.589285714285715 68.51785714285714 
240.17857142857142 271.60714285714283 58.089285714285715 89.51785714285714 74.875 106.30357142857143 
88.26785714285714 117.375 64.69642857142857 93.80357142857143 58.69642857142857 87.80357142857143 
99.71428571428571 129.35714285714286 60.94642857142857 90.58928571428571 61.732142857142854 91.375 
131.91071428571428 160.92857142857142 69.07142857142857 98.08928571428571 65.75 94.76785714285714 
144.71428571428572 174.625 52.964285714285715 82.875 54.07142857142857 83.98214285714286 
157.73214285714286 185.5 61.232142857142854 89.0 46.375 74.14285714285714 
89.10714285714286 113.92857142857143 62.785714285714285 87.60714285714286 51.785714285714285 76.60714285714286 
102.83928571428571 129.71428571428572 70.58928571428571 97.46428571428571 49.964285714285715 76.83928571428571 
173.96428571428572 202.98214285714286 59.69642857142857 88.71428571428571 58.892857142857146 87.91071428571429 
135.28571428571428 160.46428571428572 63.94642857142857 89.125 70.48214285714286 95.66071428571429 
220.55357142857142 252.60714285714286 66.91071428571429 98.96428571428571 67.42857142857143 99.48214285714286 
157.94642857142858 185.26785714285714 60.767857142857146 88.08928571428571 47.94642857142857 75.26785714285714 
98.58928571428571 126.98214285714286 57.75 86.14285714285714 63.714285714285715 92.10714285714286 
113.41071428571429 143.32142857142858 65.08928571428571 95.0 56.392857142857146 86.30357142857143 
115.39285714285714 142.80357142857142 64.39285714285714 91.80357142857143 63.44642857142857 90.85714285714286 
76.23214285714286 102.21428571428571 57.982142857142854 83.96428571428571 42.05357142857143 68.03571428571429 
116.28571428571429 143.78571428571428 60.964285714285715 88.46428571428571 49.785714285714285 77.28571428571429 
152.01785714285714 178.35714285714286 68.39285714285714 94.73214285714286 50.035714285714285 76.375 
105.19642857142857 133.05357142857142 57.517857142857146 85.375 69.51785714285714 97.375 
167.71428571428572 198.51785714285714 64.19642857142857 95.0 59.857142857142854 90.66071428571429 
148.25 178.25 64.01785714285714 94.01785714285714 64.14285714285714 94.14285714285714 
175.66071428571428 206.73214285714286 66.96428571428571 98.03571428571429 69.55357142857143 100.625 
92.64285714285714 119.42857142857143 51.82142857142857 78.60714285714286 47.839285714285715 74.625 
215.91071428571428 244.83928571428572 57.714285714285715 86.64285714285714 71.32142857142857 100.25 
158.66071428571428 190.08928571428572 58.05357142857143 89.48214285714286 46.017857142857146 77.44642857142857 
187.69642857142858 216.89285714285714 57.42857142857143 86.625 68.0 97.19642857142857 
134.66071428571428 163.76785714285714 53.910714285714285 83.01785714285714 54.57142857142857 83.67857142857143 
177.05357142857142 207.14285714285714 62.660714285714285 92.75 56.92857142857143 87.01785714285714 
146.51785714285714 173.21428571428572 62.92857142857143 89.625 60.875 87.57142857142857 
62.392857142857146 88.55357142857143 61.92857142857143 88.08928571428571 47.30357142857143 73.46428571428571 
112.58928571428571 140.625 57.0 85.03571428571429 55.160714285714285 83.19642857142857 
124.21428571428571 152.33928571428572 62.517857142857146 90.64285714285714 50.67857142857143 78.80357142857143 
194.44642857142858 223.91071428571428 59.214285714285715 88.67857142857143 57.732142857142854 87.19642857142857 
248.66071428571428 275.5357142857143 58.75 85.625 64.28571428571429 91.16071428571429 
139.0 166.85714285714286 60.125 87.98214285714286 60.839285714285715 88.69642857142857 
148.96428571428572 175.30357142857142 72.73214285714286 99.07142857142857 55.92857142857143 82.26785714285714 
92.80357142857143 121.28571428571429 61.089285714285715 89.57142857142857 44.375 72.85714285714286 
135.33928571428572 163.82142857142858 65.33928571428571 93.82142857142857 67.16071428571429 95.64285714285714 
86.53571428571429 112.07142857142857 58.44642857142857 83.98214285714286 45.42857142857143 70.96428571428571 
186.92857142857142 216.39285714285714 64.28571428571429 93.75 60.017857142857146 89.48214285714286 
181.375 210.30357142857142 56.910714285714285 85.83928571428571 52.0 80.92857142857143 
201.26785714285714 229.39285714285714 55.857142857142854 83.98214285714286 71.71428571428571 99.83928571428571 
158.41071428571428 184.83928571428572 65.44642857142857 91.875 64.41071428571429 90.83928571428571 
93.58928571428571 120.82142857142857 55.910714285714285 83.14285714285714 49.982142857142854 77.21428571428571 
74.78571428571429 102.19642857142857 55.464285714285715 82.875 52.017857142857146 79.42857142857143 
69.55357142857143 97.41071428571429 57.035714285714285 84.89285714285714 43.55357142857143 71.41071428571429 
146.60714285714286 174.55357142857142 65.03571428571429 92.98214285714286 66.16071428571429 94.10714285714286 
98.44642857142857 127.01785714285714 53.267857142857146 81.83928571428571 60.464285714285715 89.03571428571429 
110.57142857142857 138.42857142857142 61.982142857142854 89.83928571428571 58.92857142857143 86.78571428571429 
