5065.602459016393 5094.495901639344 425.9549180327869 454.8483606557377 649.577868852459 678.4713114754098 
4710.700819672131 4738.323770491803 368.47131147540983 396.094262295082 556.561475409836 584.1844262295082 
4917.790983606557 4945.762295081967 470.0983606557377 498.0696721311475 605.7008196721312 633.672131147541 
5143.995901639344 5173.44262295082 480.7295081967213 510.17622950819674 647.1926229508197 676.639344262295 
4864.790983606557 4892.946721311476 376.83196721311475 404.98770491803276 513.1516393442623 541.3073770491803 
4846.05737704918 4874.008196721312 459.3360655737705 487.28688524590166 646.7950819672132 674.7459016393443 
4998.983606557377 5027.877049180328 285.32377049180326 314.2172131147541 535.5819672131148 564.4754098360655 
5164.713114754099 5194.077868852459 519.3360655737705 548.7008196721312 647.7868852459017 677.1516393442623 
4820.86475409836 4848.508196721312 397.4344262295082 425.077868852459 561.4795081967213 589.1229508196722 
4716.774590163935 4745.872950819672 422.4303278688525 451.52868852459017 670.0532786885246 699.1516393442623 
4793.606557377049 4822.008196721312 438.4672131147541 466.8688524590164 558.8524590163935 587.2540983606557 
4973.631147540984 5002.729508196721 411.5081967213115 440.60655737704917 702.9754098360655 732.0737704918033 
4914.225409836065 4942.360655737705 462.7172131147541 490.8524590163934 459.0204918032787 487.155737704918 
5120.13524590164 5149.008196721312 432.3893442622951 461.26229508196724 509.1516393442623 538.0245901639345 
4947.389344262295 4976.303278688524 281.9795081967213 310.89344262295083 388.53688524590166 417.45081967213116 
4834.524590163935 4863.008196721312 392.9836065573771 421.4672131147541 659.5245901639345 688.0081967213115 
4625.430327868852 4654.856557377049 408.655737704918 438.08196721311475 543.9959016393443 573.422131147541 
4870.422131147541 4898.413934426229 368.60655737704917 396.5983606557377 487.84016393442624 515.8319672131148 
4726.696721311476 4754.299180327869 358.60655737704917 386.2090163934426 497.5983606557377 525.2008196721312 
4704.204918032787 4731.766393442623 358.1188524590164 385.6803278688525 550.2704918032787 577.8319672131148 
5027.8401639344265 5056.672131147541 453.8114754098361 482.64344262295083 539.3975409836065 568.2295081967213 
4664.024590163935 4691.504098360656 355.7909836065574 383.2704918032787 474.0655737704918 501.5450819672131 
5056.786885245901 5085.106557377049 430.91803278688525 459.23770491803276 670.5983606557377 698.9180327868852 
5026.30737704918 5054.422131147541 412.5081967213115 440.62295081967216 655.2008196721312 683.3155737704918 
4975.11475409836 5003.270491803279 438.6188524590164 466.7745901639344 601.9180327868852 630.0737704918033 
5014.184426229508 5043.979508196721 376.75409836065575 406.54918032786884 631.3565573770492 661.1516393442623 
4918.872950819672 4946.045081967213 304.2950819672131 331.4672131147541 532.233606557377 559.405737704918 
4605.450819672131 4633.237704918033 269.96311475409834 297.75 389.05737704918033 416.844262295082 
4865.323770491803 4891.553278688524 396.8893442622951 423.1188524590164 577.1680327868852 603.3975409836065 
4893.606557377049 4921.290983606557 382.2418032786885 409.92622950819674 529.672131147541 557.3565573770492 
5172.4098360655735 5201.569672131148 386.25 415.40983606557376 484.2950819672131 513.4549180327868 
4697.372950819672 4724.422131147541 330.5081967213115 357.55737704918033 521.1024590163935 548.1516393442623 
5024.434426229508 5053.696721311476 255.45081967213116 284.71311475409834 555.0901639344262 584.3524590163935 
5060.008196721312 5088.020491803279 367.2909836065574 395.3032786885246 511.5655737704918 539.577868852459 
4848.877049180328 4876.9098360655735 369.4590163934426 397.4918032786885 515.8852459016393 543.9180327868852 
4731.991803278688 4759.4713114754095 387.57377049180326 415.0532786885246 552.7295081967213 580.2090163934427 
4877.610655737705 4906.237704918033 412.40983606557376 441.03688524590166 538.4713114754098 567.0983606557377 
4642.668032786885 4670.024590163935 466.5655737704918 493.922131147541 507.9139344262295 535.2704918032787 
4611.053278688524 4638.676229508197 445.00409836065575 472.62704918032784 624.7008196721312 652.3237704918033 
4675.352459016393 4702.2786885245905 352.38524590163934 379.3114754098361 523.8360655737705 550.7622950819672 
4831.762295081967 4859.795081967213 313.91803278688525 341.95081967213116 538.8524590163935 566.8852459016393 
4641.463114754099 4669.372950819672 346.0163934426229 373.92622950819674 817.9795081967213 845.889344262295 
4879.950819672131 4908.331967213115 412.26229508196724 440.64344262295083 523.4344262295082 551.8155737704918 
4773.5901639344265 4801.745901639344 364.0163934426229 392.172131147541 410.10655737704917 438.26229508196724 
5192.938524590164 5221.893442622951 339.5532786885246 368.5081967213115 502.6106557377049 531.5655737704918 
5027.122950819672 5055.2786885245905 437.5204918032787 465.67622950819674 707.4508196721312 735.6065573770492 
4762.704918032787 4791.147540983607 340.3811475409836 368.82377049180326 639.139344262295 667.5819672131148 
5359.536885245901 5388.286885245901 495.905737704918 524.655737704918 646.5040983606557 675.2540983606557 
5230.422131147541 5259.766393442623 494.5327868852459 523.8770491803278 682.9631147540983 712.3073770491803 
5002.19262295082 5030.5327868852455 445.67622950819674 474.0163934426229 694.8155737704918 723.155737704918 
