2247.268456375839 2274.8859060402683 128.4496644295302 156.06711409395973 163.61073825503357 191.2281879194631 
2318.248322147651 2346.6040268456377 124.59060402684564 152.94630872483222 160.56375838926175 188.91946308724832 
2161.06711409396 2189.5234899328857 109.68456375838926 138.14093959731542 142.44295302013424 170.8993288590604 
2310.3489932885905 2339.442953020134 114.83221476510067 143.9261744966443 171.05369127516778 200.1476510067114 
2079.6308724832215 2107.1140939597317 110.20805369127517 137.69127516778522 162.6979865771812 190.18120805369128 
2271.536912751678 2298.8523489932886 110.9261744966443 138.24161073825502 157.4765100671141 184.79194630872485 
2410.7852348993288 2439.6107382550335 104.35570469798658 133.18120805369128 206.9261744966443 235.751677852349 
2295.718120805369 2323.8053691275168 121.95302013422818 150.04026845637583 156.0201342281879 184.10738255033556 
2343.6711409395975 2372.0939597315437 103.01342281879195 131.43624161073825 143.7718120805369 172.19463087248323 
2239.3020134228186 2267.5906040268455 117.11409395973155 145.40268456375838 181.3489932885906 209.63758389261744 
2482.0805369127515 2511.1744966442952 103.66442953020135 132.75838926174498 170.5704697986577 199.66442953020135 
2384.8322147651006 2415.3355704697988 111.54362416107382 142.04697986577182 190.50335570469798 221.00671140939596 
2208.288590604027 2236.7449664429532 106.1744966442953 134.63087248322148 156.9798657718121 185.43624161073825 
2035.0 2062.1476510067114 127.90604026845638 155.05369127516778 165.16778523489933 192.31543624161074 
2492.0805369127515 2522.2147651006712 106.40939597315436 136.54362416107384 151.45637583892616 181.59060402684563 
2152.691275167785 2180.8456375838928 117.11409395973155 145.26845637583892 148.8993288590604 177.05369127516778 
2272.046979865772 2299.6979865771814 113.9261744966443 141.5771812080537 158.9261744966443 186.5771812080537 
2244.7852348993288 2272.503355704698 100.28187919463087 128.0 151.19463087248323 178.91275167785236 
2519.181208053691 2548.2751677852348 131.81208053691276 160.90604026845637 225.5234899328859 254.61744966442953 
2263.1610738255035 2291.013422818792 108.40268456375838 136.25503355704697 167.35570469798657 195.20805369127515 
2263.8724832214766 2290.51677852349 108.81879194630872 135.46308724832215 162.76510067114094 189.40939597315437 
2298.7046979865772 2325.9194630872485 99.67785234899328 126.89261744966443 180.88590604026845 208.1006711409396 
2510.953020134228 2539.979865771812 101.81208053691275 130.83892617449663 137.16107382550337 166.18791946308724 
2410.3691275167785 2439.261744966443 116.25503355704699 145.1476510067114 156.44295302013424 185.33557046979865 
2344.2953020134228 2372.718120805369 143.80536912751677 172.2281879194631 175.06711409395973 203.48993288590603 
2522.5637583892617 2552.3288590604025 107.32214765100672 137.08724832214764 157.6979865771812 187.46308724832215 
2401.718120805369 2430.711409395973 142.0 170.99328859060404 171.81879194630872 200.81208053691276 
2411.181208053691 2439.3020134228186 119.43624161073825 147.55704697986576 211.08053691275168 239.2013422818792 
2333.577181208054 2361.798657718121 121.70469798657719 149.9261744966443 151.39597315436242 179.61744966442953 
2720.8590604026845 2752.4026845637586 134.0268456375839 165.5704697986577 178.20805369127515 209.751677852349 
2384.046979865772 2412.3020134228186 111.12080536912751 139.3758389261745 185.08724832214764 213.34228187919464 
2309.3557046979868 2337.912751677852 96.23489932885906 124.79194630872483 129.25503355704697 157.81208053691276 
2397.6241610738257 2425.5436241610737 97.15436241610739 125.0738255033557 135.33557046979865 163.25503355704697 
2094.8053691275168 2123.3624161073826 100.94630872483222 129.50335570469798 146.91946308724832 175.4765100671141 
2135.463087248322 2161.5704697986575 123.08724832214764 149.19463087248323 167.49664429530202 193.60402684563758 
2293.0939597315437 2321.48322147651 98.50335570469798 126.89261744966443 197.69127516778522 226.08053691275168 
2020.3557046979865 2048.2751677852348 115.93288590604027 143.8523489932886 140.9261744966443 168.84563758389262 
2276.1879194630874 2304.442953020134 107.38926174496645 135.64429530201343 155.751677852349 184.00671140939596 
2140.6107382550335 2169.3355704697988 123.25503355704699 151.9798657718121 164.2013422818792 192.9261744966443 
2174.4093959731545 2201.557046979866 110.21476510067114 137.36241610738256 132.13422818791946 159.28187919463087 
2327.1610738255035 2356.557046979866 103.20134228187919 132.59731543624162 171.48993288590603 200.88590604026845 
2230.5436241610737 2256.718120805369 117.84563758389261 144.0201342281879 140.71140939597316 166.88590604026845 
2258.3624161073826 2286.55033557047 116.04697986577182 144.23489932885906 166.38255033557047 194.5704697986577 
2397.8926174496646 2426.953020134228 128.20805369127515 157.26845637583892 149.53691275167785 178.59731543624162 
1856.496644295302 1883.476510067114 112.73825503355705 139.71812080536913 145.79194630872485 172.7718120805369 
2037.0604026845638 2063.973154362416 105.10738255033557 132.0201342281879 160.73154362416108 187.64429530201343 
2371.268456375839 2398.953020134228 117.44295302013423 145.1275167785235 156.8255033557047 184.51006711409397 
2358.5838926174497 2386.6040268456377 129.00671140939596 157.0268456375839 155.26174496644296 183.28187919463087 
2367.6644295302012 2396.422818791946 106.53691275167785 135.29530201342283 166.69127516778522 195.4496644295302 
2136.8053691275168 2164.1208053691275 98.46308724832215 125.77852348993288 153.751677852349 181.06711409395973 
