2541.4518072289156 2569.734939759036 116.02409638554217 144.30722891566265 181.93373493975903 210.21686746987953 
2649.5481927710844 2677.4397590361446 135.72289156626505 163.6144578313253 202.1987951807229 230.09036144578315 
2715.789156626506 2744.102409638554 128.49397590361446 156.80722891566265 175.7289156626506 204.0421686746988 
2716.5301204819275 2745.5662650602408 136.8855421686747 165.92168674698794 207.3734939759036 236.40963855421685 
2791.1867469879517 2819.259036144578 118.97590361445783 147.04819277108433 180.5843373493976 208.65662650602408 
3126.367469879518 3155.765060240964 150.96987951807228 180.36746987951807 262.99397590361446 292.39156626506025 
2594.343373493976 2622.475903614458 111.62048192771084 139.75301204819277 225.60843373493975 253.74096385542168 
2519.722891566265 2548.246987951807 115.97590361445783 144.5 228.0120481927711 256.53614457831327 
2955.9036144578313 2985.0602409638554 119.95180722891567 149.10843373493975 209.15662650602408 238.3132530120482 
2615.379518072289 2644.385542168675 112.75301204819277 141.75903614457832 228.5120481927711 257.51807228915663 
2692.397590361446 2721.0421686746986 96.28915662650603 124.93373493975903 192.4578313253012 221.1024096385542 
2707.355421686747 2734.975903614458 127.73493975903614 155.35542168674698 248.8012048192771 276.421686746988 
2669.602409638554 2696.4698795180725 130.06024096385542 156.9277108433735 197.55421686746988 224.42168674698794 
2808.6807228915663 2838.10843373494 114.26506024096386 143.69277108433735 170.84939759036143 200.27710843373495 
2711.5361445783133 2739.578313253012 145.13855421686748 173.18072289156626 197.74096385542168 225.78313253012047 
3009.626506024096 3038.602409638554 133.0722891566265 162.04819277108433 172.63855421686748 201.6144578313253 
3034.4277108433735 3064.578313253012 127.08433734939759 157.23493975903614 212.56024096385542 242.710843373494 
2737.4156626506024 2766.240963855422 132.33734939759037 161.16265060240963 195.1867469879518 224.0120481927711 
2782.8072289156626 2811.4518072289156 115.16867469879519 143.8132530120482 163.7710843373494 192.4156626506024 
2898.210843373494 2926.4638554216867 136.48192771084337 164.73493975903614 255.74096385542168 283.99397590361446 
2858.3253012048194 2886.367469879518 148.00602409638554 176.04819277108433 249.89156626506025 277.93373493975906 
2777.6867469879517 2805.5481927710844 120.01807228915662 147.87951807228916 175.8975903614458 203.75903614457832 
2621.4638554216867 2649.2951807228915 112.09036144578313 139.92168674698794 194.05421686746988 221.8855421686747 
2878.626506024096 2907.0 163.39156626506025 191.76506024096386 204.53012048192772 232.90361445783134 
2758.024096385542 2786.397590361446 132.9277108433735 161.3012048192771 218.9277108433735 247.3012048192771 
2950.5722891566265 2979.909638554217 124.52409638554217 153.86144578313252 253.8855421686747 283.22289156626505 
2888.5843373493976 2917.3493975903616 121.34939759036145 150.1144578313253 204.4277108433735 233.19277108433735 
2903.7951807228915 2932.9819277108436 142.15060240963857 171.33734939759037 193.79518072289156 222.98192771084337 
2910.3072289156626 2939.6746987951806 126.51204819277109 155.87951807228916 172.05421686746988 201.42168674698794 
2798.765060240964 2827.1686746987953 104.8012048192771 133.20481927710844 159.90963855421685 188.3132530120482 
3226.9277108433735 3257.5 127.83132530120481 158.40361445783134 248.0120481927711 278.5843373493976 
2729.2289156626507 2757.1506024096384 129.5722891566265 157.49397590361446 195.73493975903614 223.65662650602408 
2642.4156626506024 2670.60843373494 117.58433734939759 145.77710843373495 169.22289156626505 197.4156626506024 
2519.126506024096 2547.921686746988 171.28313253012047 200.07831325301206 252.56024096385542 281.355421686747 
3035.4578313253014 3065.0662650602408 110.71084337349397 140.31927710843374 223.2289156626506 252.83734939759037 
2751.0421686746986 2778.9036144578313 125.1987951807229 153.06024096385542 205.25903614457832 233.12048192771084 
2746.259036144578 2773.4578313253014 121.96385542168674 149.16265060240963 175.23493975903614 202.43373493975903 
2751.0963855421687 2778.867469879518 109.91566265060241 137.6867469879518 155.43373493975903 183.20481927710844 
2625.644578313253 2652.240963855422 111.37349397590361 137.96987951807228 235.40361445783134 262.0 
2750.4457831325303 2777.9156626506024 131.07831325301206 158.54819277108433 184.42168674698794 211.89156626506025 
2880.879518072289 2910.0060240963853 128.36746987951807 157.49397590361446 220.15662650602408 249.28313253012047 
2800.7289156626507 2829.2831325301204 170.29518072289156 198.84939759036143 233.25903614457832 261.81325301204816 
2746.4397590361446 2774.753012048193 117.29518072289157 145.60843373493975 195.8975903614458 224.210843373494 
2507.5662650602408 2536.602409638554 98.59036144578313 127.62650602409639 171.84337349397592 200.87951807228916 
2704.4457831325303 2731.0722891566265 110.99397590361446 137.62048192771084 194.26506024096386 220.89156626506025 
2884.3373493975905 2912.8313253012047 125.68072289156626 154.17469879518072 166.9277108433735 195.42168674698794 
2711.873493975904 2740.0060240963853 131.79518072289156 159.9277108433735 173.07831325301206 201.210843373494 
2918.409638554217 2949.4036144578313 123.42771084337349 154.42168674698794 200.4578313253012 231.45180722891567 
3072.777108433735 3101.120481927711 141.9879518072289 170.33132530120483 263.01807228915663 291.3614457831325 
2749.6626506024095 2777.7951807228915 113.7289156626506 141.86144578313252 190.3855421686747 218.51807228915663 
