31.11764705882353 56.705882352941174 47.588235294117645 73.17647058823529 24.941176470588236 50.529411764705884 
30.470588235294116 59.0 39.1764705882353 67.70588235294117 25.470588235294116 54.0 
28.41176470588235 59.88235294117647 48.8235294117647 80.29411764705883 22.823529411764707 54.294117647058826 
37.705882352941174 69.47058823529412 53.705882352941174 85.47058823529412 32.705882352941174 64.47058823529412 
38.588235294117645 69.17647058823529 53.23529411764706 83.82352941176471 30.058823529411764 60.64705882352941 
29.705882352941178 57.35294117647059 45.35294117647059 73.0 24.705882352941178 52.35294117647059 
53.470588235294116 80.52941176470588 56.05882352941177 83.11764705882354 44.76470588235294 71.82352941176471 
30.294117647058822 58.23529411764706 42.294117647058826 70.23529411764706 23.529411764705884 51.470588235294116 
32.94117647058823 59.705882352941174 44.94117647058823 71.70588235294117 29.11764705882353 55.88235294117647 
34.35294117647059 63.470588235294116 45.8235294117647 74.94117647058823 27.58823529411765 56.705882352941174 
22.11764705882353 48.294117647058826 40.1764705882353 66.3529411764706 16.529411764705884 42.705882352941174 
42.23529411764706 68.70588235294117 52.94117647058823 79.41176470588235 34.294117647058826 60.76470588235294 
33.588235294117645 59.470588235294116 42.588235294117645 68.47058823529412 28.58823529411765 54.470588235294116 
27.941176470588236 58.8235294117647 45.705882352941174 76.58823529411765 23.235294117647058 54.11764705882353 
31.294117647058822 59.23529411764706 44.411764705882355 72.3529411764706 25.705882352941178 53.64705882352941 
42.76470588235294 71.0 54.88235294117647 83.11764705882354 35.11764705882353 63.35294117647059 
30.294117647058822 57.05882352941177 53.588235294117645 80.3529411764706 25.294117647058822 52.05882352941177 
43.529411764705884 68.82352941176471 52.88235294117647 78.17647058823529 34.411764705882355 59.705882352941174 
38.23529411764706 66.47058823529412 51.294117647058826 79.52941176470588 31.470588235294116 59.705882352941174 
26.647058823529413 48.705882352941174 42.64705882352941 64.70588235294117 21.647058823529413 43.705882352941174 
29.058823529411764 61.11764705882353 38.05882352941177 70.11764705882354 23.470588235294116 55.529411764705884 
36.705882352941174 63.470588235294116 40.588235294117645 67.3529411764706 26.41176470588235 53.1764705882353 
37.529411764705884 66.3529411764706 46.94117647058823 75.76470588235294 24.294117647058822 53.11764705882353 
26.294117647058822 53.05882352941177 65.05882352941177 91.82352941176471 21.294117647058822 48.05882352941177 
36.1764705882353 70.29411764705883 45.529411764705884 79.6470588235294 30.58823529411765 64.70588235294117 
36.705882352941174 66.70588235294117 57.94117647058823 87.94117647058823 32.294117647058826 62.294117647058826 
46.23529411764706 78.58823529411765 47.23529411764706 79.58823529411765 31.529411764705884 63.88235294117647 
48.23529411764706 75.88235294117646 48.05882352941177 75.70588235294117 37.64705882352941 65.29411764705883 
34.1764705882353 60.64705882352941 62.0 88.47058823529412 28.0 54.470588235294116 
33.11764705882353 60.470588235294116 45.35294117647059 72.70588235294117 27.529411764705884 54.88235294117647 
42.23529411764706 72.23529411764706 49.529411764705884 79.52941176470588 37.8235294117647 67.82352941176471 
32.1764705882353 61.0 54.11764705882353 82.94117647058823 26.58823529411765 55.411764705882355 
39.0 71.05882352941177 46.588235294117645 78.6470588235294 26.176470588235293 58.23529411764706 
29.647058823529413 57.0 54.88235294117647 82.23529411764706 24.647058823529413 52.0 
31.41176470588235 58.470588235294116 50.05882352941177 77.11764705882354 23.470588235294116 50.529411764705884 
33.35294117647059 58.05882352941177 43.05882352941177 67.76470588235294 26.58823529411765 51.294117647058826 
28.470588235294116 54.05882352941177 36.64705882352941 62.23529411764706 28.0 53.588235294117645 
30.352941176470587 61.8235294117647 46.470588235294116 77.94117647058823 25.352941176470587 56.8235294117647 
37.0 63.470588235294116 49.11764705882353 75.58823529411765 31.41176470588235 57.88235294117647 
31.647058823529413 55.76470588235294 51.76470588235294 75.88235294117646 26.647058823529413 50.76470588235294 
48.470588235294116 75.82352941176471 40.76470588235294 68.11764705882354 38.76470588235294 66.11764705882354 
44.35294117647059 72.88235294117646 53.23529411764706 81.76470588235294 39.35294117647059 67.88235294117646 
32.0 61.705882352941174 51.35294117647059 81.05882352941177 26.41176470588235 56.11764705882353 
35.76470588235294 66.94117647058823 40.529411764705884 71.70588235294117 31.941176470588236 63.11764705882353 
31.529411764705884 56.529411764705884 46.588235294117645 71.58823529411765 24.764705882352942 49.76470588235294 
30.647058823529413 59.1764705882353 44.705882352941174 73.23529411764706 22.705882352941178 51.23529411764706 
26.0 51.588235294117645 56.294117647058826 81.88235294117646 21.0 46.588235294117645 
35.588235294117645 62.05882352941177 53.0 79.47058823529412 30.0 56.470588235294116 
30.88235294117647 61.76470588235294 42.76470588235294 73.6470588235294 25.88235294117647 56.76470588235294 
39.88235294117647 67.23529411764706 35.1764705882353 62.529411764705884 28.235294117647058 55.588235294117645 
