162.8709677419355 192.1451612903226 68.7258064516129 98.0 65.2258064516129 94.5 
187.03225806451613 215.82258064516128 61.25806451612903 90.04838709677419 60.516129032258064 89.30645161290323 
111.3225806451613 136.96774193548387 57.854838709677416 83.5 60.17741935483871 85.8225806451613 
203.66129032258064 231.48387096774192 65.64516129032258 93.46774193548387 70.30645161290323 98.12903225806451 
189.5483870967742 218.66129032258064 55.25806451612903 84.37096774193549 65.8225806451613 94.93548387096774 
210.88709677419354 234.67741935483872 67.95161290322581 91.74193548387096 62.483870967741936 86.2741935483871 
251.82258064516128 281.66129032258067 69.64516129032258 99.48387096774194 60.903225806451616 90.74193548387096 
121.5 147.8709677419355 58.5 84.87096774193549 68.08064516129032 94.45161290322581 
197.0 224.66129032258064 61.91935483870968 89.58064516129032 57.516129032258064 85.1774193548387 
197.43548387096774 223.40322580645162 66.75806451612904 92.7258064516129 59.32258064516129 85.29032258064517 
170.98387096774192 200.66129032258064 64.90322580645162 94.58064516129032 55.564516129032256 85.24193548387096 
310.85483870967744 340.4516129032258 66.95161290322581 96.54838709677419 76.80645161290323 106.40322580645162 
119.61290322580645 144.7741935483871 63.04838709677419 88.20967741935483 58.16129032258065 83.3225806451613 
165.66129032258064 194.0483870967742 64.53225806451613 92.91935483870968 52.11290322580645 80.5 
175.75806451612902 202.69354838709677 58.17741935483871 85.11290322580645 66.37096774193549 93.30645161290323 
154.88709677419354 182.30645161290323 65.06451612903226 92.48387096774194 50.12903225806452 77.54838709677419 
193.61290322580646 222.24193548387098 64.64516129032258 93.2741935483871 69.41935483870968 98.04838709677419 
119.85483870967742 148.40322580645162 55.04838709677419 83.59677419354838 52.08064516129032 80.62903225806451 
105.3225806451613 132.66129032258064 61.5 88.83870967741936 61.20967741935484 88.54838709677419 
177.70967741935485 206.98387096774192 56.016129032258064 85.29032258064517 58.5 87.7741935483871 
126.48387096774194 157.20967741935485 58.54838709677419 89.2741935483871 60.33870967741935 91.06451612903226 
134.98387096774192 162.56451612903226 51.58064516129032 79.16129032258064 50.516129032258064 78.09677419354838 
291.4516129032258 317.258064516129 68.98387096774194 94.79032258064517 74.80645161290323 100.61290322580645 
124.3225806451613 152.46774193548387 60.435483870967744 88.58064516129032 59.854838709677416 88.0 
131.83870967741936 160.06451612903226 63.11290322580645 91.33870967741936 51.516129032258064 79.74193548387096 
149.43548387096774 181.69354838709677 61.774193548387096 94.03225806451613 56.17741935483871 88.43548387096774 
166.5 195.3709677419355 70.61290322580645 99.48387096774194 70.01612903225806 98.88709677419355 
159.32258064516128 187.79032258064515 61.564516129032256 90.03225806451613 57.564516129032256 86.03225806451613 
166.08064516129033 193.41935483870967 64.93548387096774 92.2741935483871 65.90322580645162 93.24193548387096 
145.98387096774192 176.1451612903226 57.725806451612904 87.88709677419355 58.903225806451616 89.06451612903226 
79.14516129032258 106.08064516129032 59.774193548387096 86.70967741935483 48.82258064516129 75.75806451612904 
126.0 152.69354838709677 63.5 90.19354838709677 47.25806451612903 73.95161290322581 
89.87096774193549 116.80645161290323 59.983870967741936 86.91935483870968 45.58064516129032 72.51612903225806 
224.33870967741936 253.29032258064515 71.41935483870968 100.37096774193549 56.806451612903224 85.75806451612904 
146.90322580645162 174.16129032258064 73.0 100.25806451612904 55.87096774193548 83.12903225806451 
205.38709677419354 231.83870967741936 60.645161290322584 87.09677419354838 69.70967741935483 96.16129032258064 
144.41935483870967 173.29032258064515 66.66129032258064 95.53225806451613 65.38709677419355 94.25806451612904 
127.85483870967742 156.7258064516129 59.32258064516129 88.19354838709677 52.0 80.87096774193549 
140.2741935483871 169.79032258064515 59.79032258064516 89.30645161290323 48.064516129032256 77.58064516129032 
104.30645161290323 133.82258064516128 62.79032258064516 92.30645161290323 49.435483870967744 78.95161290322581 
135.80645161290323 165.0 63.983870967741936 93.1774193548387 63.693548387096776 92.88709677419355 
217.6290322580645 245.69354838709677 64.41935483870968 92.48387096774194 56.83870967741935 84.90322580645162 
137.4516129032258 165.59677419354838 56.306451612903224 84.45161290322581 61.75806451612903 89.90322580645162 
92.01612903225806 118.38709677419355 54.04838709677419 80.41935483870968 50.193548387096776 76.56451612903226 
262.53225806451616 290.5967741935484 60.74193548387097 88.80645161290323 59.774193548387096 87.83870967741936 
147.56451612903226 176.19354838709677 61.5 90.12903225806451 67.51612903225806 96.14516129032258 
146.70967741935485 173.16129032258064 62.91935483870968 89.37096774193549 51.435483870967744 77.88709677419355 
152.67741935483872 181.5483870967742 68.59677419354838 97.46774193548387 63.03225806451613 91.90322580645162 
173.38709677419354 200.88709677419354 50.274193548387096 77.7741935483871 72.66129032258064 100.16129032258064 
212.59677419354838 241.2258064516129 74.66129032258064 103.29032258064517 70.74193548387096 99.37096774193549 
