3622.1384615384613 3649.9333333333334 142.95897435897436 170.75384615384615 248.31794871794872 276.1128205128205 
3440.0820512820515 3467.4666666666667 152.72307692307692 180.1076923076923 320.62051282051283 348.0051282051282 
3573.225641025641 3602.6871794871795 304.2769230769231 333.73846153846154 408.63589743589745 438.0974358974359 
3661.230769230769 3690.4358974358975 152.6153846153846 181.82051282051282 279.56410256410254 308.7692307692308 
3748.4 3776.0923076923077 231.83589743589744 259.5282051282051 403.5025641025641 431.1948717948718 
3655.8 3683.4410256410256 252.56923076923076 280.2102564102564 329.92820512820515 357.5692307692308 
3523.948717948718 3552.4615384615386 169.2051282051282 197.71794871794873 270.5897435897436 299.1025641025641 
3570.0717948717947 3598.2 175.25128205128206 203.37948717948717 362.8666666666667 390.9948717948718 
3544.148717948718 3571.123076923077 263.45641025641027 290.4307692307692 235.86666666666667 262.8410256410256 
3753.641025641026 3783.1794871794873 158.3846153846154 187.92307692307693 315.71794871794873 345.2564102564103 
3731.148717948718 3759.4564102564104 197.12307692307692 225.43076923076924 304.5076923076923 332.81538461538463 
3529.251282051282 3557.7897435897435 209.55897435897435 238.0974358974359 282.45641025641027 310.9948717948718 
3345.6358974358973 3374.020512820513 175.84102564102565 204.22564102564104 333.66153846153844 362.04615384615386 
3370.9128205128204 3399.3230769230768 154.7076923076923 183.1179487179487 298.06666666666666 326.4769230769231 
3739.620512820513 3767.9538461538464 147.77435897435896 176.1076923076923 248.3128205128205 276.6461538461538 
3484.8153846153846 3513.405128205128 167.99487179487178 196.58461538461538 237.25128205128206 265.8410256410256 
3661.133333333333 3688.979487179487 152.3128205128205 180.15897435897435 239.72307692307692 267.5692307692308 
3496.0820512820515 3523.851282051282 167.1076923076923 194.87692307692308 268.0051282051282 295.77435897435896 
3701.523076923077 3729.728205128205 154.47179487179488 182.6769230769231 245.6 273.8051282051282 
3497.9282051282053 3526.133333333333 201.92820512820512 230.13333333333333 274.26153846153846 302.46666666666664 
3363.851282051282 3391.3128205128205 170.33846153846153 197.8 235.87692307692308 263.33846153846156 
3565.846153846154 3594.923076923077 151.02564102564102 180.10256410256412 299.5128205128205 328.5897435897436 
3451.0461538461536 3478.020512820513 278.3282051282051 305.3025641025641 355.73846153846154 382.7128205128205 
3480.0615384615385 3507.3435897435897 170.03589743589743 197.31794871794872 228.24102564102563 255.52307692307693 
3460.8871794871793 3487.7076923076925 186.2974358974359 213.1179487179487 310.1948717948718 337.0153846153846 
3849.9333333333334 3878.548717948718 183.11282051282052 211.72820512820513 248.83076923076922 277.44615384615383 
3421.394871794872 3449.4205128205126 139.93333333333334 167.95897435897436 274.6 302.625641025641 
3755.6666666666665 3784.2820512820513 192.5897435897436 221.2051282051282 244.6153846153846 273.2307692307692 
3562.6102564102566 3591.174358974359 152.27692307692308 180.84102564102565 274.625641025641 303.1897435897436 
3482.425641025641 3511.733333333333 174.83589743589744 204.14358974358976 279.6307692307692 308.9384615384615 
3866.251282051282 3893.8153846153846 215.94358974358974 243.5076923076923 341.81538461538463 369.37948717948717 
3550.2153846153847 3577.728205128205 138.93333333333334 166.44615384615383 248.13846153846154 275.65128205128207 
3454.174358974359 3482.0717948717947 196.06153846153848 223.95897435897436 310.5076923076923 338.4051282051282 
3503.866666666667 3531.9692307692308 219.12307692307692 247.22564102564104 243.6871794871795 271.7897435897436 
3662.528205128205 3691.8102564102564 147.47692307692307 176.75897435897437 289.57948717948716 318.8615384615385 
3319.3641025641027 3348.133333333333 179.5948717948718 208.36410256410255 239.23589743589744 268.0051282051282 
3271.3230769230768 3298.374358974359 214.47692307692307 241.52820512820512 386.1179487179487 413.16923076923075 
3641.0461538461536 3670.0717948717947 162.2 191.22564102564104 346.2 375.22564102564104 
3600.2358974358976 3628.902564102564 203.13333333333333 231.8 242.77435897435896 271.44102564102565 
3694.892307692308 3724.251282051282 191.4820512820513 220.84102564102565 234.7128205128205 264.07179487179485 
3727.7846153846153 3755.14358974359 273.0820512820513 300.44102564102565 293.65641025641025 321.0153846153846 
3550.297435897436 3578.348717948718 171.55384615384617 199.6051282051282 248.1179487179487 276.16923076923075 
3540.005128205128 3567.9538461538464 244.5179487179487 272.46666666666664 423.6717948717949 451.62051282051283 
3586.779487179487 3614.85641025641 172.4205128205128 200.4974358974359 319.3692307692308 347.44615384615383 
3447.846153846154 3475.3333333333335 191.82051282051282 219.30769230769232 287.2564102564103 314.7435897435897 
3661.1128205128207 3688.4461538461537 211.75384615384615 239.0871794871795 368.574358974359 395.9076923076923 
3738.4 3767.4 176.47692307692307 205.47692307692307 278.73333333333335 307.73333333333335 
3615.2923076923075 3644.1641025641024 129.16410256410256 158.03589743589743 206.03589743589743 234.90769230769232 
3608.2820512820513 3637.871794871795 165.17948717948718 194.76923076923077 258.20512820512823 287.79487179487177 
3559.74358974359 3588.5641025641025 164.51282051282053 193.33333333333334 275.97435897435895 304.79487179487177 
