73.0 102.71428571428571 54.51428571428571 84.22857142857143 53.0 82.71428571428571 
49.114285714285714 75.82857142857142 56.31428571428572 83.02857142857142 37.74285714285714 64.45714285714286 
47.857142857142854 75.0 50.31428571428572 77.45714285714286 37.2 64.34285714285714 
47.542857142857144 76.82857142857142 59.2 88.48571428571428 37.114285714285714 66.4 
57.68571428571428 89.82857142857142 46.628571428571426 78.77142857142857 38.628571428571426 70.77142857142857 
49.74285714285714 81.02857142857142 50.42857142857143 81.71428571428571 38.74285714285714 70.02857142857142 
37.628571428571426 67.05714285714286 48.65714285714286 78.08571428571429 33.05714285714286 62.48571428571429 
43.714285714285715 71.85714285714286 61.05714285714286 89.2 36.74285714285714 64.88571428571429 
58.17142857142857 87.88571428571429 61.114285714285714 90.82857142857142 32.371428571428574 62.08571428571429 
40.94285714285714 69.08571428571429 52.42857142857143 80.57142857142857 30.34285714285714 58.48571428571429 
83.71428571428571 116.57142857142857 49.05714285714286 81.91428571428571 46.628571428571426 79.48571428571428 
45.05714285714286 72.34285714285714 54.0 81.28571428571429 35.2 62.48571428571429 
59.8 87.37142857142857 58.74285714285714 86.31428571428572 44.22857142857143 71.8 
67.71428571428571 97.0 58.57142857142857 87.85714285714286 44.25714285714286 73.54285714285714 
56.714285714285715 85.0 67.65714285714286 95.94285714285714 48.25714285714286 76.54285714285714 
62.17142857142857 90.31428571428572 54.34285714285714 82.48571428571428 34.857142857142854 63.0 
66.71428571428571 94.85714285714286 57.51428571428571 85.65714285714286 47.142857142857146 75.28571428571429 
48.857142857142854 78.28571428571429 49.77142857142857 79.2 33.0 62.42857142857143 
74.74285714285715 100.02857142857142 70.2 95.48571428571428 50.885714285714286 76.17142857142858 
83.31428571428572 111.02857142857142 67.14285714285714 94.85714285714286 56.6 84.31428571428572 
42.57142857142857 72.57142857142857 60.57142857142857 90.57142857142857 32.142857142857146 62.142857142857146 
40.82857142857143 68.54285714285714 51.74285714285714 79.45714285714286 34.97142857142857 62.68571428571428 
48.91428571428571 77.91428571428571 49.02857142857143 78.02857142857142 37.77142857142857 66.77142857142857 
50.51428571428571 79.94285714285714 47.17142857142857 76.6 34.51428571428571 63.94285714285714 
67.62857142857143 98.48571428571428 47.97142857142857 78.82857142857142 43.34285714285714 74.2 
52.457142857142856 82.17142857142858 46.542857142857144 76.25714285714285 37.857142857142854 67.57142857142857 
53.8 81.8 57.05714285714286 85.05714285714286 38.25714285714286 66.25714285714285 
48.6 74.17142857142858 52.0 77.57142857142857 38.17142857142857 63.74285714285714 
56.114285714285714 83.11428571428571 59.17142857142857 86.17142857142858 39.77142857142857 66.77142857142857 
41.4 64.54285714285714 57.6 80.74285714285715 32.57142857142857 55.714285714285715 
34.31428571428572 59.457142857142856 45.6 70.74285714285715 28.457142857142856 53.6 
66.45714285714286 97.17142857142858 53.34285714285714 84.05714285714286 43.48571428571429 74.2 
57.48571428571429 87.2 60.91428571428571 90.62857142857143 47.57142857142857 77.28571428571429 
41.02857142857143 69.45714285714286 55.114285714285714 83.54285714285714 34.2 62.628571428571426 
38.371428571428574 66.8 59.25714285714286 87.68571428571428 30.0 58.42857142857143 
61.08571428571429 87.37142857142857 49.68571428571428 75.97142857142858 34.97142857142857 61.25714285714286 
38.628571428571426 65.62857142857143 50.48571428571429 77.48571428571428 31.085714285714285 58.08571428571429 
46.57142857142857 72.57142857142857 54.17142857142857 80.17142857142858 30.485714285714284 56.48571428571429 
48.48571428571429 75.05714285714286 57.42857142857143 84.0 38.74285714285714 65.31428571428572 
73.62857142857143 102.2 65.05714285714286 93.62857142857143 42.42857142857143 71.0 
65.77142857142857 95.62857142857143 60.05714285714286 89.91428571428571 43.51428571428571 73.37142857142857 
52.82857142857143 82.68571428571428 54.8 84.65714285714286 35.22857142857143 65.08571428571429 
68.17142857142858 96.6 56.57142857142857 85.0 45.114285714285714 73.54285714285714 
96.22857142857143 130.22857142857143 50.857142857142854 84.85714285714286 43.6 77.6 
65.71428571428571 97.57142857142857 47.457142857142856 79.31428571428572 46.628571428571426 78.48571428571428 
81.57142857142857 109.14285714285714 55.628571428571426 83.2 51.08571428571429 78.65714285714286 
86.62857142857143 115.77142857142857 60.714285714285715 89.85714285714286 54.48571428571429 83.62857142857143 
38.82857142857143 64.4 58.4 83.97142857142858 32.4 57.97142857142857 
40.114285714285714 67.4 54.8 82.08571428571429 32.82857142857143 60.114285714285714 
60.17142857142857 89.31428571428572 61.82857142857143 90.97142857142858 40.31428571428572 69.45714285714286 
