419.02777777777777 447.5 63.72222222222222 92.19444444444444 73.02777777777777 101.5 
495.69444444444446 523.8888888888889 64.94444444444444 93.13888888888889 70.31944444444444 98.51388888888889 
349.31944444444446 378.2083333333333 72.22222222222223 101.11111111111111 62.75 91.63888888888889 
384.125 413.77777777777777 71.5 101.15277777777777 69.33333333333333 98.98611111111111 
161.29166666666666 187.47222222222223 67.34722222222223 93.52777777777777 55.56944444444444 81.75 
286.7083333333333 315.94444444444446 69.16666666666667 98.40277777777777 73.76388888888889 103.0 
326.7083333333333 355.31944444444446 74.97222222222223 103.58333333333333 81.02777777777777 109.63888888888889 
332.1666666666667 359.7361111111111 70.75 98.31944444444444 76.01388888888889 103.58333333333333 
144.86111111111111 170.90277777777777 64.73611111111111 90.77777777777777 58.43055555555556 84.47222222222223 
303.93055555555554 332.68055555555554 62.361111111111114 91.11111111111111 59.68055555555556 88.43055555555556 
281.7083333333333 310.1111111111111 64.08333333333333 92.48611111111111 65.43055555555556 93.83333333333333 
475.97222222222223 505.69444444444446 71.0 100.72222222222223 77.13888888888889 106.86111111111111 
502.7638888888889 531.0277777777778 68.25 96.51388888888889 64.25 92.51388888888889 
233.19444444444446 259.5833333333333 58.02777777777778 84.41666666666667 54.65277777777778 81.04166666666667 
218.80555555555554 247.13888888888889 75.23611111111111 103.56944444444444 61.611111111111114 89.94444444444444 
331.125 358.90277777777777 67.84722222222223 95.625 74.38888888888889 102.16666666666667 
251.98611111111111 279.27777777777777 65.5 92.79166666666667 74.41666666666667 101.70833333333333 
432.30555555555554 460.43055555555554 63.0 91.125 60.263888888888886 88.38888888888889 
340.15277777777777 368.06944444444446 70.90277777777777 98.81944444444444 62.30555555555556 90.22222222222223 
421.5 451.7083333333333 61.09722222222222 91.30555555555556 66.93055555555556 97.13888888888889 
487.65277777777777 517.2361111111111 66.65277777777777 96.23611111111111 75.29166666666667 104.875 
389.9166666666667 419.56944444444446 73.77777777777777 103.43055555555556 76.51388888888889 106.16666666666667 
326.5 352.6111111111111 65.375 91.48611111111111 55.81944444444444 81.93055555555556 
165.875 193.375 61.43055555555556 88.93055555555556 72.68055555555556 100.18055555555556 
496.875 525.6944444444445 70.73611111111111 99.55555555555556 79.94444444444444 108.76388888888889 
354.6666666666667 381.68055555555554 67.84722222222223 94.86111111111111 67.16666666666667 94.18055555555556 
379.4166666666667 408.65277777777777 62.65277777777778 91.88888888888889 67.77777777777777 97.01388888888889 
404.0416666666667 432.09722222222223 68.54166666666667 96.59722222222223 70.33333333333333 98.38888888888889 
221.45833333333334 248.68055555555554 69.0 96.22222222222223 66.70833333333333 93.93055555555556 
425.3611111111111 450.9861111111111 63.94444444444444 89.56944444444444 96.93055555555556 122.55555555555556 
558.0555555555555 586.4583333333334 69.01388888888889 97.41666666666667 71.81944444444444 100.22222222222223 
420.4861111111111 448.19444444444446 68.54166666666667 96.25 69.18055555555556 96.88888888888889 
423.125 452.3611111111111 56.736111111111114 85.97222222222223 64.54166666666667 93.77777777777777 
245.16666666666666 274.5416666666667 67.79166666666667 97.16666666666667 71.77777777777777 101.15277777777777 
258.9166666666667 286.2083333333333 64.29166666666667 91.58333333333333 64.47222222222223 91.76388888888889 
249.5 277.8333333333333 58.93055555555556 87.26388888888889 72.66666666666667 101.0 
232.20833333333334 257.8333333333333 67.86111111111111 93.48611111111111 65.91666666666667 91.54166666666667 
421.2638888888889 449.7361111111111 68.86111111111111 97.33333333333333 62.986111111111114 91.45833333333333 
295.1388888888889 321.59722222222223 77.73611111111111 104.19444444444444 67.90277777777777 94.36111111111111 
374.3611111111111 401.5138888888889 66.51388888888889 93.66666666666667 68.93055555555556 96.08333333333333 
274.56944444444446 303.18055555555554 67.38888888888889 96.0 67.55555555555556 96.16666666666667 
256.0138888888889 284.55555555555554 66.0 94.54166666666667 69.94444444444444 98.48611111111111 
271.9166666666667 298.5138888888889 60.80555555555556 87.40277777777777 70.79166666666667 97.38888888888889 
355.9861111111111 384.18055555555554 73.88888888888889 102.08333333333333 85.76388888888889 113.95833333333333 
409.06944444444446 439.1388888888889 61.77777777777778 91.84722222222223 80.45833333333333 110.52777777777777 
346.4861111111111 374.125 60.19444444444444 87.83333333333333 61.541666666666664 89.18055555555556 
203.83333333333334 231.68055555555554 64.66666666666667 92.51388888888889 62.513888888888886 90.36111111111111 
350.05555555555554 379.22222222222223 65.80555555555556 94.97222222222223 77.41666666666667 106.58333333333333 
296.0416666666667 324.2361111111111 64.80555555555556 93.0 55.5 83.69444444444444 
282.375 309.0416666666667 68.68055555555556 95.34722222222223 68.52777777777777 95.19444444444444 
