3108.7909604519773 3136.502824858757 145.38418079096044 173.09604519774012 210.06214689265536 237.77401129943502 
3238.553672316384 3267.0282485875705 134.87005649717514 163.34463276836158 219.82485875706215 248.29943502824858 
2969.468926553672 2997.2655367231637 151.82485875706215 179.62146892655366 248.59322033898306 276.3898305084746 
3053.954802259887 3083.0225988700563 142.5310734463277 171.59887005649716 231.21468926553672 260.28248587570624 
2888.135593220339 2916.2429378531074 134.31073446327684 162.4180790960452 210.48022598870057 238.58757062146893 
3215.6214689265535 3245.7062146892654 121.81920903954803 151.90395480225988 251.12994350282486 281.2146892655367 
2935.1581920903955 2963.2937853107346 159.85875706214688 187.99435028248587 287.5593220338983 315.6949152542373 
2936.5593220338983 2963.9887005649716 179.4632768361582 206.89265536723164 225.909604519774 253.33898305084745 
3055.5254237288136 3083.0677966101694 133.5084745762712 161.05084745762713 209.1129943502825 236.65536723163842 
3059.0225988700563 3087.412429378531 136.4463276836158 164.8361581920904 208.31638418079095 236.70621468926555 
3040.8813559322034 3069.4406779661017 128.62146892655366 157.180790960452 304.75141242937855 333.31073446327684 
2962.8192090395482 2990.1638418079096 148.65536723163842 176.0 235.1638418079096 262.50847457627117 
2943.6158192090397 2971.3841807909603 183.85875706214688 211.6271186440678 251.135593220339 278.9039548022599 
3332.824858757062 3361.1581920903955 144.26553672316385 172.59887005649716 218.50282485875707 246.8361581920904 
3136.9830508474574 3165.3446327683614 186.98305084745763 215.34463276836158 264.638418079096 293.0 
2928.276836158192 2955.2542372881358 150.4858757062147 177.4632768361582 245.08474576271186 272.0621468926554 
2984.6214689265535 3012.3050847457625 138.97175141242937 166.65536723163842 214.36723163841808 242.05084745762713 
2954.915254237288 2982.231638418079 159.56497175141243 186.88135593220338 208.8418079096045 236.1581920903955 
3200.0282485875705 3228.446327683616 198.20338983050848 226.62146892655366 223.22033898305085 251.63841807909606 
2981.468926553672 3009.8870056497176 172.10734463276836 200.52542372881356 203.24858757062148 231.66666666666666 
3111.768361581921 3141.146892655367 143.01694915254237 172.3954802259887 186.88135593220338 216.25988700564972 
3072.062146892655 3100.593220338983 144.12429378531073 172.65536723163842 296.7231638418079 325.2542372881356 
3309.6497175141244 3339.084745762712 186.01694915254237 215.45197740112994 277.5310734463277 306.96610169491527 
3131.4858757062148 3160.271186440678 118.90395480225989 147.68926553672316 191.6271186440678 220.41242937853107 
3032.632768361582 3060.25988700565 192.3050847457627 219.9322033898305 250.57062146892656 278.1977401129943 
2830.3841807909603 2857.954802259887 129.82485875706215 157.3954802259887 203.0677966101695 230.63841807909606 
2927.6610169491523 2955.0338983050847 121.909604519774 149.28248587570621 199.045197740113 226.4180790960452 
3032.3841807909603 3059.0790960451977 149.32203389830508 176.01694915254237 222.6949152542373 249.38983050847457 
3095.553672316384 3123.774011299435 159.20338983050848 187.42372881355934 234.56497175141243 262.7853107344633 
2949.785310734463 2977.9209039548023 167.52542372881356 195.66101694915255 237.21468926553672 265.3502824858757 
3009.7118644067796 3036.9717514124295 170.19209039548022 197.45197740112994 237.87570621468927 265.135593220339 
3039.039548022599 3067.7966101694915 141.80790960451978 170.56497175141243 310.76271186440675 339.51977401129943 
3057.587570621469 3085.5819209039546 151.10734463276836 179.10169491525423 263.26553672316385 291.2598870056497 
3174.5141242937852 3202.8474576271187 167.3728813559322 195.70621468926555 269.17514124293785 297.50847457627117 
3357.9774011299437 3387.101694915254 184.05649717514123 213.180790960452 252.6949152542373 281.819209039548 
3199.25988700565 3227.8474576271187 155.29378531073445 183.88135593220338 315.22033898305085 343.80790960451975 
3078.80790960452 3106.6610169491523 162.9774011299435 190.83050847457628 197.6497175141243 225.50282485875707 
2785.7118644067796 2814.1581920903955 158.35593220338984 186.80225988700565 230.42937853107344 258.8757062146893 
3148.3841807909603 3176.0677966101694 123.63276836158192 151.31638418079095 207.84745762711864 235.5310734463277 
3044.25988700565 3073.3841807909603 140.32203389830508 169.4463276836158 237.05649717514123 266.180790960452 
3043.9887005649716 3071.785310734463 159.0225988700565 186.819209039548 267.68926553672316 295.4858757062147 
3141.80790960452 3169.5197740112994 140.87005649717514 168.5819209039548 260.1977401129943 287.909604519774 
2896.3954802259886 2924.7570621468926 126.63276836158192 154.99435028248587 226.6497175141243 255.01129943502823 
3016.9717514124295 3045.587570621469 127.78531073446328 156.40112994350284 200.38983050847457 229.00564971751413 
2793.3276836158193 2821.2655367231637 186.14124293785312 214.07909604519773 251.94350282485877 279.8813559322034 
3227.135593220339 3256.146892655367 138.10734463276836 167.11864406779662 215.63841807909606 244.6497175141243 
3160.813559322034 3189.25988700565 135.045197740113 163.4915254237288 260.84180790960454 289.2881355932203 
3215.0338983050847 3243.8474576271187 177.045197740113 205.85875706214688 287.2090395480226 316.02259887005647 
2921.169491525424 2948.768361581921 125.96045197740114 153.5593220338983 241.76271186440678 269.361581920904 
3119.6610169491523 3148.7570621468926 179.45197740112994 208.54802259887006 361.045197740113 390.1412429378531 
