131.7719298245614 159.57894736842104 60.31578947368421 88.12280701754386 70.05263157894737 97.85964912280701 
85.56140350877193 113.19298245614036 65.94736842105263 93.57894736842105 42.85964912280702 70.49122807017544 
148.140350877193 177.7017543859649 74.10526315789474 103.66666666666667 70.36842105263158 99.9298245614035 
99.91228070175438 124.73684210526316 59.8421052631579 84.66666666666667 58.29824561403509 83.12280701754386 
114.96491228070175 142.68421052631578 51.36842105263158 79.08771929824562 46.19298245614035 73.91228070175438 
84.98245614035088 110.33333333333333 62.333333333333336 87.6842105263158 49.0 74.35087719298245 
171.01754385964912 200.66666666666666 60.92982456140351 90.57894736842105 54.280701754385966 83.9298245614035 
63.333333333333336 88.33333333333333 66.57894736842105 91.57894736842105 44.85964912280702 69.85964912280701 
140.98245614035088 169.31578947368422 62.91228070175438 91.24561403508773 63.35087719298246 91.6842105263158 
109.78947368421052 138.2982456140351 62.08771929824562 90.59649122807018 71.6140350877193 100.12280701754386 
125.45614035087719 155.19298245614036 61.70175438596491 91.43859649122807 59.59649122807018 89.33333333333333 
122.6842105263158 151.19298245614036 67.05263157894737 95.56140350877193 46.473684210526315 74.98245614035088 
187.1578947368421 217.33333333333334 60.43859649122807 90.6140350877193 63.73684210526316 93.91228070175438 
176.87719298245614 205.12280701754386 65.0 93.24561403508773 71.35087719298245 99.59649122807018 
124.96491228070175 154.43859649122808 63.89473684210526 93.36842105263158 60.421052631578945 89.89473684210526 
89.89473684210526 116.91228070175438 65.98245614035088 93.0 48.280701754385966 75.29824561403508 
109.82456140350877 139.82456140350877 55.80701754385965 85.80701754385964 48.473684210526315 78.47368421052632 
94.01754385964912 121.56140350877193 65.47368421052632 93.01754385964912 48.473684210526315 76.01754385964912 
293.29824561403507 318.2105263157895 62.526315789473685 87.43859649122807 55.21052631578947 80.12280701754386 
149.87719298245614 177.42105263157896 60.36842105263158 87.91228070175438 66.42105263157895 93.96491228070175 
123.2280701754386 149.89473684210526 53.0 79.66666666666667 61.578947368421055 88.24561403508773 
149.3859649122807 178.7719298245614 55.75438596491228 85.14035087719299 63.6140350877193 93.0 
83.35087719298245 112.64912280701755 56.526315789473685 85.82456140350877 40.36842105263158 69.66666666666667 
81.01754385964912 109.43859649122807 49.87719298245614 78.29824561403508 42.3859649122807 70.80701754385964 
119.05263157894737 147.82456140350877 60.85964912280702 89.63157894736842 44.333333333333336 73.10526315789474 
183.82456140350877 210.140350877193 62.54385964912281 88.85964912280701 64.6140350877193 90.9298245614035 
126.14035087719299 155.78947368421052 61.526315789473685 91.17543859649123 56.333333333333336 85.98245614035088 
124.87719298245614 156.4561403508772 61.473684210526315 93.05263157894737 56.94736842105263 88.52631578947368 
147.96491228070175 176.12280701754386 63.6140350877193 91.7719298245614 67.01754385964912 95.17543859649123 
97.24561403508773 125.9298245614035 56.43859649122807 85.12280701754386 48.10526315789474 76.78947368421052 
114.21052631578948 141.66666666666666 65.96491228070175 93.42105263157895 61.280701754385966 88.73684210526316 
106.6842105263158 136.1578947368421 61.63157894736842 91.10526315789474 63.80701754385965 93.28070175438596 
286.0 314.3333333333333 67.7719298245614 96.10526315789474 64.10526315789474 92.43859649122807 
126.21052631578948 152.87719298245614 51.63157894736842 78.29824561403508 61.1578947368421 87.82456140350877 
128.40350877192984 154.28070175438597 57.719298245614034 83.59649122807018 40.578947368421055 66.45614035087719 
106.3157894736842 134.03508771929825 54.771929824561404 82.49122807017544 53.56140350877193 81.28070175438596 
191.73684210526315 223.140350877193 72.19298245614036 103.59649122807018 56.63157894736842 88.03508771929825 
74.36842105263158 103.75438596491227 62.666666666666664 92.05263157894737 47.70175438596491 77.08771929824562 
157.5438596491228 185.43859649122808 60.228070175438596 88.12280701754386 48.92982456140351 76.82456140350877 
141.64912280701753 169.4561403508772 65.24561403508773 93.05263157894737 65.54385964912281 93.35087719298245 
76.26315789473684 103.71929824561404 62.50877192982456 89.96491228070175 50.10526315789474 77.56140350877193 
108.98245614035088 135.3859649122807 60.10526315789474 86.50877192982456 60.45614035087719 86.85964912280701 
66.64912280701755 92.08771929824562 64.0 89.43859649122807 35.578947368421055 61.01754385964912 
197.08771929824562 227.26315789473685 60.49122807017544 90.66666666666667 64.19298245614036 94.36842105263158 
341.719298245614 372.50877192982455 62.80701754385965 93.59649122807018 71.3859649122807 102.17543859649123 
81.59649122807018 110.89473684210526 59.280701754385966 88.57894736842105 47.0 76.29824561403508 
156.21052631578948 183.9298245614035 59.26315789473684 86.98245614035088 55.666666666666664 83.3859649122807 
100.40350877192982 128.64912280701753 60.75438596491228 89.0 59.59649122807018 87.84210526315789 
230.3859649122807 258.89473684210526 71.66666666666667 100.17543859649123 67.43859649122807 95.94736842105263 
121.63157894736842 149.26315789473685 63.175438596491226 90.80701754385964 59.50877192982456 87.14035087719299 
