4279.405660377359 4308.438679245283 336.0660377358491 365.0990566037736 441.33962264150944 470.37264150943395 
3798.1132075471696 3826.0377358490564 282.5188679245283 310.4433962264151 367.54716981132077 395.47169811320754 
4145.764150943396 4173.853773584906 282.5330188679245 310.62264150943395 345.24528301886795 373.33490566037733 
4270.5330188679245 4300.061320754717 290.5707547169811 320.0990566037736 520.3443396226415 549.872641509434 
3793.6603773584907 3821.0424528301887 188.99528301886792 216.37735849056602 355.45283018867923 382.83490566037733 
3858.5471698113206 3885.5990566037735 244.11320754716982 271.16509433962267 339.8679245283019 366.9198113207547 
3966.4009433962265 3994.419811320755 225.96226415094338 253.9811320754717 259.1839622641509 287.20283018867923 
4011.5707547169814 4040.509433962264 351.04716981132077 379.9858490566038 516.9009433962265 545.8396226415094 
4041.816037735849 4070.5424528301887 226.26415094339623 254.99056603773585 348.6556603773585 377.3820754716981 
4285.726415094339 4315.561320754717 223.8066037735849 253.64150943396226 395.8207547169811 425.6556603773585 
4096.485849056604 4125.188679245283 208.76415094339623 237.46698113207546 367.4292452830189 396.1320754716981 
4130.952830188679 4159.066037735849 277.42452830188677 305.5377358490566 353.92452830188677 382.0377358490566 
4093.382075471698 4121.542452830188 172.8443396226415 201.00471698113208 396.0707547169811 424.2311320754717 
4072.6367924528304 4100.325471698113 228.4433962264151 256.1320754716981 332.82547169811323 360.5141509433962 
4310.575471698113 4338.948113207547 220.08018867924528 248.45283018867926 426.0943396226415 454.4669811320755 
3768.551886792453 3796.735849056604 323.0188679245283 351.20283018867923 488.0330188679245 516.2169811320755 
4161.570754716981 4190.132075471698 278.16037735849056 306.72169811320754 409.02358490566036 437.58490566037733 
3827.169811320755 3854.669811320755 286.9009433962264 314.4009433962264 605.7075471698113 633.2075471698113 
4067.1603773584907 4095.7924528301887 253.8490566037736 282.4811320754717 425.4622641509434 454.0943396226415 
4037.0896226415093 4065.698113207547 193.25471698113208 221.86320754716982 256.8066037735849 285.41509433962267 
3765.7783018867926 3793.561320754717 181.9433962264151 209.72641509433961 317.14622641509436 344.9292452830189 
3928.240566037736 3956.1415094339623 185.02358490566039 212.9245283018868 336.25943396226415 364.16037735849056 
4156.872641509434 4185.457547169812 301.5377358490566 330.12264150943395 401.16509433962267 429.75 
3988.061320754717 4015.514150943396 216.29716981132074 243.75 391.45754716981133 418.91037735849056 
4330.188679245283 4359.905660377359 258.0566037735849 287.77358490566036 499.0566037735849 528.7735849056604 
4056.2924528301887 4084.4292452830186 237.00471698113208 265.14150943396226 362.42452830188677 390.561320754717 
3753.8632075471696 3781.056603773585 244.6320754716981 271.82547169811323 520.7971698113207 547.9905660377359 
4087.5943396226417 4116.297169811321 188.77830188679246 217.4811320754717 391.4622641509434 420.16509433962267 
4116.485849056604 4143.419811320755 251.5943396226415 278.52830188679246 428.561320754717 455.49528301886795 
3769.8443396226417 3796.8254716981132 214.62264150943398 241.60377358490567 438.52358490566036 465.50471698113205 
4205.5330188679245 4234.58962264151 179.5566037735849 208.61320754716982 334.25943396226415 363.3160377358491 
3842.169811320755 3871.014150943396 257.95283018867923 286.79716981132077 296.6981132075472 325.54245283018867 
4111.297169811321 4140.424528301887 261.0518867924528 290.1792452830189 378.561320754717 407.688679245283 
4294.367924528302 4323.731132075472 360.4433962264151 389.8066037735849 551.7735849056604 581.1367924528302 
3974.132075471698 4001.561320754717 250.45283018867926 277.8820754716981 346.72641509433964 374.1556603773585 
4035.9009433962265 4065.169811320755 189.03773584905662 218.3066037735849 360.85377358490564 390.12264150943395 
4284.037735849057 4313.778301886792 294.2311320754717 323.97169811320754 533.2358490566038 562.9764150943396 
4122.165094339623 4151.174528301887 228.60849056603774 257.6179245283019 412.02358490566036 441.0330188679245 
3942.5849056603774 3970.3443396226417 198.02358490566039 225.78301886792454 291.688679245283 319.4481132075472 
4140.693396226415 4167.83962264151 172.74056603773585 199.88679245283018 361.54245283018867 388.688679245283 
4237.63679245283 4267.235849056604 367.45754716981133 397.0566037735849 539.1933962264151 568.7924528301887 
3962.3632075471696 3990.4292452830186 153.60849056603774 181.6745283018868 286.9858490566038 315.0518867924528 
4106.179245283019 4134.882075471698 178.0188679245283 206.72169811320754 344.7169811320755 373.4198113207547 
3943.235849056604 3970.688679245283 262.66509433962267 290.1179245283019 468.3301886792453 495.7830188679245 
4089.693396226415 4117.830188679245 346.0377358490566 374.17452830188677 410.4481132075472 438.58490566037733 
4160.070754716981 4188.867924528302 278.37264150943395 307.1698113207547 387.85377358490564 416.6509433962264 
3936.3443396226417 3965.353773584906 316.4811320754717 345.49056603773585 404.3160377358491 433.32547169811323 
3954.5424528301887 3982.0188679245284 248.78301886792454 276.25943396226415 402.60849056603774 430.08490566037733 
3998.1132075471696 4026.509433962264 231.5754716981132 259.97169811320754 341.5566037735849 369.95283018867923 
3880.4009433962265 3908.2075471698113 240.99528301886792 268.8018867924528 425.2122641509434 453.0188679245283 
