4545.7522123893805 4574.557522123894 332.01769911504425 360.82300884955754 558.8938053097345 587.6991150442478 
4168.305309734514 4196.092920353983 320.1106194690266 347.89823008849555 419.19026548672565 446.9778761061947 
4481.557522123894 4510.2522123893805 297.9867256637168 326.6814159292035 518.637168141593 547.3318584070796 
4553.203539823009 4582.053097345132 461.4867256637168 490.3362831858407 530.9469026548672 559.7964601769911 
4172.7477876106195 4201.1769911504425 254.22566371681415 282.65486725663715 517.2610619469026 545.6902654867257 
4573.398230088495 4602.203539823009 338.36725663716817 367.1725663716814 415.4778761061947 444.283185840708 
4469.787610619469 4498.194690265486 287.5840707964602 315.9911504424779 431.070796460177 459.4778761061947 
4341.699115044248 4370.349557522124 273.3805309734513 302.03097345132744 441.78761061946904 470.4380530973451 
4349.517699115044 4378.256637168141 287.5088495575221 316.24778761061947 327.8805309734513 356.6194690265487 
4468.0 4495.522123893806 345.7433628318584 373.2654867256637 433.6194690265487 461.14159292035396 
4796.203539823009 4825.053097345132 411.3628318584071 440.21238938053096 594.3008849557522 623.1504424778761 
4460.283185840708 4488.8893805309735 361.2300884955752 389.8362831858407 444.0 472.6061946902655 
4452.787610619469 4481.991150442478 322.1946902654867 351.39823008849555 372.4778761061947 401.6814159292035 
4268.013274336283 4296.287610619469 312.2566371681416 340.53097345132744 371.33185840707966 399.6061946902655 
4750.54424778761 4779.482300884956 305.5132743362832 334.4513274336283 387.3141592920354 416.25221238938053 
4704.340707964602 4734.141592920354 367.1991150442478 397.0 524.5619469026549 554.362831858407 
4258.261061946902 4286.380530973452 325.8407079646018 353.96017699115043 476.5353982300885 504.65486725663715 
4306.796460176991 4334.650442477876 246.73893805309734 274.5929203539823 396.57522123893807 424.429203539823 
4223.4646017699115 4252.1814159292035 309.23893805309734 337.95575221238937 481.29646017699116 510.0132743362832 
4631.867256637168 4660.119469026548 303.94690265486724 332.1991150442478 526.1592920353983 554.4115044247787 
4351.079646017699 4379.066371681416 265.3053097345133 293.2920353982301 414.9734513274336 442.96017699115043 
4456.83628318584 4485.353982300885 363.0929203539823 391.6106194690266 507.853982300885 536.3716814159292 
4301.685840707964 4329.3185840707965 364.93362831858406 392.56637168141594 452.9513274336283 480.5840707964602 
4722.1814159292035 4752.070796460177 322.42477876106193 352.3141592920354 578.8185840707964 608.70796460177 
4160.876106194691 4189.3938053097345 350.5132743362832 379.03097345132744 418.4867256637168 447.00442477876106 
4608.526548672567 4636.95575221239 311.646017699115 340.07522123893807 381.93362831858406 410.3628318584071 
4188.008849557522 4215.884955752213 301.11504424778764 328.9911504424779 349.86725663716817 377.7433628318584 
4213.659292035398 4241.070796460177 261.1592920353982 288.570796460177 496.71238938053096 524.1238938053098 
4337.659292035398 4365.95575221239 370.07522123893807 398.37168141592923 605.7566371681415 634.0530973451328 
4531.986725663717 4560.969026548672 196.91150442477877 225.89380530973452 455.570796460177 484.55309734513276 
4638.132743362832 4666.2522123893805 389.3805309734513 417.5 566.5840707964602 594.7035398230089 
4192.45575221239 4219.933628318584 216.47787610619469 243.95575221238937 409.84513274336285 437.32300884955754 
4464.54424778761 4492.973451327433 338.929203539823 367.35840707964604 399.19026548672565 427.6194690265487 
4544.017699115044 4572.977876106194 380.87610619469024 409.8362831858407 500.6106194690266 529.570796460177 
4340.946902654868 4368.800884955752 289.26106194690266 317.11504424778764 397.76106194690266 425.61504424778764 
4494.075221238938 4523.367256637168 302.5 331.7920353982301 539.7831858407079 569.0752212389381 
4189.185840707964 4217.548672566371 340.5973451327434 368.96017699115043 455.7787610619469 484.14159292035396 
4140.482300884956 4168.33628318584 261.570796460177 289.42477876106193 451.63274336283183 479.4867256637168 
4644.721238938053 4672.685840707964 326.55309734513276 354.51769911504425 516.0486725663717 544.0132743362832 
4208.969026548672 4237.398230088495 417.67699115044246 446.1061946902655 398.3938053097345 426.82300884955754 
4171.641592920354 4199.097345132744 262.8938053097345 290.3495575221239 515.8008849557522 543.2566371681415 
4480.159292035398 4508.345132743363 357.48230088495575 385.66814159292034 461.08849557522126 489.27433628318585 
4715.234513274337 4744.637168141593 310.26106194690266 339.6637168141593 490.41150442477874 519.8141592920354 
4731.115044247787 4761.33628318584 263.92035398230087 294.14159292035396 395.53982300884957 425.76106194690266 
4353.513274336283 4381.699115044248 277.54424778761063 305.7300884955752 445.94690265486724 474.13274336283183 
4709.380530973452 4738.185840707964 303.4424778761062 332.24778761061947 360.30973451327435 389.11504424778764 
4637.473451327433 4666.765486725663 438.66814159292034 467.96017699115043 510.96902654867256 540.2610619469026 
4399.6106194690265 4427.287610619469 249.1769911504425 276.853982300885 492.13274336283183 519.8097345132743 
4496.796460176991 4525.004424778761 286.716814159292 314.92477876106193 552.3274336283185 580.5353982300885 
4456.650442477876 4484.592920353983 314.0619469026549 342.00442477876106 410.2787610619469 438.2212389380531 
