43.714285714285715 74.42857142857143 48.285714285714285 79.0 38.714285714285715 69.42857142857143 
36.82142857142857 65.21428571428571 53.857142857142854 82.25 29.892857142857142 58.285714285714285 
37.392857142857146 64.71428571428571 53.5 80.82142857142857 28.464285714285715 55.785714285714285 
40.67857142857143 65.67857142857143 44.75 69.75 27.821428571428573 52.82142857142857 
46.142857142857146 73.64285714285714 53.82142857142857 81.32142857142857 36.5 64.0 
60.892857142857146 88.75 50.464285714285715 78.32142857142857 31.25 59.107142857142854 
47.0 76.82142857142857 53.0 82.82142857142857 32.357142857142854 62.17857142857143 
59.357142857142854 88.28571428571429 47.0 75.92857142857143 50.785714285714285 79.71428571428571 
32.17857142857143 59.5 43.642857142857146 70.96428571428571 26.821428571428573 54.142857142857146 
41.57142857142857 68.71428571428571 59.0 86.14285714285714 33.714285714285715 60.857142857142854 
46.0 74.39285714285714 69.39285714285714 97.78571428571429 36.42857142857143 64.82142857142857 
48.75 79.64285714285714 50.42857142857143 81.32142857142857 32.142857142857146 63.035714285714285 
63.82142857142857 89.17857142857143 59.035714285714285 84.39285714285714 41.17857142857143 66.53571428571429 
75.39285714285714 100.75 57.785714285714285 83.14285714285714 51.107142857142854 76.46428571428571 
37.785714285714285 64.21428571428571 58.75 85.17857142857143 27.357142857142858 53.785714285714285 
46.5 77.39285714285714 48.285714285714285 79.17857142857143 38.57142857142857 69.46428571428571 
41.035714285714285 73.53571428571429 54.92857142857143 87.42857142857143 30.678571428571427 63.17857142857143 
45.32142857142857 75.14285714285714 52.25 82.07142857142857 38.464285714285715 68.28571428571429 
33.92857142857143 65.71428571428571 54.17857142857143 85.96428571428571 28.071428571428573 59.857142857142854 
44.17857142857143 72.92857142857143 40.892857142857146 69.64285714285714 33.285714285714285 62.035714285714285 
77.82142857142857 109.25 62.464285714285715 93.89285714285714 46.392857142857146 77.82142857142857 
37.535714285714285 63.964285714285715 46.57142857142857 73.0 28.285714285714285 54.714285714285715 
46.964285714285715 70.35714285714286 50.035714285714285 73.42857142857143 38.035714285714285 61.42857142857143 
36.107142857142854 60.75 47.392857142857146 72.03571428571429 28.607142857142858 53.25 
40.785714285714285 68.10714285714286 55.57142857142857 82.89285714285714 36.142857142857146 63.464285714285715 
56.0 86.35714285714286 45.42857142857143 75.78571428571429 41.5 71.85714285714286 
62.25 90.10714285714286 62.535714285714285 90.39285714285714 39.57142857142857 67.42857142857143 
106.53571428571429 135.64285714285714 60.17857142857143 89.28571428571429 57.107142857142854 86.21428571428571 
53.17857142857143 80.85714285714286 50.142857142857146 77.82142857142857 36.32142857142857 64.0 
43.535714285714285 71.21428571428571 51.67857142857143 79.35714285714286 30.678571428571427 58.357142857142854 
51.0 82.78571428571429 46.42857142857143 78.21428571428571 39.92857142857143 71.71428571428571 
49.0 81.32142857142857 60.035714285714285 92.35714285714286 35.607142857142854 67.92857142857143 
43.07142857142857 72.89285714285714 49.642857142857146 79.46428571428571 37.0 66.82142857142857 
72.10714285714286 99.07142857142857 59.357142857142854 86.32142857142857 37.642857142857146 64.60714285714286 
52.67857142857143 83.39285714285714 52.107142857142854 82.82142857142857 34.107142857142854 64.82142857142857 
40.07142857142857 65.60714285714286 49.07142857142857 74.60714285714286 32.57142857142857 58.107142857142854 
67.53571428571429 99.5 58.82142857142857 90.78571428571429 47.285714285714285 79.25 
38.285714285714285 65.25 51.107142857142854 78.07142857142857 29.928571428571427 56.892857142857146 
42.07142857142857 71.53571428571429 54.42857142857143 83.89285714285714 34.214285714285715 63.67857142857143 
58.17857142857143 87.82142857142857 58.035714285714285 87.67857142857143 35.285714285714285 64.92857142857143 
42.32142857142857 70.17857142857143 41.035714285714285 68.89285714285714 37.32142857142857 65.17857142857143 
44.107142857142854 75.35714285714286 45.464285714285715 76.71428571428571 32.25 63.5 
37.107142857142854 63.357142857142854 45.82142857142857 72.07142857142857 31.392857142857142 57.642857142857146 
53.25 80.21428571428571 47.535714285714285 74.5 36.07142857142857 63.035714285714285 
48.57142857142857 77.67857142857143 43.0 72.10714285714286 36.285714285714285 65.39285714285714 
43.0 71.57142857142857 55.82142857142857 84.39285714285714 36.92857142857143 65.5 
51.285714285714285 78.78571428571429 47.142857142857146 74.64285714285714 43.964285714285715 71.46428571428571 
48.07142857142857 77.17857142857143 52.0 81.10714285714286 36.75 65.85714285714286 
42.17857142857143 71.28571428571429 48.42857142857143 77.53571428571429 31.928571428571427 61.035714285714285 
38.857142857142854 65.64285714285714 57.142857142857146 83.92857142857143 32.607142857142854 59.392857142857146 
