4340.343891402715 4369.16742081448 250.80090497737555 279.6244343891403 406.7466063348416 435.57013574660635 
4169.742081447964 4197.909502262443 310.1764705882353 338.3438914027149 436.6425339366516 464.8099547511312 
4000.4117647058824 4028.8506787330316 344.6425339366516 373.0814479638009 395.59276018099547 424.0316742081448 
4368.036199095022 4396.0 280.8325791855204 308.79638009049773 456.1131221719457 484.0769230769231 
4255.619909502262 4284.601809954751 257.4524886877828 286.4343891402715 419.5339366515837 448.5158371040724 
4356.262443438914 4384.814479638009 312.11764705882354 340.66968325791856 464.97285067873304 493.52488687782807 
4014.633484162896 4042.235294117647 258.14932126696834 285.75113122171945 358.59276018099547 386.19457013574663 
4432.361990950226 4461.434389140271 217.01357466063348 246.08597285067873 282.70135746606337 311.7737556561086 
4142.466063348416 4171.153846153846 250.47511312217193 279.1628959276018 347.420814479638 376.1085972850679 
4270.58371040724 4298.909502262443 279.8325791855204 308.158371040724 331.87330316742083 360.1990950226244 
4142.298642533937 4169.5158371040725 331.7647058823529 358.9819004524887 457.52488687782807 484.7420814479638 
4471.366515837104 4499.443438914027 229.93665158371041 258.0135746606335 369.76018099547514 397.8371040723982 
4193.524886877828 4221.194570135746 211.79185520361992 239.46153846153845 356.3755656108597 384.0452488687783 
4336.660633484163 4365.461538461538 315.1674208144796 343.9683257918552 388.1764705882353 416.9773755656109 
4656.488687782806 4685.402714932126 256.7647058823529 285.6787330316742 344.38461538461536 373.29864253393663 
4357.10407239819 4386.266968325792 222.59728506787332 251.7601809954751 316.2669683257919 345.42986425339365 
4425.402714932126 4454.022624434389 286.6561085972851 315.2760180995475 565.1085972850678 593.7285067873303 
4349.420814479638 4379.194570135746 233.25339366515837 263.02714932126696 430.1221719457014 459.89592760180994 
4345.262443438914 4373.158371040724 256.4524886877828 284.34841628959276 482.11764705882354 510.0135746606335 
4223.14479638009 4249.502262443439 412.94117647058823 439.29864253393663 545.158371040724 571.5158371040724 
4466.873303167421 4495.56108597285 317.9366515837104 346.6244343891403 515.0407239819004 543.7285067873303 
4384.669683257918 4413.06334841629 310.19457013574663 338.5882352941176 355.868778280543 384.26244343891403 
4339.1990950226245 4367.977375565611 319.0769230769231 347.8552036199095 334.9683257918552 363.7466063348416 
4365.638009049774 4395.366515837104 233.710407239819 263.43891402714934 532.447963800905 562.1764705882352 
4473.574660633484 4502.081447963801 263.47058823529414 291.9773755656109 423.7782805429864 452.28506787330315 
4149.3574660633485 4176.597285067874 337.49321266968326 364.7330316742081 417.29864253393663 444.53846153846155 
4377.131221719457 4405.615384615385 275.86425339366514 304.34841628959276 366.88235294117646 395.3665158371041 
4469.7692307692305 4498.0723981900455 216.8552036199095 245.15837104072398 410.6968325791855 439.0 
4530.122171945702 4558.719457013574 249.50226244343892 278.0995475113122 423.3574660633484 451.9547511312217 
4251.814479638009 4279.303167420814 312.68325791855204 340.17194570135746 404.7330316742081 432.2217194570136 
4147.461538461538 4175.56108597285 235.57466063348417 263.67420814479635 297.52941176470586 325.6289592760181 
4355.253393665158 4382.968325791855 294.3348416289593 322.04977375565613 484.32579185520365 512.0407239819004 
4415.06334841629 4443.117647058823 249.42533936651583 277.4796380090498 418.11764705882354 446.17194570135746 
4426.696832579186 4456.176470588235 264.7918552036199 294.27149321266967 462.33031674208144 491.8099547511312 
4310.83257918552 4339.972850678733 411.60633484162895 440.7466063348416 630.3574660633484 659.4977375565611 
4088.656108597285 4116.257918552036 243.73755656108597 271.3393665158371 402.02714932126696 429.6289592760181 
4055.3212669683257 4083.443438914027 235.39819004524887 263.5203619909502 373.4434389140271 401.5656108597285 
4233.212669683258 4262.10407239819 285.87330316742083 314.7647058823529 433.552036199095 462.4434389140271 
4435.470588235294 4464.316742081448 281.5022624434389 310.34841628959276 396.3529411764706 425.1990950226244 
4474.755656108598 4502.945701357466 243.420814479638 271.6108597285068 433.78280542986425 461.97285067873304 
4640.334841628959 4669.814479638009 276.43891402714934 305.9185520361991 560.5837104072398 590.0633484162896 
4218.06334841629 4246.004524886878 218.16289592760182 246.10407239819006 426.5022624434389 454.4434389140271 
4215.6742081447965 4244.0 238.68778280542986 267.0135746606335 367.1900452488688 395.5158371040724 
4254.941176470588 4283.153846153846 242.76470588235293 270.9773755656109 388.4027149321267 416.61538461538464 
4504.20814479638 4532.330316742082 248.64705882352942 276.7692307692308 532.6018099547512 560.7239819004525 
4345.2307692307695 4373.171945701358 225.57466063348417 253.5158371040724 514.0316742081448 541.972850678733 
4323.162895927602 4350.696832579186 281.90497737556564 309.43891402714934 423.00452488687785 450.53846153846155 
4138.294117647059 4167.140271493213 275.7737556561086 304.61990950226243 533.2036199095022 562.0497737556561 
4236.085972850678 4264.683257918552 198.46153846153845 227.05882352941177 496.9230769230769 525.5203619909503 
4476.710407239819 4505.963800904978 267.3438914027149 296.5972850678733 443.158371040724 472.4117647058824 
