61.05 92.05 47.6 78.6 51.05 82.05 
34.3 62.55 54.2 82.45 29.8 58.05 
28.9 55.9 59.3 86.3 21.9 48.9 
30.05 57.8 56.35 84.1 25.05 52.8 
50.75 77.25 45.95 72.45 31.75 58.25 
49.55 80.55 55.5 86.5 42.6 73.6 
32.45 62.95 56.3 86.8 27.45 57.95 
39.45 67.95 52.15 80.65 30.95 59.45 
40.8 70.8 39.7 69.7 29.45 59.45 
52.9 80.4 52.5 80.0 28.4 55.9 
34.1 63.85 47.35 77.1 28.1 57.85 
29.05 55.8 48.2 74.95 24.05 50.8 
52.2 82.45 51.55 81.8 42.7 72.95 
27.85 58.35 39.65 70.15 22.85 53.35 
45.2 75.2 51.2 81.2 38.2 68.2 
44.95 70.2 44.0 69.25 29.85 55.1 
39.3 66.05 48.45 75.2 27.3 54.05 
56.5 85.0 58.15 86.65 45.0 73.5 
43.35 70.6 37.1 64.35 37.85 65.1 
37.05 63.55 57.25 83.75 29.55 56.05 
36.9 64.9 48.05 76.05 26.65 54.65 
32.6 60.1 58.85 86.35 25.1 52.6 
29.25 57.25 59.25 87.25 24.25 52.25 
42.35 74.1 45.55 77.3 36.35 68.1 
31.05 57.3 39.9 66.15 25.55 51.8 
39.05 68.05 47.6 76.6 25.55 54.55 
45.45 74.7 55.45 84.7 40.95 70.2 
26.2 53.7 48.95 76.45 20.2 47.7 
28.05 55.8 48.5 76.25 20.05 47.8 
30.8 59.55 44.4 73.15 24.8 53.55 
39.35 70.6 43.5 74.75 30.85 62.1 
31.35 62.35 48.4 79.4 26.35 57.35 
32.5 61.75 51.15 80.4 25.0 54.25 
42.1 70.35 45.8 74.05 32.6 60.85 
38.15 66.65 47.75 76.25 23.8 52.3 
44.9 73.65 53.7 82.45 38.4 67.15 
27.0 57.5 47.0 77.5 21.15 51.65 
36.6 67.85 53.65 84.9 31.35 62.6 
31.3 62.55 51.75 83.0 23.8 55.05 
31.15 57.9 50.35 77.1 23.4 50.15 
56.05 85.55 61.95 91.45 42.3 71.8 
37.3 66.55 61.75 91.0 25.8 55.05 
49.65 79.4 54.2 83.95 33.75 63.5 
34.7 65.2 58.35 88.85 24.7 55.2 
31.4 59.15 50.75 78.5 26.9 54.65 
36.15 59.9 47.45 71.2 30.65 54.4 
35.2 64.7 44.1 73.6 30.2 59.7 
30.25 58.5 54.75 83.0 23.5 51.75 
34.2 60.95 39.8 66.55 29.2 55.95 
40.6 70.1 40.3 69.8 30.25 59.75 
