56.46341463414634 84.51219512195122 56.09756097560975 84.14634146341463 36.90243902439025 64.95121951219512 
51.53658536585366 76.53658536585365 58.5609756097561 83.5609756097561 37.048780487804876 62.048780487804876 
64.34146341463415 90.1951219512195 57.34146341463415 83.1951219512195 45.073170731707314 70.92682926829268 
43.829268292682926 72.60975609756098 56.46341463414634 85.2439024390244 27.121951219512194 55.90243902439025 
79.7560975609756 104.7560975609756 66.78048780487805 91.78048780487805 51.926829268292686 76.92682926829268 
46.292682926829265 75.5609756097561 49.02439024390244 78.29268292682927 40.146341463414636 69.41463414634147 
49.63414634146341 77.5609756097561 52.36585365853659 80.29268292682927 38.46341463414634 66.39024390243902 
85.2439024390244 110.2439024390244 57.4390243902439 82.4390243902439 50.19512195121951 75.1951219512195 
55.24390243902439 84.14634146341463 53.26829268292683 82.17073170731707 40.36585365853659 69.26829268292683 
65.95121951219512 97.41463414634147 49.53658536585366 81.0 44.53658536585366 76.0 
74.09756097560975 102.39024390243902 54.24390243902439 82.53658536585365 35.36585365853659 63.65853658536585 
106.63414634146342 135.65853658536585 61.09756097560975 90.1219512195122 55.80487804878049 84.82926829268293 
63.75609756097561 93.14634146341463 53.292682926829265 82.6829268292683 51.24390243902439 80.63414634146342 
72.8048780487805 100.36585365853658 62.24390243902439 89.8048780487805 54.19512195121951 81.7560975609756 
47.829268292682926 79.65853658536585 51.292682926829265 83.1219512195122 33.68292682926829 65.51219512195122 
61.58536585365854 85.60975609756098 63.073170731707314 87.09756097560975 52.97560975609756 77.0 
41.63414634146341 68.46341463414635 54.170731707317074 81.0 33.75609756097561 60.58536585365854 
64.8048780487805 89.4390243902439 60.073170731707314 84.70731707317073 48.34146341463415 72.97560975609755 
59.75609756097561 86.58536585365853 57.829268292682926 84.65853658536585 46.609756097560975 73.4390243902439 
80.51219512195122 110.51219512195122 53.21951219512195 83.21951219512195 45.09756097560975 75.09756097560975 
68.95121951219512 95.53658536585365 72.92682926829268 99.51219512195122 47.1219512195122 73.70731707317073 
48.26829268292683 78.14634146341463 40.97560975609756 70.85365853658537 31.073170731707318 60.951219512195124 
55.926829268292686 83.36585365853658 57.146341463414636 84.58536585365853 45.75609756097561 73.1951219512195 
59.63414634146341 88.17073170731707 59.829268292682926 88.36585365853658 43.41463414634146 71.95121951219512 
80.36585365853658 110.1219512195122 61.0 90.7560975609756 41.1219512195122 70.8780487804878 
57.41463414634146 85.95121951219512 57.5609756097561 86.09756097560975 38.65853658536585 67.1951219512195 
79.73170731707317 109.0 50.75609756097561 80.02439024390245 64.0 93.26829268292683 
57.707317073170735 86.73170731707317 52.292682926829265 81.3170731707317 35.951219512195124 64.97560975609755 
60.09756097560975 88.8780487804878 57.80487804878049 86.58536585365853 38.90243902439025 67.6829268292683 
55.26829268292683 82.95121951219512 63.46341463414634 91.14634146341463 44.78048780487805 72.46341463414635 
53.36585365853659 81.78048780487805 58.0 86.41463414634147 32.170731707317074 60.58536585365854 
50.1219512195122 78.29268292682927 48.0 76.17073170731707 39.609756097560975 67.78048780487805 
41.34146341463415 67.5609756097561 57.4390243902439 83.65853658536585 35.609756097560975 61.829268292682926 
50.951219512195124 78.39024390243902 51.0 78.4390243902439 38.0 65.4390243902439 
48.390243902439025 75.70731707317073 62.68292682926829 90.0 38.073170731707314 65.39024390243902 
40.19512195121951 68.2439024390244 57.170731707317074 85.21951219512195 33.609756097560975 61.65853658536585 
62.1219512195122 90.65853658536585 47.609756097560975 76.14634146341463 42.292682926829265 70.82926829268293 
72.07317073170732 99.8780487804878 55.048780487804876 82.85365853658537 44.073170731707314 71.8780487804878 
60.048780487804876 88.82926829268293 55.8780487804878 84.65853658536585 36.31707317073171 65.09756097560975 
48.73170731707317 75.5609756097561 53.46341463414634 80.29268292682927 39.707317073170735 66.53658536585365 
63.34146341463415 90.90243902439025 53.853658536585364 81.41463414634147 50.09756097560975 77.65853658536585 
60.073170731707314 86.53658536585365 45.51219512195122 71.97560975609755 38.048780487804876 64.51219512195122 
80.34146341463415 107.90243902439025 57.390243902439025 84.95121951219512 58.02439024390244 85.58536585365853 
105.4390243902439 136.41463414634146 64.60975609756098 95.58536585365853 59.48780487804878 90.46341463414635 
94.7560975609756 122.4390243902439 62.609756097560975 90.29268292682927 40.31707317073171 68.0 
71.82926829268293 101.09756097560975 60.31707317073171 89.58536585365853 47.48780487804878 76.7560975609756 
109.82926829268293 139.46341463414635 65.29268292682927 94.92682926829268 54.02439024390244 83.65853658536585 
82.21951219512195 109.65853658536585 58.829268292682926 86.26829268292683 39.78048780487805 67.21951219512195 
72.85365853658537 101.39024390243902 61.90243902439025 90.4390243902439 52.8780487804878 81.41463414634147 
53.24390243902439 82.51219512195122 47.68292682926829 76.95121951219512 40.97560975609756 70.2439024390244 
