1027.505376344086 1057.1827956989248 84.12903225806451 113.80645161290323 102.34408602150538 132.0215053763441 
940.0430107526881 967.247311827957 76.82795698924731 104.03225806451613 96.66666666666667 123.87096774193549 
635.1290322580645 663.516129032258 78.53763440860214 106.9247311827957 83.25806451612904 111.64516129032258 
896.6989247311828 925.247311827957 69.3763440860215 97.9247311827957 101.10752688172043 129.65591397849462 
913.1182795698925 942.5268817204301 76.51612903225806 105.9247311827957 91.72043010752688 121.12903225806451 
796.1505376344086 824.0537634408602 77.29032258064517 105.19354838709677 85.72043010752688 113.6236559139785 
854.8387096774194 883.2258064516129 73.82795698924731 102.21505376344086 93.12903225806451 121.51612903225806 
969.3978494623656 997.5698924731183 76.72043010752688 104.89247311827957 93.25806451612904 121.43010752688173 
704.8602150537635 731.3655913978495 69.31182795698925 95.81720430107526 81.36559139784946 107.87096774193549 
809.8817204301075 838.483870967742 74.60215053763442 103.20430107526882 80.83870967741936 109.44086021505376 
631.6236559139785 661.6774193548387 74.86021505376344 104.91397849462365 113.68817204301075 143.74193548387098 
959.6774193548387 988.3333333333334 76.56989247311827 105.2258064516129 92.03225806451613 120.68817204301075 
671.6021505376344 698.5376344086021 77.41935483870968 104.35483870967742 103.39784946236558 130.33333333333334 
938.5913978494624 966.9247311827957 65.58064516129032 93.91397849462365 90.89247311827957 119.2258064516129 
723.6774193548387 752.7096774193549 73.02150537634408 102.05376344086021 109.19354838709677 138.2258064516129 
855.2043010752689 883.1612903225806 61.13978494623656 89.09677419354838 94.0752688172043 122.03225806451613 
957.4731182795699 984.7849462365591 63.634408602150536 90.94623655913979 88.51612903225806 115.82795698924731 
758.989247311828 786.1935483870968 72.9247311827957 100.12903225806451 80.50537634408602 107.70967741935483 
777.6344086021505 803.8172043010753 68.95698924731182 95.13978494623656 79.3225806451613 105.50537634408602 
680.2258064516129 708.0215053763441 88.21505376344086 116.01075268817205 91.94623655913979 119.74193548387096 
834.516129032258 861.7741935483871 82.45161290322581 109.70967741935483 106.27956989247312 133.53763440860214 
688.505376344086 715.6559139784946 72.54838709677419 99.6989247311828 99.50537634408602 126.65591397849462 
822.6451612903226 850.8172043010753 80.53763440860214 108.70967741935483 107.43010752688173 135.6021505376344 
650.5698924731183 679.2795698924731 65.43010752688173 94.13978494623656 90.51612903225806 119.2258064516129 
947.0537634408602 975.2258064516129 73.17204301075269 101.34408602150538 90.9247311827957 119.09677419354838 
548.5591397849462 576.1397849462365 71.11827956989248 98.6989247311828 84.3010752688172 111.88172043010752 
968.3870967741935 997.0430107526881 65.41935483870968 94.0752688172043 96.03225806451613 124.68817204301075 
692.7311827956989 719.6129032258065 85.65591397849462 112.53763440860214 79.12903225806451 106.01075268817205 
840.0537634408602 868.1720430107526 72.2258064516129 100.34408602150538 104.93548387096774 133.05376344086022 
908.6344086021505 936.2688172043011 81.58064516129032 109.21505376344086 117.73118279569893 145.36559139784947 
678.2150537634409 706.4408602150538 69.08602150537635 97.31182795698925 85.46236559139786 113.68817204301075 
865.0537634408602 894.8387096774194 78.44086021505376 108.2258064516129 82.60215053763442 112.38709677419355 
845.7096774193549 872.6451612903226 68.09677419354838 95.03225806451613 72.41935483870968 99.35483870967742 
707.0 735.4408602150538 72.97849462365592 101.41935483870968 93.52688172043011 121.96774193548387 
708.741935483871 736.1075268817204 74.08602150537635 101.45161290322581 85.16129032258064 112.52688172043011 
1026.1075268817203 1054.6021505376343 84.0752688172043 112.56989247311827 90.39784946236558 118.89247311827957 
907.9569892473119 935.0537634408602 71.88172043010752 98.97849462365592 71.55913978494624 98.65591397849462 
802.7096774193549 828.6774193548387 66.36559139784946 92.33333333333333 87.66666666666667 113.63440860215054 
843.4623655913979 872.1182795698925 74.19354838709677 102.84946236559139 92.95698924731182 121.61290322580645 
721.1290322580645 750.4301075268817 77.25806451612904 106.55913978494624 76.24731182795699 105.54838709677419 
804.0322580645161 831.5591397849462 77.18279569892474 104.70967741935483 70.81720430107526 98.34408602150538 
969.5913978494624 998.6236559139785 65.39784946236558 94.43010752688173 93.87096774193549 122.90322580645162 
754.1935483870968 780.8064516129032 76.91397849462365 103.52688172043011 87.03225806451613 113.64516129032258 
710.5376344086021 738.1182795698925 75.3763440860215 102.95698924731182 86.74193548387096 114.3225806451613 
807.9139784946236 836.7849462365591 77.35483870967742 106.2258064516129 101.97849462365592 130.8494623655914 
726.3548387096774 754.6881720430108 72.93548387096774 101.26881720430107 79.19354838709677 107.52688172043011 
456.7204301075269 483.06451612903226 77.26881720430107 103.61290322580645 77.78494623655914 104.12903225806451 
901.9462365591398 931.3548387096774 74.51612903225806 103.9247311827957 76.47311827956989 105.88172043010752 
730.7311827956989 758.1505376344086 75.82795698924731 103.24731182795699 92.06451612903226 119.48387096774194 
657.5591397849462 684.3870967741935 78.05376344086021 104.88172043010752 111.54838709677419 138.3763440860215 
