568.7738095238095 596.75 68.46428571428571 96.44047619047619 72.20238095238095 100.17857142857143 
436.54761904761904 464.5833333333333 81.39285714285714 109.42857142857143 97.92857142857143 125.96428571428571 
669.3690476190476 698.3571428571429 64.85714285714286 93.8452380952381 68.44047619047619 97.42857142857143 
619.2738095238095 648.0238095238095 68.07142857142857 96.82142857142857 99.72619047619048 128.47619047619048 
448.79761904761904 475.9404761904762 66.05952380952381 93.20238095238095 83.44047619047619 110.58333333333333 
690.8809523809524 717.8452380952381 67.13095238095238 94.0952380952381 87.63095238095238 114.5952380952381 
582.0952380952381 612.3333333333334 71.6547619047619 101.89285714285714 77.38095238095238 107.61904761904762 
687.8571428571429 716.1904761904761 69.78571428571429 98.11904761904762 85.92857142857143 114.26190476190476 
834.6547619047619 862.9880952380952 74.0952380952381 102.42857142857143 84.05952380952381 112.39285714285714 
694.1547619047619 720.1666666666666 77.76190476190476 103.77380952380952 91.8452380952381 117.85714285714286 
526.7142857142857 553.9761904761905 73.42857142857143 100.69047619047619 81.63095238095238 108.89285714285714 
637.6428571428571 666.6904761904761 68.64285714285714 97.69047619047619 69.28571428571429 98.33333333333333 
429.20238095238096 457.7738095238095 58.54761904761905 87.11904761904762 71.0952380952381 99.66666666666667 
677.8095238095239 705.7261904761905 68.63095238095238 96.54761904761905 73.86904761904762 101.78571428571429 
509.5 536.4047619047619 68.54761904761905 95.45238095238095 80.30952380952381 107.21428571428571 
407.4166666666667 435.2142857142857 77.20238095238095 105.0 88.35714285714286 116.1547619047619 
783.3333333333334 811.7261904761905 78.46428571428571 106.85714285714286 79.27380952380952 107.66666666666667 
854.7738095238095 883.1666666666666 79.91666666666667 108.30952380952381 121.61904761904762 150.01190476190476 
730.3809523809524 760.6190476190476 63.892857142857146 94.13095238095238 85.46428571428571 115.70238095238095 
661.75 690.3214285714286 72.02380952380952 100.5952380952381 78.70238095238095 107.27380952380952 
504.0238095238095 533.1309523809524 80.27380952380952 109.38095238095238 101.44047619047619 130.54761904761904 
568.2738095238095 596.8452380952381 67.79761904761905 96.36904761904762 70.78571428571429 99.35714285714286 
615.3809523809524 642.5238095238095 60.26190476190476 87.4047619047619 74.14285714285714 101.28571428571429 
557.1071428571429 586.6309523809524 70.45238095238095 99.97619047619048 79.66666666666667 109.19047619047619 
510.01190476190476 536.797619047619 67.5952380952381 94.38095238095238 65.6547619047619 92.44047619047619 
591.0714285714286 619.9404761904761 65.30952380952381 94.17857142857143 73.97619047619048 102.8452380952381 
558.0952380952381 585.8928571428571 75.19047619047619 102.98809523809524 84.45238095238095 112.25 
720.5238095238095 749.8690476190476 75.71428571428571 105.05952380952381 103.36904761904762 132.71428571428572 
440.0833333333333 469.48809523809524 62.035714285714285 91.44047619047619 66.17857142857143 95.58333333333333 
625.0238095238095 653.6547619047619 66.8452380952381 95.47619047619048 87.23809523809524 115.86904761904762 
449.9166666666667 477.0 67.17857142857143 94.26190476190476 72.75 99.83333333333333 
508.8690476190476 537.2619047619048 67.07142857142857 95.46428571428571 84.54761904761905 112.94047619047619 
786.1666666666666 814.9166666666666 70.60714285714286 99.35714285714286 83.70238095238095 112.45238095238095 
642.3333333333334 669.6547619047619 65.38095238095238 92.70238095238095 75.67857142857143 103.0 
484.7857142857143 512.4642857142857 64.95238095238095 92.63095238095238 83.19047619047619 110.86904761904762 
549.7142857142857 580.1904761904761 66.98809523809524 97.46428571428571 81.55952380952381 112.03571428571429 
766.9166666666666 796.6190476190476 71.85714285714286 101.55952380952381 79.20238095238095 108.9047619047619 
722.952380952381 752.0 70.9047619047619 99.95238095238095 88.77380952380952 117.82142857142857 
386.5238095238095 414.20238095238096 65.98809523809524 93.66666666666667 74.52380952380952 102.20238095238095 
416.6190476190476 444.7142857142857 74.16666666666667 102.26190476190476 75.82142857142857 103.91666666666667 
542.1190476190476 569.1428571428571 68.13095238095238 95.1547619047619 78.6547619047619 105.67857142857143 
641.4404761904761 669.1785714285714 61.73809523809524 89.47619047619048 86.89285714285714 114.63095238095238 
627.6547619047619 655.0357142857143 72.42857142857143 99.80952380952381 69.55952380952381 96.94047619047619 
403.5357142857143 431.45238095238096 69.20238095238095 97.11904761904762 78.92857142857143 106.8452380952381 
605.1547619047619 633.7857142857143 76.51190476190476 105.14285714285714 105.45238095238095 134.08333333333334 
659.5357142857143 686.5 68.61904761904762 95.58333333333333 96.53571428571429 123.5 
604.0833333333334 632.1785714285714 74.61904761904762 102.71428571428571 82.11904761904762 110.21428571428571 
488.92857142857144 517.4404761904761 62.083333333333336 90.5952380952381 87.30952380952381 115.82142857142857 
688.8690476190476 717.3214285714286 73.25 101.70238095238095 96.41666666666667 124.86904761904762 
648.1309523809524 676.3452380952381 67.80952380952381 96.02380952380952 106.42857142857143 134.64285714285714 
