3612.6076555023924 3640.3827751196172 170.85167464114832 198.6267942583732 264.4976076555024 292.27272727272725 
4237.344497607655 4265.741626794258 210.22488038277513 238.62200956937798 394.25837320574163 422.6555023923445 
3667.2105263157896 3695.224880382775 237.5071770334928 265.52153110047846 405.17703349282294 433.1913875598086 
3923.913875598086 3952.4306220095696 218.13397129186603 246.65071770334927 347.8133971291866 376.33014354066984 
4367.511961722488 4396.985645933014 186.61244019138755 216.08612440191388 387.6794258373206 417.1531100478469 
3465.751196172249 3492.5693779904304 185.70813397129186 212.52631578947367 320.79904306220095 347.61722488038276 
3812.373205741627 3839.956937799043 245.85167464114832 273.4354066985646 351.82296650717706 379.4066985645933 
3810.1626794258373 3837.937799043062 192.0956937799043 219.87081339712918 452.9617224880383 480.7368421052632 
3863.315789473684 3891.9282296650717 213.06698564593302 241.67942583732057 387.2631578947368 415.8755980861244 
3890.334928229665 3918.5406698564593 146.55980861244018 174.76555023923444 355.0956937799043 383.30143540669854 
4004.7655502392345 4033.1387559808613 211.8755980861244 240.2488038277512 421.29665071770336 449.66985645933016 
3904.8612440191387 3934.0478468899523 244.19138755980862 273.377990430622 374.98086124401914 404.1674641148325 
3998.2105263157896 4027.0143540669856 287.20574162679424 316.00956937799043 472.2535885167464 501.0574162679426 
4147.377990430622 4176.9473684210525 245.3444976076555 274.9138755980861 414.6267942583732 444.1961722488038 
3825.5215311004786 3853.44019138756 230.11004784688996 258.0287081339713 353.63157894736844 381.55023923444975 
4070.3301435406697 4098.775119617225 217.0334928229665 245.47846889952154 431.98086124401914 460.42583732057415 
4115.722488038277 4144.095693779905 233.2822966507177 261.6555023923445 318.61722488038276 346.99043062200957 
3968.799043062201 3997.33971291866 260.8325358851675 289.3732057416268 320.64114832535887 349.1818181818182 
4030.598086124402 4058.157894736842 202.57894736842104 230.13875598086125 418.22966507177034 445.7894736842105 
3898.3827751196172 3925.6315789473683 240.11004784688996 267.35885167464113 364.1961722488038 391.444976076555 
3956.813397129187 3986.5741626794256 228.32535885167465 258.0861244019139 331.2870813397129 361.04784688995215 
4069.5263157894738 4098.425837320574 242.68421052631578 271.5837320574163 262.3732057416268 291.27272727272725 
3846.55980861244 3874.7894736842104 202.11004784688996 230.3397129186603 320.7464114832536 348.97607655502395 
4064.913875598086 4093.813397129187 249.83732057416267 278.7368421052632 493.45454545454544 522.3540669856459 
4295.44019138756 4324.124401913876 313.0047846889952 341.688995215311 443.55023923444975 472.23444976076553 
3850.870813397129 3878.645933014354 235.74641148325358 263.52153110047846 346.73205741626793 374.50717703349284 
3648.531100478469 3675.5645933014353 249.3732057416268 276.4066985645933 343.67464114832535 370.7081339712919 
3972.1387559808613 4000.535885167464 264.311004784689 292.7081339712919 367.61722488038276 396.0143540669856 
4253.33014354067 4282.373205741626 331.60765550239233 360.6507177033493 356.3205741626794 385.3636363636364 
4107.732057416268 4137.995215311004 245.5071770334928 275.77033492822966 299.38277511961724 329.64593301435406 
4204.421052631579 4233.703349282297 187.32057416267943 216.60287081339712 418.3205741626794 447.60287081339715 
3848.6698564593303 3876.157894736842 257.8468899521531 285.3349282296651 355.53588516746413 383.02392344497605 
3841.267942583732 3868.373205741627 269.11483253588517 296.2200956937799 394.5933014354067 421.69856459330146 
3986.8995215311006 4015.2727272727275 233.1244019138756 261.4976076555024 305.20095693779905 333.57416267942585 
4137.239234449761 4167.0 151.87081339712918 181.6315789473684 363.7224880382775 393.48325358851673 
4082.1100478468898 4110.6746411483255 226.54545454545453 255.11004784688996 349.21531100478467 377.7799043062201 
3938.090909090909 3966.535885167464 246.44497607655504 274.8899521531101 322.42105263157896 350.86602870813397 
3755.7464114832537 3783.688995215311 193.47846889952154 221.42105263157896 282.8038277511962 310.7464114832536 
3902.062200956938 3930.866028708134 198.02392344497608 226.82775119617224 402.8038277511962 431.60765550239233 
3853.215311004785 3880.9425837320573 175.66985645933013 203.39712918660288 309.555023923445 337.2822966507177 
3910.7368421052633 3938.7272727272725 299.2918660287081 327.2822966507177 423.10526315789474 451.0956937799043 
3890.55980861244 3919.602870813397 212.20095693779905 241.244019138756 361.82775119617224 390.8708133971292 
4268.028708133971 4297.55023923445 242.8133971291866 272.3349282296651 353.2200956937799 382.74162679425837 
4227.722488038277 4256.334928229665 215.4688995215311 244.08133971291866 389.85167464114835 418.46411483253587 
3907.373205741627 3936.3444976076553 303.77033492822966 332.74162679425837 430.1244019138756 459.0956937799043 
3940.492822966507 3968.33971291866 173.78947368421052 201.63636363636363 296.7368421052632 324.5837320574163 
3801.028708133971 3829.066985645933 233.688995215311 261.72727272727275 397.0334928229665 425.0717703349282 
3625.5789473684213 3652.4210526315787 251.04784688995215 277.8899521531101 410.48325358851673 437.32535885167465 
3986.373205741627 4014.913875598086 305.2918660287081 333.8325358851675 386.5406698564593 415.08133971291863 
4086.129186602871 4114.287081339713 207.89473684210526 236.05263157894737 326.72727272727275 354.88516746411483 
