441.0869565217391 470.07246376811594 64.55072463768116 93.53623188405797 67.17391304347827 96.15942028985508 
168.0 196.1159420289855 70.17391304347827 98.28985507246377 68.20289855072464 96.31884057971014 
309.59420289855075 339.15942028985506 61.028985507246375 90.59420289855072 63.65217391304348 93.21739130434783 
373.42028985507244 401.463768115942 64.33333333333333 92.3768115942029 62.130434782608695 90.17391304347827 
391.92753623188406 421.5652173913044 62.94202898550725 92.57971014492753 56.507246376811594 86.14492753623189 
297.6666666666667 323.7536231884058 59.57971014492754 85.66666666666667 71.10144927536231 97.18840579710145 
169.85507246376812 199.2753623188406 59.028985507246375 88.44927536231884 68.6231884057971 98.04347826086956 
159.2463768115942 185.6231884057971 64.53623188405797 90.91304347826087 56.65217391304348 83.02898550724638 
329.231884057971 356.1159420289855 65.78260869565217 92.66666666666667 64.17391304347827 91.05797101449275 
184.6231884057971 213.31884057971016 66.52173913043478 95.21739130434783 59.18840579710145 87.8840579710145 
329.42028985507244 358.9855072463768 70.43478260869566 100.0 61.072463768115945 90.6376811594203 
141.81159420289856 168.84057971014494 56.028985507246375 83.05797101449275 57.14492753623188 84.17391304347827 
217.3913043478261 246.44927536231884 68.08695652173913 97.14492753623189 60.84057971014493 89.89855072463769 
332.9710144927536 362.1014492753623 55.20289855072464 84.33333333333333 68.92753623188406 98.05797101449275 
202.42028985507247 229.59420289855072 64.10144927536231 91.27536231884058 70.76811594202898 97.94202898550725 
334.60869565217394 363.0144927536232 51.20289855072464 79.6086956521739 62.44927536231884 90.85507246376811 
197.43478260869566 226.34782608695653 52.53623188405797 81.44927536231884 68.85507246376811 97.76811594202898 
221.95652173913044 249.4927536231884 61.63768115942029 89.17391304347827 68.6086956521739 96.14492753623189 
165.31884057971016 193.36231884057972 62.666666666666664 90.71014492753623 62.72463768115942 90.76811594202898 
284.2028985507246 313.40579710144925 52.05797101449275 81.26086956521739 66.04347826086956 95.2463768115942 
362.231884057971 391.94202898550725 70.28985507246377 100.0 89.15942028985508 118.8695652173913 
220.1014492753623 250.53623188405797 68.4927536231884 98.92753623188406 76.21739130434783 106.65217391304348 
212.97101449275362 239.56521739130434 65.81159420289855 92.40579710144928 70.73913043478261 97.33333333333333 
279.59420289855075 304.6666666666667 55.10144927536232 80.17391304347827 58.72463768115942 83.79710144927536 
141.84057971014494 168.57971014492753 66.85507246376811 93.59420289855072 66.3768115942029 93.1159420289855 
314.69565217391306 343.39130434782606 70.4927536231884 99.18840579710145 75.66666666666667 104.3623188405797 
187.95652173913044 214.55072463768116 62.26086956521739 88.85507246376811 53.94202898550725 80.53623188405797 
208.69565217391303 238.2608695652174 68.85507246376811 98.42028985507247 71.98550724637681 101.55072463768116 
461.768115942029 491.18840579710144 61.44927536231884 90.8695652173913 59.14492753623188 88.56521739130434 
202.0 230.18840579710144 57.10144927536232 85.28985507246377 63.0 91.18840579710145 
203.95652173913044 233.0144927536232 57.63768115942029 86.69565217391305 56.666666666666664 85.72463768115942 
248.66666666666666 277.0 59.72463768115942 88.05797101449275 58.6231884057971 86.95652173913044 
176.1304347826087 205.04347826086956 60.14492753623188 89.05797101449275 56.608695652173914 85.52173913043478 
178.1159420289855 203.91304347826087 75.18840579710145 100.98550724637681 64.72463768115942 90.52173913043478 
171.95652173913044 198.33333333333334 59.88405797101449 86.26086956521739 53.78260869565217 80.15942028985508 
298.3333333333333 326.3768115942029 71.8840579710145 99.92753623188406 69.07246376811594 97.1159420289855 
356.5072463768116 386.0 67.14492753623189 96.6376811594203 80.68115942028986 110.17391304347827 
317.7391304347826 347.30434782608694 56.55072463768116 86.1159420289855 71.81159420289855 101.3768115942029 
182.2173913043478 209.2463768115942 67.5072463768116 94.53623188405797 54.30434782608695 81.33333333333333 
223.91304347826087 252.68115942028984 62.26086956521739 91.02898550724638 67.7536231884058 96.52173913043478 
224.05797101449275 254.71014492753622 78.26086956521739 108.91304347826087 88.20289855072464 118.85507246376811 
284.9855072463768 313.7536231884058 70.6376811594203 99.40579710144928 57.0 85.76811594202898 
310.2463768115942 340.17391304347825 55.3768115942029 85.30434782608695 67.27536231884058 97.20289855072464 
202.52173913043478 229.768115942029 66.7536231884058 94.0 66.97101449275362 94.21739130434783 
286.30434782608694 314.5652173913044 61.0 89.26086956521739 63.7536231884058 92.01449275362319 
176.15942028985506 204.20289855072463 56.10144927536232 84.14492753623189 66.82608695652173 94.8695652173913 
188.04347826086956 216.81159420289856 74.15942028985508 102.92753623188406 68.56521739130434 97.33333333333333 
290.231884057971 319.28985507246375 61.608695652173914 90.66666666666667 77.04347826086956 106.10144927536231 
276.1014492753623 302.1159420289855 58.072463768115945 84.08695652173913 48.666666666666664 74.68115942028986 
285.2173913043478 311.5217391304348 59.130434782608695 85.43478260869566 62.36231884057971 88.66666666666667 
