4728.350649350649 4756.727272727273 266.64935064935065 295.02597402597405 491.8787878787879 520.2554112554112 
4310.484848484848 4338.060606060606 280.008658008658 307.5844155844156 408.68831168831167 436.2640692640693 
4728.017316017316 4756.480519480519 372.969696969697 401.43290043290045 581.3722943722944 609.8354978354978 
4480.683982683982 4508.38961038961 334.5887445887446 362.2943722943723 657.025974025974 684.7316017316017 
4565.168831168831 4593.025974025974 347.38961038961037 375.24675324675326 461.64069264069263 489.4978354978355 
4682.653679653679 4710.900432900433 436.35930735930737 464.6060606060606 587.8701298701299 616.1168831168832 
4657.69264069264 4685.831168831169 285.54112554112555 313.67965367965365 594.987012987013 623.1255411255411 
4376.761904761905 4404.792207792208 420.1818181818182 448.2121212121212 651.5454545454545 679.5757575757576 
4524.398268398269 4553.034632034632 396.65800865800867 425.2943722943723 546.0649350649351 574.7012987012987 
4416.229437229437 4443.372294372294 227.4805194805195 254.62337662337663 381.05627705627705 408.1991341991342 
4827.831168831169 4856.099567099567 325.3073593073593 353.57575757575756 442.7445887445887 471.012987012987 
4529.658008658009 4558.532467532467 355.004329004329 383.8787878787879 493.9220779220779 522.7965367965368 
4600.051948051948 4628.558441558442 258.61471861471864 287.1212121212121 428.9047619047619 457.4112554112554 
4582.95670995671 4611.030303030303 311.2077922077922 339.28138528138527 539.3852813852814 567.4588744588744 
4709.212121212121 4737.82683982684 296.7878787878788 325.4025974025974 541.0952380952381 569.7099567099567 
4427.614718614718 4456.575757575758 381.57142857142856 410.53246753246754 600.7965367965368 629.7575757575758 
4545.558441558442 4574.4329004329 465.965367965368 494.83982683982686 482.5064935064935 511.3809523809524 
4609.8441558441555 4639.411255411255 344.72727272727275 374.2943722943723 544.021645021645 573.5887445887446 
4457.363636363636 4485.588744588745 326.4848484848485 354.7099567099567 394.7878787878788 423.012987012987 
4911.385281385282 4940.735930735931 388.9307359307359 418.28138528138527 510.6277056277056 539.978354978355 
4672.554112554112 4700.476190476191 359.4978354978355 387.4199134199134 595.3896103896104 623.3116883116883 
4878.7532467532465 4907.454545454545 351.3333333333333 380.034632034632 577.6926406926407 606.3939393939394 
4595.1558441558445 4623.510822510822 331.5108225108225 359.86580086580085 399.3333333333333 427.68831168831167 
4680.38961038961 4708.398268398269 370.2597402597403 398.26839826839824 524.7402597402597 552.7489177489177 
4736.168831168831 4765.021645021645 240.1082251082251 268.961038961039 379.5238095238095 408.3766233766234 
4382.770562770563 4411.147186147186 391.4025974025974 419.7792207792208 678.2467532467532 706.6233766233767 
4662.30303030303 4690.917748917749 375.8831168831169 404.4978354978355 472.3679653679654 500.98268398268397 
4562.25974025974 4590.744588744588 376.2987012987013 404.7835497835498 406.3073593073593 434.7922077922078 
4507.8138528138525 4535.952380952381 281.12554112554113 309.2640692640693 350.34632034632034 378.4848484848485 
4496.709956709957 4524.69696969697 227.72727272727272 255.71428571428572 389.6753246753247 417.6623376623377 
4455.190476190476 4484.2164502164505 312.86580086580085 341.8917748917749 411.4458874458874 440.4718614718615 
4854.060606060606 4883.2164502164505 371.3290043290043 400.4848484848485 644.3852813852814 673.5411255411256 
4130.528138528139 4158.298701298701 252.03896103896105 279.8095238095238 329.85714285714283 357.6277056277056 
4616.675324675325 4646.5670995671 356.008658008658 385.9004329004329 477.95238095238096 507.84415584415586 
4593.320346320346 4621.30735930736 412.4155844155844 440.4025974025974 527.4545454545455 555.4415584415584 
4601.385281385282 4629.112554112554 439.8181818181818 467.54545454545456 618.939393939394 646.6666666666666 
4234.718614718615 4261.9047619047615 253.25541125541125 280.4415584415584 358.030303030303 385.2164502164502 
4820.519480519481 4849.285714285715 333.6320346320346 362.3982683982684 391.6233766233766 420.38961038961037 
4486.4329004329 4515.458874458875 395.53679653679654 424.56277056277054 591.6493506493506 620.6753246753246 
4641.800865800866 4669.441558441558 490.1082251082251 517.7489177489177 555.069264069264 582.7099567099567 
4480.748917748918 4508.779220779221 375.45021645021643 403.4805194805195 457.3073593073593 485.3376623376623 
4496.411255411255 4523.943722943723 378.04761904761904 405.5800865800866 478.42424242424244 505.95670995671 
4461.04329004329 4489.614718614718 306.87012987012986 335.4415584415584 386.7792207792208 415.35064935064935 
4739.112554112554 4767.705627705628 348.6320346320346 377.2251082251082 592.1212121212121 620.7142857142857 
4606.471861471861 4634.761904761905 299.5281385281385 327.8181818181818 364.54545454545456 392.83549783549785 
4427.056277056277 4455.2164502164505 371.1125541125541 399.27272727272725 500.84415584415586 529.004329004329 
4530.134199134199 4558.056277056277 415.9004329004329 443.8225108225108 525.6969696969697 553.6190476190476 
4782.367965367966 4811.112554112554 295.004329004329 323.74891774891773 452.8225108225108 481.56709956709955 
4490.255411255412 4518.329004329004 262.6233766233766 290.6969696969697 496.1212121212121 524.1948051948052 
4534.4329004329 4563.480519480519 367.64069264069263 396.68831168831167 535.3203463203463 564.3679653679653 
