2289.5555555555557 2318.0625 98.03472222222223 126.54166666666667 143.86111111111111 172.36805555555554 
2251.8680555555557 2279.6111111111113 107.88888888888889 135.63194444444446 145.76388888888889 173.50694444444446 
2048.125 2076.597222222222 106.83333333333333 135.30555555555554 147.22222222222223 175.69444444444446 
2365.0833333333335 2395.7083333333335 136.94444444444446 167.56944444444446 171.76388888888889 202.38888888888889 
2083.4375 2111.840277777778 128.81944444444446 157.22222222222223 153.09027777777777 181.49305555555554 
2186.5625 2214.4444444444443 97.24305555555556 125.125 150.59027777777777 178.47222222222223 
2129.222222222222 2157.2083333333335 125.55555555555556 153.54166666666666 136.375 164.36111111111111 
2273.715277777778 2302.8819444444443 97.54861111111111 126.71527777777777 139.61805555555554 168.78472222222223 
2368.3680555555557 2397.9861111111113 93.58333333333333 123.20138888888889 148.09027777777777 177.70833333333334 
2010.2916666666667 2039.3541666666667 112.17361111111111 141.23611111111111 146.54166666666666 175.60416666666666 
2140.0 2168.125 106.14583333333333 134.27083333333334 149.93055555555554 178.05555555555554 
2046.3541666666667 2072.3958333333335 93.14583333333333 119.1875 135.72916666666666 161.77083333333334 
2275.7013888888887 2304.6944444444443 95.35416666666667 124.34722222222223 154.9375 183.93055555555554 
1942.2847222222222 1970.7569444444443 103.38888888888889 131.86111111111111 149.22916666666666 177.70138888888889 
2118.7083333333335 2147.1805555555557 101.57638888888889 130.04861111111111 143.36111111111111 171.83333333333334 
2233.3055555555557 2262.784722222222 99.95138888888889 129.43055555555554 150.66666666666666 180.14583333333334 
2187.7083333333335 2216.4583333333335 116.89583333333333 145.64583333333334 167.86805555555554 196.61805555555554 
2348.5208333333335 2376.715277777778 94.82638888888889 123.02083333333333 160.06944444444446 188.26388888888889 
2248.8333333333335 2276.6111111111113 113.73611111111111 141.51388888888889 169.875 197.65277777777777 
2281.6458333333335 2310.1875 110.59722222222223 139.13888888888889 167.20138888888889 195.74305555555554 
1984.4166666666667 2013.375 115.71527777777777 144.67361111111111 142.125 171.08333333333334 
2081.8958333333335 2109.3611111111113 100.29166666666667 127.75694444444444 147.10416666666666 174.56944444444446 
2206.5486111111113 2234.777777777778 103.58333333333333 131.8125 146.0625 174.29166666666666 
2203.9305555555557 2231.222222222222 97.53472222222223 124.82638888888889 160.52777777777777 187.81944444444446 
2368.840277777778 2398.1805555555557 98.40277777777777 127.74305555555556 170.22916666666666 199.56944444444446 
2177.2361111111113 2205.7083333333335 103.49305555555556 131.96527777777777 184.09722222222223 212.56944444444446 
2248.909722222222 2278.3888888888887 99.70138888888889 129.18055555555554 181.92361111111111 211.40277777777777 
1960.4375 1988.6666666666667 90.18055555555556 118.40972222222223 127.47916666666667 155.70833333333334 
2308.1666666666665 2336.0833333333335 114.88888888888889 142.80555555555554 135.08333333333334 163.0 
2131.3333333333335 2160.3958333333335 107.92361111111111 136.98611111111111 180.01388888888889 209.07638888888889 
2275.8819444444443 2304.9444444444443 96.47916666666667 125.54166666666667 148.3125 177.375 
2210.8680555555557 2239.3055555555557 83.05555555555556 111.49305555555556 167.46527777777777 195.90277777777777 
2021.7847222222222 2049.7708333333335 110.29166666666667 138.27777777777777 127.89583333333333 155.88194444444446 
2201.347222222222 2229.8541666666665 104.51388888888889 133.02083333333334 152.52777777777777 181.03472222222223 
2057.8333333333335 2085.1944444444443 121.49305555555556 148.85416666666666 136.30555555555554 163.66666666666666 
2343.875 2373.3888888888887 108.10416666666667 137.61805555555554 154.43055555555554 183.94444444444446 
1929.3125 1956.4305555555557 93.15972222222223 120.27777777777777 129.17361111111111 156.29166666666666 
2079.5694444444443 2107.9375 110.78472222222223 139.15277777777777 214.56944444444446 242.9375 
2213.847222222222 2241.1736111111113 126.125 153.45138888888889 131.25 158.57638888888889 
2436.0486111111113 2465.909722222222 114.90972222222223 144.77083333333334 152.29861111111111 182.15972222222223 
2045.861111111111 2074.090277777778 100.78472222222223 129.01388888888889 169.40277777777777 197.63194444444446 
2186.0486111111113 2214.590277777778 102.40972222222223 130.95138888888889 131.38194444444446 159.92361111111111 
2188.2708333333335 2215.215277777778 104.04861111111111 130.99305555555554 143.96527777777777 170.90972222222223 
2236.3958333333335 2264.972222222222 91.60416666666667 120.18055555555556 141.32638888888889 169.90277777777777 
2205.4444444444443 2233.9861111111113 98.66666666666667 127.20833333333333 164.51388888888889 193.05555555555554 
2189.1736111111113 2217.2291666666665 99.5625 127.61805555555556 168.6875 196.74305555555554 
2174.465277777778 2202.2083333333335 103.15972222222223 130.90277777777777 128.90972222222223 156.65277777777777 
2089.340277777778 2117.9513888888887 108.06944444444444 136.68055555555554 156.00694444444446 184.61805555555554 
2312.7361111111113 2341.2430555555557 99.46527777777777 127.97222222222223 159.88888888888889 188.39583333333334 
2090.340277777778 2117.4236111111113 120.77083333333333 147.85416666666666 151.03472222222223 178.11805555555554 
