3385.3513513513512 3413.7027027027025 200.13513513513513 228.48648648648648 284.18918918918916 312.5405405405405 
3161.3513513513512 3188.945945945946 153.54054054054055 181.13513513513513 221.8108108108108 249.40540540540542 
3143.7945945945944 3171.3621621621623 161.87567567567567 189.44324324324324 335.87567567567567 363.4432432432432 
3421.4108108108107 3450.7351351351354 232.43783783783783 261.76216216216216 385.54594594594596 414.8702702702703 
3185.2 3213.7405405405407 172.14594594594595 200.68648648648647 245.4972972972973 274.03783783783786 
3393.091891891892 3421.6594594594594 199.24324324324326 227.8108108108108 279.87567567567567 308.4432432432432 
3668.135135135135 3697.2972972972975 177.97297297297297 207.13513513513513 293.02702702702703 322.18918918918916 
3244.054054054054 3271.7837837837837 142.97297297297297 170.7027027027027 192.6216216216216 220.35135135135135 
3309.1027027027026 3337.8324324324326 182.2108108108108 210.94054054054055 277.8324324324324 306.56216216216217 
3323.7027027027025 3352.7837837837837 180.48648648648648 209.56756756756758 373.18918918918916 402.27027027027026 
3088.92972972973 3116.145945945946 141.4972972972973 168.7135135135135 228.47027027027028 255.68648648648647 
3320.4486486486485 3347.4756756756756 209.66486486486485 236.69189189189188 291.5027027027027 318.52972972972975 
3251.627027027027 3280.0594594594595 155.89729729729729 184.32972972972973 229.97837837837838 258.4108108108108 
3355.0864864864866 3383.654054054054 148.6810810810811 177.24864864864864 236.89729729729729 265.46486486486486 
3207.6486486486488 3235.5675675675675 146.27027027027026 174.1891891891892 276.05405405405406 303.97297297297297 
3233.6486486486488 3260.864864864865 167.56756756756758 194.78378378378378 317.6216216216216 344.8378378378378 
3440.6486486486488 3470.324324324324 159.07027027027027 188.74594594594595 285.05405405405406 314.72972972972974 
3248.7081081081083 3277.951351351351 148.1135135135135 177.35675675675677 259.65405405405403 288.8972972972973 
3262.210810810811 3290.7783783783784 170.7783783783784 199.34594594594594 389.2108108108108 417.77837837837836 
3390.7027027027025 3419.027027027027 180.51351351351352 208.83783783783784 247.9189189189189 276.2432432432432 
3627.048648648649 3655.9405405405405 149.5081081081081 178.4 219.72432432432433 248.61621621621623 
3337.7351351351354 3365.762162162162 183.67027027027027 211.6972972972973 340.24864864864867 368.2756756756757 
3247.437837837838 3275.2216216216216 142.70810810810812 170.4918918918919 199.7891891891892 227.57297297297296 
3106.8324324324326 3134.7243243243242 170.83243243243243 198.72432432432433 261.7243243243243 289.61621621621623 
2991.762162162162 3018.627027027027 148.6810810810811 175.54594594594596 235.95135135135135 262.8162162162162 
2830.118918918919 2856.4972972972973 157.63243243243244 184.01081081081082 247.6054054054054 273.9837837837838 
3637.675675675676 3666.5675675675675 208.1081081081081 237.0 311.7567567567568 340.64864864864865 
3340.2864864864864 3368.881081081081 154.98918918918918 183.5837837837838 312.04324324324324 340.6378378378378 
3244.281081081081 3271.9837837837836 191.17297297297299 218.87567567567567 251.87567567567567 279.5783783783784 
2971.0972972972972 2998.8 145.42162162162163 173.12432432432433 253.0162162162162 280.7189189189189 
3343.1567567567567 3371.9945945945947 185.75135135135136 214.5891891891892 219.72432432432433 248.56216216216217 
3149.8702702702703 3178.2756756756758 155.76216216216216 184.16756756756757 288.97837837837835 317.38378378378377 
3414.4702702702702 3443.3351351351353 163.65945945945947 192.5243243243243 201.95675675675676 230.82162162162163 
3295.0864864864866 3322.9783783783782 154.65405405405406 182.54594594594596 277.0054054054054 304.8972972972973 
3370.2972972972975 3399.5945945945946 129.75675675675674 159.05405405405406 310.3783783783784 339.6756756756757 
3328.1405405405403 3357.5459459459457 140.4108108108108 169.81621621621622 192.4918918918919 221.89729729729729 
3063.837837837838 3091.4864864864867 163.45945945945945 191.1081081081081 247.8108108108108 275.4594594594595 
3071.675675675676 3100.2702702702704 192.32972972972973 220.92432432432432 271.2162162162162 299.81081081081084 
3361.518918918919 3389.9243243243245 141.87027027027028 170.27567567567567 290.62702702702705 319.0324324324324 
3476.4324324324325 3505.864864864865 156.13513513513513 185.56756756756758 310.72972972972974 340.1621621621622 
3079.745945945946 3108.0162162162164 175.3945945945946 203.66486486486485 212.74594594594595 241.0162162162162 
3360.8432432432433 3389.0324324324324 167.46486486486486 195.65405405405406 246.97837837837838 275.1675675675676 
2973.162162162162 3000.3783783783783 187.05405405405406 214.27027027027026 314.3783783783784 341.5945945945946 
3390.2756756756758 3419.681081081081 185.76216216216216 215.16756756756757 316.5189189189189 345.92432432432435 
3029.951351351351 3057.4108108108107 159.73513513513512 187.1945945945946 236.1945945945946 263.65405405405403 
3267.4972972972973 3294.6594594594594 188.4162162162162 215.57837837837837 349.25405405405405 376.41621621621624 
3443.9783783783782 3474.4108108108107 209.76216216216216 240.1945945945946 311.1945945945946 341.62702702702705 
3356.427027027027 3385.183783783784 192.18378378378378 220.94054054054055 257.37297297297295 286.1297297297297 
3607.1297297297297 3634.6432432432434 201.29189189189188 228.8054054054054 272.2918918918919 299.8054054054054 
3195.091891891892 3222.145945945946 116.76756756756757 143.82162162162163 256.6864864864865 283.74054054054056 
