462.5542168674699 492.73493975903614 73.62650602409639 103.80722891566265 90.65060240963855 120.83132530120481 
502.8433734939759 530.6746987951807 66.67469879518072 94.50602409638554 76.81927710843374 104.65060240963855 
481.855421686747 508.72289156626505 70.21686746987952 97.08433734939759 70.2289156626506 97.09638554216868 
663.8674698795181 693.0843373493976 68.7710843373494 97.98795180722891 78.36144578313252 107.57831325301204 
714.3493975903615 744.0481927710844 72.09638554216868 101.79518072289157 73.44578313253012 103.144578313253 
779.1686746987951 806.7590361445783 69.32530120481928 96.91566265060241 87.48192771084338 115.07228915662651 
590.9156626506024 619.5903614457832 77.78313253012048 106.4578313253012 86.01204819277109 114.6867469879518 
551.8915662650602 578.6385542168674 67.75903614457832 94.50602409638554 76.95180722891567 103.6987951807229 
590.7349397590361 618.9879518072289 67.4578313253012 95.71084337349397 78.24096385542168 106.49397590361446 
506.87951807228916 534.4698795180723 68.43373493975903 96.02409638554217 85.33734939759036 112.92771084337349 
768.8192771084338 796.6506024096385 81.71084337349397 109.5421686746988 95.4578313253012 123.28915662650603 
528.4939759036145 557.1686746987951 68.75903614457832 97.43373493975903 65.16867469879519 93.8433734939759 
697.855421686747 727.1325301204819 72.71084337349397 101.98795180722891 107.02409638554217 136.3012048192771 
638.4578313253012 668.277108433735 73.78313253012048 103.60240963855422 71.53012048192771 101.34939759036145 
428.5542168674699 456.7469879518072 69.96385542168674 98.1566265060241 90.95180722891567 119.144578313253 
409.9759036144578 437.3855421686747 68.87951807228916 96.28915662650603 85.37349397590361 112.78313253012048 
478.56626506024094 506.2168674698795 74.46987951807229 102.12048192771084 84.89156626506023 112.5421686746988 
541.8674698795181 570.2409638554217 82.48192771084338 110.855421686747 95.08433734939759 123.4578313253012 
404.7590361445783 432.5301204819277 78.98795180722891 106.75903614457832 93.6144578313253 121.3855421686747 
591.0481927710844 618.277108433735 67.6987951807229 94.92771084337349 91.7710843373494 119.0 
596.144578313253 625.0 71.73493975903614 100.59036144578313 75.855421686747 104.71084337349397 
677.156626506024 706.855421686747 72.3012048192771 102.0 93.8433734939759 123.5421686746988 
336.4698795180723 363.87951807228916 73.3132530120482 100.72289156626506 93.0 120.40963855421687 
464.04819277108436 492.7831325301205 73.5421686746988 102.27710843373494 79.37349397590361 108.10843373493977 
834.144578313253 863.3614457831326 61.01204819277108 90.2289156626506 86.19277108433735 115.40963855421687 
449.04819277108436 477.96385542168673 69.81927710843374 98.73493975903614 91.87951807228916 120.79518072289157 
709.8795180722891 738.855421686747 60.80722891566265 89.78313253012048 78.37349397590361 107.34939759036145 
529.1325301204819 558.5903614457832 73.6987951807229 103.1566265060241 76.32530120481928 105.78313253012048 
663.7349397590361 691.6265060240963 84.32530120481928 112.21686746987952 88.06024096385542 115.95180722891567 
708.9518072289156 738.5903614457832 69.08433734939759 98.72289156626506 85.63855421686748 115.27710843373494 
681.1325301204819 711.3132530120482 70.26506024096386 100.44578313253012 91.57831325301204 121.75903614457832 
512.289156626506 542.0481927710844 75.87951807228916 105.63855421686748 76.32530120481928 106.08433734939759 
507.51807228915663 536.2530120481928 67.5421686746988 96.27710843373494 71.18072289156626 99.91566265060241 
664.7951807228916 693.3493975903615 65.5421686746988 94.09638554216868 91.53012048192771 120.08433734939759 
578.2650602409639 608.2650602409639 65.7710843373494 95.7710843373494 81.32530120481928 111.32530120481928 
527.8795180722891 554.4457831325301 66.39759036144578 92.96385542168674 83.01204819277109 109.57831325301204 
645.6626506024096 673.1927710843373 71.97590361445783 99.50602409638554 84.32530120481928 111.855421686747 
493.2168674698795 521.1084337349398 64.48192771084338 92.37349397590361 72.10843373493977 100.0 
473.73493975903614 501.86746987951807 69.93975903614458 98.07228915662651 67.10843373493977 95.24096385542168 
401.06024096385545 429.73493975903614 71.96385542168674 100.63855421686748 94.86746987951807 123.5421686746988 
311.6385542168675 338.68674698795184 72.27710843373494 99.32530120481928 65.3132530120482 92.36144578313252 
339.26506024096386 363.421686746988 70.04819277108433 94.20481927710843 65.13253012048193 89.28915662650603 
464.87951807228916 493.9759036144578 69.75903614457832 98.855421686747 92.07228915662651 121.16867469879519 
325.03614457831327 350.7590361445783 72.0 97.72289156626506 81.79518072289157 107.51807228915662 
529.4216867469879 556.2289156626506 72.06024096385542 98.86746987951807 82.16867469879519 108.97590361445783 
890.6144578313254 921.5783132530121 73.1566265060241 104.12048192771084 91.87951807228916 122.8433734939759 
640.2048192771084 668.8192771084338 67.7710843373494 96.3855421686747 87.144578313253 115.75903614457832 
846.2168674698795 874.2289156626506 72.72289156626506 100.73493975903614 117.20481927710843 145.21686746987953 
596.3253012048193 625.722891566265 67.55421686746988 96.95180722891567 72.32530120481928 101.72289156626506 
796.6987951807229 826.8192771084338 71.78313253012048 101.90361445783132 88.81927710843374 118.93975903614458 
