4871.673553719008 4900.55785123967 402.6198347107438 431.504132231405 510.3512396694215 539.2355371900826 
4926.913223140496 4955.6322314049585 359.3305785123967 388.0495867768595 528.3181818181819 557.0371900826447 
4800.3677685950415 4829.169421487603 357.8057851239669 386.60743801652893 468.6322314049587 497.43388429752065 
4717.123966942148 4745.636363636364 379.4297520661157 407.94214876033055 480.6776859504132 509.1900826446281 
5101.504132231405 5130.533057851239 388.9917355371901 418.0206611570248 611.297520661157 640.3264462809917 
5018.173553719008 5046.913223140496 547.2644628099174 576.0041322314049 578.297520661157 607.0371900826447 
5294.020661157025 5324.289256198347 352.5413223140496 382.8099173553719 629.2685950413223 659.5371900826447 
5038.665289256199 5066.929752066116 410.5330578512397 438.797520661157 571.599173553719 599.8636363636364 
4908.603305785124 4936.1859504132235 386.10330578512395 413.68595041322317 574.3471074380166 601.9297520661157 
4763.504132231405 4791.376033057852 383.05785123966945 410.9297520661157 532.6363636363636 560.50826446281 
4698.946280991736 4726.033057851239 356.8388429752066 383.92561983471074 392.29338842975204 419.3801652892562 
4449.570247933884 4476.5950413223145 444.07438016528926 471.099173553719 525.4380165289256 552.4628099173553 
4825.243801652892 4853.694214876033 377.53719008264466 405.9876033057851 529.2107438016529 557.6611570247934 
4888.690082644628 4916.479338842975 284.52479338842977 312.31404958677683 326.58264462809916 354.3719008264463 
4511.247933884298 4539.264462809917 328.3884297520661 356.40495867768595 346.20661157024796 374.22314049586777 
4771.946280991736 4799.756198347108 354.8595041322314 382.6694214876033 531.4090909090909 559.2190082644628 
4656.6859504132235 4684.061983471074 333.2314049586777 360.60743801652893 486.4793388429752 513.8553719008264 
4706.165289256199 4733.334710743801 399.6818181818182 426.8512396694215 585.5041322314049 612.6735537190083 
4698.454545454545 4726.2231404958675 445.11570247933884 472.88429752066116 570.8099173553719 598.5785123966942 
4880.524793388429 4908.665289256199 395.6818181818182 423.8223140495868 612.7148760330579 640.8553719008264 
5088.731404958678 5116.809917355372 349.3636363636364 377.44214876033055 459.39256198347107 487.4710743801653 
4978.359504132231 5006.851239669421 313.74380165289256 342.23553719008265 475.3429752066116 503.8347107438017 
5130.351239669421 5159.318181818182 471.4793388429752 500.44628099173553 586.8801652892562 615.8471074380166 
4636.012396694215 4663.05785123967 407.301652892562 434.3471074380165 685.4338842975206 712.4793388429752 
4978.43388429752 5006.842975206611 435.6818181818182 464.09090909090907 571.8223140495868 600.2314049586777 
5120.111570247934 5149.099173553719 432.8099173553719 461.797520661157 491.43388429752065 520.4214876033058 
5113.099173553719 5141.115702479339 347.4917355371901 375.5082644628099 569.6694214876034 597.6859504132232 
4888.809917355372 4917.342975206611 260.801652892562 289.3347107438017 391.24793388429754 419.7809917355372 
4823.607438016529 4852.037190082645 443.8429752066116 472.27272727272725 632.2851239669421 660.7148760330579 
4834.706611570248 4862.55785123967 416.8099173553719 444.6611570247934 490.9876033057851 518.8388429752066 
5278.024793388429 5307.735537190083 580.9297520661157 610.6404958677685 688.5619834710744 718.2727272727273 
4782.219008264463 4810.338842975207 448.05371900826447 476.1735537190083 668.7479338842975 696.8677685950413 
4788.665289256199 4817.466942148761 360.92148760330576 389.72314049586777 487.09504132231405 515.896694214876 
5156.3140495867765 5185.384297520661 335.9297520661157 365.0 589.0 618.0702479338843 
4500.252066115702 4527.318181818182 336.1900826446281 363.25619834710744 492.6487603305785 519.7148760330579 
4720.636363636364 4748.446280991736 357.3181818181818 385.1280991735537 479.93388429752065 507.74380165289256 
4976.842975206611 5005.169421487603 436.7603305785124 465.08677685950414 537.5041322314049 565.8305785123966 
4761.227272727273 4788.024793388429 347.10743801652893 373.90495867768595 385.56611570247935 412.3636363636364 
4970.247933884298 4998.285123966943 411.202479338843 439.2396694214876 495.74380165289256 523.7809917355372 
4759.747933884298 4788.219008264463 348.0123966942149 376.4834710743802 424.04545454545456 452.5165289256198 
4663.628099173554 4691.06611570248 312.05785123966945 339.495867768595 417.8429752066116 445.2809917355372 
4992.2231404958675 5021.169421487603 290.1487603305785 319.09504132231405 552.0578512396694 581.0041322314049 
4873.123966942148 4901.574380165289 326.5289256198347 354.9793388429752 444.2396694214876 472.6900826446281 
4815.351239669421 4843.822314049587 343.7809917355372 372.25206611570246 462.04545454545456 490.5165289256198 
4654.206611570248 4682.243801652892 325.20661157024796 353.24380165289256 459.0413223140496 487.07851239669424 
4953.545454545455 4982.719008264463 365.75206611570246 394.92561983471074 542.9669421487604 572.1404958677685 
4965.285123966943 4995.119834710744 297.1528925619835 326.9876033057851 604.2933884297521 634.1280991735537 
5204.152892561983 5233.099173553719 499.9793388429752 528.9256198347107 616.3429752066115 645.2892561983471 
4995.037190082645 5023.5495867768595 398.202479338843 426.71487603305786 628.5909090909091 657.103305785124 
4696.888429752066 4724.884297520661 371.73553719008265 399.7314049586777 549.1611570247934 577.1570247933885 
