3532.061224489796 3558.7704081632655 198.05102040816325 224.76020408163265 321.5 348.2091836734694 
3524.7397959183672 3552.75 175.69897959183675 203.7091836734694 247.1377551020408 275.1479591836735 
3490.8214285714284 3518.0408163265306 153.30612244897958 180.52551020408163 241.73979591836735 268.9591836734694 
3404.964285714286 3433.2551020408164 208.58673469387756 236.87755102040816 344.4540816326531 372.7448979591837 
3332.1020408163267 3359.3979591836733 159.78061224489795 187.0765306122449 243.37755102040816 270.6734693877551 
3663.188775510204 3691.0969387755104 202.00510204081633 229.91326530612244 453.9030612244898 481.8112244897959 
3677.0102040816328 3705.658163265306 166.05102040816325 194.69897959183675 349.35714285714283 378.0051020408163 
3409.8214285714284 3436.5561224489797 184.1122448979592 210.8469387755102 280.7908163265306 307.5255102040816 
3483.4132653061224 3510.658163265306 199.78061224489795 227.02551020408163 288.56632653061223 315.8112244897959 
3413.3520408163267 3441.0561224489797 207.8673469387755 235.57142857142858 255.64795918367346 283.3520408163265 
3659.8520408163267 3688.6785714285716 160.3265306122449 189.1530612244898 317.0459183673469 345.8724489795918 
3432.8928571428573 3460.6989795918366 185.15816326530611 212.96428571428572 380.23979591836735 408.0459183673469 
3963.9897959183672 3993.0204081632655 201.02551020408163 230.05612244897958 369.5 398.53061224489795 
4004.7704081632655 4033.5969387755104 168.1887755102041 197.01530612244898 309.8724489795918 338.69897959183675 
3621.8010204081634 3649.045918367347 188.48469387755102 215.7295918367347 384.86224489795916 412.10714285714283 
3505.035714285714 3532.0255102040815 138.71938775510205 165.7091836734694 263.1479591836735 290.13775510204084 
3614.0510204081634 3642.9795918367345 253.41836734693877 282.3469387755102 349.61224489795916 378.5408163265306 
3556.8826530612246 3585.887755102041 200.51530612244898 229.5204081632653 271.1173469387755 300.1224489795918 
3690.316326530612 3718.326530612245 159.75 187.76020408163265 274.90816326530614 302.9183673469388 
3764.841836734694 3793.438775510204 186.67857142857142 215.27551020408163 397.2908163265306 425.88775510204084 
3678.2244897959185 3706.4132653061224 263.0204081632653 291.2091836734694 443.5816326530612 471.7704081632653 
3719.8367346938776 3749.4030612244896 218.0969387755102 247.66326530612244 378.7142857142857 408.28061224489795 
3415.045918367347 3442.75 184.08673469387756 211.7908163265306 283.71938775510205 311.4234693877551 
3572.627551020408 3600.9438775510203 206.69897959183675 235.01530612244898 250.7908163265306 279.10714285714283 
3632.908163265306 3661.658163265306 200.94387755102042 229.69387755102042 276.83673469387753 305.58673469387753 
3899.984693877551 3928.785714285714 248.7091836734694 277.51020408163265 342.43367346938777 371.234693877551 
3636.362244897959 3665.265306122449 200.71428571428572 229.6173469387755 286.8724489795918 315.7755102040816 
3696.341836734694 3725.372448979592 241.35714285714286 270.38775510204084 371.13775510204084 400.1683673469388 
3407.8469387755104 3436.2397959183672 252.64285714285714 281.0357142857143 361.2142857142857 389.60714285714283 
3516.8010204081634 3545.5255102040815 200.58673469387756 229.3112244897959 298.3826530612245 327.10714285714283 
3950.9489795918366 3979.6479591836733 186.60714285714286 215.30612244897958 389.31632653061223 418.015306122449 
3250.7448979591836 3278.3214285714284 163.3112244897959 190.8877551020408 217.68367346938774 245.26020408163265 
3665.5255102040815 3694.377551020408 182.6530612244898 211.50510204081633 282.6173469387755 311.46938775510205 
3591.515306122449 3619.7551020408164 200.9387755102041 229.17857142857142 472.89285714285717 501.1326530612245 
3696.4948979591836 3724.4795918367345 173.8469387755102 201.83163265306123 335.06632653061223 363.05102040816325 
3891.188775510204 3920.168367346939 179.8826530612245 208.8622448979592 261.4438775510204 290.4234693877551 
3357.7908163265306 3385.9285714285716 236.85204081632654 264.98979591836735 261.8724489795918 290.01020408163265 
3982.627551020408 4010.7397959183672 279.4540816326531 307.56632653061223 422.67857142857144 450.7908163265306 
3428.7295918367345 3457.1989795918366 182.51530612244898 210.98469387755102 324.69897959183675 353.1683673469388 
3436.408163265306 3464.545918367347 173.53571428571428 201.6734693877551 344.265306122449 372.4030612244898 
3422.2448979591836 3449.362244897959 186.64795918367346 213.76530612244898 231.6326530612245 258.75 
3237.8469387755104 3266.0102040816328 192.5765306122449 220.73979591836735 296.8775510204082 325.0408163265306 
3495.841836734694 3523.7244897959185 151.69897959183675 179.58163265306123 256.5561224489796 284.4387755102041 
3692.5408163265306 3721.265306122449 191.5969387755102 220.32142857142858 368.4591836734694 397.18367346938777 
3324.7551020408164 3351.158163265306 265.5765306122449 291.9795918367347 285.48979591836735 311.89285714285717 
3595.918367346939 3623.6479591836733 179.51530612244898 207.24489795918367 286.53061224489795 314.26020408163265 
3554.6020408163267 3582.637755102041 190.45408163265307 218.48979591836735 276.8979591836735 304.93367346938777 
3764.8367346938776 3793.841836734694 231.39285714285714 260.3979591836735 386.8265306122449 415.8316326530612 
3616.387755102041 3644.5255102040815 180.55102040816325 208.6887755102041 250.16326530612244 278.30102040816325 
3587.765306122449 3616.872448979592 202.08673469387756 231.19387755102042 304.44897959183675 333.5561224489796 
