2259.3571428571427 2287.464285714286 90.21428571428571 118.32142857142857 163.71428571428572 191.82142857142858 
2255.9928571428572 2283.385714285714 125.31428571428572 152.70714285714286 180.03571428571428 207.42857142857142 
2229.55 2260.1214285714286 110.01428571428572 140.5857142857143 165.97857142857143 196.55 
2330.192857142857 2358.4785714285713 103.55 131.8357142857143 172.1642857142857 200.45 
2097.1785714285716 2124.1785714285716 96.46428571428571 123.46428571428571 144.17857142857142 171.17857142857142 
2239.342857142857 2267.6285714285714 113.27142857142857 141.55714285714285 176.84285714285716 205.12857142857143 
2233.0785714285716 2261.4 99.95714285714286 128.27857142857144 141.50714285714287 169.82857142857142 
2289.4214285714284 2318.957142857143 89.88571428571429 119.42142857142858 160.27857142857144 189.81428571428572 
2267.535714285714 2296.3214285714284 100.07142857142857 128.85714285714286 190.25 219.03571428571428 
2159.8214285714284 2188.0714285714284 119.75 148.0 172.60714285714286 200.85714285714286 
2358.542857142857 2387.7214285714285 96.25714285714285 125.43571428571428 200.54285714285714 229.72142857142856 
1943.142857142857 1969.392857142857 92.82142857142857 119.07142857142857 136.71428571428572 162.96428571428572 
2046.0357142857142 2073.8571428571427 94.52857142857142 122.35 133.75 161.57142857142858 
2156.7714285714287 2185.342857142857 116.73571428571428 145.30714285714285 143.2 171.77142857142857 
2010.1214285714286 2038.0142857142857 98.83571428571429 126.72857142857143 143.40714285714284 171.3 
1779.7071428571428 1806.9214285714286 119.92142857142858 147.13571428571427 156.49285714285713 183.70714285714286 
2071.0214285714287 2098.7714285714287 98.98571428571428 126.73571428571428 133.6642857142857 161.4142857142857 
2168.2 2198.092857142857 95.95 125.84285714285714 134.11428571428573 164.00714285714287 
2162.1785714285716 2190.3571428571427 104.78571428571429 132.96428571428572 154.59285714285716 182.77142857142857 
2016.2071428571428 2043.9928571428572 108.56428571428572 136.35 160.85 188.63571428571427 
2122.0285714285715 2151.457142857143 100.67142857142858 130.1 150.88571428571427 180.31428571428572 
2110.6428571428573 2138.5 90.53571428571429 118.39285714285714 148.5 176.35714285714286 
1915.2142857142858 1943.642857142857 107.39285714285714 135.82142857142858 146.65714285714284 175.0857142857143 
2064.7214285714285 2093.1857142857143 93.29285714285714 121.75714285714285 158.29285714285714 186.75714285714287 
2147.9142857142856 2176.2 90.48571428571428 118.77142857142857 157.27142857142857 185.55714285714285 
1928.9857142857143 1957.4142857142858 106.95 135.37857142857143 167.7 196.12857142857143 
2311.292857142857 2341.15 100.29285714285714 130.15 152.00714285714287 181.86428571428573 
2148.8928571428573 2177.1071428571427 96.32142857142857 124.53571428571429 142.32142857142858 170.53571428571428 
2217.157142857143 2246.157142857143 90.62142857142857 119.62142857142857 164.37142857142857 193.37142857142857 
2441.364285714286 2471.792857142857 98.82857142857142 129.25714285714287 160.15 190.57857142857142 
2056.2 2083.4142857142856 93.52142857142857 120.73571428571428 121.47857142857143 148.69285714285715 
2040.9642857142858 2070.3214285714284 117.85714285714286 147.21428571428572 176.70714285714286 206.06428571428572 
2199.3142857142857 2227.1714285714284 97.17142857142858 125.02857142857142 157.95714285714286 185.81428571428572 
2112.9 2142.0785714285716 98.47142857142858 127.65 141.32857142857142 170.50714285714287 
1907.4571428571428 1935.0642857142857 100.47857142857143 128.0857142857143 142.11428571428573 169.72142857142856 
2145.05 2174.1214285714286 95.58571428571429 124.65714285714286 150.3357142857143 179.40714285714284 
2142.807142857143 2171.7714285714287 97.41428571428571 126.37857142857143 147.6642857142857 176.62857142857143 
2532.2357142857145 2561.7714285714287 145.9142857142857 175.45 214.87857142857143 244.4142857142857 
2049.1071428571427 2078.3214285714284 100.07142857142857 129.28571428571428 127.67857142857143 156.89285714285714 
2103.7214285714285 2132.0785714285716 92.00714285714285 120.36428571428571 125.93571428571428 154.29285714285714 
2225.864285714286 2255.5071428571428 107.93571428571428 137.57857142857142 143.57857142857142 173.22142857142856 
2164.6714285714284 2194.6 114.24285714285715 144.17142857142858 131.88571428571427 161.81428571428572 
1904.0428571428572 1931.2571428571428 131.82857142857142 159.04285714285714 181.22142857142856 208.43571428571428 
2114.7357142857145 2144.1285714285714 127.61428571428571 157.00714285714287 176.87857142857143 206.27142857142857 
1950.4571428571428 1978.2071428571428 112.67142857142858 140.42142857142858 158.45714285714286 186.20714285714286 
2125.457142857143 2154.6 100.35 129.49285714285713 139.02857142857144 168.17142857142858 
1993.7785714285715 2020.8857142857144 117.31428571428572 144.42142857142858 177.4 204.50714285714287 
1993.4571428571428 2021.6714285714286 99.38571428571429 127.6 129.74285714285713 157.95714285714286 
2028.8214285714287 2057.8571428571427 104.85714285714286 133.89285714285714 170.89285714285714 199.92857142857142 
2106.035714285714 2134.214285714286 105.03571428571429 133.21428571428572 171.46428571428572 199.64285714285714 
