3668.9210526315787 3697.2368421052633 270.86842105263156 299.1842105263158 368.2368421052632 396.55263157894734 
3756.9315789473685 3786.9842105263156 263.22105263157897 293.2736842105263 333.2473684210526 363.3 
3432.563157894737 3460.3263157894735 179.58947368421053 207.35263157894738 345.1421052631579 372.90526315789475 
3349.9052631578948 3377.9052631578948 163.4842105263158 191.4842105263158 285.9578947368421 313.9578947368421 
3436.8736842105263 3465.8473684210526 191.4 220.3736842105263 321.61052631578946 350.5842105263158 
3772.0315789473684 3801.478947368421 250.87894736842105 280.3263157894737 403.13684210526316 432.5842105263158 
3653.242105263158 3682.1105263157897 195.2421052631579 224.11052631578949 235.34736842105264 264.2157894736842 
3576.4842105263156 3605.694736842105 208.53684210526316 237.74736842105264 275.6421052631579 304.85263157894735 
3481.442105263158 3509.6263157894737 167.15263157894736 195.33684210526314 258.4947368421053 286.67894736842106 
3476.5 3504.315789473684 229.28947368421052 257.10526315789474 421.92105263157896 449.7368421052632 
3454.1105263157897 3482.1631578947367 217.66315789473686 245.7157894736842 325.16315789473686 353.2157894736842 
3664.5894736842106 3693.3526315789472 164.87894736842105 193.6421052631579 346.2736842105263 375.03684210526313 
3569.194736842105 3598.142105263158 174.6157894736842 203.56315789473683 269.9842105263158 298.9315789473684 
3168.8263157894735 3198.0105263157893 182.19473684210527 211.37894736842105 309.08947368421053 338.2736842105263 
3469.1 3497.8105263157895 210.1263157894737 238.83684210526314 334.9947368421053 363.70526315789476 
3424.2157894736843 3452.6105263157897 253.52105263157895 281.9157894736842 262.68947368421055 291.0842105263158 
3210.6736842105265 3239.2 181.21052631578948 209.73684210526315 281.5684210526316 310.09473684210525 
3217.1315789473683 3245.3947368421054 168.1315789473684 196.39473684210526 297.9736842105263 326.2368421052632 
3768.9105263157894 3799.278947368421 144.93684210526317 175.30526315789473 261.0684210526316 291.43684210526317 
3300.2157894736843 3327.8736842105263 220.97894736842105 248.63684210526316 349.4789473684211 377.13684210526316 
3607.194736842105 3635.9315789473685 214.82631578947368 243.56315789473683 277.7736842105263 306.5105263157895 
3337.557894736842 3365.8736842105263 190.00526315789475 218.32105263157894 317.2421052631579 345.5578947368421 
3746.057894736842 3775.452631578947 284.53684210526313 313.9315789473684 279.5315789473684 308.9263157894737 
3488.357894736842 3517.357894736842 184.64736842105262 213.64736842105262 316.77894736842103 345.77894736842103 
3347.6684210526314 3375.4315789473685 213.97368421052633 241.73684210526315 280.56315789473683 308.3263157894737 
3261.242105263158 3290.2157894736843 186.66315789473686 215.63684210526316 238.29473684210527 267.2684210526316 
3728.705263157895 3757.021052631579 152.94210526315788 181.2578947368421 314.81052631578945 343.12631578947367 
3157.415789473684 3185.7315789473682 170.65263157894736 198.96842105263158 281.7315789473684 310.0473684210526 
3362.5526315789475 3390.315789473684 164.44736842105263 192.21052631578948 284.7631578947368 312.5263157894737 
3491.821052631579 3520.3736842105263 144.18947368421053 172.7421052631579 261.18947368421055 289.7421052631579 
3752.5263157894738 3782.184210526316 171.28947368421052 200.94736842105263 284.8421052631579 314.5 
3425.9842105263156 3453.5105263157893 154.35263157894738 181.87894736842105 256.3 283.8263157894737 
3239.9842105263156 3267.3526315789472 144.3 171.66842105263157 315.87894736842105 343.2473684210526 
3435.6473684210528 3462.5947368421052 180.62105263157895 207.56842105263158 280.38421052631577 307.3315789473684 
3372.4210526315787 3400.5 138.5 166.57894736842104 233.31578947368422 261.39473684210526 
3518.142105263158 3546.9315789473685 180.7 209.48947368421054 222.93157894736842 251.72105263157894 
3634.705263157895 3663.942105263158 151.94210526315788 181.17894736842106 260.9684210526316 290.20526315789476 
3190.3 3217.3263157894735 201.23157894736843 228.2578947368421 301.08947368421053 328.11578947368423 
3225.021052631579 3253.021052631579 174.96842105263158 202.96842105263158 285.5315789473684 313.5315789473684 
3684.5263157894738 3713.3684210526317 272.1578947368421 301.0 308.0 336.8421052631579 
3485.1315789473683 3513.8684210526317 217.17894736842106 245.9157894736842 295.5 324.2368421052632 
3334.857894736842 3362.7526315789473 206.3842105263158 234.27894736842106 285.80526315789473 313.7 
3342.2894736842104 3370.4210526315787 167.68421052631578 195.81578947368422 231.81578947368422 259.94736842105266 
2920.557894736842 2947.794736842105 190.3736842105263 217.61052631578949 265.18947368421055 292.4263157894737 
3306.6 3334.021052631579 153.7842105263158 181.20526315789473 266.5473684210526 293.9684210526316 
3667.9105263157894 3696.6736842105265 174.7263157894737 203.48947368421054 305.8578947368421 334.62105263157895 
3187.721052631579 3215.1157894736843 158.6157894736842 186.01052631578946 284.5105263157895 311.90526315789475 
3401.121052631579 3428.9105263157894 184.3842105263158 212.17368421052632 284.8578947368421 312.64736842105265 
3284.6052631578946 3313.5263157894738 146.31578947368422 175.23684210526315 301.2368421052632 330.1578947368421 
3478.278947368421 3506.8315789473686 166.33157894736843 194.8842105263158 289.4894736842105 318.0421052631579 
