64.24137931034483 95.96551724137932 50.758620689655174 82.48275862068965 44.62068965517241 76.34482758620689 
46.724137931034484 74.65517241379311 53.48275862068966 81.41379310344827 41.724137931034484 69.65517241379311 
49.93103448275862 79.41379310344827 51.51724137931034 81.0 38.37931034482759 67.86206896551724 
56.37931034482759 83.62068965517241 46.55172413793103 73.79310344827586 37.689655172413794 64.93103448275862 
41.0 68.58620689655173 49.6551724137931 77.24137931034483 30.75862068965517 58.3448275862069 
47.55172413793103 79.96551724137932 51.06896551724138 83.48275862068965 40.827586206896555 73.24137931034483 
53.44827586206897 84.3103448275862 51.724137931034484 82.58620689655173 46.724137931034484 77.58620689655173 
43.3448275862069 71.79310344827586 42.44827586206897 70.89655172413794 31.79310344827586 60.241379310344826 
35.172413793103445 63.10344827586207 56.93103448275862 84.86206896551724 28.275862068965516 56.206896551724135 
40.827586206896555 67.55172413793103 59.206896551724135 85.93103448275862 32.03448275862069 58.758620689655174 
45.241379310344826 69.89655172413794 42.10344827586207 66.75862068965517 37.06896551724138 61.724137931034484 
29.137931034482758 56.206896551724135 53.13793103448276 80.20689655172414 24.137931034482758 51.206896551724135 
35.62068965517241 62.51724137931034 51.310344827586206 78.20689655172414 29.93103448275862 56.827586206896555 
45.241379310344826 71.10344827586206 51.724137931034484 77.58620689655173 39.310344827586206 65.17241379310344 
51.758620689655174 80.37931034482759 59.06896551724138 87.6896551724138 44.0 72.62068965517241 
43.62068965517241 72.75862068965517 47.0 76.13793103448276 35.86206896551724 65.0 
61.724137931034484 90.17241379310344 56.96551724137931 85.41379310344827 46.55172413793103 75.0 
64.79310344827586 92.55172413793103 49.96551724137931 77.72413793103448 52.827586206896555 80.58620689655173 
37.793103448275865 65.03448275862068 55.3448275862069 82.58620689655173 27.24137931034483 54.48275862068966 
39.41379310344828 68.89655172413794 51.55172413793103 81.03448275862068 39.58620689655172 69.06896551724138 
49.58620689655172 76.13793103448276 48.96551724137931 75.51724137931035 33.55172413793103 60.10344827586207 
40.55172413793103 69.0 44.10344827586207 72.55172413793103 34.51724137931034 62.96551724137931 
51.0 75.65517241379311 53.58620689655172 78.24137931034483 36.96551724137931 61.62068965517241 
71.55172413793103 103.10344827586206 49.758620689655174 81.3103448275862 37.96551724137931 69.51724137931035 
44.827586206896555 68.10344827586206 50.37931034482759 73.65517241379311 35.689655172413794 58.96551724137931 
45.62068965517241 75.44827586206897 45.724137931034484 75.55172413793103 39.241379310344826 69.06896551724138 
41.96551724137931 68.34482758620689 51.724137931034484 78.10344827586206 34.89655172413793 61.275862068965516 
37.93103448275862 66.72413793103448 57.3448275862069 86.13793103448276 28.20689655172414 57.0 
42.10344827586207 69.17241379310344 55.89655172413793 82.96551724137932 36.06896551724138 63.13793103448276 
33.44827586206897 59.48275862068966 54.51724137931034 80.55172413793103 28.448275862068964 54.48275862068966 
92.86206896551724 119.75862068965517 58.0 84.89655172413794 51.55172413793103 78.44827586206897 
58.6551724137931 87.96551724137932 54.48275862068966 83.79310344827586 42.55172413793103 71.86206896551724 
49.58620689655172 78.03448275862068 49.6551724137931 78.10344827586206 36.44827586206897 64.89655172413794 
54.758620689655174 81.3103448275862 47.96551724137931 74.51724137931035 43.89655172413793 70.44827586206897 
42.724137931034484 71.6896551724138 51.44827586206897 80.41379310344827 32.89655172413793 61.86206896551724 
64.37931034482759 94.20689655172414 58.3448275862069 88.17241379310344 37.51724137931034 67.34482758620689 
37.41379310344828 69.3103448275862 44.48275862068966 76.37931034482759 26.896551724137932 58.793103448275865 
50.241379310344826 79.20689655172414 41.37931034482759 70.34482758620689 40.758620689655174 69.72413793103448 
51.172413793103445 80.48275862068965 58.206896551724135 87.51724137931035 36.41379310344828 65.72413793103448 
55.724137931034484 79.17241379310344 55.6551724137931 79.10344827586206 40.724137931034484 64.17241379310344 
53.48275862068966 81.93103448275862 55.37931034482759 83.82758620689656 44.51724137931034 72.96551724137932 
43.10344827586207 70.86206896551724 49.0 76.75862068965517 32.93103448275862 60.689655172413794 
85.03448275862068 114.86206896551724 65.79310344827586 95.62068965517241 44.37931034482759 74.20689655172414 
39.241379310344826 66.65517241379311 51.10344827586207 78.51724137931035 31.82758620689655 59.241379310344826 
31.344827586206897 59.44827586206897 41.55172413793103 69.65517241379311 23.93103448275862 52.03448275862069 
54.51724137931034 85.55172413793103 56.89655172413793 87.93103448275862 34.51724137931034 65.55172413793103 
46.06896551724138 73.3103448275862 53.3448275862069 80.58620689655173 34.689655172413794 61.93103448275862 
35.93103448275862 62.48275862068966 53.55172413793103 80.10344827586206 30.586206896551722 57.13793103448276 
61.58620689655172 93.13793103448276 42.793103448275865 74.34482758620689 41.241379310344826 72.79310344827586 
70.03448275862068 98.82758620689656 57.13793103448276 85.93103448275862 42.275862068965516 71.06896551724138 
