536.0243902439024 566.5121951219512 71.09756097560975 101.58536585365853 75.34146341463415 105.82926829268293 
414.5609756097561 442.6707317073171 63.670731707317074 91.78048780487805 70.09756097560975 98.20731707317073 
630.280487804878 660.4634146341464 71.70731707317073 101.89024390243902 73.10975609756098 103.29268292682927 
452.5243902439024 480.3292682926829 71.35365853658537 99.15853658536585 74.89024390243902 102.6951219512195 
380.1707317073171 406.8780487804878 71.54878048780488 98.2560975609756 63.48780487804878 90.1951219512195 
576.560975609756 606.1341463414634 61.9390243902439 91.51219512195122 72.85365853658537 102.42682926829268 
556.8170731707318 585.109756097561 66.97560975609755 95.26829268292683 77.03658536585365 105.32926829268293 
450.8048780487805 477.7560975609756 66.6951219512195 93.64634146341463 66.40243902439025 93.35365853658537 
747.1341463414634 776.0975609756098 73.85365853658537 102.8170731707317 94.0 122.96341463414635 
490.5975609756098 517.1829268292682 69.41463414634147 96.0 66.48780487804878 93.07317073170732 
445.4268292682927 471.7073170731707 67.3170731707317 93.59756097560975 77.1219512195122 103.40243902439025 
643.7926829268292 670.6219512195122 75.02439024390245 101.85365853658537 74.6951219512195 101.52439024390245 
608.8170731707318 638.0243902439024 67.5 96.70731707317073 78.17073170731707 107.3780487804878 
289.3292682926829 316.5243902439024 66.63414634146342 93.82926829268293 76.6829268292683 103.8780487804878 
634.109756097561 663.439024390244 68.85365853658537 98.1829268292683 78.2560975609756 107.58536585365853 
542.8536585365854 570.109756097561 80.52439024390245 107.78048780487805 80.07317073170732 107.32926829268293 
369.890243902439 398.2439024390244 69.41463414634147 97.76829268292683 59.53658536585366 87.89024390243902 
631.2439024390244 661.3048780487804 64.6951219512195 94.7560975609756 83.07317073170732 113.13414634146342 
559.9634146341464 589.109756097561 67.85365853658537 97.0 82.86585365853658 112.01219512195122 
625.4756097560976 654.1951219512196 69.40243902439025 98.1219512195122 64.71951219512195 93.4390243902439 
593.5853658536586 624.0121951219512 65.92682926829268 96.35365853658537 90.13414634146342 120.5609756097561 
427.6829268292683 455.1829268292683 66.6951219512195 94.1951219512195 78.2439024390244 105.7439024390244 
513.3658536585366 542.6951219512196 73.3048780487805 102.63414634146342 88.10975609756098 117.4390243902439 
497.7926829268293 525.9024390243902 72.8780487804878 100.98780487804878 78.3780487804878 106.48780487804878 
378.9512195121951 406.5731707317073 60.3780487804878 88.0 74.67073170731707 102.29268292682927 
388.8536585365854 417.7560975609756 72.8780487804878 101.78048780487805 64.84146341463415 93.7439024390244 
503.5 531.4268292682926 69.29268292682927 97.21951219512195 85.34146341463415 113.26829268292683 
455.9146341463415 483.9024390243902 69.47560975609755 97.46341463414635 69.9390243902439 97.92682926829268 
664.0975609756098 692.2073170731708 63.26829268292683 91.3780487804878 80.10975609756098 108.21951219512195 
574.390243902439 603.5365853658536 76.70731707317073 105.85365853658537 97.34146341463415 126.48780487804878 
676.780487804878 705.0121951219512 80.96341463414635 109.1951219512195 89.39024390243902 117.6219512195122 
568.0121951219512 595.6951219512196 63.451219512195124 91.13414634146342 83.10975609756098 110.79268292682927 
419.7560975609756 446.6463414634146 66.29268292682927 93.1829268292683 89.96341463414635 116.85365853658537 
442.7073170731707 469.1707317073171 72.08536585365853 98.54878048780488 86.02439024390245 112.48780487804878 
447.4756097560976 474.609756097561 71.82926829268293 98.96341463414635 63.65853658536585 90.79268292682927 
437.5365853658537 464.3048780487805 67.1219512195122 93.89024390243902 72.46341463414635 99.23170731707317 
680.439024390244 709.6463414634146 68.23170731707317 97.4390243902439 73.36585365853658 102.57317073170732 
591.829268292683 620.1829268292682 66.79268292682927 95.14634146341463 75.79268292682927 104.14634146341463 
727.0853658536586 756.4146341463414 67.21951219512195 96.54878048780488 81.79268292682927 111.1219512195122 
379.719512195122 407.0975609756098 60.853658536585364 88.23170731707317 70.90243902439025 98.28048780487805 
504.1585365853659 532.6341463414634 63.24390243902439 91.71951219512195 65.29268292682927 93.76829268292683 
468.2317073170732 496.4634146341463 73.51219512195122 101.7439024390244 76.60975609756098 104.84146341463415 
505.219512195122 534.3048780487804 65.92682926829268 95.01219512195122 107.35365853658537 136.4390243902439 
379.1219512195122 407.6585365853659 71.97560975609755 100.51219512195122 80.17073170731707 108.70731707317073 
534.8048780487804 563.0365853658536 67.3048780487805 95.53658536585365 73.70731707317073 101.9390243902439 
384.0365853658537 413.7317073170732 73.0 102.6951219512195 96.03658536585365 125.73170731707317 
333.2317073170732 357.6829268292683 68.0 92.45121951219512 67.79268292682927 92.2439024390244 
616.8414634146342 646.2317073170732 72.04878048780488 101.4390243902439 71.03658536585365 100.42682926829268 
677.9146341463414 707.1219512195122 71.92682926829268 101.13414634146342 94.41463414634147 123.6219512195122 
393.1463414634146 419.3658536585366 66.41463414634147 92.63414634146342 97.14634146341463 123.36585365853658 
