935.3367346938776 963.704081632653 71.1938775510204 99.56122448979592 103.04081632653062 131.40816326530611 
882.5612244897959 909.2448979591836 73.98979591836735 100.6734693877551 101.31632653061224 128.0 
884.7551020408164 912.5102040816327 70.34693877551021 98.10204081632654 86.15306122448979 113.90816326530613 
870.1326530612245 897.3265306122449 68.98979591836735 96.18367346938776 85.33673469387755 112.53061224489795 
1194.5714285714287 1223.5510204081634 74.65306122448979 103.63265306122449 99.90816326530613 128.8877551020408 
848.1530612244898 876.469387755102 74.26530612244898 102.58163265306122 92.76530612244898 121.08163265306122 
1179.7551020408164 1207.2551020408164 81.36734693877551 108.86734693877551 106.14285714285714 133.64285714285714 
835.0510204081633 861.8367346938776 68.37755102040816 95.16326530612245 66.62244897959184 93.40816326530613 
740.3163265306123 769.0408163265306 80.61224489795919 109.33673469387755 105.33673469387755 134.0612244897959 
990.6326530612245 1018.8979591836735 77.98979591836735 106.25510204081633 98.78571428571429 127.05102040816327 
996.9285714285714 1027.5408163265306 77.88775510204081 108.5 106.68367346938776 137.29591836734693 
828.1836734693877 856.5 76.37755102040816 104.6938775510204 85.5204081632653 113.83673469387755 
738.4387755102041 765.3265306122449 83.16326530612245 110.05102040816327 92.78571428571429 119.6734693877551 
1013.5714285714286 1041.3265306122448 78.6938775510204 106.44897959183673 97.33673469387755 125.09183673469387 
1024.295918367347 1052.6632653061224 77.74489795918367 106.11224489795919 89.03061224489795 117.39795918367346 
921.5204081632653 948.3571428571429 79.16326530612245 106.0 97.12244897959184 123.95918367346938 
977.8367346938776 1004.3163265306123 78.08163265306122 104.56122448979592 101.71428571428571 128.19387755102042 
745.5816326530612 775.3775510204082 73.57142857142857 103.36734693877551 108.75510204081633 138.55102040816325 
917.0102040816327 946.1428571428571 89.93877551020408 119.07142857142857 79.95918367346938 109.09183673469387 
986.1428571428571 1016.3469387755102 72.68367346938776 102.88775510204081 88.66326530612245 118.86734693877551 
1165.6122448979593 1194.234693877551 73.21428571428571 101.83673469387755 115.16326530612245 143.78571428571428 
936.2142857142857 963.8673469387755 72.01020408163265 99.66326530612245 106.27551020408163 133.92857142857142 
734.6938775510204 759.3367346938776 72.89795918367346 97.54081632653062 83.59183673469387 108.23469387755102 
1135.0 1163.1632653061224 83.8265306122449 111.98979591836735 105.01020408163265 133.1734693877551 
1114.408163265306 1141.857142857143 67.5 94.94897959183673 88.29591836734694 115.74489795918367 
1005.2142857142857 1033.6326530612246 81.37755102040816 109.79591836734694 95.73469387755102 124.15306122448979 
891.1326530612245 919.6530612244898 70.3265306122449 98.84693877551021 89.4795918367347 118.0 
826.9285714285714 854.5816326530612 70.1938775510204 97.84693877551021 95.03061224489795 122.68367346938776 
1087.5408163265306 1116.8775510204082 76.04081632653062 105.37755102040816 88.14285714285714 117.4795918367347 
1169.1734693877552 1199.1224489795918 72.51020408163265 102.45918367346938 84.94897959183673 114.89795918367346 
778.530612244898 807.8163265306123 73.5 102.78571428571429 79.12244897959184 108.40816326530613 
1299.591836734694 1328.5204081632653 84.26530612244898 113.1938775510204 96.83673469387755 125.76530612244898 
1038.8163265306123 1069.530612244898 85.81632653061224 116.53061224489795 92.93877551020408 123.65306122448979 
835.0204081632653 863.8469387755102 71.40816326530613 100.23469387755102 93.08163265306122 121.90816326530613 
1051.6938775510205 1078.938775510204 84.15306122448979 111.39795918367346 122.45918367346938 149.70408163265307 
1162.2755102040817 1192.7857142857142 77.87755102040816 108.38775510204081 90.12244897959184 120.63265306122449 
1114.642857142857 1142.091836734694 75.81632653061224 103.26530612244898 96.57142857142857 124.0204081632653 
992.4897959183673 1022.030612244898 80.0204081632653 109.56122448979592 100.40816326530613 129.94897959183675 
813.5714285714286 841.9897959183673 70.74489795918367 99.16326530612245 93.46938775510205 121.88775510204081 
930.4795918367347 958.2857142857143 71.6734693877551 99.4795918367347 104.43877551020408 132.24489795918367 
1094.5102040816328 1124.2551020408164 73.6734693877551 103.41836734693878 105.93877551020408 135.68367346938774 
974.4387755102041 1001.530612244898 83.18367346938776 110.27551020408163 107.15306122448979 134.24489795918367 
706.5612244897959 734.5714285714286 81.91836734693878 109.92857142857143 120.90816326530613 148.91836734693877 
1010.8673469387755 1040.5102040816328 76.16326530612245 105.8061224489796 92.75510204081633 122.39795918367346 
1074.3367346938776 1104.3877551020407 77.45918367346938 107.51020408163265 87.58163265306122 117.63265306122449 
874.4285714285714 902.3877551020408 72.5204081632653 100.4795918367347 79.54081632653062 107.5 
1140.2448979591836 1171.1122448979593 76.13265306122449 107.0 86.45918367346938 117.3265306122449 
845.5510204081633 873.8163265306123 73.27551020408163 101.54081632653062 95.60204081632654 123.86734693877551 
973.5714285714286 1002.0408163265306 81.89795918367346 110.36734693877551 89.56122448979592 118.03061224489795 
849.204081632653 877.4183673469388 73.66326530612245 101.87755102040816 90.71428571428571 118.92857142857143 
