535.082191780822 562.6164383561644 67.04109589041096 94.57534246575342 91.84931506849315 119.38356164383562 
426.3150684931507 454.3972602739726 65.05479452054794 93.13698630136986 71.20547945205479 99.28767123287672 
268.5753424657534 298.027397260274 61.178082191780824 90.63013698630137 67.78082191780823 97.23287671232876 
379.26027397260276 408.027397260274 60.89041095890411 89.65753424657534 63.54794520547945 92.31506849315069 
307.56164383561645 334.958904109589 66.35616438356165 93.75342465753425 58.54794520547945 85.94520547945206 
483.0821917808219 511.2328767123288 69.97260273972603 98.12328767123287 88.52054794520548 116.67123287671232 
413.05479452054794 442.7808219178082 61.342465753424655 91.06849315068493 72.31506849315069 102.04109589041096 
294.2739726027397 320.3013698630137 66.91780821917808 92.94520547945206 73.06849315068493 99.0958904109589 
383.56164383561645 411.09589041095893 55.6986301369863 83.23287671232876 59.16438356164384 86.6986301369863 
523.2054794520548 551.5616438356165 62.78082191780822 91.13698630136986 87.26027397260275 115.61643835616438 
293.56164383561645 321.3013698630137 57.84931506849315 85.58904109589041 73.53424657534246 101.27397260273973 
496.67123287671234 525.986301369863 71.38356164383562 100.6986301369863 76.45205479452055 105.76712328767124 
218.56164383561645 247.46575342465752 62.73972602739726 91.64383561643835 58.863013698630134 87.76712328767124 
344.013698630137 373.3972602739726 64.95890410958904 94.34246575342466 83.23287671232876 112.61643835616438 
262.958904109589 291.93150684931504 58.71232876712329 87.68493150684931 54.0958904109589 83.06849315068493 
285.94520547945206 313.2739726027397 60.45205479452055 87.78082191780823 70.45205479452055 97.78082191780823 
386.041095890411 413.3013698630137 77.35616438356165 104.61643835616438 81.47945205479452 108.73972602739725 
644.013698630137 675.3835616438356 70.87671232876713 102.24657534246575 79.64383561643835 111.01369863013699 
430.32876712328766 460.67123287671234 69.6027397260274 99.94520547945206 80.56164383561644 110.9041095890411 
201.24657534246575 230.08219178082192 64.3972602739726 93.23287671232876 70.42465753424658 99.26027397260275 
249.3835616438356 277.5342465753425 61.32876712328767 89.47945205479452 66.24657534246575 94.3972602739726 
245.13698630136986 272.26027397260276 63.36986301369863 90.4931506849315 71.83561643835617 98.95890410958904 
393.958904109589 423.06849315068496 66.5068493150685 95.61643835616438 69.01369863013699 98.12328767123287 
232.05479452054794 260.75342465753425 71.4931506849315 100.1917808219178 74.16438356164383 102.86301369863014 
368.6849315068493 396.1506849315069 71.52054794520548 98.98630136986301 77.6027397260274 105.06849315068493 
382.13698630136986 409.32876712328766 73.73972602739725 100.93150684931507 86.89041095890411 114.08219178082192 
363.972602739726 393.4246575342466 68.34246575342466 97.79452054794521 67.6986301369863 97.15068493150685 
185.35616438356163 211.58904109589042 61.68493150684932 87.91780821917808 60.57534246575342 86.8082191780822 
245.26027397260273 273.47945205479454 63.136986301369866 91.35616438356165 76.82191780821918 105.04109589041096 
352.7671232876712 380.8493150684931 70.47945205479452 98.56164383561644 86.21917808219177 114.3013698630137 
310.4246575342466 337.958904109589 71.56164383561644 99.0958904109589 64.45205479452055 91.98630136986301 
379.4657534246575 407.75342465753425 63.082191780821915 91.36986301369863 82.0958904109589 110.38356164383562 
404.90410958904107 434.1506849315069 61.76712328767123 91.01369863013699 85.35616438356165 114.6027397260274 
434.6575342465753 464.6575342465753 61.67123287671233 91.67123287671232 79.23287671232876 109.23287671232876 
312.8767123287671 340.958904109589 66.73972602739725 94.82191780821918 65.34246575342466 93.42465753424658 
304.8493150684931 334.5753424657534 70.61643835616438 100.34246575342466 66.64383561643835 96.36986301369863 
313.73972602739724 341.3424657534247 64.56164383561644 92.16438356164383 63.58904109589041 91.1917808219178 
376.3835616438356 404.8767123287671 67.26027397260275 95.75342465753425 69.35616438356165 97.84931506849315 
323.2191780821918 352.1232876712329 61.9041095890411 90.8082191780822 58.95890410958904 87.86301369863014 
595.917808219178 624.6164383561644 70.26027397260275 98.95890410958904 76.82191780821918 105.52054794520548 
346.2191780821918 374.2328767123288 62.32876712328767 90.34246575342466 70.17808219178082 98.1917808219178 
276.3835616438356 304.1232876712329 76.56164383561644 104.3013698630137 57.082191780821915 84.82191780821918 
267.73972602739724 294.3150684931507 70.47945205479452 97.05479452054794 69.5068493150685 96.08219178082192 
486.82191780821915 516.1369863013699 60.56164383561644 89.87671232876713 78.3972602739726 107.71232876712328 
441.7671232876712 471.7671232876712 70.53424657534246 100.53424657534246 68.0958904109589 98.0958904109589 
411.7671232876712 441.013698630137 59.821917808219176 89.06849315068493 66.76712328767124 96.01369863013699 
219.35616438356163 246.75342465753425 73.13698630136986 100.53424657534246 67.27397260273973 94.67123287671232 
340.5342465753425 369.986301369863 66.52054794520548 95.97260273972603 72.58904109589041 102.04109589041096 
380.2054794520548 406.7808219178082 69.68493150684931 96.26027397260275 61.26027397260274 87.83561643835617 
289.4931506849315 316.13698630136986 74.02739726027397 100.67123287671232 88.89041095890411 115.53424657534246 
