2912.3953488372094 2940.5348837209303 146.17441860465115 174.3139534883721 178.38372093023256 206.52325581395348 
3029.563953488372 3057.3837209302324 167.31976744186048 195.13953488372093 186.83139534883722 214.65116279069767 
2747.5581395348836 2775.639534883721 145.28488372093022 173.36627906976744 200.34883720930233 228.43023255813952 
2717.6162790697676 2745.1453488372094 129.78488372093022 157.3139534883721 189.01162790697674 216.5406976744186 
2665.639534883721 2693.953488372093 147.99418604651163 176.3081395348837 178.08139534883722 206.3953488372093 
2811.767441860465 2839.906976744186 149.05232558139534 177.1918604651163 208.1627906976744 236.30232558139534 
3065.7383720930234 3094.1686046511627 140.13372093023256 168.5639534883721 218.70348837209303 247.13372093023256 
3115.4651162790697 3143.517441860465 165.09883720930233 193.15116279069767 243.37209302325581 271.4244186046512 
3027.9186046511627 3056.203488372093 119.98255813953489 148.2674418604651 200.59302325581396 228.87790697674419 
2995.4593023255816 3023.046511627907 128.6046511627907 156.1918604651163 188.4825581395349 216.06976744186048 
2995.6744186046512 3023.7267441860463 155.72093023255815 183.77325581395348 268.8139534883721 296.8662790697674 
2865.767441860465 2893.906976744186 118.17441860465117 146.3139534883721 185.47674418604652 213.61627906976744 
3017.3488372093025 3045.8081395348836 146.98837209302326 175.44767441860466 205.6627906976744 234.12209302325581 
2972.5523255813955 3000.9244186046512 130.91860465116278 159.2906976744186 188.65697674418604 217.02906976744185 
2778.6220930232557 2805.8023255813955 163.91860465116278 191.09883720930233 217.22674418604652 244.40697674418604 
2893.0058139534885 2921.232558139535 145.33139534883722 173.5581395348837 229.22674418604652 257.45348837209303 
2964.0872093023254 2993.563953488372 168.32558139534885 197.80232558139534 349.26162790697674 378.73837209302326 
3169.796511627907 3199.0697674418607 129.25581395348837 158.52906976744185 202.29651162790697 231.56976744186048 
2882.732558139535 2911.3662790697676 134.80232558139534 163.4360465116279 238.37209302325581 267.00581395348837 
2876.1686046511627 2905.2383720930234 129.70348837209303 158.77325581395348 177.9127906976744 206.9825581395349 
2960.063953488372 2988.436046511628 137.22674418604652 165.59883720930233 208.84302325581396 237.21511627906978 
2738.1627906976746 2766.6511627906975 151.86046511627907 180.34883720930233 201.06976744186048 229.5581395348837 
2955.2151162790697 2982.9476744186045 144.67441860465115 172.40697674418604 198.70348837209303 226.4360465116279 
3021.6337209302324 3049.9767441860463 143.80232558139534 172.1453488372093 194.5406976744186 222.88372093023256 
2882.9593023255816 2912.4941860465115 153.26162790697674 182.79651162790697 257.7848837209302 287.31976744186045 
3119.656976744186 3148.3488372093025 130.3139534883721 159.00581395348837 208.61046511627907 237.30232558139534 
2729.3023255813955 2755.9011627906975 128.56976744186048 155.16860465116278 175.63953488372093 202.23837209302326 
3047.220930232558 3075.767441860465 149.9593023255814 178.50581395348837 213.2674418604651 241.8139534883721 
2759.610465116279 2786.9651162790697 123.87209302325581 151.22674418604652 168.79651162790697 196.15116279069767 
3028.5 3057.5116279069766 139.75581395348837 168.7674418604651 201.98837209302326 231.0 
2762.813953488372 2790.110465116279 118.97093023255815 146.2674418604651 205.48837209302326 232.78488372093022 
2821.9302325581393 2849.6627906976746 146.72093023255815 174.45348837209303 215.12790697674419 242.86046511627907 
2886.3081395348836 2914.6220930232557 191.3953488372093 219.7093023255814 209.0406976744186 237.3546511627907 
2930.186046511628 2959.0232558139537 133.3081395348837 162.1453488372093 256.93023255813955 285.7674418604651 
2697.860465116279 2725.8255813953488 148.83139534883722 176.79651162790697 224.8372093023256 252.80232558139534 
3145.7267441860463 3173.1976744186045 169.5 196.97093023255815 194.27325581395348 221.74418604651163 
2614.156976744186 2642.2093023255816 116.8313953488372 144.88372093023256 157.23837209302326 185.2906976744186 
2709.1918604651164 2737.2441860465115 107.38953488372093 135.4418604651163 195.47093023255815 223.52325581395348 
3058.9767441860463 3086.8255813953488 134.69767441860466 162.54651162790697 211.47674418604652 239.32558139534885 
2799.1802325581393 2826.6511627906975 141.9360465116279 169.40697674418604 222.4360465116279 249.90697674418604 
2865.6744186046512 2893.3779069767443 126.51744186046511 154.22093023255815 169.6860465116279 197.38953488372093 
2655.7848837209303 2682.8197674418607 142.9593023255814 169.99418604651163 234.33139534883722 261.3662790697674 
2885.7732558139537 2915.017441860465 128.02325581395348 157.2674418604651 200.13372093023256 229.37790697674419 
2890.529069767442 2918.7267441860463 153.49418604651163 181.6918604651163 198.49418604651163 226.6918604651163 
2973.8953488372094 3002.8197674418607 116.6046511627907 145.52906976744185 193.72093023255815 222.6453488372093 
2917.9186046511627 2946.6976744186045 113.01744186046511 141.79651162790697 157.1046511627907 185.88372093023256 
2877.1627906976746 2904.3720930232557 163.6918604651163 190.90116279069767 302.1046511627907 329.3139534883721 
2921.2616279069766 2949.5755813953488 117.28488372093024 145.59883720930233 176.20348837209303 204.5174418604651 
2890.5755813953488 2918.1046511627906 145.4825581395349 173.01162790697674 262.9593023255814 290.48837209302326 
2890.406976744186 2918.313953488372 138.81976744186048 166.72674418604652 185.87209302325581 213.77906976744185 
