1278.7264150943397 1308.3962264150944 77.65094339622641 107.32075471698113 127.58490566037736 157.25471698113208 
1331.4811320754718 1360.254716981132 81.59433962264151 110.36792452830188 127.30188679245283 156.0754716981132 
1240.3207547169811 1268.9528301886792 73.59433962264151 102.22641509433963 104.45283018867924 133.08490566037736 
903.3207547169811 929.9716981132076 94.13207547169812 120.78301886792453 95.45283018867924 122.10377358490567 
1037.2358490566037 1064.9716981132076 80.00943396226415 107.74528301886792 84.5754716981132 112.31132075471699 
1195.0 1224.1037735849056 87.04716981132076 116.15094339622641 120.05660377358491 149.16037735849056 
870.811320754717 898.0754716981132 86.75471698113208 114.01886792452831 91.75471698113208 119.01886792452831 
937.8018867924528 964.688679245283 74.29245283018868 101.17924528301887 103.33018867924528 130.21698113207546 
1249.867924528302 1278.311320754717 83.84905660377359 112.29245283018868 97.94339622641509 126.38679245283019 
1235.2075471698113 1264.1698113207547 79.20754716981132 108.16981132075472 88.89622641509433 117.85849056603773 
1106.254716981132 1133.754716981132 83.5377358490566 111.0377358490566 97.83018867924528 125.33018867924528 
1032.4905660377358 1059.801886792453 85.63207547169812 112.94339622641509 115.97169811320755 143.28301886792454 
1228.3490566037735 1256.0377358490566 79.98113207547169 107.66981132075472 98.19811320754717 125.88679245283019 
1323.0849056603774 1351.811320754717 82.40566037735849 111.13207547169812 99.80188679245283 128.52830188679246 
1109.132075471698 1138.0 79.45283018867924 108.32075471698113 126.40566037735849 155.27358490566039 
1253.301886792453 1280.9905660377358 75.17924528301887 102.86792452830188 109.5 137.18867924528303 
1064.0566037735848 1093.0188679245282 74.43396226415095 103.39622641509433 95.14150943396227 124.10377358490567 
1142.3962264150944 1170.3207547169811 87.19811320754717 115.12264150943396 104.0754716981132 132.0 
1152.754716981132 1180.6792452830189 88.49056603773585 116.41509433962264 131.4811320754717 159.4056603773585 
1241.3584905660377 1271.5 85.26415094339623 115.40566037735849 100.90566037735849 131.04716981132074 
1119.7169811320755 1147.688679245283 73.37735849056604 101.34905660377359 88.44339622641509 116.41509433962264 
1068.8396226415093 1098.9811320754718 80.91509433962264 111.05660377358491 135.45283018867926 165.5943396226415 
1142.0094339622642 1172.8584905660377 68.50943396226415 99.35849056603773 92.87735849056604 123.72641509433963 
1089.4528301886792 1116.5283018867924 75.28301886792453 102.35849056603773 87.85849056603773 114.93396226415095 
1115.1792452830189 1143.2924528301887 80.49056603773585 108.60377358490567 103.11320754716981 131.22641509433961 
962.9716981132076 990.188679245283 78.5 105.71698113207547 106.83962264150944 134.0566037735849 
1067.0471698113208 1095.5849056603774 85.94339622641509 114.48113207547169 112.76415094339623 141.30188679245282 
956.5471698113207 983.7641509433962 78.12264150943396 105.33962264150944 95.97169811320755 123.18867924528301 
1240.622641509434 1268.877358490566 85.90566037735849 114.16037735849056 114.04716981132076 142.30188679245282 
1051.198113207547 1080.254716981132 80.41509433962264 109.47169811320755 101.9622641509434 131.0188679245283 
1141.0377358490566 1169.622641509434 66.75471698113208 95.33962264150944 89.25471698113208 117.83962264150944 
1234.7830188679245 1263.4622641509434 71.85849056603773 100.5377358490566 95.12264150943396 123.80188679245283 
1217.7924528301887 1245.622641509434 70.35849056603773 98.18867924528301 99.81132075471699 127.64150943396227 
1168.9150943396226 1194.811320754717 76.86792452830188 102.76415094339623 90.97169811320755 116.86792452830188 
1257.7075471698113 1286.433962264151 80.28301886792453 109.00943396226415 98.75471698113208 127.48113207547169 
1223.1037735849056 1250.745283018868 82.61320754716981 110.25471698113208 78.9245283018868 106.56603773584905 
1163.367924528302 1190.9150943396226 80.41509433962264 107.9622641509434 111.66981132075472 139.21698113207546 
1381.9716981132076 1412.066037735849 82.9622641509434 113.05660377358491 121.70754716981132 151.80188679245282 
1138.122641509434 1166.0 68.40566037735849 96.28301886792453 85.27358490566037 113.15094339622641 
1045.2735849056603 1073.3396226415093 82.56603773584905 110.63207547169812 88.19811320754717 116.26415094339623 
1275.0943396226414 1304.3867924528302 84.4245283018868 113.71698113207547 116.32075471698113 145.61320754716982 
1243.698113207547 1273.8867924528302 79.5 109.68867924528301 113.11320754716981 143.30188679245282 
1128.9245283018868 1156.5188679245282 78.44339622641509 106.0377358490566 97.21698113207547 124.81132075471699 
1104.198113207547 1132.9716981132076 75.38679245283019 104.16037735849056 86.52830188679245 115.30188679245283 
1437.8207547169811 1468.5754716981132 72.66981132075472 103.4245283018868 109.51886792452831 140.27358490566039 
1230.566037735849 1259.7641509433963 81.33962264150944 110.5377358490566 107.54716981132076 136.74528301886792 
1230.4622641509434 1260.0849056603774 85.10377358490567 114.72641509433963 110.40566037735849 140.02830188679246 
1259.933962264151 1288.2358490566037 77.80188679245283 106.10377358490567 117.69811320754717 146.0 
1175.688679245283 1206.2075471698113 80.60377358490567 111.12264150943396 99.27358490566037 129.79245283018867 
1128.9056603773586 1157.5377358490566 81.77358490566037 110.40566037735849 103.33962264150944 131.97169811320754 
