659.6741573033707 687.6516853932584 75.15730337078652 103.13483146067416 81.8314606741573 109.80898876404494 
909.9775280898876 940.2584269662922 65.38202247191012 95.66292134831461 84.35955056179775 114.64044943820225 
663.6629213483146 692.9887640449438 66.25842696629213 95.58426966292134 90.57303370786516 119.89887640449439 
596.7303370786517 625.1011235955057 84.93258426966293 113.30337078651685 96.89887640449439 125.26966292134831 
699.8089887640449 728.0674157303371 68.75280898876404 97.01123595505618 86.08988764044943 114.34831460674157 
536.6179775280899 563.8651685393259 74.30337078651685 101.5505617977528 92.30337078651685 119.5505617977528 
1050.1685393258426 1080.056179775281 69.71910112359551 99.6067415730337 91.9438202247191 121.8314606741573 
560.4157303370787 589.0112359550562 72.32584269662921 100.92134831460675 82.67415730337079 111.26966292134831 
691.314606741573 718.3370786516854 71.38202247191012 98.40449438202248 72.78651685393258 99.80898876404494 
418.23595505617976 445.87640449438203 66.1685393258427 93.80898876404494 73.40449438202248 101.04494382022472 
820.5730337078652 850.4606741573034 73.48314606741573 103.37078651685393 75.69662921348315 105.58426966292134 
700.4494382022472 728.4831460674158 68.56179775280899 96.59550561797752 74.96629213483146 103.0 
744.3033707865169 773.5168539325842 73.31460674157303 102.52808988764045 80.12359550561797 109.33707865168539 
640.3033707865169 667.438202247191 71.11235955056179 98.24719101123596 102.69662921348315 129.8314606741573 
481.0449438202247 508.0674157303371 70.41573033707866 97.43820224719101 70.19101123595506 97.21348314606742 
701.3595505617977 730.1797752808989 77.61797752808988 106.43820224719101 89.01123595505618 117.8314606741573 
681.5056179775281 709.876404494382 64.23595505617978 92.6067415730337 78.59550561797752 106.96629213483146 
726.1685393258427 755.0449438202247 72.26966292134831 101.14606741573034 116.53932584269663 145.41573033707866 
750.4943820224719 778.7528089887641 67.61797752808988 95.87640449438203 75.92134831460675 104.17977528089888 
776.1573033707865 804.8089887640449 71.65168539325843 100.30337078651685 81.25842696629213 109.91011235955057 
796.3820224719101 823.9662921348314 72.64044943820225 100.2247191011236 86.13483146067416 113.71910112359551 
817.2584269662922 846.6404494382023 67.06741573033707 96.4494382022472 98.20224719101124 127.58426966292134 
620.1797752808989 650.2359550561798 68.0561797752809 98.11235955056179 91.11235955056179 121.1685393258427 
749.0112359550562 776.314606741573 77.71910112359551 105.02247191011236 92.0561797752809 119.35955056179775 
683.2022471910112 711.2359550561798 68.4494382022472 96.48314606741573 95.34831460674157 123.38202247191012 
1002.685393258427 1032.0112359550562 74.0 103.32584269662921 103.14606741573034 132.47191011235955 
714.943820224719 743.2022471910112 86.88764044943821 115.14606741573034 104.82022471910112 133.07865168539325 
627.3258426966293 653.7865168539325 66.8314606741573 93.29213483146067 63.71910112359551 90.17977528089888 
755.9101123595506 784.6179775280899 72.42696629213484 101.13483146067416 80.52808988764045 109.23595505617978 
664.9101123595506 692.3258426966293 64.92134831460675 92.33707865168539 93.25842696629213 120.67415730337079 
841.6179775280899 870.3820224719101 89.35955056179775 118.12359550561797 102.97752808988764 131.74157303370785 
648.1573033707865 677.314606741573 76.30337078651685 105.46067415730337 74.71910112359551 103.87640449438203 
822.0224719101124 851.4044943820224 66.37078651685393 95.75280898876404 74.75280898876404 104.13483146067416 
751.1460674157304 779.0112359550562 73.92134831460675 101.78651685393258 85.78651685393258 113.65168539325843 
823.1573033707865 851.8089887640449 71.76404494382022 100.41573033707866 69.28089887640449 97.93258426966293 
833.0337078651686 860.6741573033707 74.51685393258427 102.15730337078652 106.53932584269663 134.17977528089887 
527.7977528089888 553.9213483146067 64.74157303370787 90.86516853932584 83.23595505617978 109.35955056179775 
1002.6404494382023 1030.7303370786517 69.46067415730337 97.5505617977528 92.0561797752809 120.14606741573034 
814.629213483146 841.9887640449438 68.87640449438203 96.23595505617978 75.24719101123596 102.6067415730337 
772.8089887640449 801.2359550561798 71.65168539325843 100.07865168539325 79.51685393258427 107.9438202247191 
710.3258426966293 740.8314606741573 78.35955056179775 108.86516853932584 91.35955056179775 121.86516853932584 
850.9662921348314 880.4044943820224 73.9438202247191 103.38202247191012 74.74157303370787 104.17977528089888 
602.3370786516854 629.2471910112359 80.24719101123596 107.15730337078652 83.9438202247191 110.85393258426966 
551.9887640449438 580.0224719101124 70.12359550561797 98.15730337078652 84.70786516853933 112.74157303370787 
531.7640449438202 559.9101123595506 70.66292134831461 98.80898876404494 91.88764044943821 120.03370786516854 
829.6741573033707 858.3820224719101 71.68539325842697 100.3932584269663 81.32584269662921 110.03370786516854 
697.7752808988764 725.0224719101124 72.01123595505618 99.25842696629213 83.41573033707866 110.66292134831461 
732.5056179775281 761.4943820224719 78.42696629213484 107.41573033707866 89.87640449438203 118.86516853932584 
814.1910112359551 842.4494382022472 64.33707865168539 92.59550561797752 95.29213483146067 123.5505617977528 
655.8202247191011 684.2471910112359 68.66292134831461 97.08988764044943 83.80898876404494 112.23595505617978 
