63.526315789473685 94.3157894736842 53.473684210526315 84.26315789473684 46.10526315789474 76.89473684210526 
84.3157894736842 116.42105263157895 57.526315789473685 89.63157894736842 55.3421052631579 87.44736842105263 
51.86842105263158 76.60526315789474 54.28947368421053 79.02631578947368 42.60526315789474 67.34210526315789 
86.15789473684211 113.92105263157895 65.86842105263158 93.63157894736842 61.73684210526316 89.5 
48.578947368421055 75.8157894736842 62.36842105263158 89.60526315789474 38.21052631578947 65.44736842105263 
67.28947368421052 95.84210526315789 64.07894736842105 92.63157894736842 53.473684210526315 82.02631578947368 
63.6578947368421 93.92105263157895 57.81578947368421 88.07894736842105 39.473684210526315 69.73684210526316 
83.57894736842105 114.10526315789474 62.89473684210526 93.42105263157895 52.05263157894737 82.57894736842105 
57.36842105263158 88.94736842105263 54.81578947368421 86.39473684210526 36.31578947368421 67.89473684210526 
116.6842105263158 146.68421052631578 68.07894736842105 98.07894736842105 41.5 71.5 
79.47368421052632 110.13157894736842 58.89473684210526 89.55263157894737 54.55263157894737 85.21052631578948 
42.05263157894737 71.0 53.78947368421053 82.73684210526316 34.55263157894737 63.5 
59.10526315789474 89.23684210526316 49.526315789473685 79.65789473684211 46.60526315789474 76.73684210526316 
54.3421052631579 81.44736842105263 58.55263157894737 85.65789473684211 34.026315789473685 61.13157894736842 
51.28947368421053 79.44736842105263 61.526315789473685 89.6842105263158 39.8421052631579 68.0 
63.13157894736842 91.28947368421052 51.10526315789474 79.26315789473684 40.5 68.65789473684211 
54.526315789473685 86.23684210526316 53.473684210526315 85.1842105263158 40.0 71.71052631578948 
58.86842105263158 87.42105263157895 43.10526315789474 71.65789473684211 46.76315789473684 75.3157894736842 
50.973684210526315 78.34210526315789 57.86842105263158 85.23684210526316 35.63157894736842 63.0 
56.68421052631579 81.94736842105263 63.76315789473684 89.02631578947368 35.5 60.76315789473684 
128.78947368421052 159.31578947368422 53.28947368421053 83.8157894736842 50.421052631578945 80.94736842105263 
87.34210526315789 116.8157894736842 47.921052631578945 77.39473684210526 45.421052631578945 74.89473684210526 
53.81578947368421 79.34210526315789 51.421052631578945 76.94736842105263 42.36842105263158 67.89473684210526 
64.73684210526316 93.94736842105263 53.68421052631579 82.89473684210526 48.13157894736842 77.34210526315789 
63.0 92.86842105263158 52.526315789473685 82.39473684210526 48.6578947368421 78.52631578947368 
64.60526315789474 92.89473684210526 50.73684210526316 79.02631578947368 48.23684210526316 76.52631578947368 
89.02631578947368 118.63157894736842 54.526315789473685 84.13157894736842 52.55263157894737 82.15789473684211 
67.71052631578948 93.89473684210526 55.6578947368421 81.84210526315789 48.1578947368421 74.34210526315789 
47.18421052631579 76.78947368421052 59.1578947368421 88.76315789473684 37.81578947368421 67.42105263157895 
53.3421052631579 80.3157894736842 56.31578947368421 83.28947368421052 39.13157894736842 66.10526315789474 
83.0 115.36842105263158 52.44736842105263 84.8157894736842 54.26315789473684 86.63157894736842 
66.86842105263158 97.92105263157895 53.05263157894737 84.10526315789474 43.6578947368421 74.71052631578948 
65.36842105263158 92.73684210526316 54.73684210526316 82.10526315789474 49.78947368421053 77.15789473684211 
64.10526315789474 93.97368421052632 56.94736842105263 86.8157894736842 42.026315789473685 71.89473684210526 
83.13157894736842 114.71052631578948 57.5 89.07894736842105 46.28947368421053 77.86842105263158 
46.421052631578945 72.86842105263158 43.28947368421053 69.73684210526316 34.44736842105263 60.89473684210526 
55.921052631578945 85.78947368421052 53.05263157894737 82.92105263157895 40.13157894736842 70.0 
50.36842105263158 77.07894736842105 51.8421052631579 78.55263157894737 40.73684210526316 67.44736842105263 
34.55263157894737 64.28947368421052 51.8421052631579 81.57894736842105 29.55263157894737 59.28947368421053 
46.86842105263158 73.97368421052632 48.73684210526316 75.84210526315789 34.89473684210526 62.0 
39.60526315789474 65.92105263157895 41.10526315789474 67.42105263157895 32.23684210526316 58.55263157894737 
82.07894736842105 113.26315789473684 48.26315789473684 79.44736842105263 51.21052631578947 82.39473684210526 
62.60526315789474 90.23684210526316 52.94736842105263 80.57894736842105 45.81578947368421 73.44736842105263 
57.3421052631579 83.0 54.21052631578947 79.86842105263158 37.89473684210526 63.55263157894737 
48.5 77.44736842105263 54.973684210526315 83.92105263157895 41.28947368421053 70.23684210526316 
51.8421052631579 78.42105263157895 58.973684210526315 85.55263157894737 37.6578947368421 64.23684210526316 
55.94736842105263 85.42105263157895 50.81578947368421 80.28947368421052 41.078947368421055 70.55263157894737 
48.526315789473685 74.44736842105263 62.68421052631579 88.60526315789474 34.3421052631579 60.26315789473684 
71.42105263157895 97.73684210526316 54.578947368421055 80.89473684210526 42.63157894736842 68.94736842105263 
49.421052631578945 80.60526315789474 62.3421052631579 93.52631578947368 36.1578947368421 67.34210526315789 
