837.5894736842105 864.9052631578948 74.71578947368421 102.03157894736842 95.4 122.71578947368421 
870.578947368421 898.0526315789474 68.10526315789474 95.57894736842105 84.45263157894736 111.92631578947369 
880.6105263157895 909.9263157894737 80.18947368421053 109.50526315789473 81.57894736842105 110.89473684210526 
979.6947368421053 1008.0631578947368 78.22105263157894 106.58947368421053 124.54736842105264 152.9157894736842 
644.7578947368421 673.1789473684211 71.48421052631579 99.90526315789474 94.77894736842106 123.2 
1029.8105263157895 1058.4421052631578 77.6 106.23157894736842 107.71578947368421 136.34736842105264 
852.1157894736842 880.2736842105263 72.3578947368421 100.51578947368421 90.54736842105264 118.70526315789473 
787.8631578947368 816.4421052631579 74.50526315789473 103.08421052631579 95.76842105263158 124.34736842105264 
771.6631578947369 800.5052631578948 72.92631578947369 101.76842105263158 79.74736842105263 108.58947368421053 
1011.2947368421053 1039.4526315789474 83.03157894736842 111.18947368421053 119.25263157894737 147.41052631578947 
1036.9473684210527 1064.2105263157894 75.52631578947368 102.78947368421052 89.15789473684211 116.42105263157895 
940.8315789473684 970.0947368421052 86.46315789473684 115.72631578947369 101.84210526315789 131.10526315789474 
560.3157894736842 587.8421052631579 72.3157894736842 99.84210526315789 85.42105263157895 112.94736842105263 
852.3894736842105 881.1263157894737 67.11578947368422 95.85263157894737 85.87368421052632 114.61052631578947 
711.0631578947368 739.3789473684211 75.43157894736842 103.74736842105263 96.93684210526315 125.25263157894737 
962.5157894736842 990.2 73.25263157894737 100.93684210526315 101.0421052631579 128.7263157894737 
958.7789473684211 986.8842105263158 72.93684210526315 101.0421052631579 105.67368421052632 133.77894736842106 
815.5473684210526 843.1789473684211 76.81052631578947 104.4421052631579 79.4 107.03157894736842 
1007.7789473684211 1036.3578947368421 76.0421052631579 104.62105263157895 94.69473684210526 123.27368421052631 
819.7052631578947 848.1263157894737 72.96842105263158 101.38947368421053 78.69473684210526 107.11578947368422 
705.1368421052632 732.6105263157895 79.18947368421053 106.66315789473684 95.41052631578947 122.88421052631578 
622.021052631579 648.6 75.47368421052632 102.05263157894737 88.30526315789474 114.88421052631578 
762.9684210526316 793.021052631579 71.12631578947368 101.17894736842105 84.10526315789474 114.15789473684211 
914.8526315789474 941.6947368421053 75.06315789473685 101.90526315789474 103.81052631578947 130.65263157894736 
631.3684210526316 660.2105263157895 78.54736842105264 107.38947368421053 82.6842105263158 111.52631578947368 
732.9368421052632 761.6736842105263 74.4 103.13684210526316 94.88421052631578 123.62105263157895 
943.9263157894737 974.4 76.66315789473684 107.13684210526316 80.32631578947368 110.8 
1086.4105263157894 1115.621052631579 100.7578947368421 129.96842105263158 112.50526315789473 141.7157894736842 
1115.778947368421 1146.6736842105263 69.2 100.09473684210526 99.26315789473684 130.1578947368421 
764.1684210526316 792.2210526315789 73.11578947368422 101.16842105263157 70.3157894736842 98.36842105263158 
710.2 737.7789473684211 70.30526315789474 97.88421052631578 93.8 121.37894736842105 
904.9263157894737 933.2947368421053 79.65263157894736 108.02105263157895 89.74736842105263 118.11578947368422 
737.7052631578947 765.4421052631579 87.4421052631579 115.17894736842105 109.08421052631579 136.82105263157894 
846.1894736842105 874.4526315789474 67.4 95.66315789473684 94.51578947368421 122.77894736842106 
928.3052631578947 957.0947368421052 77.32631578947368 106.11578947368422 87.67368421052632 116.46315789473684 
1005.7578947368421 1035.0210526315789 76.54736842105264 105.81052631578947 132.96842105263158 162.23157894736843 
817.2105263157895 845.4736842105264 67.32631578947368 95.58947368421053 74.6842105263158 102.94736842105263 
1032.221052631579 1062.1157894736841 74.85263157894737 104.74736842105263 93.56842105263158 123.46315789473684 
915.8842105263158 944.8315789473684 66.72631578947369 95.67368421052632 97.10526315789474 126.05263157894737 
773.4315789473684 800.1157894736842 72.36842105263158 99.05263157894737 96.06315789473685 122.74736842105263 
1239.0 1267.5263157894738 84.89473684210526 113.42105263157895 88.96842105263158 117.49473684210527 
903.9473684210526 932.7894736842105 77.89473684210526 106.73684210526316 89.67368421052632 118.51578947368421 
688.3789473684211 716.3263157894737 74.27368421052631 102.22105263157894 85.43157894736842 113.37894736842105 
757.1684210526316 786.5368421052632 73.70526315789473 103.07368421052631 92.83157894736843 122.2 
682.5578947368421 710.1894736842105 67.56842105263158 95.2 88.08421052631579 115.71578947368421 
1078.0736842105264 1107.5473684210526 72.72631578947369 102.2 89.98947368421052 119.46315789473684 
1034.9789473684211 1063.4 68.54736842105264 96.96842105263158 86.49473684210527 114.91578947368421 
801.7368421052631 829.4736842105264 70.63157894736842 98.36842105263158 82.83157894736843 110.56842105263158 
949.1684210526316 976.6947368421053 68.6 96.12631578947368 104.10526315789474 131.6315789473684 
955.9684210526316 983.9157894736842 78.03157894736842 105.97894736842105 94.5578947368421 122.50526315789473 
