924.3076923076923 953.0439560439561 71.1978021978022 99.93406593406593 83.4065934065934 112.14285714285714 
640.7032967032967 667.5164835164835 69.49450549450549 96.3076923076923 95.63736263736264 122.45054945054945 
913.3736263736264 942.054945054945 70.31868131868131 99.0 87.3956043956044 116.07692307692308 
900.9010989010989 928.978021978022 65.98901098901099 94.06593406593407 78.84615384615384 106.92307692307692 
874.7802197802198 903.6813186813187 78.32967032967034 107.23076923076923 74.23076923076923 103.13186813186813 
890.4505494505495 918.5274725274726 73.81318681318682 101.89010989010988 86.27472527472527 114.35164835164835 
508.4065934065934 534.3956043956044 67.43956043956044 93.42857142857143 71.02197802197803 97.01098901098901 
819.3406593406594 848.7912087912088 70.35164835164835 99.8021978021978 90.6043956043956 120.05494505494505 
526.054945054945 554.8461538461538 82.25274725274726 111.04395604395604 72.15384615384616 100.94505494505495 
785.3406593406594 813.4725274725274 74.62637362637362 102.75824175824175 88.6043956043956 116.73626373626374 
782.5824175824176 810.7142857142857 68.5934065934066 96.72527472527473 81.01098901098901 109.14285714285714 
801.3406593406594 829.8571428571429 77.54945054945055 106.06593406593407 84.95604395604396 113.47252747252747 
860.2637362637363 888.6703296703297 70.13186813186813 98.53846153846153 84.06593406593407 112.47252747252747 
691.9230769230769 721.0439560439561 70.03296703296704 99.15384615384616 97.57142857142857 126.6923076923077 
606.3076923076923 634.934065934066 72.43956043956044 101.06593406593407 81.86813186813187 110.49450549450549 
782.9120879120879 813.5714285714286 74.95604395604396 105.61538461538461 93.24175824175825 123.9010989010989 
743.1428571428571 771.054945054945 69.94505494505495 97.85714285714286 86.86813186813187 114.78021978021978 
778.2087912087912 806.1208791208791 67.92307692307692 95.83516483516483 94.36263736263736 122.27472527472527 
888.5054945054945 917.2417582417582 78.14285714285714 106.87912087912088 80.51648351648352 109.25274725274726 
1000.1538461538462 1029.8791208791208 74.15384615384616 103.87912087912088 88.38461538461539 118.10989010989012 
864.2857142857143 890.989010989011 72.08791208791209 98.79120879120879 78.37362637362638 105.07692307692308 
836.0 863.3076923076923 69.97802197802197 97.28571428571429 80.2967032967033 107.6043956043956 
646.1428571428571 674.1098901098901 66.06593406593407 94.03296703296704 90.75824175824175 118.72527472527473 
853.4065934065934 882.1428571428571 69.96703296703296 98.7032967032967 100.1978021978022 128.93406593406593 
789.3406593406594 816.5384615384615 72.65934065934066 99.85714285714286 85.35164835164835 112.54945054945055 
615.0989010989011 642.6813186813187 63.48351648351648 91.06593406593407 76.93406593406593 104.51648351648352 
720.8351648351648 748.3076923076923 85.0989010989011 112.57142857142857 105.13186813186813 132.6043956043956 
626.6703296703297 654.5824175824176 74.98901098901099 102.9010989010989 84.6043956043956 112.51648351648352 
852.2527472527472 882.5274725274726 67.73626373626374 98.01098901098901 87.20879120879121 117.48351648351648 
815.4945054945055 841.3736263736264 70.56043956043956 96.43956043956044 97.0 122.87912087912088 
717.0989010989011 747.6483516483516 66.51648351648352 97.06593406593407 98.93406593406593 129.4835164835165 
770.032967032967 798.934065934066 76.14285714285714 105.04395604395604 83.17582417582418 112.07692307692308 
781.7142857142857 811.8241758241758 76.94505494505495 107.05494505494505 80.17582417582418 110.28571428571429 
764.6483516483516 793.2747252747253 75.43956043956044 104.06593406593407 81.18681318681318 109.81318681318682 
712.2087912087912 741.6043956043956 68.56043956043956 97.95604395604396 77.50549450549451 106.9010989010989 
884.5164835164835 915.5604395604396 71.94505494505495 102.98901098901099 80.37362637362638 111.41758241758242 
779.3736263736264 807.2307692307693 74.49450549450549 102.35164835164835 97.52747252747253 125.38461538461539 
907.2747252747253 937.2747252747253 77.6923076923077 107.6923076923077 115.3076923076923 145.30769230769232 
749.4945054945055 778.7802197802198 74.10989010989012 103.3956043956044 94.02197802197803 123.3076923076923 
713.5274725274726 741.989010989011 73.13186813186813 101.5934065934066 87.03296703296704 115.49450549450549 
825.989010989011 853.7362637362637 72.08791208791209 99.83516483516483 70.20879120879121 97.95604395604396 
537.6703296703297 564.5934065934066 72.06593406593407 98.98901098901099 73.02197802197803 99.94505494505495 
767.9230769230769 796.6593406593406 64.47252747252747 93.20879120879121 69.45054945054945 98.18681318681318 
703.1978021978022 732.2087912087912 74.85714285714286 103.86813186813187 93.4065934065934 122.41758241758242 
948.7032967032967 977.4945054945055 72.89010989010988 101.68131868131869 80.48351648351648 109.27472527472527 
845.1208791208791 873.5274725274726 77.91208791208791 106.31868131868131 88.27472527472527 116.68131868131869 
838.7582417582418 865.4065934065934 78.07692307692308 104.72527472527473 76.89010989010988 103.53846153846153 
698.2307692307693 726.5274725274726 67.13186813186813 95.42857142857143 88.25274725274726 116.54945054945055 
864.7362637362637 894.5164835164835 73.65934065934066 103.43956043956044 83.6923076923077 113.47252747252747 
767.1538461538462 795.7802197802198 73.2967032967033 101.92307692307692 91.67032967032966 120.2967032967033 
