3006.264705882353 3035.676470588235 109.82352941176471 139.23529411764707 211.44117647058823 240.85294117647058 
3218.9058823529413 3248.1117647058823 161.96470588235294 191.1705882352941 220.08235294117648 249.28823529411764 
2906.4529411764706 2935.4529411764706 145.33529411764707 174.33529411764707 215.2764705882353 244.2764705882353 
3055.576470588235 3085.105882352941 129.9 159.4294117647059 210.57647058823528 240.10588235294117 
2760.323529411765 2788.764705882353 131.11764705882354 159.55882352941177 178.55882352941177 207.0 
3065.7705882352943 3095.9176470588236 125.35882352941177 155.50588235294117 234.77058823529413 264.91764705882355 
2984.9823529411765 3013.2176470588233 131.54117647058823 159.7764705882353 176.68823529411765 204.92352941176472 
2979.9411764705883 3009.4411764705883 130.2058823529412 159.7058823529412 228.8235294117647 258.3235294117647 
2619.2235294117645 2646.7235294117645 114.42941176470588 141.9294117647059 222.45882352941177 249.95882352941177 
2895.970588235294 2925.294117647059 132.73529411764707 162.05882352941177 224.91176470588235 254.23529411764707 
3124.288235294118 3153.8470588235296 164.8764705882353 194.43529411764706 232.8764705882353 262.43529411764706 
2991.247058823529 3019.570588235294 107.86470588235294 136.18823529411765 143.30588235294118 171.62941176470588 
2932.358823529412 2960.4470588235295 139.22941176470587 167.31764705882352 200.1235294117647 228.21176470588236 
2846.1117647058823 2873.2294117647057 107.81764705882352 134.93529411764706 150.64117647058825 177.75882352941176 
2489.2 2516.758823529412 112.7 140.25882352941176 218.72941176470587 246.28823529411764 
2655.394117647059 2683.864705882353 156.04117647058823 184.51176470588234 222.86470588235295 251.33529411764707 
2916.235294117647 2944.794117647059 188.58823529411765 217.14705882352942 234.23529411764707 262.79411764705884 
2945.6 2973.835294117647 107.54117647058824 135.7764705882353 295.0705882352941 323.3058823529412 
2699.429411764706 2726.635294117647 109.9 137.10588235294117 231.7235294117647 258.9294117647059 
2825.4764705882353 2853.1529411764704 134.77058823529413 162.4470588235294 185.53529411764706 213.21176470588236 
2947.1941176470586 2975.635294117647 130.16470588235293 158.60588235294117 205.84117647058824 234.28235294117647 
2894.758823529412 2923.3176470588237 122.0 150.55882352941177 173.65882352941176 202.21764705882353 
3187.705882352941 3217.5882352941176 156.7058823529412 186.58823529411765 244.64705882352942 274.52941176470586 
3194.2176470588233 3224.070588235294 150.48235294117646 180.33529411764707 271.4529411764706 301.3058823529412 
2755.3823529411766 2783.5882352941176 122.94117647058823 151.14705882352942 201.91176470588235 230.11764705882354 
2837.1176470588234 2866.235294117647 122.17647058823529 151.2941176470588 205.8235294117647 234.94117647058823 
3113.9470588235295 3142.858823529412 169.88823529411764 198.8 272.24117647058824 301.15294117647056 
2620.6588235294116 2647.9823529411765 156.01176470588234 183.33529411764707 248.96470588235294 276.28823529411767 
2830.9470588235295 2859.4764705882353 134.4470588235294 162.9764705882353 194.35882352941175 222.88823529411764 
3002.8764705882354 3030.494117647059 141.43529411764706 169.0529411764706 207.64117647058825 235.25882352941176 
2949.9470588235295 2979.1529411764704 120.12352941176471 149.3294117647059 195.35882352941175 224.56470588235294 
3019.994117647059 3048.758823529412 117.7 146.46470588235294 188.7 217.46470588235294 
3058.264705882353 3086.764705882353 157.11764705882354 185.61764705882354 238.26470588235293 266.7647058823529 
2844.0529411764705 2871.935294117647 119.31764705882352 147.2 205.28823529411764 233.1705882352941 
2744.9529411764706 2773.864705882353 142.33529411764707 171.24705882352941 184.65882352941176 213.5705882352941 
2741.7235294117645 2769.5470588235294 147.31176470588235 175.13529411764705 218.19411764705882 246.01764705882354 
2999.9058823529413 3027.4058823529413 153.5235294117647 181.0235294117647 248.43529411764706 275.93529411764706 
2885.6470588235293 2913.470588235294 128.02941176470588 155.85294117647058 209.23529411764707 237.05882352941177 
2736.858823529412 2764.8882352941177 117.41764705882353 145.4470588235294 157.58823529411765 185.61764705882354 
3150.9882352941177 3180.6941176470586 144.7235294117647 174.4294117647059 202.4 232.10588235294117 
2771.1941176470586 2799.1941176470586 133.98823529411766 161.98823529411766 209.95882352941177 237.95882352941177 
2681.2235294117645 2711.164705882353 133.9294117647059 163.87058823529412 201.63529411764705 231.57647058823528 
3031.241176470588 3059.5941176470587 141.00588235294117 169.35882352941175 186.71176470588236 215.06470588235294 
2758.2294117647057 2786.5235294117647 132.0235294117647 160.31764705882352 183.40588235294118 211.7 
2780.4823529411765 2808.541176470588 150.83529411764707 178.89411764705883 231.95294117647057 260.01176470588234 
2717.1294117647058 2745.6882352941175 159.04117647058823 187.6 179.12941176470588 207.68823529411765 
2849.323529411765 2877.029411764706 144.38235294117646 172.08823529411765 176.14705882352942 203.85294117647058 
2905.958823529412 2933.752941176471 135.51764705882354 163.31176470588235 223.7235294117647 251.51764705882354 
2706.470588235294 2734.3823529411766 137.14705882352942 165.05882352941177 225.52941176470588 253.44117647058823 
3134.752941176471 3162.458823529412 121.04705882352941 148.75294117647059 214.69411764705882 242.4 
