869.375 897.5 78.38541666666667 106.51041666666667 90.78125 118.90625 
908.2708333333334 937.2291666666666 70.61458333333333 99.57291666666667 82.33333333333333 111.29166666666667 
1016.5729166666666 1046.1041666666667 74.78125 104.3125 92.80208333333333 122.33333333333333 
789.4375 817.875 73.66666666666667 102.10416666666667 84.42708333333333 112.86458333333333 
949.5416666666666 979.2291666666666 71.0 100.6875 82.94791666666667 112.63541666666667 
1221.03125 1249.7291666666667 80.82291666666667 109.52083333333333 95.4375 124.13541666666667 
950.9791666666666 979.78125 80.25 109.05208333333333 108.625 137.42708333333334 
904.5 932.0 74.79166666666667 102.29166666666667 86.9375 114.4375 
751.8645833333334 780.1458333333334 75.71875 104.0 114.89583333333333 143.17708333333334 
732.21875 760.7604166666666 76.39583333333333 104.9375 102.36458333333333 130.90625 
918.625 946.3854166666666 79.41666666666667 107.17708333333333 95.89583333333333 123.65625 
1125.8645833333333 1153.8854166666667 63.927083333333336 91.94791666666667 92.5625 120.58333333333333 
1018.8854166666666 1045.6041666666667 74.52083333333333 101.23958333333333 92.57291666666667 119.29166666666667 
828.0 857.84375 72.23958333333333 102.08333333333333 84.97916666666667 114.82291666666667 
852.1041666666666 880.3333333333334 77.89583333333333 106.125 103.3125 131.54166666666666 
737.6041666666666 764.4270833333334 76.09375 102.91666666666667 79.36458333333333 106.1875 
967.9583333333334 996.2916666666666 70.26041666666667 98.59375 88.65625 116.98958333333333 
840.1979166666666 868.7916666666666 73.42708333333333 102.02083333333333 89.42708333333333 118.02083333333333 
954.2708333333334 982.2395833333334 68.54166666666667 96.51041666666667 97.16666666666667 125.13541666666667 
967.9583333333334 998.53125 69.05208333333333 99.625 118.9375 149.51041666666666 
899.4375 928.7083333333334 74.41666666666667 103.6875 98.69791666666667 127.96875 
956.7395833333334 984.7604166666666 77.13541666666667 105.15625 107.44791666666667 135.46875 
804.0416666666666 830.96875 78.10416666666667 105.03125 83.67708333333333 110.60416666666667 
912.1770833333334 940.6145833333334 77.15625 105.59375 95.40625 123.84375 
764.2916666666666 792.0 79.14583333333333 106.85416666666667 90.20833333333333 117.91666666666667 
914.84375 943.2291666666666 78.78125 107.16666666666667 94.54166666666667 122.92708333333333 
810.7604166666666 837.4791666666666 72.22916666666667 98.94791666666667 72.23958333333333 98.95833333333333 
904.0416666666666 931.6458333333334 68.97916666666667 96.58333333333333 89.07291666666667 116.67708333333333 
1023.3125 1052.7916666666667 76.1875 105.66666666666667 115.20833333333333 144.6875 
712.875 740.84375 72.29166666666667 100.26041666666667 94.65625 122.625 
700.4166666666666 729.53125 70.59375 99.70833333333333 93.25 122.36458333333333 
1026.9166666666667 1056.0833333333333 69.33333333333333 98.5 89.35416666666667 118.52083333333333 
1000.6458333333334 1028.7708333333333 68.20833333333333 96.33333333333333 93.27083333333333 121.39583333333333 
775.5833333333334 802.71875 79.13541666666667 106.27083333333333 112.66666666666667 139.80208333333334 
1137.5416666666667 1166.7604166666667 77.63541666666667 106.85416666666667 89.29166666666667 118.51041666666667 
750.6666666666666 779.0520833333334 65.36458333333333 93.75 83.72916666666667 112.11458333333333 
847.5 875.9375 78.64583333333333 107.08333333333333 101.30208333333333 129.73958333333334 
791.53125 820.0729166666666 73.17708333333333 101.71875 87.38541666666667 115.92708333333333 
708.9895833333334 735.96875 73.41666666666667 100.39583333333333 80.16666666666667 107.14583333333333 
961.75 990.6041666666666 70.33333333333333 99.1875 97.17708333333333 126.03125 
1019.78125 1048.8958333333333 66.30208333333333 95.41666666666667 89.625 118.73958333333333 
878.53125 908.84375 65.875 96.1875 85.38541666666667 115.69791666666667 
943.625 972.3229166666666 69.51041666666667 98.20833333333333 108.27083333333333 136.96875 
913.6145833333334 941.1666666666666 78.05208333333333 105.60416666666667 94.20833333333333 121.76041666666667 
753.21875 782.8541666666666 77.47916666666667 107.11458333333333 81.73958333333333 111.375 
1063.1354166666667 1092.6145833333333 70.02083333333333 99.5 84.84375 114.32291666666667 
636.6979166666666 664.7708333333334 75.5625 103.63541666666667 92.79166666666667 120.86458333333333 
1204.2291666666667 1234.4375 77.3125 107.52083333333333 103.27083333333333 133.47916666666666 
781.4479166666666 808.7916666666666 79.9375 107.28125 85.125 112.46875 
885.7083333333334 915.2395833333334 79.21875 108.75 95.10416666666667 124.63541666666667 
