36.44 67.84 50.76 82.16 27.84 59.24 
30.84 58.84 52.12 80.12 24.44 52.44 
57.64 90.04 60.88 93.28 39.12 71.52 
41.56 69.76 53.28 81.48 35.36 63.56 
55.04 82.04 53.48 80.48 30.32 57.32 
37.28 64.68 52.08 79.48 28.64 56.04 
45.84 74.04 62.16 90.36 37.44 65.64 
46.44 72.04 49.28 74.88 41.04 66.64 
45.52 71.72 56.52 82.72 35.64 61.84 
67.6 93.6 57.04 83.04 49.0 75.0 
44.68 75.68 48.96 79.96 37.48 68.48 
38.16 67.96 49.08 78.88 33.96 63.76 
38.44 64.04 46.24 71.84 30.64 56.24 
38.76 66.16 59.84 87.24 32.76 60.16 
41.08 69.88 52.2 81.0 33.88 62.68 
40.48 67.48 59.76 86.76 32.48 59.48 
40.56 66.36 46.64 72.44 35.56 61.36 
46.32 76.12 52.76 82.56 34.92 64.72 
47.12 79.92 46.84 79.64 40.52 73.32 
36.36 64.16 42.16 69.96 30.16 57.96 
37.88 67.68 44.68 74.48 30.48 60.28 
43.0 68.8 54.2 80.0 33.44 59.24 
27.8 56.0 47.44 75.64 21.8 50.0 
39.32 70.12 43.24 74.04 33.52 64.32 
35.4 64.0 40.04 68.64 26.0 54.6 
36.36 64.76 43.24 71.64 29.4 57.8 
38.44 67.24 50.6 79.4 33.44 62.24 
42.16 70.76 43.4 72.0 37.56 66.16 
38.08 67.88 57.84 87.64 35.08 64.88 
41.4 69.8 66.0 94.4 34.8 63.2 
36.76 66.36 53.72 83.32 31.76 61.36 
39.6 66.8 51.92 79.12 32.4 59.6 
48.96 74.76 56.52 82.32 33.12 58.92 
50.88 81.28 45.96 76.36 41.88 72.28 
42.32 70.52 61.76 89.96 30.92 59.12 
47.16 70.56 45.72 69.12 40.96 64.36 
46.6 75.0 54.76 83.16 40.4 68.8 
49.04 79.44 54.8 85.2 38.44 68.84 
35.24 62.24 41.24 68.24 31.04 58.04 
37.6 66.6 49.92 78.92 31.6 60.6 
48.4 74.4 46.56 72.56 40.6 66.6 
49.04 81.44 55.2 87.6 38.28 70.68 
33.52 61.92 51.72 80.12 27.32 55.72 
53.44 81.04 42.16 69.76 38.96 66.56 
35.6 62.6 45.2 72.2 28.2 55.2 
44.16 70.16 55.08 81.08 33.56 59.56 
42.0 73.4 52.56 83.96 37.0 68.4 
46.0 72.4 45.84 72.24 38.36 64.76 
36.96 65.16 54.32 82.52 31.96 60.16 
63.6 90.8 47.64 74.84 43.0 70.2 
