2371.243902439024 2397.4024390243903 140.34146341463415 166.5 169.59756097560975 195.7560975609756 
2874.7195121951218 2903.621951219512 130.04268292682926 158.9451219512195 228.4390243902439 257.3414634146341 
2724.5426829268295 2753.262195121951 122.48780487804878 151.20731707317074 192.04268292682926 220.7621951219512 
2682.7073170731705 2709.7804878048782 138.9512195121951 166.02439024390245 229.23170731707316 256.3048780487805 
2812.5853658536585 2841.731707317073 112.85365853658537 142.0 159.17073170731706 188.3170731707317 
2775.268292682927 2803.7743902439024 122.92073170731707 151.4268292682927 153.6219512195122 182.1280487804878 
2561.890243902439 2589.298780487805 111.86585365853658 139.27439024390245 208.59756097560975 236.0060975609756 
2640.4024390243903 2667.9634146341464 125.8780487804878 153.4390243902439 182.78048780487805 210.34146341463415 
2805.9085365853657 2833.378048780488 111.53658536585365 139.0060975609756 186.9451219512195 214.41463414634146 
2984.420731707317 3012.4085365853657 124.25 152.2378048780488 179.2378048780488 207.22560975609755 
2839.4695121951218 2868.7073170731705 127.67073170731707 156.90853658536585 171.2378048780488 200.47560975609755 
3004.317073170732 3033.981707317073 107.17682926829268 136.84146341463415 218.03658536585365 247.7012195121951 
2675.5 2703.701219512195 117.6829268292683 145.8841463414634 225.4390243902439 253.640243902439 
2795.1341463414633 2823.9146341463415 119.6829268292683 148.46341463414635 193.3048780487805 222.08536585365854 
2580.201219512195 2607.8536585365855 112.76219512195122 140.41463414634146 134.46951219512195 162.1219512195122 
3070.0426829268295 3098.487804878049 140.0609756097561 168.5060975609756 206.5060975609756 234.9512195121951 
2879.890243902439 2908.9451219512193 134.82926829268294 163.8841463414634 184.70731707317074 213.7621951219512 
2658.268292682927 2687.4146341463415 116.10365853658537 145.25 215.52439024390245 244.67073170731706 
2849.871951219512 2877.829268292683 115.14634146341463 143.10365853658536 211.8231707317073 239.78048780487805 
2626.140243902439 2653.9146341463415 126.34146341463415 154.1158536585366 168.640243902439 196.41463414634146 
2459.3536585365855 2486.640243902439 117.3109756097561 144.59756097560975 253.6219512195122 280.9085365853659 
2709.182926829268 2739.0 142.90243902439025 172.71951219512195 192.65853658536585 222.47560975609755 
2795.5975609756097 2822.9451219512193 109.0548780487805 136.40243902439025 220.17073170731706 247.51829268292684 
2562.871951219512 2591.2865853658536 120.86585365853658 149.28048780487805 174.57926829268294 202.9939024390244 
2610.1646341463415 2638.9756097560976 131.390243902439 160.2012195121951 256.0792682926829 284.890243902439 
2619.567073170732 2647.371951219512 109.3109756097561 137.1158536585366 184.8109756097561 212.6158536585366 
2755.2926829268295 2783.5548780487807 122.89024390243902 151.15243902439025 185.109756097561 213.3719512195122 
3015.3048780487807 3044.6341463414633 115.6890243902439 145.01829268292684 217.9268292682927 247.2560975609756 
2775.3414634146343 2803.1768292682927 114.90243902439025 142.7378048780488 173.32926829268294 201.16463414634146 
2505.9634146341464 2534.256097560976 123.75 152.04268292682926 202.0 230.29268292682926 
2516.8536585365855 2545.9085365853657 121.35365853658537 150.40853658536585 173.4390243902439 202.4939024390244 
2682.6036585365855 2711.3231707317073 105.28048780487805 134.0 160.28658536585365 189.0060975609756 
2473.329268292683 2501.317073170732 141.9451219512195 169.9329268292683 248.91463414634146 276.9024390243902 
2652.243902439024 2679.987804878049 118.8719512195122 146.6158536585366 219.1951219512195 246.9390243902439 
2672.932926829268 2701.256097560976 125.23170731707317 153.5548780487805 172.8109756097561 201.1341463414634 
2670.420731707317 2698.012195121951 151.390243902439 178.98170731707316 236.7621951219512 264.3536585365854 
2802.8048780487807 2831.128048780488 111.17073170731707 139.4939024390244 164.45731707317074 192.78048780487805 
2856.359756097561 2884.987804878049 101.9939024390244 130.6219512195122 166.66463414634146 195.29268292682926 
2457.1646341463415 2484.817073170732 122.4451219512195 150.09756097560975 170.6341463414634 198.28658536585365 
2587.9024390243903 2614.762195121951 130.03048780487805 156.890243902439 185.58536585365854 212.4451219512195 
2616.5304878048782 2643.481707317073 128.9390243902439 155.890243902439 177.3231707317073 204.27439024390245 
2748.8231707317073 2777.237804878049 112.67073170731707 141.08536585365854 200.53048780487805 228.9451219512195 
2758.6463414634145 2787.9146341463415 134.26829268292684 163.53658536585365 214.1341463414634 243.40243902439025 
2804.9695121951218 2833.7195121951218 128.07926829268294 156.82926829268294 163.4451219512195 192.1951219512195 
2493.5975609756097 2520.2743902439024 105.53658536585365 132.21341463414635 167.7439024390244 194.42073170731706 
2673.8658536585367 2702.1585365853657 125.16463414634147 153.45731707317074 181.67073170731706 209.96341463414635 
2803.0853658536585 2830.4634146341464 133.65853658536585 161.03658536585365 206.6219512195122 234.0 
2806.0304878048782 2833.8353658536585 142.0060975609756 169.8109756097561 223.22560975609755 251.03048780487805 
2904.871951219512 2934.3536585365855 120.54268292682927 150.02439024390245 264.0182926829268 293.5 
3007.4634146341464 3036.4268292682927 112.64634146341463 141.609756097561 175.5731707317073 204.53658536585365 
