1104.9065420560748 1133.3177570093458 91.62616822429906 120.03738317757009 116.6822429906542 145.09345794392524 
1294.943925233645 1324.943925233645 77.22429906542057 107.22429906542057 112.24299065420561 142.2429906542056 
1130.411214953271 1159.0093457943926 85.19626168224299 113.79439252336448 100.42056074766356 129.01869158878506 
1324.981308411215 1353.252336448598 72.75700934579439 101.02803738317758 108.95327102803738 137.22429906542055 
1207.766355140187 1234.3551401869158 78.21495327102804 104.80373831775701 107.11214953271028 133.70093457943926 
1337.3551401869158 1366.8878504672898 74.32710280373831 103.85981308411215 102.78504672897196 132.3177570093458 
1001.1869158878504 1028.1028037383178 84.3644859813084 111.2803738317757 105.09345794392523 132.00934579439252 
1305.803738317757 1337.6728971962616 85.70093457943925 117.57009345794393 117.40186915887851 149.2710280373832 
763.2149532710281 789.7570093457944 74.83177570093459 101.37383177570094 111.4392523364486 137.98130841121494 
1168.392523364486 1195.8691588785048 76.24299065420561 103.7196261682243 103.42056074766356 130.89719626168224 
1196.4018691588785 1224.2990654205607 92.77570093457943 120.67289719626169 103.58878504672897 131.48598130841123 
801.8130841121496 827.6542056074767 68.33644859813084 94.17757009345794 106.77570093457943 132.61682242990653 
1195.5327102803737 1225.8598130841121 86.69158878504673 117.01869158878505 114.4392523364486 144.7663551401869 
1270.0841121495328 1299.5700934579438 73.62616822429906 103.11214953271028 93.16822429906541 122.65420560747664 
1166.056074766355 1194.747663551402 74.49532710280374 103.18691588785046 88.57009345794393 117.26168224299066 
1119.8785046728972 1147.6822429906542 73.54205607476635 101.34579439252336 100.21495327102804 128.01869158878506 
1336.9906542056074 1365.1214953271028 75.6355140186916 103.76635514018692 122.27102803738318 150.4018691588785 
1124.7102803738317 1152.9345794392523 86.0 114.22429906542057 106.85981308411215 135.0841121495327 
1045.4485981308412 1072.5514018691588 76.45794392523365 103.5607476635514 96.96261682242991 124.06542056074767 
1008.1869158878504 1034.9158878504672 80.7196261682243 107.44859813084112 101.09345794392523 127.82242990654206 
1182.018691588785 1209.4953271028037 74.4392523364486 101.91588785046729 116.1588785046729 143.6355140186916 
1117.7757009345794 1144.8785046728972 68.62616822429906 95.72897196261682 100.82242990654206 127.92523364485982 
1225.9906542056074 1254.5420560747664 80.14018691588785 108.69158878504673 108.11214953271028 136.66355140186917 
1170.8691588785048 1199.4205607476636 75.7196261682243 104.27102803738318 96.8411214953271 125.39252336448598 
1256.766355140187 1284.056074766355 89.00934579439253 116.29906542056075 95.92523364485982 123.21495327102804 
1292.0093457943926 1321.9158878504672 78.53271028037383 108.4392523364486 115.42056074766356 145.3271028037383 
1124.0093457943926 1151.4859813084113 78.73831775700934 106.21495327102804 99.01869158878505 126.49532710280374 
1116.1121495327102 1144.0093457943926 75.59813084112149 103.49532710280374 92.20560747663552 120.10280373831776 
877.6168224299065 904.2056074766355 80.7196261682243 107.30841121495327 103.86915887850468 130.45794392523365 
1038.9158878504672 1067.0 88.09345794392523 116.17757009345794 104.41121495327103 132.49532710280374 
1039.1214953271028 1065.8971962616822 80.13084112149532 106.90654205607477 91.2803738317757 118.05607476635514 
1173.4859813084113 1201.803738317757 73.11214953271028 101.42990654205607 107.79439252336448 136.11214953271028 
1189.6261682242991 1216.728971962617 81.89719626168224 109.0 113.35514018691589 140.45794392523365 
1165.7943925233644 1194.4859813084113 84.89719626168224 113.58878504672897 110.29906542056075 138.99065420560748 
1249.588785046729 1278.1869158878505 86.6355140186916 115.23364485981308 117.99065420560747 146.58878504672896 
1043.4672897196263 1071.3177570093458 90.95327102803738 118.80373831775701 103.7196261682243 131.57009345794393 
1309.2242990654206 1338.4299065420562 89.23364485981308 118.4392523364486 117.6822429906542 146.88785046728972 
914.4392523364486 942.1495327102804 81.06542056074767 108.77570093457943 93.42990654205607 121.14018691588785 
1224.0747663551401 1251.8785046728972 76.25233644859813 104.05607476635514 93.79439252336448 121.59813084112149 
965.6635514018692 993.1869158878504 78.72897196261682 106.25233644859813 94.96261682242991 122.48598130841121 
893.5700934579439 920.2990654205607 82.09345794392523 108.82242990654206 103.5607476635514 130.28971962616822 
1223.9252336448599 1252.056074766355 87.70093457943925 115.83177570093459 112.54205607476635 140.6728971962617 
1171.7009345794393 1198.0093457943926 82.61682242990655 108.92523364485982 91.05607476635514 117.3644859813084 
1164.233644859813 1192.3177570093458 78.59813084112149 106.6822429906542 110.44859813084112 138.53271028037383 
1009.5607476635514 1036.7570093457944 79.82242990654206 107.01869158878505 112.67289719626169 139.86915887850466 
1279.4953271028037 1307.766355140187 81.54205607476635 109.81308411214954 103.69158878504673 131.9626168224299 
1237.5327102803737 1265.5233644859813 78.29906542056075 106.28971962616822 101.22429906542057 129.21495327102804 
1322.9252336448599 1352.3177570093458 75.71028037383178 105.10280373831776 116.89719626168224 146.28971962616822 
1210.6448598130842 1241.2990654205607 74.97196261682242 105.62616822429906 93.4392523364486 124.09345794392523 
1148.5233644859813 1175.766355140187 76.20560747663552 103.44859813084112 113.53271028037383 140.77570093457945 
