365.18666666666667 392.58666666666664 63.64 91.04 72.36 99.76 
655.7866666666666 682.9866666666667 68.33333333333333 95.53333333333333 106.48 133.68 
282.82666666666665 310.4266666666667 68.08 95.68 65.96 93.56 
367.12 398.4533333333333 63.28 94.61333333333333 75.17333333333333 106.50666666666666 
273.1066666666667 300.50666666666666 74.49333333333334 101.89333333333333 79.38666666666667 106.78666666666666 
234.66666666666666 263.1333333333333 55.6 84.06666666666666 67.44 95.90666666666667 
351.1066666666667 375.5733333333333 62.08 86.54666666666667 51.53333333333333 76.0 
330.81333333333333 359.88 61.586666666666666 90.65333333333334 61.56 90.62666666666667 
728.8133333333334 757.6133333333333 75.89333333333333 104.69333333333333 74.81333333333333 103.61333333333333 
498.26666666666665 527.6666666666666 61.78666666666667 91.18666666666667 81.6 111.0 
278.3066666666667 306.50666666666666 67.72 95.92 83.64 111.84 
198.78666666666666 227.98666666666668 72.04 101.24 63.8 93.0 
403.3466666666667 431.08 73.96 101.69333333333333 84.45333333333333 112.18666666666667 
512.6266666666667 543.36 68.42666666666666 99.16 85.82666666666667 116.56 
312.93333333333334 339.8 73.18666666666667 100.05333333333333 73.64 100.50666666666666 
533.9066666666666 563.44 65.2 94.73333333333333 73.18666666666667 102.72 
456.76 486.49333333333334 64.56 94.29333333333334 81.34666666666666 111.08 
414.76 443.49333333333334 58.45333333333333 87.18666666666667 67.81333333333333 96.54666666666667 
334.12 362.38666666666666 64.42666666666666 92.69333333333333 77.33333333333333 105.6 
274.8 303.6 67.13333333333334 95.93333333333334 62.88 91.68 
299.3466666666667 326.28 71.48 98.41333333333333 72.18666666666667 99.12 
418.76 446.8933333333333 71.93333333333334 100.06666666666666 87.84 115.97333333333333 
466.2133333333333 495.81333333333333 63.82666666666667 93.42666666666666 74.74666666666667 104.34666666666666 
299.9866666666667 328.12 66.21333333333334 94.34666666666666 81.64 109.77333333333333 
437.6933333333333 465.2266666666667 61.626666666666665 89.16 70.49333333333334 98.02666666666667 
226.90666666666667 255.17333333333335 61.6 89.86666666666666 72.13333333333334 100.4 
402.2266666666667 432.4266666666667 73.28 103.48 80.36 110.56 
258.93333333333334 285.26666666666665 69.09333333333333 95.42666666666666 73.46666666666667 99.8 
296.0933333333333 325.29333333333335 67.88 97.08 72.30666666666667 101.50666666666666 
426.2266666666667 456.4266666666667 64.14666666666666 94.34666666666666 80.29333333333334 110.49333333333334 
370.1333333333333 399.73333333333335 65.69333333333333 95.29333333333334 62.36 91.96 
374.17333333333335 404.9066666666667 70.73333333333333 101.46666666666667 82.92 113.65333333333334 
454.96 483.29333333333335 73.76 102.09333333333333 72.16 100.49333333333334 
412.18666666666667 438.72 70.54666666666667 97.08 60.12 86.65333333333334 
559.9733333333334 587.3733333333333 63.77333333333333 91.17333333333333 69.44 96.84 
308.9066666666667 335.17333333333335 71.24 97.50666666666666 74.28 100.54666666666667 
386.2 416.2 63.413333333333334 93.41333333333333 66.82666666666667 96.82666666666667 
383.9066666666667 410.84 63.8 90.73333333333333 70.81333333333333 97.74666666666667 
376.68 405.5466666666667 56.413333333333334 85.28 69.12 97.98666666666666 
269.68 298.94666666666666 60.14666666666667 89.41333333333333 80.16 109.42666666666666 
207.82666666666665 234.22666666666666 66.42666666666666 92.82666666666667 60.04 86.44 
631.52 661.72 69.46666666666667 99.66666666666667 83.56 113.76 
270.17333333333335 298.64 63.026666666666664 91.49333333333334 75.17333333333333 103.64 
321.16 351.62666666666667 62.96 93.42666666666666 78.04 108.50666666666666 
485.92 513.12 69.81333333333333 97.01333333333334 72.09333333333333 99.29333333333334 
338.3066666666667 364.84 67.65333333333334 94.18666666666667 70.04 96.57333333333334 
340.4266666666667 369.29333333333335 71.72 100.58666666666667 74.98666666666666 103.85333333333334 
478.26666666666665 504.0 63.56 89.29333333333334 63.77333333333333 89.50666666666666 
475.38666666666666 504.6533333333333 72.64 101.90666666666667 87.34666666666666 116.61333333333333 
367.24 393.17333333333335 64.68 90.61333333333333 82.89333333333333 108.82666666666667 
