317.86764705882354 345.36764705882354 65.77941176470588 93.27941176470588 67.29411764705883 94.79411764705883 
292.4264705882353 321.3970588235294 71.01470588235294 99.98529411764706 66.8529411764706 95.82352941176471 
401.95588235294116 431.88235294117646 77.8970588235294 107.82352941176471 77.51470588235294 107.44117647058823 
201.85294117647058 228.98529411764707 62.75 89.88235294117646 65.82352941176471 92.95588235294117 
261.27941176470586 288.3382352941176 62.26470588235294 89.32352941176471 57.14705882352941 84.20588235294117 
272.75 301.6470588235294 65.32352941176471 94.22058823529412 64.69117647058823 93.58823529411765 
102.94117647058823 128.4558823529412 60.98529411764706 86.5 43.19117647058823 68.70588235294117 
264.3970588235294 293.1470588235294 67.70588235294117 96.45588235294117 79.0 107.75 
435.8235294117647 463.7647058823529 66.48529411764706 94.42647058823529 78.32352941176471 106.26470588235294 
279.30882352941177 307.1029411764706 66.54411764705883 94.33823529411765 73.54411764705883 101.33823529411765 
287.75 315.54411764705884 52.588235294117645 80.38235294117646 82.0 109.79411764705883 
343.1470588235294 372.04411764705884 61.911764705882355 90.80882352941177 77.54411764705883 106.44117647058823 
217.5 245.80882352941177 60.69117647058823 89.0 65.05882352941177 93.36764705882354 
191.9264705882353 219.05882352941177 58.794117647058826 85.92647058823529 69.76470588235294 96.8970588235294 
269.72058823529414 297.88235294117646 66.61764705882354 94.77941176470588 66.8529411764706 95.01470588235294 
260.8970588235294 290.8235294117647 65.77941176470588 95.70588235294117 61.64705882352941 91.57352941176471 
168.7058823529412 197.23529411764707 61.5 90.02941176470588 53.838235294117645 82.36764705882354 
160.30882352941177 188.3235294117647 65.04411764705883 93.05882352941177 63.661764705882355 91.67647058823529 
203.19117647058823 232.16176470588235 67.23529411764706 96.20588235294117 86.27941176470588 115.25 
384.0147058823529 412.47058823529414 67.23529411764706 95.69117647058823 61.60294117647059 90.05882352941177 
312.36764705882354 340.0882352941176 65.58823529411765 93.30882352941177 81.1470588235294 108.86764705882354 
186.26470588235293 213.83823529411765 65.75 93.32352941176471 52.838235294117645 80.41176470588235 
140.5735294117647 167.85294117647058 64.98529411764706 92.26470588235294 61.11764705882353 88.3970588235294 
149.85294117647058 177.94117647058823 73.45588235294117 101.54411764705883 73.91176470588235 102.0 
245.5441176470588 273.11764705882354 61.088235294117645 88.66176470588235 59.64705882352941 87.22058823529412 
205.4558823529412 232.80882352941177 56.63235294117647 83.98529411764706 71.11764705882354 98.47058823529412 
391.4852941176471 419.94117647058823 69.97058823529412 98.42647058823529 73.44117647058823 101.8970588235294 
351.94117647058823 379.5882352941176 64.51470588235294 92.16176470588235 68.61764705882354 96.26470588235294 
337.8970588235294 365.54411764705884 65.94117647058823 93.58823529411765 79.26470588235294 106.91176470588235 
252.88235294117646 282.5147058823529 65.33823529411765 94.97058823529412 65.19117647058823 94.82352941176471 
155.27941176470588 183.73529411764707 65.52941176470588 93.98529411764706 61.588235294117645 90.04411764705883 
384.22058823529414 413.11764705882354 76.61764705882354 105.51470588235294 76.69117647058823 105.58823529411765 
341.95588235294116 371.88235294117646 64.3529411764706 94.27941176470588 63.544117647058826 93.47058823529412 
184.7941176470588 212.22058823529412 65.69117647058823 93.11764705882354 59.73529411764706 87.16176470588235 
120.8970588235294 147.73529411764707 60.720588235294116 87.55882352941177 49.955882352941174 76.79411764705883 
126.83823529411765 155.88235294117646 63.044117647058826 92.08823529411765 69.45588235294117 98.5 
242.47058823529412 270.4117647058824 56.6764705882353 84.61764705882354 68.22058823529412 96.16176470588235 
346.25 374.8529411764706 74.02941176470588 102.63235294117646 67.33823529411765 95.94117647058823 
148.5441176470588 174.13235294117646 67.61764705882354 93.20588235294117 73.88235294117646 99.47058823529412 
458.1470588235294 488.0735294117647 70.72058823529412 100.6470588235294 68.04411764705883 97.97058823529412 
176.0 204.52941176470588 70.1470588235294 98.67647058823529 52.5 81.02941176470588 
177.88235294117646 205.52941176470588 72.82352941176471 100.47058823529412 66.01470588235294 93.66176470588235 
182.0735294117647 208.61764705882354 61.38235294117647 87.92647058823529 59.94117647058823 86.48529411764706 
149.7058823529412 177.05882352941177 62.544117647058826 89.8970588235294 68.77941176470588 96.13235294117646 
298.54411764705884 328.1029411764706 65.19117647058823 94.75 67.02941176470588 96.58823529411765 
170.08823529411765 196.55882352941177 64.51470588235294 90.98529411764706 56.10294117647059 82.57352941176471 
133.47058823529412 160.4558823529412 56.911764705882355 83.8970588235294 62.088235294117645 89.07352941176471 
255.5441176470588 284.88235294117646 60.73529411764706 90.07352941176471 64.75 94.08823529411765 
163.58823529411765 191.30882352941177 73.44117647058823 101.16176470588235 68.04411764705883 95.76470588235294 
288.80882352941177 317.4852941176471 63.69117647058823 92.36764705882354 82.5 111.17647058823529 
