102.94 132.44 54.24 83.74 46.64 76.14 
79.66 107.16 57.18 84.68 56.1 83.6 
102.68 128.98 65.36 91.66 53.56 79.86 
137.48 168.28 55.5 86.3 55.42 86.22 
81.8 109.7 57.18 85.08 58.76 86.66 
74.26 102.96 58.46 87.16 53.02 81.72 
58.06 88.86 56.84 87.64 41.98 72.78 
101.1 128.1 63.18 90.18 60.54 87.54 
67.26 95.46 51.86 80.06 48.56 76.76 
72.5 99.2 61.74 88.44 44.64 71.34 
99.3 129.1 59.4 89.2 54.66 84.46 
103.38 131.08 58.98 86.68 52.42 80.12 
100.52 132.22 58.98 90.68 51.5 83.2 
85.14 113.74 58.66 87.26 49.58 78.18 
97.3 125.7 56.66 85.06 46.78 75.18 
57.18 85.88 54.12 82.82 44.58 73.28 
95.06 126.26 57.18 88.38 49.58 80.78 
71.62 98.52 64.8 91.7 36.6 63.5 
74.04 100.24 59.86 86.06 53.56 79.76 
71.2 99.7 52.24 80.74 44.4 72.9 
61.9 89.3 58.52 85.92 41.36 68.76 
94.08 121.88 55.28 83.08 55.28 83.08 
70.7 98.5 55.34 83.14 49.54 77.34 
91.92 120.32 63.4 91.8 63.0 91.4 
55.26 85.26 49.6 79.6 36.1 66.1 
107.96 137.16 60.06 89.26 63.24 92.44 
169.98 199.18 51.7 80.9 54.12 83.32 
66.66 94.86 53.78 81.98 41.54 69.74 
179.76 209.76 65.9 95.9 67.58 97.58 
136.04 167.44 70.3 101.7 52.62 84.02 
74.76 102.56 61.14 88.94 47.14 74.94 
78.76 105.46 63.14 89.84 48.86 75.56 
95.7 122.7 59.58 86.58 49.88 76.88 
111.0 140.7 54.8 84.5 57.32 87.02 
131.0 160.2 56.28 85.48 61.26 90.46 
65.08 92.58 57.12 84.62 42.78 70.28 
123.92 151.72 63.86 91.66 52.48 80.28 
104.8 132.5 55.24 82.94 43.38 71.08 
71.86 101.46 56.32 85.92 45.6 75.2 
68.48 97.18 53.0 81.7 37.88 66.58 
65.14 95.44 53.5 83.8 50.06 80.36 
81.84 110.54 55.86 84.56 43.1 71.8 
96.3 126.6 56.76 87.06 49.92 80.22 
183.18 215.58 56.16 88.56 52.6 85.0 
112.04 139.64 63.8 91.4 57.52 85.12 
96.14 124.24 58.9 87.0 48.64 76.74 
144.78 173.08 55.26 83.56 47.0 75.3 
166.6 196.4 60.32 90.12 58.86 88.66 
97.62 125.72 52.5 80.6 48.6 76.7 
157.3 184.6 66.24 93.54 64.92 92.22 
