30.4 57.4 36.2 63.2 20.4 47.4 
24.8 48.8 62.8 86.8 19.8 43.8 
35.0 68.0 25.0 58.0 30.0 63.0 
29.4 54.4 54.8 79.8 24.4 49.4 
29.0 52.0 47.0 70.0 24.0 47.0 
27.0 55.0 43.4 71.4 22.0 50.0 
26.0 59.0 35.2 68.2 21.0 54.0 
22.0 46.0 31.8 55.8 17.0 41.0 
27.0 54.0 42.0 69.0 22.0 49.0 
29.4 59.4 43.2 73.2 24.4 54.4 
30.2 52.2 39.0 61.0 18.2 40.2 
47.0 73.0 38.0 64.0 40.0 66.0 
22.0 43.0 45.0 66.0 17.0 38.0 
18.0 35.0 47.0 64.0 13.0 30.0 
31.2 58.2 40.6 67.6 26.2 53.2 
18.0 36.0 55.8 73.8 13.0 31.0 
30.0 62.0 64.0 96.0 25.0 57.0 
34.6 56.6 50.8 72.8 29.6 51.6 
24.0 50.0 56.6 82.6 19.0 45.0 
20.0 50.0 53.6 83.6 15.0 45.0 
34.4 58.4 41.0 65.0 27.4 51.4 
23.0 48.0 68.8 93.8 18.0 43.0 
26.0 52.0 47.4 73.4 21.0 47.0 
30.0 58.0 49.8 77.8 25.0 53.0 
32.0 62.0 40.6 70.6 27.0 57.0 
28.0 57.0 46.0 75.0 23.0 52.0 
29.8 63.8 41.0 75.0 26.8 60.8 
55.4 92.4 38.2 75.2 52.4 89.4 
22.0 45.0 36.4 59.4 17.0 40.0 
29.6 52.6 67.2 90.2 26.6 49.6 
36.4 64.4 39.4 67.4 27.4 55.4 
27.0 49.0 38.4 60.4 22.0 44.0 
33.0 60.0 34.8 61.8 28.0 55.0 
31.0 66.0 44.8 79.8 26.0 61.0 
29.0 51.0 50.6 72.6 24.0 46.0 
27.0 61.0 62.2 96.2 22.0 56.0 
23.0 50.0 55.4 82.4 18.0 45.0 
36.6 61.6 62.6 87.6 31.6 56.6 
27.0 49.0 39.2 61.2 22.0 44.0 
25.0 49.0 41.8 65.8 20.0 44.0 
33.0 61.0 52.2 80.2 28.0 56.0 
42.4 74.4 42.2 74.2 29.4 61.4 
24.0 45.0 26.0 47.0 19.0 40.0 
22.0 56.0 57.2 91.2 17.0 51.0 
29.0 66.0 62.2 99.2 24.0 61.0 
26.0 58.0 36.2 68.2 21.0 53.0 
29.0 62.0 39.6 72.6 24.0 57.0 
29.8 53.8 24.6 48.6 24.8 48.8 
17.0 43.0 31.6 57.6 12.0 38.0 
30.0 62.0 61.4 93.4 25.0 57.0 
