2806.358974358974 2836.0705128205127 107.16025641025641 136.87179487179486 165.14102564102564 194.85256410256412 
2660.1666666666665 2689.076923076923 108.09615384615384 137.00641025641025 192.7948717948718 221.7051282051282 
2637.2884615384614 2665.3333333333335 113.02564102564102 141.07051282051282 155.90384615384616 183.94871794871796 
2601.9166666666665 2631.5 95.43589743589743 125.01923076923077 168.1346153846154 197.71794871794873 
2528.0384615384614 2555.474358974359 110.12179487179488 137.55769230769232 177.5897435897436 205.02564102564102 
2405.076923076923 2432.8333333333335 109.78846153846153 137.5448717948718 159.62820512820514 187.3846153846154 
2519.7948717948716 2547.8397435897436 106.6474358974359 134.69230769230768 225.8846153846154 253.92948717948718 
2291.2115384615386 2318.74358974359 111.07051282051282 138.60256410256412 173.00641025641025 200.53846153846155 
2678.5641025641025 2708.051282051282 140.05769230769232 169.5448717948718 206.64102564102564 236.12820512820514 
2635.596153846154 2663.9294871794873 160.03205128205127 188.3653846153846 210.6602564102564 238.99358974358975 
2380.4423076923076 2408.0384615384614 114.26282051282051 141.85897435897436 186.53205128205127 214.12820512820514 
2488.019230769231 2516.7051282051284 95.59615384615384 124.28205128205128 199.42948717948718 228.1153846153846 
2553.9615384615386 2582.7115384615386 102.16025641025641 130.9102564102564 154.73076923076923 183.48076923076923 
2646.0128205128203 2675.371794871795 108.0576923076923 137.41666666666666 162.6153846153846 191.97435897435898 
2314.0576923076924 2341.878205128205 124.87820512820512 152.69871794871796 223.67307692307693 251.49358974358975 
2557.6346153846152 2586.480769230769 127.80128205128206 156.64743589743588 175.71153846153845 204.55769230769232 
2324.1923076923076 2351.403846153846 110.17948717948718 137.39102564102564 178.6153846153846 205.82692307692307 
2694.801282051282 2723.871794871795 125.42948717948718 154.5 186.01923076923077 215.0897435897436 
2482.5897435897436 2509.480769230769 111.2948717948718 138.18589743589743 158.74358974358975 185.6346153846154 
2284.0641025641025 2311.403846153846 108.7051282051282 136.0448717948718 184.06410256410257 211.40384615384616 
2296.403846153846 2323.647435897436 122.23717948717949 149.48076923076923 159.5448717948718 186.78846153846155 
2231.903846153846 2258.698717948718 100.60897435897436 127.40384615384616 148.37820512820514 175.17307692307693 
2183.980769230769 2211.9294871794873 129.72435897435898 157.67307692307693 179.4551282051282 207.40384615384616 
2269.980769230769 2297.673076923077 140.37820512820514 168.07051282051282 206.39102564102564 234.08333333333334 
2608.3397435897436 2638.051282051282 126.92307692307692 156.6346153846154 201.5448717948718 231.25641025641025 
2457.641025641026 2485.8141025641025 130.42307692307693 158.59615384615384 234.5 262.6730769230769 
2373.25641025641 2401.8141025641025 96.92948717948718 125.48717948717949 143.0 171.55769230769232 
2534.801282051282 2562.108974358974 115.86538461538461 143.17307692307693 154.41666666666666 181.72435897435898 
2615.903846153846 2645.4871794871797 114.78205128205128 144.3653846153846 175.51923076923077 205.10256410256412 
2449.3653846153848 2477.5384615384614 111.36538461538461 139.53846153846155 142.31410256410257 170.48717948717947 
2520.371794871795 2549.6346153846152 110.39102564102564 139.65384615384616 213.44871794871796 242.71153846153845 
2471.826923076923 2499.775641025641 111.52564102564102 139.47435897435898 180.92948717948718 208.87820512820514 
2520.897435897436 2548.5576923076924 121.5448717948718 149.2051282051282 212.67948717948718 240.3397435897436 
2627.352564102564 2656.5833333333335 108.37820512820512 137.60897435897436 167.28846153846155 196.51923076923077 
2612.878205128205 2640.9871794871797 127.62820512820512 155.73717948717947 192.75 220.85897435897436 
2601.628205128205 2629.096153846154 129.72435897435898 157.19230769230768 198.03846153846155 225.50641025641025 
2514.9294871794873 2543.903846153846 146.0897435897436 175.06410256410257 174.60897435897436 203.58333333333334 
2289.102564102564 2318.3653846153848 117.11538461538461 146.37820512820514 200.19230769230768 229.4551282051282 
2620.621794871795 2649.2115384615386 118.10897435897436 146.69871794871796 180.94230769230768 209.53205128205127 
2610.3333333333335 2638.891025641026 130.76282051282053 159.32051282051282 179.24358974358975 207.80128205128204 
2552.8205128205127 2581.5384615384614 98.28205128205128 127.0 147.75641025641025 176.47435897435898 
2470.4102564102564 2498.7115384615386 106.73076923076923 135.03205128205127 160.28205128205127 188.58333333333334 
2611.9871794871797 2640.7051282051284 115.96794871794872 144.68589743589743 193.71794871794873 222.43589743589743 
2587.724358974359 2617.1794871794873 99.2948717948718 128.75 172.59615384615384 202.05128205128204 
2712.8141025641025 2741.019230769231 111.39102564102564 139.59615384615384 158.64743589743588 186.85256410256412 
2744.5320512820513 2773.5705128205127 129.35897435897436 158.39743589743588 190.62179487179486 219.6602564102564 
2358.352564102564 2386.269230769231 115.87820512820512 143.7948717948718 163.28846153846155 191.2051282051282 
2078.147435897436 2104.5576923076924 105.06410256410257 131.47435897435898 145.8397435897436 172.25 
2392.371794871795 2419.326923076923 110.43589743589743 137.39102564102564 144.35897435897436 171.31410256410257 
2891.2884615384614 2921.224358974359 125.15384615384616 155.0897435897436 161.1602564102564 191.09615384615384 
