30.923076923076923 62.84615384615385 46.53846153846154 78.46153846153847 25.153846153846153 57.07692307692308 
23.923076923076923 52.38461538461539 41.53846153846154 70.0 18.923076923076923 47.38461538461539 
38.07692307692308 65.38461538461539 56.46153846153846 83.76923076923077 33.07692307692308 60.38461538461539 
36.0 68.3076923076923 48.92307692307692 81.23076923076923 31.0 63.30769230769231 
27.692307692307693 55.38461538461539 61.46153846153846 89.15384615384616 23.46153846153846 51.15384615384615 
30.846153846153847 56.23076923076923 49.69230769230769 75.07692307692308 25.076923076923077 50.46153846153846 
41.61538461538461 73.15384615384616 38.23076923076923 69.76923076923077 37.38461538461539 68.92307692307692 
36.0 67.15384615384616 34.61538461538461 65.76923076923077 24.307692307692307 55.46153846153846 
24.692307692307693 57.38461538461539 38.92307692307692 71.61538461538461 19.692307692307693 52.38461538461539 
50.30769230769231 81.07692307692308 58.07692307692308 88.84615384615384 39.92307692307692 70.6923076923077 
25.153846153846153 52.07692307692308 37.0 63.92307692307692 20.153846153846153 47.07692307692308 
33.53846153846154 63.92307692307692 37.76923076923077 68.15384615384616 27.846153846153847 58.23076923076923 
27.846153846153847 51.30769230769231 51.61538461538461 75.07692307692308 22.846153846153847 46.30769230769231 
39.0 65.15384615384616 52.61538461538461 78.76923076923077 27.46153846153846 53.61538461538461 
34.15384615384615 63.76923076923077 38.84615384615385 68.46153846153847 29.153846153846153 58.76923076923077 
34.76923076923077 62.46153846153846 45.46153846153846 73.15384615384616 28.23076923076923 55.92307692307692 
47.69230769230769 73.07692307692308 49.69230769230769 75.07692307692308 41.15384615384615 66.53846153846153 
40.69230769230769 64.92307692307692 51.53846153846154 75.76923076923077 31.846153846153847 56.07692307692308 
25.0 50.38461538461539 32.92307692307692 58.30769230769231 20.0 45.38461538461539 
39.84615384615385 69.46153846153847 47.61538461538461 77.23076923076923 31.384615384615383 61.0 
44.61538461538461 74.61538461538461 47.46153846153846 77.46153846153847 40.38461538461539 70.38461538461539 
37.92307692307692 70.61538461538461 57.46153846153846 90.15384615384616 32.92307692307692 65.61538461538461 
30.153846153846153 61.69230769230769 36.38461538461539 67.92307692307692 26.692307692307693 58.23076923076923 
32.0 61.61538461538461 43.30769230769231 72.92307692307692 27.0 56.61538461538461 
28.846153846153847 59.23076923076923 36.46153846153846 66.84615384615384 23.846153846153847 54.23076923076923 
43.23076923076923 71.6923076923077 52.53846153846154 81.0 32.46153846153846 60.92307692307692 
59.46153846153846 88.3076923076923 56.15384615384615 85.0 49.84615384615385 78.6923076923077 
28.846153846153847 59.23076923076923 49.69230769230769 80.07692307692308 23.846153846153847 54.23076923076923 
34.76923076923077 68.23076923076923 43.61538461538461 77.07692307692308 23.23076923076923 56.69230769230769 
57.46153846153846 87.84615384615384 61.23076923076923 91.61538461538461 31.46153846153846 61.84615384615385 
32.92307692307692 64.07692307692308 45.38461538461539 76.53846153846153 25.615384615384617 56.76923076923077 
29.076923076923077 54.07692307692308 55.30769230769231 80.3076923076923 24.076923076923077 49.07692307692308 
40.0 75.76923076923077 51.76923076923077 87.53846153846153 31.923076923076923 67.6923076923077 
31.923076923076923 55.76923076923077 50.69230769230769 74.53846153846153 26.153846153846153 50.0 
40.46153846153846 70.84615384615384 45.76923076923077 76.15384615384616 32.76923076923077 63.15384615384615 
26.307692307692307 50.53846153846154 31.153846153846153 55.38461538461539 21.307692307692307 45.53846153846154 
31.53846153846154 60.0 28.923076923076923 57.38461538461539 25.76923076923077 54.23076923076923 
28.923076923076923 60.46153846153846 52.61538461538461 84.15384615384616 24.692307692307693 56.23076923076923 
31.53846153846154 58.46153846153846 51.53846153846154 78.46153846153847 26.53846153846154 53.46153846153846 
21.53846153846154 48.07692307692308 52.61538461538461 79.15384615384616 16.53846153846154 43.07692307692308 
25.76923076923077 54.61538461538461 44.53846153846154 73.38461538461539 20.76923076923077 49.61538461538461 
30.384615384615383 56.53846153846154 57.69230769230769 83.84615384615384 25.384615384615383 51.53846153846154 
33.0 59.92307692307692 45.07692307692308 72.0 28.0 54.92307692307692 
31.076923076923077 58.0 46.69230769230769 73.61538461538461 26.076923076923077 53.0 
30.384615384615383 57.69230769230769 41.15384615384615 68.46153846153847 25.384615384615383 52.69230769230769 
32.23076923076923 63.38461538461539 53.92307692307692 85.07692307692308 28.0 59.15384615384615 
35.30769230769231 57.23076923076923 59.0 80.92307692307692 31.076923076923077 53.0 
35.53846153846154 65.15384615384616 49.46153846153846 79.07692307692308 30.53846153846154 60.15384615384615 
32.53846153846154 61.76923076923077 51.38461538461539 80.61538461538461 34.07692307692308 63.30769230769231 
28.076923076923077 55.38461538461539 49.46153846153846 76.76923076923077 23.076923076923077 50.38461538461539 
