140.33962264150944 171.0 58.0 88.66037735849056 52.113207547169814 82.77358490566037 
73.05660377358491 98.81132075471699 61.15094339622642 86.90566037735849 48.320754716981135 74.0754716981132 
90.73584905660377 118.47169811320755 55.16981132075472 82.90566037735849 45.056603773584904 72.79245283018868 
106.20754716981132 135.9245283018868 55.83018867924528 85.54716981132076 57.075471698113205 86.79245283018868 
85.58490566037736 113.88679245283019 61.0377358490566 89.33962264150944 52.471698113207545 80.77358490566037 
159.0754716981132 186.0566037735849 58.056603773584904 85.0377358490566 52.9622641509434 79.94339622641509 
114.22641509433963 141.30188679245282 64.05660377358491 91.13207547169812 51.716981132075475 78.79245283018868 
147.37735849056602 179.54716981132074 56.0188679245283 88.18867924528301 62.41509433962264 94.58490566037736 
75.09433962264151 104.52830188679245 57.62264150943396 87.05660377358491 48.056603773584904 77.49056603773585 
114.71698113207547 141.79245283018867 61.943396226415096 89.01886792452831 57.41509433962264 84.49056603773585 
128.62264150943398 158.43396226415095 62.339622641509436 92.15094339622641 67.30188679245283 97.11320754716981 
165.39622641509433 195.11320754716982 67.0 96.71698113207547 69.94339622641509 99.66037735849056 
76.54716981132076 105.41509433962264 62.39622641509434 91.26415094339623 51.509433962264154 80.37735849056604 
106.18867924528301 135.52830188679246 63.24528301886792 92.58490566037736 55.283018867924525 84.62264150943396 
174.9056603773585 203.67924528301887 57.41509433962264 86.18867924528301 48.094339622641506 76.86792452830188 
112.0754716981132 141.60377358490567 57.339622641509436 86.86792452830188 56.64150943396226 86.16981132075472 
102.18867924528301 130.8679245283019 62.905660377358494 91.58490566037736 46.698113207547166 75.37735849056604 
83.77358490566037 113.01886792452831 55.35849056603774 84.60377358490567 54.924528301886795 84.16981132075472 
193.56603773584905 222.71698113207546 64.37735849056604 93.52830188679245 63.509433962264154 92.66037735849056 
91.16981132075472 117.9622641509434 61.264150943396224 88.05660377358491 46.301886792452834 73.09433962264151 
89.13207547169812 114.32075471698113 55.735849056603776 80.9245283018868 51.83018867924528 77.01886792452831 
159.28301886792454 186.9245283018868 59.60377358490566 87.24528301886792 59.9622641509434 87.60377358490567 
116.73584905660377 143.81132075471697 64.58490566037736 91.66037735849056 52.15094339622642 79.22641509433963 
156.49056603773585 184.60377358490567 67.73584905660377 95.84905660377359 75.28301886792453 103.39622641509433 
71.30188679245283 97.90566037735849 59.58490566037736 86.18867924528301 57.79245283018868 84.39622641509433 
69.98113207547169 98.28301886792453 60.9622641509434 89.26415094339623 43.15094339622642 71.45283018867924 
86.77358490566037 115.45283018867924 62.84905660377358 91.52830188679245 48.301886792452834 76.98113207547169 
98.9622641509434 129.0566037735849 57.924528301886795 88.01886792452831 56.60377358490566 86.69811320754717 
225.71698113207546 254.49056603773585 64.30188679245283 93.0754716981132 54.41509433962264 83.18867924528301 
111.45283018867924 138.1509433962264 59.056603773584904 85.75471698113208 54.56603773584906 81.26415094339623 
75.83018867924528 103.94339622641509 60.113207547169814 88.22641509433963 50.301886792452834 78.41509433962264 
115.22641509433963 142.30188679245282 61.39622641509434 88.47169811320755 58.679245283018865 85.75471698113208 
71.88679245283019 100.47169811320755 52.54716981132076 81.13207547169812 45.509433962264154 74.09433962264151 
176.28301886792454 204.58490566037736 63.9811320754717 92.28301886792453 68.0 96.30188679245283 
119.28301886792453 150.50943396226415 55.64150943396226 86.86792452830188 53.60377358490566 84.83018867924528 
82.37735849056604 110.49056603773585 61.43396226415094 89.54716981132076 43.132075471698116 71.24528301886792 
129.66037735849056 157.49056603773585 58.471698113207545 86.30188679245283 51.60377358490566 79.43396226415095 
83.9622641509434 110.94339622641509 54.528301886792455 81.50943396226415 57.77358490566038 84.75471698113208 
77.60377358490567 104.30188679245283 56.264150943396224 82.9622641509434 43.075471698113205 69.77358490566037 
134.30188679245282 162.1320754716981 49.77358490566038 77.60377358490567 51.45283018867924 79.28301886792453 
96.75471698113208 124.58490566037736 62.18867924528302 90.01886792452831 60.9622641509434 88.79245283018868 
71.09433962264151 98.64150943396227 58.905660377358494 86.45283018867924 41.886792452830186 69.43396226415095 
59.132075471698116 86.58490566037736 62.0377358490566 89.49056603773585 38.9811320754717 66.43396226415095 
103.81132075471699 131.0754716981132 57.35849056603774 84.62264150943396 43.43396226415094 70.69811320754717 
88.33962264150944 117.58490566037736 62.509433962264154 91.75471698113208 50.81132075471698 80.05660377358491 
105.54716981132076 135.45283018867926 60.15094339622642 90.05660377358491 65.09433962264151 95.0 
103.28301886792453 134.69811320754718 57.471698113207545 88.88679245283019 54.113207547169814 85.52830188679245 
221.75471698113208 251.75471698113208 59.924528301886795 89.9245283018868 63.37735849056604 93.37735849056604 
83.52830188679245 110.32075471698113 62.320754716981135 89.11320754716981 56.886792452830186 83.67924528301887 
71.83018867924528 98.90566037735849 55.943396226415096 83.01886792452831 41.679245283018865 68.75471698113208 
