4629.841004184101 4658.041841004184 436.26778242677824 464.4686192468619 544.7154811715482 572.9163179916318 
5005.355648535565 5034.728033472803 406.7029288702929 436.07531380753136 619.2677824267782 648.6401673640167 
4853.280334728033 4882.401673640167 430.64435146443515 459.765690376569 584.0962343096235 613.2175732217573 
4874.715481171548 4903.81589958159 320.69037656903765 349.7907949790795 546.7866108786611 575.8870292887029 
4827.912133891214 4855.715481171548 386.30543933054395 414.10878661087867 452.5355648535565 480.3389121338912 
4761.979079497908 4790.640167364017 399.5313807531381 428.1924686192469 535.8493723849373 564.510460251046 
4785.941422594142 4814.707112970711 459.23012552301253 487.9958158995816 629.9372384937238 658.7029288702929 
4916.707112970711 4944.635983263598 398.163179916318 426.092050209205 600.36820083682 628.2970711297071 
4755.0251046025105 4782.933054393306 390.22594142259413 418.1338912133891 386.0083682008368 413.9163179916318 
4701.0753138075315 4729.255230125523 364.8619246861925 393.0418410041841 452.60251046025104 480.78242677824267 
4436.9037656903765 4464.539748953975 409.1338912133891 436.76987447698747 467.1757322175732 494.8117154811716 
4714.841004184101 4743.041841004184 364.45188284518827 392.65271966527195 543.6066945606694 571.8075313807532 
4910.322175732217 4939.715481171548 310.40167364016736 339.7949790794979 590.3430962343097 619.7364016736402 
4952.702928870292 4981.238493723849 422.56485355648533 451.10041841004187 615.6108786610879 644.1464435146444 
4705.7322175732215 4733.891213389122 328.836820083682 356.9958158995816 410.81589958159 438.97489539748955 
4616.694560669456 4643.786610878661 334.0543933054393 361.1464435146444 504.6234309623431 531.7154811715482 
4936.456066945607 4965.389121338912 310.7196652719665 339.65271966527195 515.0543933054394 543.9874476987447 
4650.3682008368205 4678.9246861924685 369.2887029288703 397.8451882845188 465.5774058577406 494.1338912133891 
4942.841004184101 4971.690376569038 420.3807531380753 449.23012552301253 719.8493723849373 748.6987447698745 
4829.8535564853555 4858.870292887029 330.6610878661088 359.67782426778246 597.7824267782427 626.7991631799163 
4793.535564853557 4821.569037656904 447.88702928870293 475.9205020920502 622.0502092050209 650.0836820083682 
5029.351464435146 5058.765690376569 388.2008368200837 417.6150627615063 546.7364016736402 576.1506276150627 
4786.635983263598 4815.255230125523 368.0794979079498 396.69874476987445 505.98744769874475 534.6066945606694 
4757.548117154812 4786.062761506276 312.72803347280336 341.2426778242678 480.3305439330544 508.8451882845188 
4909.175732217574 4936.8535564853555 361.07531380753136 388.7531380753138 579.531380753138 607.2092050209205 
4826.138075313807 4855.468619246862 311.94142259414224 341.27196652719664 390.1757322175732 419.5062761506276 
4587.443514644351 4616.564853556485 414.8117154811716 443.93305439330544 548.6359832635983 577.7573221757323 
4778.811715481172 4806.782426778243 430.1338912133891 458.10460251046027 690.4225941422594 718.3933054393306 
4644.983263598327 4672.26359832636 408.81589958159 436.0962343096234 493.9581589958159 521.2384937238494 
5043.18410041841 5072.221757322176 376.8451882845188 405.88284518828453 538.6443514644351 567.6820083682009 
4863.891213389122 4893.200836820084 485.01255230125525 514.3221757322176 701.6108786610879 730.9205020920502 
4797.845188284519 4826.422594142259 374.31380753138075 402.89121338912133 493.4309623430962 522.0083682008368 
5098.970711297071 5128.029288702929 520.0502092050209 549.1087866108786 567.276150627615 596.3347280334729 
4807.225941422595 4836.891213389122 345.64016736401675 375.30543933054395 531.1799163179917 560.8451882845188 
4478.39330543933 4506.866108786611 400.0962343096234 428.5690376569038 493.01673640167365 521.489539748954 
4841.748953974896 4870.012552301255 335.8075313807531 364.07112970711296 457.4602510460251 485.72384937238496 
4531.518828451883 4559.133891213389 429.6276150627615 457.2426778242678 439.1966527196653 466.8117154811716 
4588.05439330544 4615.334728033473 450.673640167364 477.9539748953975 649.4979079497908 676.7782426778243 
4935.255230125523 4962.305439330544 490.5062761506276 517.5564853556485 492.89121338912133 519.9414225941423 
4848.138075313807 4875.669456066946 354.6234309623431 382.1548117154812 585.4811715481171 613.0125523012553 
4949.037656903765 4976.987447698745 367.39330543933056 395.3430962343096 539.7280334728033 567.6778242677824 
4578.669456066946 4606.6820083682005 387.7949790794979 415.8075313807531 504.0460251046025 532.0585774058577 
4957.983263598327 4986.79079497908 442.64853556485355 471.4560669456067 577.2092050209205 606.0167364016736 
4661.589958158996 4690.4393305439335 371.7154811715481 400.56485355648533 652.2384937238494 681.0878661087866 
4779.9246861924685 4806.933054393306 383.7154811715481 410.72384937238496 539.4435146443515 566.4518828451883 
4956.728033472803 4984.928870292887 387.1422594142259 415.3430962343096 506.581589958159 534.7824267782427 
4682.933054393306 4711.050209205021 408.39330543933056 436.510460251046 537.5146443514644 565.63179916318 
4865.20920502092 4894.205020920502 398.68619246861925 427.68200836820085 583.3054393305439 612.3012552301255 
4495.510460251046 4522.39330543933 437.98744769874475 464.8702928870293 424.06694560669456 450.9497907949791 
4779.2468619246865 4806.966527196652 354.59414225941424 382.31380753138075 482.6569037656904 510.3765690376569 
