1282.7962962962963 1311.7314814814815 80.27777777777777 109.21296296296296 130.22222222222223 159.15740740740742 
1204.8055555555557 1233.1851851851852 93.07407407407408 121.45370370370371 103.0925925925926 131.47222222222223 
1086.8055555555557 1112.9166666666667 78.00925925925925 104.12037037037037 109.63888888888889 135.75 
1257.3333333333333 1286.4537037037037 76.06481481481481 105.18518518518519 107.4074074074074 136.52777777777777 
1390.1666666666667 1419.101851851852 80.8425925925926 109.77777777777777 104.46296296296296 133.39814814814815 
1217.2037037037037 1244.5648148148148 77.01851851851852 104.37962962962963 109.11111111111111 136.47222222222223 
1145.2685185185185 1172.398148148148 76.32407407407408 103.45370370370371 94.25 121.37962962962963 
1311.851851851852 1342.1296296296296 80.94444444444444 111.22222222222223 117.61111111111111 147.88888888888889 
1209.9814814814815 1237.712962962963 77.36111111111111 105.0925925925926 109.61111111111111 137.34259259259258 
1263.1666666666667 1292.6574074074074 79.23148148148148 108.72222222222223 113.43518518518519 142.92592592592592 
1116.2314814814815 1143.5 76.6574074074074 103.92592592592592 109.61111111111111 136.87962962962962 
1106.138888888889 1133.9166666666667 82.53703703703704 110.31481481481481 126.45370370370371 154.2314814814815 
1183.3425925925926 1210.888888888889 81.87037037037037 109.41666666666667 94.49074074074075 122.03703703703704 
1216.9074074074074 1245.611111111111 80.36111111111111 109.06481481481481 102.27777777777777 130.9814814814815 
1114.5833333333333 1142.5462962962963 77.49074074074075 105.45370370370371 112.04629629629629 140.00925925925927 
1182.287037037037 1210.6203703703704 69.79629629629629 98.12962962962963 101.82407407407408 130.15740740740742 
1283.851851851852 1310.287037037037 84.5925925925926 111.02777777777777 95.47222222222223 121.9074074074074 
1120.5185185185185 1149.4074074074074 69.54629629629629 98.43518518518519 111.79629629629629 140.6851851851852 
1028.2037037037037 1057.138888888889 81.62962962962963 110.56481481481481 103.79629629629629 132.7314814814815 
1208.8703703703704 1236.8333333333333 80.62962962962963 108.5925925925926 96.64814814814815 124.61111111111111 
1353.351851851852 1382.75 80.82407407407408 110.22222222222223 106.62037037037037 136.0185185185185 
1243.5092592592594 1271.611111111111 70.69444444444444 98.79629629629629 105.53703703703704 133.63888888888889 
1048.8703703703704 1076.7407407407406 76.31481481481481 104.18518518518519 114.46296296296296 142.33333333333334 
1229.398148148148 1257.2685185185185 73.58333333333333 101.45370370370371 99.82407407407408 127.69444444444444 
1369.0462962962963 1399.6944444444443 76.16666666666667 106.81481481481481 99.04629629629629 129.69444444444446 
1069.712962962963 1095.9166666666667 73.11111111111111 99.31481481481481 117.76851851851852 143.97222222222223 
1179.7962962962963 1207.1574074074074 77.13888888888889 104.5 100.18518518518519 127.54629629629629 
1078.712962962963 1105.888888888889 75.12962962962963 102.30555555555556 91.9074074074074 119.08333333333333 
1178.6574074074074 1206.9907407407406 78.36111111111111 106.69444444444444 117.19444444444444 145.52777777777777 
1281.287037037037 1308.6944444444443 84.39814814814815 111.80555555555556 91.36111111111111 118.76851851851852 
1303.2222222222222 1331.1851851851852 83.69444444444444 111.6574074074074 110.71296296296296 138.67592592592592 
946.9351851851852 976.6574074074074 78.39814814814815 108.12037037037037 111.54629629629629 141.2685185185185 
1705.0277777777778 1735.0277777777778 92.66666666666667 122.66666666666667 123.03703703703704 153.03703703703704 
1242.6203703703704 1271.8333333333333 81.48148148148148 110.69444444444444 94.04629629629629 123.25925925925925 
1171.287037037037 1199.0648148148148 80.56481481481481 108.3425925925926 108.44444444444444 136.22222222222223 
1160.7037037037037 1188.5740740740741 91.69444444444444 119.56481481481481 86.75 114.62037037037037 
1189.4166666666667 1217.1944444444443 83.6574074074074 111.43518518518519 102.85185185185185 130.62962962962962 
1384.8333333333333 1413.861111111111 77.12962962962963 106.1574074074074 121.12962962962963 150.15740740740742 
1338.3796296296296 1365.3703703703704 79.39814814814815 106.38888888888889 94.21296296296296 121.20370370370371 
1161.5185185185185 1189.3425925925926 84.71296296296296 112.53703703703704 106.55555555555556 134.37962962962962 
1146.1944444444443 1176.8425925925926 77.13888888888889 107.78703703703704 112.48148148148148 143.12962962962962 
1271.351851851852 1300.1944444444443 73.72222222222223 102.56481481481481 123.44444444444444 152.28703703703704 
1281.0462962962963 1308.6851851851852 74.75925925925925 102.39814814814815 98.23148148148148 125.87037037037037 
1316.5555555555557 1345.0277777777778 83.95370370370371 112.42592592592592 108.5925925925926 137.0648148148148 
1133.5740740740741 1161.8148148148148 81.86111111111111 110.10185185185185 121.19444444444444 149.4351851851852 
1434.6666666666667 1463.2314814814815 78.21296296296296 106.77777777777777 108.68518518518519 137.25 
1222.0555555555557 1249.648148148148 80.75925925925925 108.35185185185185 107.88888888888889 135.4814814814815 
1389.6296296296296 1418.8425925925926 82.29629629629629 111.50925925925925 132.65740740740742 161.87037037037038 
1190.0 1217.037037037037 80.91666666666667 107.95370370370371 123.30555555555556 150.34259259259258 
936.7777777777778 964.8796296296297 103.22222222222223 131.32407407407408 137.72222222222223 165.82407407407408 
