5002.753086419753 5030.078189300411 409.8065843621399 437.13168724279836 626.8888888888889 654.2139917695473 
5072.164609053498 5101.3621399176955 453.1440329218107 482.34156378600824 513.0493827160494 542.2469135802469 
5078.378600823045 5107.884773662551 383.86831275720164 413.3744855967078 530.1687242798354 559.6748971193416 
5111.917695473251 5140.80658436214 413.30864197530866 442.1975308641975 611.40329218107 640.2921810699588 
5161.794238683127 5190.024691358025 500.2098765432099 528.440329218107 610.4567901234568 638.687242798354 
4927.123456790124 4955.539094650206 387.641975308642 416.0576131687243 613.9341563786008 642.3497942386831 
5095.222222222223 5124.419753086419 350.880658436214 380.0781893004115 531.0864197530864 560.283950617284 
4778.074074074074 4806.38683127572 398.1975308641975 426.5102880658436 618.6707818930041 646.9835390946502 
4740.534979423868 4769.156378600823 382.81893004115227 411.440329218107 576.358024691358 604.9794238683128 
5141.374485596708 5170.201646090535 390.69547325102883 419.52263374485597 560.9423868312757 589.7695473251028 
5066.469135802469 5094.14403292181 457.798353909465 485.4732510288066 751.716049382716 779.3909465020577 
4928.6543209876545 4956.679012345679 313.880658436214 341.9053497942387 532.8724279835391 560.8971193415638 
4547.604938271605 4575.300411522634 371.1604938271605 398.8559670781893 604.1687242798354 631.8641975308642 
4894.22633744856 4923.135802469136 323.4156378600823 352.32510288065845 675.522633744856 704.4320987654321 
5070.40329218107 5099.80658436214 358.81481481481484 388.2181069958848 649.6008230452675 679.0041152263375 
4845.526748971193 4873.6954732510285 402.05349794238685 430.22222222222223 502.04938271604937 530.2181069958848 
4820.617283950617 4849.135802469136 508.57201646090533 537.0905349794239 712.0370370370371 740.5555555555555 
4834.246913580247 4862.189300411523 389.3497942386831 417.2921810699589 578.1358024691358 606.0781893004115 
4764.17695473251 4791.748971193416 327.10699588477365 354.679012345679 442.75720164609055 470.3292181069959 
4952.925925925926 4981.958847736625 560.641975308642 589.6748971193416 795.4979423868313 824.5308641975308 
4856.028806584362 4883.744855967078 351.51851851851853 379.2345679012346 574.8148148148148 602.5308641975308 
4945.506172839506 4974.086419753086 452.6255144032922 481.20576131687244 524.9506172839506 553.5308641975308 
5046.3621399176955 5075.20987654321 392.0617283950617 420.90946502057614 546.1769547325102 575.0246913580247 
4888.38683127572 4916.473251028807 326.17283950617286 354.25925925925924 534.8271604938271 562.9135802469136 
5309.522633744856 5337.958847736625 417.917695473251 446.3539094650206 600.283950617284 628.7201646090535 
4629.617283950617 4656.263374485597 443.8641975308642 470.5102880658436 495.06995884773664 521.716049382716 
4826.37037037037 4855.0123456790125 466.5349794238683 495.1769547325103 562.9341563786008 591.5761316872428 
5168.292181069959 5197.777777777777 439.3991769547325 468.8847736625514 718.0246913580247 747.5102880658436 
4962.477366255144 4991.6954732510285 385.67489711934155 414.89300411522635 405.95473251028807 435.17283950617286 
4966.893004115226 4995.9670781893 350.0 379.0740740740741 560.1234567901234 589.1975308641976 
5205.744855967078 5235.888888888889 450.3333333333333 480.47736625514403 541.6913580246913 571.835390946502 
4759.925925925926 4786.777777777777 362.843621399177 389.69547325102883 529.4526748971193 556.3045267489712 
5267.3374485596705 5295.588477366256 323.39506172839504 351.6460905349794 566.7407407407408 594.9917695473251 
4921.971193415638 4949.584362139918 436.8230452674897 464.43621399176953 593.2674897119341 620.880658436214 
5191.59670781893 5220.423868312757 300.8230452674897 329.6502057613169 531.9053497942386 560.7325102880659 
4776.580246913581 4804.666666666667 265.24279835390945 293.3292181069959 618.4526748971193 646.5390946502058 
4721.9876543209875 4749.580246913581 340.1769547325103 367.7695473251029 539.3333333333334 566.925925925926 
4787.757201646091 4816.378600823045 291.90946502057614 320.5308641975309 418.3127572016461 446.93415637860085 
5323.917695473251 5353.115226337449 533.633744855967 562.8312757201646 672.6213991769547 701.8189300411523 
4554.407407407408 4582.205761316873 376.5473251028807 404.34567901234567 419.037037037037 446.83539094650206 
4736.641975308642 4764.440329218107 417.04526748971193 444.843621399177 525.4691358024692 553.2674897119341 
4487.864197530864 4515.024691358025 327.082304526749 354.24279835390945 404.71604938271605 431.87654320987656 
4784.9465020576135 4812.786008230452 305.4691358024691 333.30864197530866 461.63374485596705 489.4732510288066 
4612.872427983539 4640.547325102881 343.3744855967078 371.04938271604937 378.4897119341564 406.16460905349794 
4912.358024691358 4941.617283950617 371.0329218106996 400.2921810699589 540.074074074074 569.3333333333334 
4831.9465020576135 4860.506172839506 495.71604938271605 524.2757201646091 685.6707818930041 714.2304526748972 
4669.6707818930045 4697.078189300411 348.1522633744856 375.559670781893 525.9053497942386 553.312757201646 
4839.588477366256 4867.6543209876545 379.9794238683128 408.04526748971193 530.3086419753087 558.3744855967078 
4964.234567901234 4992.444444444444 414.24279835390945 442.4526748971193 450.8395061728395 479.04938271604937 
5134.427983539094 5162.82304526749 405.62139917695475 434.0164609053498 515.0658436213992 543.4609053497942 
