181.8 211.8 64.66153846153846 94.66153846153846 62.246153846153845 92.24615384615385 
156.63076923076923 185.3230769230769 66.93846153846154 95.63076923076923 51.98461538461538 80.67692307692307 
354.10769230769233 383.5692307692308 67.49230769230769 96.95384615384616 91.84615384615384 121.3076923076923 
167.23076923076923 195.0 66.73846153846154 94.50769230769231 54.93846153846154 82.70769230769231 
318.61538461538464 346.2307692307692 68.43076923076923 96.04615384615384 56.46153846153846 84.07692307692308 
189.58461538461538 218.66153846153847 65.96923076923076 95.04615384615384 69.75384615384615 98.83076923076923 
351.1384615384615 380.9076923076923 62.41538461538462 92.18461538461538 69.44615384615385 99.21538461538462 
281.5692307692308 307.10769230769233 60.33846153846154 85.87692307692308 70.66153846153846 96.2 
61.58461538461538 87.73846153846154 61.184615384615384 87.33846153846154 42.61538461538461 68.76923076923077 
210.53846153846155 238.46153846153845 59.15384615384615 87.07692307692308 58.84615384615385 86.76923076923077 
222.8 252.1846153846154 60.04615384615385 89.43076923076923 68.98461538461538 98.36923076923077 
200.41538461538462 228.64615384615385 65.15384615384616 93.38461538461539 62.76923076923077 91.0 
192.84615384615384 221.15384615384616 68.04615384615384 96.35384615384615 70.46153846153847 98.76923076923077 
365.75384615384615 394.5230769230769 67.67692307692307 96.44615384615385 75.0 103.76923076923077 
265.0923076923077 294.32307692307694 61.33846153846154 90.56923076923077 64.73846153846154 93.96923076923076 
300.44615384615383 329.75384615384615 72.12307692307692 101.43076923076923 76.86153846153846 106.16923076923077 
253.8153846153846 282.5076923076923 70.38461538461539 99.07692307692308 69.2 97.8923076923077 
186.5076923076923 215.12307692307692 65.81538461538462 94.43076923076923 75.03076923076924 103.64615384615385 
166.8153846153846 193.35384615384615 62.15384615384615 88.6923076923077 72.50769230769231 99.04615384615384 
224.6153846153846 251.30769230769232 64.26153846153846 90.95384615384616 73.04615384615384 99.73846153846154 
247.66153846153847 274.73846153846154 67.41538461538461 94.49230769230769 70.29230769230769 97.36923076923077 
144.47692307692307 173.01538461538462 66.73846153846154 95.27692307692308 67.01538461538462 95.55384615384615 
165.7076923076923 194.24615384615385 69.18461538461538 97.72307692307692 58.23076923076923 86.76923076923077 
152.46153846153845 179.53846153846155 63.53846153846154 90.61538461538461 58.46153846153846 85.53846153846153 
217.73846153846154 243.96923076923076 74.18461538461538 100.41538461538461 73.66153846153846 99.8923076923077 
208.66153846153847 238.96923076923076 69.44615384615385 99.75384615384615 77.70769230769231 108.01538461538462 
181.09230769230768 209.16923076923078 74.66153846153846 102.73846153846154 65.0 93.07692307692308 
165.6 192.6 61.44615384615385 88.44615384615385 66.6923076923077 93.6923076923077 
294.61538461538464 321.61538461538464 66.47692307692307 93.47692307692307 67.9076923076923 94.9076923076923 
97.38461538461539 124.46153846153847 60.96923076923077 88.04615384615384 54.23076923076923 81.3076923076923 
239.52307692307693 267.3692307692308 66.27692307692308 94.12307692307692 72.67692307692307 100.52307692307693 
311.10769230769233 340.87692307692305 54.784615384615385 84.55384615384615 69.93846153846154 99.70769230769231 
202.72307692307692 231.72307692307692 64.04615384615384 93.04615384615384 55.90769230769231 84.9076923076923 
395.1384615384615 427.44615384615383 67.75384615384615 100.06153846153846 69.18461538461538 101.49230769230769 
133.4923076923077 163.41538461538462 64.47692307692307 94.4 63.95384615384615 93.87692307692308 
165.93846153846152 194.93846153846152 67.23076923076923 96.23076923076923 50.292307692307695 79.29230769230769 
369.26153846153846 397.26153846153846 59.84615384615385 87.84615384615384 55.49230769230769 83.49230769230769 
231.64615384615385 259.03076923076924 62.01538461538462 89.4 73.96923076923076 101.35384615384615 
117.63076923076923 145.4 57.69230769230769 85.46153846153847 62.30769230769231 90.07692307692308 
132.7076923076923 160.55384615384617 56.723076923076924 84.56923076923077 55.23076923076923 83.07692307692308 
370.0153846153846 400.7076923076923 65.38461538461539 96.07692307692308 59.23076923076923 89.92307692307692 
117.84615384615384 141.76923076923077 66.4 90.32307692307693 57.89230769230769 81.81538461538462 
151.36923076923077 179.6769230769231 65.53846153846153 93.84615384615384 61.50769230769231 89.81538461538462 
243.1076923076923 272.18461538461537 60.16923076923077 89.24615384615385 69.86153846153846 98.93846153846154 
251.93846153846152 279.0923076923077 72.21538461538462 99.36923076923077 62.55384615384615 89.70769230769231 
142.6153846153846 170.76923076923077 57.784615384615385 85.93846153846154 49.56923076923077 77.72307692307692 
165.5076923076923 194.43076923076924 58.61538461538461 87.53846153846153 64.66153846153846 93.58461538461539 
458.1384615384615 487.44615384615383 61.16923076923077 90.47692307692307 82.2 111.50769230769231 
98.56923076923077 124.1076923076923 57.04615384615385 82.58461538461539 49.44615384615385 74.98461538461538 
305.0769230769231 333.84615384615387 76.07692307692308 104.84615384615384 77.32307692307693 106.0923076923077 
