4488.081196581196 4516.008547008547 279.1709401709402 307.0982905982906 431.38034188034186 459.3076923076923 
4900.059829059829 4928.628205128205 290.5213675213675 319.0897435897436 413.56410256410254 442.13247863247864 
4654.6324786324785 4682.901709401709 288.44444444444446 316.71367521367523 372.88034188034186 401.14957264957263 
4606.179487179487 4635.324786324786 330.9017094017094 360.04700854700855 625.6239316239316 654.7692307692307 
4311.576923076923 4338.393162393162 397.86324786324786 424.6794871794872 530.8931623931624 557.7094017094017 
4534.619658119658 4562.974358974359 323.4957264957265 351.85042735042737 485.0042735042735 513.3589743589744 
4755.692307692308 4784.111111111111 312.4273504273504 340.84615384615387 575.7777777777778 604.1965811965812 
4528.641025641025 4557.572649572649 322.7564102564103 351.6880341880342 444.53846153846155 473.47008547008545 
4537.247863247863 4566.478632478633 318.017094017094 347.2478632478632 447.71794871794873 476.94871794871796 
4440.470085470086 4469.123931623932 308.7735042735043 337.4273504273504 489.61538461538464 518.2692307692307 
4692.679487179487 4721.653846153846 332.97435897435895 361.94871794871796 362.9786324786325 391.95299145299145 
4308.876068376068 4336.504273504273 326.22222222222223 353.85042735042737 428.1923076923077 455.8205128205128 
4479.84188034188 4508.452991452991 319.71367521367523 348.3247863247863 425.7393162393162 454.35042735042737 
4417.188034188034 4445.970085470086 260.04700854700855 288.8290598290598 499.4102564102564 528.1923076923077 
4800.15811965812 4829.047008547009 340.46153846153845 369.35042735042737 461.1837606837607 490.0726495726496 
4682.346153846154 4710.65811965812 307.8076923076923 336.11965811965814 507.85897435897436 536.1709401709402 
4440.145299145299 4467.602564102564 314.14102564102564 341.5982905982906 331.85470085470087 359.3119658119658 
4523.9358974358975 4552.076923076923 422.13675213675214 450.27777777777777 539.3632478632478 567.5042735042736 
4717.846153846154 4746.67094017094 372.5897435897436 401.4145299145299 499.2564102564103 528.0811965811965 
4625.15811965812 4652.722222222223 380.5 408.06410256410254 483.87606837606836 511.44017094017096 
4333.991452991453 4361.534188034188 311.52991452991455 339.0726495726496 431.5982905982906 459.14102564102564 
4949.153846153846 4979.047008547009 402.84615384615387 432.7393162393162 669.9230769230769 699.8162393162393 
4672.235042735043 4699.713675213675 391.7264957264957 419.20512820512823 539.3290598290598 566.8076923076923 
5039.286324786325 5067.683760683761 418.0726495726496 446.47008547008545 639.8418803418804 668.2393162393163 
4640.846153846154 4668.901709401709 262.61538461538464 290.6709401709402 344.77777777777777 372.8333333333333 
4730.136752136752 4759.559829059829 352.1666666666667 381.5897435897436 542.6581196581196 572.0811965811965 
4803.452991452991 4831.807692307692 442.9188034188034 471.2735042735043 588.5384615384615 616.8931623931624 
4673.431623931624 4702.25641025641 432.86752136752136 461.6923076923077 648.5598290598291 677.3846153846154 
4539.58547008547 4567.790598290599 325.86752136752136 354.0726495726496 458.94444444444446 487.14957264957263 
4442.628205128205 4469.9358974358975 226.92307692307693 254.23076923076923 446.8162393162393 474.12393162393164 
5000.042735042735 5028.461538461538 351.20512820512823 379.62393162393164 514.1025641025641 542.5213675213676 
4663.75641025641 4692.388888888889 320.8162393162393 349.44871794871796 464.0128205128205 492.64529914529913 
4824.944444444444 4852.615384615385 384.94871794871796 412.61965811965814 575.2435897435897 602.9145299145299 
4803.380341880342 4832.098290598291 380.5213675213675 409.2393162393162 511.5854700854701 540.3034188034188 
4862.175213675214 4890.9358974358975 373.3888888888889 402.14957264957263 562.7735042735043 591.534188034188 
4602.517094017094 4630.551282051282 288.0897435897436 316.12393162393164 526.534188034188 554.5683760683761 
4645.141025641025 4672.876068376068 250.80769230769232 278.54273504273505 568.9017094017094 596.6367521367522 
4499.8376068376065 4527.529914529914 351.6794871794872 379.37179487179486 518.1282051282051 545.8205128205128 
4324.995726495727 4351.448717948718 305.15384615384613 331.6068376068376 570.0811965811965 596.534188034188 
4516.589743589743 4544.645299145299 317.7692307692308 345.8247863247863 565.2222222222222 593.2777777777778 
4825.042735042735 4853.824786324786 476.491452991453 505.2735042735043 629.2307692307693 658.0128205128206 
4453.384615384615 4481.803418803419 314.6709401709402 343.0897435897436 456.2478632478632 484.6666666666667 
5032.4358974358975 5061.410256410257 324.7735042735043 353.7478632478632 510.94017094017096 539.9145299145299 
5000.017094017094 5029.055555555556 495.22222222222223 524.2606837606837 654.4188034188035 683.457264957265 
4487.149572649572 4515.183760683761 363.6666666666667 391.7008547008547 513.6880341880342 541.7222222222222 
4894.324786324786 4923.51282051282 455.55982905982904 484.7478632478632 709.2393162393163 738.4273504273505 
4713.606837606838 4742.752136752137 330.1752136752137 359.3205128205128 456.55555555555554 485.7008547008547 
4683.427350427351 4711.333333333333 301.03418803418805 328.94017094017096 521.7606837606837 549.6666666666666 
4516.75641025641 4545.410256410257 297.63675213675214 326.29059829059827 455.64529914529913 484.2991452991453 
4967.8675213675215 4997.183760683761 421.54273504273505 450.85897435897436 623.0384615384615 652.3547008547008 
