47.225806451612904 73.19354838709677 52.74193548387097 78.70967741935483 42.87096774193548 68.83870967741936 
38.29032258064516 66.03225806451613 55.70967741935484 83.45161290322581 30.06451612903226 57.806451612903224 
33.38709677419355 61.61290322580645 47.87096774193548 76.09677419354838 25.774193548387096 54.0 
59.74193548387097 86.83870967741936 62.45161290322581 89.54838709677419 39.41935483870968 66.51612903225806 
38.935483870967744 68.29032258064517 56.096774193548384 85.45161290322581 31.032258064516128 60.38709677419355 
59.61290322580645 88.96774193548387 55.41935483870968 84.7741935483871 41.935483870967744 71.29032258064517 
35.58064516129032 64.7741935483871 48.225806451612904 77.41935483870968 30.258064516129032 59.45161290322581 
52.516129032258064 79.61290322580645 53.54838709677419 80.64516129032258 44.193548387096776 71.29032258064517 
38.45161290322581 68.45161290322581 48.193548387096776 78.19354838709677 33.12903225806452 63.12903225806452 
50.38709677419355 78.29032258064517 62.193548387096776 90.09677419354838 36.58064516129032 64.48387096774194 
50.54838709677419 79.58064516129032 58.41935483870968 87.45161290322581 39.16129032258065 68.19354838709677 
43.87096774193548 75.16129032258064 49.354838709677416 80.64516129032258 35.774193548387096 67.06451612903226 
68.38709677419355 95.0 55.83870967741935 82.45161290322581 52.12903225806452 78.74193548387096 
114.41935483870968 147.80645161290323 54.645161290322584 88.03225806451613 45.54838709677419 78.93548387096774 
45.25806451612903 69.93548387096774 52.483870967741936 77.16129032258064 39.61290322580645 64.29032258064517 
56.12903225806452 85.48387096774194 56.70967741935484 86.06451612903226 41.83870967741935 71.19354838709677 
40.41935483870968 70.09677419354838 50.87096774193548 80.54838709677419 27.322580645161292 57.0 
38.41935483870968 63.903225806451616 59.67741935483871 85.16129032258064 32.935483870967744 58.41935483870968 
54.87096774193548 86.48387096774194 49.58064516129032 81.19354838709677 45.354838709677416 76.96774193548387 
47.54838709677419 74.3225806451613 52.54838709677419 79.3225806451613 33.12903225806452 59.903225806451616 
57.806451612903224 84.58064516129032 48.806451612903224 75.58064516129032 30.193548387096776 56.96774193548387 
60.96774193548387 88.54838709677419 55.516129032258064 83.09677419354838 40.645161290322584 68.2258064516129 
42.354838709677416 69.29032258064517 47.806451612903224 74.74193548387096 35.096774193548384 62.03225806451613 
49.32258064516129 77.70967741935483 47.38709677419355 75.7741935483871 34.16129032258065 62.54838709677419 
39.225806451612904 66.48387096774194 53.41935483870968 80.6774193548387 34.54838709677419 61.806451612903224 
35.03225806451613 64.70967741935483 50.29032258064516 79.96774193548387 29.70967741935484 59.38709677419355 
40.87096774193548 72.80645161290323 52.645161290322584 84.58064516129032 30.129032258064516 62.064516129032256 
48.96774193548387 74.7741935483871 52.58064516129032 78.38709677419355 35.903225806451616 61.70967741935484 
38.41935483870968 64.2258064516129 49.54838709677419 75.35483870967742 28.838709677419356 54.645161290322584 
37.774193548387096 64.70967741935483 53.12903225806452 80.06451612903226 32.45161290322581 59.38709677419355 
44.41935483870968 70.54838709677419 60.29032258064516 86.41935483870968 35.225806451612904 61.354838709677416 
40.903225806451616 69.29032258064517 54.806451612903224 83.19354838709677 31.677419354838708 60.064516129032256 
35.74193548387097 61.87096774193548 53.193548387096776 79.3225806451613 31.06451612903226 57.193548387096776 
62.483870967741936 87.16129032258064 55.225806451612904 79.90322580645162 49.16129032258065 73.83870967741936 
54.483870967741936 80.12903225806451 43.45161290322581 69.09677419354838 44.774193548387096 70.41935483870968 
44.45161290322581 74.45161290322581 52.225806451612904 82.2258064516129 33.806451612903224 63.806451612903224 
49.61290322580645 77.03225806451613 48.41935483870968 75.83870967741936 42.87096774193548 70.29032258064517 
51.25806451612903 77.2258064516129 45.74193548387097 71.70967741935483 41.74193548387097 67.70967741935483 
51.645161290322584 75.6774193548387 47.12903225806452 71.16129032258064 37.935483870967744 61.96774193548387 
44.45161290322581 74.7741935483871 57.83870967741935 88.16129032258064 33.58064516129032 63.903225806451616 
50.96774193548387 78.06451612903226 48.0 75.09677419354838 42.25806451612903 69.35483870967742 
44.74193548387097 72.0 50.064516129032256 77.3225806451613 31.774193548387096 59.03225806451613 
65.45161290322581 95.29032258064517 49.61290322580645 79.45161290322581 54.0 83.83870967741936 
45.54838709677419 75.2258064516129 57.38709677419355 87.06451612903226 40.064516129032256 69.74193548387096 
74.25806451612904 103.45161290322581 53.806451612903224 83.0 49.483870967741936 78.6774193548387 
37.12903225806452 63.41935483870968 45.806451612903224 72.09677419354838 30.193548387096776 56.483870967741936 
72.41935483870968 100.48387096774194 62.87096774193548 90.93548387096774 39.45161290322581 67.51612903225806 
46.74193548387097 77.87096774193549 53.67741935483871 84.80645161290323 36.903225806451616 68.03225806451613 
46.225806451612904 78.16129032258064 56.83870967741935 88.7741935483871 35.74193548387097 67.6774193548387 
41.45161290322581 69.03225806451613 50.87096774193548 78.45161290322581 32.903225806451616 60.483870967741936 
