1599.6384615384616 1625.6384615384616 96.06153846153846 122.06153846153846 152.02307692307693 178.02307692307693 
1634.7615384615385 1663.2615384615385 103.06923076923077 131.56923076923076 112.42307692307692 140.92307692307693 
1845.9846153846154 1874.8692307692309 85.94615384615385 114.83076923076923 117.26153846153846 146.14615384615385 
1788.8692307692309 1818.0615384615385 89.06153846153846 118.25384615384615 135.07692307692307 164.26923076923077 
1706.6076923076923 1734.9923076923078 83.56923076923077 111.95384615384616 129.6846153846154 158.06923076923076 
1730.076923076923 1758.0384615384614 87.4076923076923 115.36923076923077 111.43846153846154 139.4 
1770.2384615384615 1798.5461538461539 94.96923076923076 123.27692307692308 163.8153846153846 192.12307692307692 
1841.8461538461538 1870.8076923076924 83.96153846153847 112.92307692307692 121.5 150.46153846153845 
1862.5307692307692 1890.4153846153847 96.37692307692308 124.26153846153846 107.3923076923077 135.27692307692308 
1846.8 1874.9538461538461 100.1076923076923 128.26153846153846 133.26153846153846 161.41538461538462 
1854.8615384615384 1883.246153846154 84.24615384615385 112.63076923076923 120.63076923076923 149.01538461538462 
1559.5615384615385 1586.676923076923 92.29230769230769 119.4076923076923 154.85384615384615 181.96923076923076 
1821.6153846153845 1849.5384615384614 97.75384615384615 125.67692307692307 134.13846153846154 162.06153846153848 
1786.3692307692309 1815.2153846153847 97.36923076923077 126.21538461538462 122.13846153846154 150.98461538461538 
1581.576923076923 1608.6538461538462 107.92307692307692 135.0 128.83846153846153 155.91538461538462 
1815.0153846153846 1843.2076923076922 85.32307692307693 113.51538461538462 113.04615384615384 141.23846153846154 
1576.5384615384614 1605.3461538461538 93.34615384615384 122.15384615384616 129.0 157.80769230769232 
1566.2769230769231 1593.2 92.16923076923077 119.0923076923077 134.33846153846153 161.26153846153846 
1866.176923076923 1894.446153846154 84.67692307692307 112.94615384615385 139.7153846153846 167.98461538461538 
1769.9384615384615 1798.5153846153846 84.11538461538461 112.6923076923077 121.0923076923077 149.66923076923078 
1778.8076923076924 1806.8461538461538 96.85384615384615 124.8923076923077 124.36153846153846 152.4 
1742.8461538461538 1770.3076923076924 85.1923076923077 112.65384615384616 118.38461538461539 145.84615384615384 
1620.3692307692309 1647.0615384615385 110.05384615384615 136.74615384615385 149.8230769230769 176.51538461538462 
2110.2923076923075 2138.8307692307694 90.79230769230769 119.33076923076923 126.5923076923077 155.13076923076923 
1714.4769230769232 1743.2076923076922 96.5923076923077 125.32307692307693 148.73846153846154 177.46923076923076 
1790.2076923076922 1818.053846153846 84.5923076923077 112.43846153846154 129.74615384615385 157.59230769230768 
1751.5615384615385 1780.253846153846 90.86923076923077 119.56153846153846 146.85384615384615 175.54615384615386 
1915.8615384615384 1944.553846153846 96.55384615384615 125.24615384615385 129.2076923076923 157.9 
1726.3538461538462 1753.6615384615384 97.8923076923077 125.2 119.14615384615385 146.45384615384614 
1577.1384615384616 1603.8692307692309 87.56153846153846 114.29230769230769 110.41538461538461 137.14615384615385 
1834.746153846154 1863.5923076923077 84.20769230769231 113.05384615384615 141.8230769230769 170.66923076923078 
1695.8692307692309 1724.0230769230768 92.02307692307693 120.17692307692307 123.36153846153846 151.51538461538462 
1890.1846153846154 1920.4538461538461 106.0 136.26923076923077 115.72307692307692 145.9923076923077 
1708.5615384615385 1736.8307692307692 89.36923076923077 117.63846153846154 141.06153846153848 169.33076923076922 
1677.1846153846154 1705.376923076923 115.53076923076924 143.72307692307692 160.33846153846153 188.53076923076924 
1883.5153846153846 1911.7846153846153 85.70769230769231 113.97692307692307 133.05384615384617 161.3230769230769 
1778.1153846153845 1805.7692307692307 88.97692307692307 116.63076923076923 130.42307692307693 158.07692307692307 
1662.5615384615385 1690.753846153846 92.6076923076923 120.8 112.02307692307693 140.2153846153846 
1699.1846153846154 1726.4153846153847 91.76153846153846 118.99230769230769 125.26153846153846 152.4923076923077 
1942.5153846153846 1972.4384615384615 87.9 117.82307692307693 153.02307692307693 182.94615384615383 
1659.9153846153847 1688.4538461538461 79.8 108.33846153846154 128.9923076923077 157.53076923076924 
1772.3384615384616 1798.4923076923078 94.76153846153846 120.91538461538461 112.75384615384615 138.90769230769232 
1765.8692307692309 1795.176923076923 91.48461538461538 120.79230769230769 110.53076923076924 139.83846153846153 
1680.5384615384614 1708.1923076923076 91.11538461538461 118.76923076923077 133.3230769230769 160.97692307692307 
1570.076923076923 1598.8076923076924 92.07692307692308 120.8076923076923 126.50769230769231 155.23846153846154 
1414.3615384615384 1442.5153846153846 86.9 115.05384615384615 101.50769230769231 129.66153846153847 
1759.8 1787.1846153846154 95.87692307692308 123.26153846153846 136.4923076923077 163.87692307692308 
1908.7 1938.3538461538462 99.23846153846154 128.8923076923077 139.23846153846154 168.8923076923077 
2014.576923076923 2044.1923076923076 94.23076923076923 123.84615384615384 140.96153846153845 170.57692307692307 
1683.9846153846154 1711.3692307692309 106.96153846153847 134.34615384615384 145.01538461538462 172.4 
