26.875 57.5 42.125 72.75 21.875 52.5 
31.375 62.0 38.75 69.375 23.875 54.5 
47.5 79.375 44.5 76.375 41.25 73.125 
23.75 53.75 34.5 64.5 18.75 48.75 
23.75 54.375 40.125 70.75 18.75 49.375 
32.125 60.875 31.375 60.125 27.125 55.875 
33.75 62.5 49.25 78.0 28.75 57.5 
29.375 52.5 49.125 72.25 24.375 47.5 
28.125 60.0 57.5 89.375 23.125 55.0 
33.25 62.625 58.25 87.625 27.0 56.375 
24.375 48.75 43.75 68.125 19.375 43.75 
33.125 60.625 56.875 84.375 28.125 55.625 
25.0 50.0 53.75 78.75 20.0 45.0 
32.875 61.0 28.25 56.375 26.625 54.75 
37.875 69.125 40.625 71.875 29.125 60.375 
59.0 87.75 45.25 74.0 55.25 84.0 
18.625 47.375 36.0 64.75 13.625 42.375 
31.125 59.25 55.25 83.375 24.875 53.0 
30.625 55.625 46.625 71.625 25.625 50.625 
25.125 58.875 56.5 90.25 20.125 53.875 
15.625 38.75 53.125 76.25 10.625 33.75 
38.125 63.75 45.25 70.875 34.375 60.0 
32.0 57.625 48.25 73.875 25.75 51.375 
42.25 76.0 45.375 79.125 29.75 63.5 
21.0 48.5 27.875 55.375 14.75 42.25 
27.5 46.25 32.875 51.625 22.5 41.25 
39.375 70.625 56.125 87.375 33.125 64.375 
29.25 56.125 56.375 83.25 24.25 51.125 
29.875 51.75 37.625 59.5 23.625 45.5 
27.75 56.5 43.375 72.125 22.75 51.5 
28.125 51.25 59.25 82.375 23.125 46.25 
23.75 48.125 50.625 75.0 18.75 43.125 
35.0 61.25 44.375 70.625 30.0 56.25 
34.375 61.875 45.75 73.25 29.375 56.875 
39.125 71.625 49.5 82.0 32.875 65.375 
23.0 49.875 28.5 55.375 18.0 44.875 
33.5 60.375 59.375 86.25 28.5 55.375 
33.625 61.125 53.5 81.0 27.375 54.875 
33.75 56.875 60.125 83.25 28.75 51.875 
21.25 60.0 35.125 73.875 16.25 55.0 
25.625 59.375 33.0 66.75 20.625 54.375 
26.875 55.0 58.375 86.5 21.875 50.0 
25.0 53.75 42.125 70.875 20.0 48.75 
23.375 52.75 50.875 80.25 18.375 47.75 
37.625 68.875 46.375 77.625 33.875 65.125 
28.125 51.875 53.75 77.5 23.125 46.875 
29.125 52.875 32.75 56.5 22.875 46.625 
30.25 54.0 41.0 64.75 25.25 49.0 
30.75 65.75 58.25 93.25 24.5 59.5 
27.5 53.75 46.125 72.375 21.25 47.5 
