2728.3619631901843 2757.2269938650306 135.920245398773 164.78527607361963 196.42944785276075 225.29447852760737 
2655.717791411043 2684.0613496932515 115.36196319018404 143.70552147239263 240.04294478527606 268.3865030674847 
2555.288343558282 2583.7852760736196 98.83435582822086 127.33128834355828 167.65030674846625 196.14723926380367 
2879.122699386503 2908.447852760736 104.1963190184049 133.52147239263803 198.47852760736197 227.80368098159508 
2815.6687116564417 2844.564417177914 127.25766871165644 156.15337423312883 206.49693251533742 235.3926380368098 
2649.883435582822 2678.7484662576685 124.12269938650307 152.98773006134968 142.40490797546013 171.26993865030676 
2739.042944785276 2766.435582822086 110.69325153374233 138.08588957055215 148.58282208588957 175.9754601226994 
2529.588957055215 2556.552147239264 114.29447852760737 141.25766871165644 178.57668711656441 205.53987730061348 
2847.9325153374234 2877.6564417177915 155.85889570552146 185.58282208588957 262.99386503067484 292.7177914110429 
2913.5766871165642 2942.6564417177915 114.71779141104294 143.79754601226995 180.17177914110428 209.25153374233128 
2673.4907975460123 2700.852760736196 111.9079754601227 139.26993865030676 214.50306748466258 241.86503067484662 
2482.3496932515336 2510.478527607362 148.12883435582822 176.25766871165644 188.57668711656441 216.70552147239263 
2771.0 2798.1779141104294 118.67484662576688 145.85276073619633 185.50920245398774 212.68711656441718 
2710.447852760736 2738.39263803681 121.1042944785276 149.04907975460122 183.17791411042944 211.12269938650306 
2717.8098159509204 2746.9815950920247 136.52147239263803 165.69325153374234 200.78527607361963 229.95705521472394 
2812.79754601227 2842.6441717791413 100.52147239263803 130.3680981595092 192.70552147239263 222.5521472392638 
2879.564417177914 2907.9386503067485 151.4478527607362 179.82208588957056 284.0122699386503 312.3865030674847 
2662.2085889570553 2689.570552147239 136.2883435582822 163.65030674846625 205.24539877300614 232.6073619631902 
3116.8159509202455 3146.5092024539877 122.45398773006134 152.14723926380367 281.7546012269939 311.44785276073617 
2699.134969325153 2728.2147239263804 107.50920245398773 136.58895705521473 151.92638036809817 181.00613496932516 
2903.1411042944787 2933.0184049079753 129.58282208588957 159.46012269938652 187.7116564417178 217.58895705521473 
2537.7361963190183 2566.5398773006136 118.33128834355828 147.13496932515338 187.88957055214723 216.69325153374234 
2969.042944785276 2997.693251533742 137.6073619631902 166.25766871165644 187.29447852760737 215.94478527607362 
2607.239263803681 2633.8957055214723 120.33742331288343 146.99386503067484 150.52147239263803 177.17791411042944 
2792.478527607362 2819.564417177914 122.83435582822086 149.920245398773 168.64417177914112 195.73006134969324 
2648.6441717791413 2677.6625766871166 112.30061349693251 141.31901840490798 219.6564417177914 248.67484662576686 
2493.306748466258 2520.0858895705524 120.15337423312883 146.93251533742333 174.93251533742333 201.7116564417178 
2581.5766871165642 2609.8588957055213 102.57055214723927 130.85276073619633 224.3680981595092 252.65030674846625 
2575.840490797546 2602.1901840490796 120.54601226993866 146.8957055214724 172.61963190184048 198.96932515337423 
2597.871165644172 2626.1840490797545 131.80981595092024 160.12269938650306 169.00613496932516 197.31901840490798 
3181.0736196319017 3210.920245398773 118.6319018404908 148.47852760736197 187.54601226993864 217.3926380368098 
2733.846625766871 2761.239263803681 138.76687116564418 166.159509202454 201.6073619631902 229.0 
2668.5030674846626 2696.1717791411043 133.68711656441718 161.35582822085888 171.47852760736197 199.14723926380367 
2403.803680981595 2431.6564417177915 148.01226993865032 175.86503067484662 222.48466257668713 250.33742331288343 
2755.276073619632 2783.282208588957 127.06748466257669 155.07361963190183 200.92638036809817 228.93251533742333 
2763.269938650307 2790.447852760736 122.91411042944786 150.09202453987731 223.54601226993864 250.72392638036808 
2769.7852760736196 2798.834355828221 143.840490797546 172.88957055214723 166.44171779141104 195.49079754601226 
2609.5337423312885 2637.2638036809817 142.6564417177914 170.38650306748465 320.17791411042947 347.9079754601227 
2651.6380368098157 2680.993865030675 131.34969325153375 160.70552147239263 161.6073619631902 190.96319018404907 
2633.674846625767 2661.0674846625766 129.34969325153375 156.74233128834356 189.41104294478527 216.80368098159508 
2925.6687116564417 2954.165644171779 154.72392638036808 183.22085889570553 206.55828220858896 235.05521472392638 
2856.1840490797545 2882.9325153374234 106.39263803680981 133.14110429447854 161.14723926380367 187.8957055214724 
2786.957055214724 2816.0981595092026 146.50920245398774 175.65030674846625 183.1840490797546 212.32515337423314 
2703.846625766871 2733.2331288343557 141.98773006134968 171.37423312883436 192.5276073619632 221.91411042944785 
2647.4171779141107 2676.036809815951 120.55828220858896 149.17791411042944 223.03067484662577 251.65030674846625 
2940.7668711656443 2970.306748466258 141.80981595092024 171.34969325153375 184.60122699386503 214.14110429447854 
2883.5460122699387 2911.8588957055213 153.16564417177915 181.47852760736197 180.23312883435582 208.54601226993864 
2660.478527607362 2689.1901840490796 144.2883435582822 173.0 202.16564417177915 230.87730061349694 
2600.128834355828 2629.147239263804 105.14723926380368 134.16564417177915 148.68711656441718 177.70552147239263 
2635.8588957055213 2662.5766871165642 129.31901840490798 156.03680981595093 171.59509202453987 198.31288343558282 
