4613.564655172414 4642.142241379311 380.82327586206895 409.4008620689655 627.1422413793103 655.7198275862069 
4623.827586206897 4652.793103448276 359.8836206896552 388.8491379310345 612.8793103448276 641.8448275862069 
4466.086206896552 4494.038793103448 292.8103448275862 320.76293103448273 522.3362068965517 550.2887931034483 
4729.663793103448 4756.366379310345 360.5301724137931 387.23275862068965 612.9827586206897 639.6853448275862 
4735.168103448276 4764.2198275862065 346.39224137931035 375.4439655172414 417.32327586206895 446.375 
4486.603448275862 4514.4051724137935 239.42672413793105 267.2284482758621 312.12068965517244 339.92241379310343 
4734.620689655172 4763.607758620689 495.98275862068965 524.9698275862069 826.948275862069 855.9353448275862 
4684.616379310345 4713.172413793103 287.25 315.8060344827586 628.4525862068965 657.0086206896551 
4442.732758620689 4471.051724137931 367.8189655172414 396.13793103448273 421.4396551724138 449.7586206896552 
4704.448275862069 4731.9051724137935 362.50431034482756 389.96120689655174 463.4568965517241 490.91379310344826 
4772.051724137931 4801.125 406.83620689655174 435.9094827586207 575.7155172413793 604.7887931034483 
4715.448275862069 4743.767241379311 394.1465517241379 422.4655172413793 628.2068965517242 656.5258620689655 
4454.150862068966 4482.362068965517 328.8146551724138 357.0258620689655 532.0818965517242 560.2931034482758 
4495.6551724137935 4523.306034482759 336.1465517241379 363.79741379310343 368.62931034482756 396.2801724137931 
4589.068965517241 4617.2155172413795 373.2284482758621 401.375 622.4310344827586 650.5775862068965 
4383.556034482759 4412.7155172413795 321.83620689655174 350.99568965517244 396.57327586206895 425.73275862068965 
4618.775862068966 4647.568965517241 303.2715517241379 332.0646551724138 404.16379310344826 432.9568965517241 
4630.538793103448 4658.900862068966 299.96120689655174 328.32327586206895 432.6508620689655 461.01293103448273 
4456.379310344828 4484.137931034483 349.4568965517241 377.2155172413793 685.948275862069 713.7068965517242 
4573.3405172413795 4601.896551724138 344.9913793103448 373.54741379310343 474.8060344827586 503.36206896551727 
4642.3405172413795 4671.370689655172 257.4568965517241 286.48706896551727 369.8836206896552 398.91379310344826 
4608.439655172414 4637.232758620689 382.1681034482759 410.96120689655174 523.8275862068965 552.6206896551724 
4816.823275862069 4845.896551724138 425.04741379310343 454.12068965517244 590.2715517241379 619.3448275862069 
4668.25 4696.849137931034 292.92241379310343 321.5215517241379 481.7413793103448 510.3405172413793 
4710.913793103448 4739.081896551724 331.9741379310345 360.14224137931035 407.98275862068965 436.1508620689655 
4637.418103448276 4666.125 271.89224137931035 300.5991379310345 595.6077586206897 624.3146551724138 
4248.258620689655 4276.211206896552 240.75 268.70258620689657 448.38793103448273 476.3405172413793 
4584.711206896552 4613.698275862069 348.7241379310345 377.71120689655174 452.42672413793105 481.41379310344826 
4311.504310344828 4338.896551724138 305.32327586206895 332.7155172413793 499.82327586206895 527.2155172413793 
4603.728448275862 4631.271551724138 278.7198275862069 306.26293103448273 528.9439655172414 556.4870689655172 
4533.314655172414 4562.193965517241 208.83620689655172 237.7155172413793 397.2801724137931 426.1594827586207 
4717.896551724138 4746.775862068966 271.875 300.75431034482756 528.1120689655172 556.9913793103449 
4799.896551724138 4829.314655172414 270.5991379310345 300.01724137931035 527.3965517241379 556.8146551724138 
4437.146551724138 4465.400862068966 248.17241379310346 276.42672413793105 362.01724137931035 390.2715517241379 
4695.288793103448 4724.254310344828 334.23275862068965 363.19827586206895 583.9094827586207 612.875 
4681.2198275862065 4709.452586206897 287.54741379310343 315.7801724137931 476.1336206896552 504.3663793103448 
4648.879310344828 4676.918103448276 343.4396551724138 371.4784482758621 439.3534482758621 467.39224137931035 
4323.892241379311 4351.9094827586205 289.7844827586207 317.80172413793105 453.3318965517241 481.3491379310345 
4941.012931034483 4970.2155172413795 365.9051724137931 395.10775862068965 639.9353448275862 669.1379310344828 
4303.672413793103 4330.892241379311 321.6465517241379 348.8663793103448 441.0431034482759 468.26293103448273 
4820.543103448276 4849.163793103448 412.5215517241379 441.14224137931035 702.2241379310345 730.8448275862069 
4433.047413793103 4461.797413793103 283.8060344827586 312.5560344827586 391.3663793103448 420.1163793103448 
4726.125 4754.422413793103 324.51724137931035 352.8146551724138 475.39224137931035 503.6896551724138 
4483.112068965517 4511.581896551724 312.7284482758621 341.19827586206895 382.2931034482759 410.76293103448273 
4617.383620689655 4646.5 407.75 436.8663793103448 428.8491379310345 457.9655172413793 
4660.262931034483 4688.625 339.8448275862069 368.2068965517241 562.0301724137931 590.3922413793103 
4473.0344827586205 4500.383620689655 470.16379310344826 497.51293103448273 593.1637931034483 620.5129310344828 
4291.6594827586205 4319.267241379311 356.73275862068965 384.3405172413793 608.9008620689655 636.5086206896551 
4240.926724137931 4267.7801724137935 425.21120689655174 452.0646551724138 605.9698275862069 632.823275862069 
4398.952586206897 4427.357758620689 351.0215517241379 379.42672413793105 416.2801724137931 444.6853448275862 
