3408.4257425742576 3435.8267326732675 142.9851485148515 170.3861386138614 310.45544554455444 337.85643564356434 
3881.29702970297 3910.207920792079 213.7871287128713 242.6980198019802 345.3069306930693 374.2178217821782 
3619.168316831683 3645.8514851485147 197.9950495049505 224.67821782178217 256.54455445544556 283.2277227722772 
3857.8267326732675 3886.341584158416 256.58910891089107 285.1039603960396 381.83663366336634 410.3514851485148 
3725.5148514851485 3754.5 213.31683168316832 242.3019801980198 342.0495049504951 371.03465346534654 
3783.4554455445545 3811.7475247524753 199.1138613861386 227.40594059405942 257.71287128712873 286.0049504950495 
3484.029702970297 3510.8861386138615 169.35643564356437 196.2128712871287 250.26732673267327 277.1237623762376 
3899.0148514851485 3928.29702970297 173.31683168316832 202.5990099009901 350.7970297029703 380.0792079207921 
3596.6534653465346 3625.737623762376 233.6881188118812 262.7722772277228 385.51485148514854 414.5990099009901 
3895.29702970297 3924.9257425742576 221.64356435643563 251.27227722772278 279.5049504950495 309.13366336633663 
3857.658415841584 3886.470297029703 228.81683168316832 257.6287128712871 343.1039603960396 371.91584158415844 
3827.1138613861385 3856.0 215.78217821782178 244.66831683168317 391.470297029703 420.35643564356434 
3617.539603960396 3645.732673267327 164.84158415841586 193.03465346534654 340.46039603960395 368.65346534653463 
3767.519801980198 3794.029702970297 202.990099009901 229.5 356.13366336633663 382.64356435643566 
3639.480198019802 3667.7227722772277 200.14356435643563 228.3861386138614 281.8069306930693 310.0495049504951 
3625.460396039604 3653.3811881188117 162.05940594059405 189.98019801980197 279.6188118811881 307.53960396039605 
3711.5643564356437 3739.4356435643563 237.63366336633663 265.5049504950495 337.5495049504951 365.4207920792079 
3906.6881188118814 3935.6732673267325 183.34158415841586 212.32673267326732 328.1237623762376 357.1089108910891 
3598.980198019802 3627.3217821782177 182.8118811881188 211.15346534653466 297.1980198019802 325.53960396039605 
4034.727722772277 4064.059405940594 210.56930693069307 239.9009900990099 388.14356435643566 417.4752475247525 
3551.6485148514853 3578.7524752475247 194.34653465346534 221.45049504950495 373.6782178217822 400.7821782178218 
4085.19801980198 4116.188118811881 262.7029702970297 293.6930693069307 352.4752475247525 383.46534653465346 
3660.9158415841584 3688.861386138614 227.8861386138614 255.83168316831683 309.2821782178218 337.2277227722772 
3720.7821782178216 3748.8762376237623 186.4009900990099 214.4950495049505 396.970297029703 425.06435643564356 
3790.5643564356437 3819.3514851485147 214.9009900990099 243.6881188118812 327.990099009901 356.7772277227723 
3620.366336633663 3647.841584158416 222.29207920792078 249.76732673267327 314.2277227722772 341.7029702970297 
3870.5544554455446 3898.970297029703 311.5742574257426 339.990099009901 406.990099009901 435.4059405940594 
3592.4455445544554 3621.059405940594 178.5148514851485 207.12871287128712 299.6237623762376 328.23762376237624 
3806.2524752475247 3834.1732673267325 190.9257425742574 218.84653465346534 505.01485148514854 532.9356435643564 
3653.6930693069307 3682.232673267327 172.16831683168317 200.70792079207922 224.1881188118812 252.72772277227722 
4028.4356435643563 4058.361386138614 190.0742574257426 220.0 341.7524752475247 371.6782178217822 
3586.8217821782177 3615.460396039604 244.42079207920793 273.05940594059405 314.8910891089109 343.529702970297 
3409.30198019802 3436.628712871287 212.55445544554456 239.88118811881188 315.68811881188117 343.01485148514854 
3583.09900990099 3611.638613861386 220.46039603960395 249.0 326.96039603960395 355.5 
3804.1237623762377 3833.2574257425745 256.2475247524753 285.3811881188119 423.529702970297 452.66336633663366 
3945.3267326732675 3973.29702970297 245.34158415841586 273.31188118811883 325.2277227722772 353.1980198019802 
3855.6831683168316 3883.5544554455446 187.61881188118812 215.490099009901 417.46534653465346 445.33663366336634 
3989.8514851485147 4019.232673267327 195.62871287128712 225.009900990099 311.9306930693069 341.31188118811883 
3478.2871287128714 3505.292079207921 302.83168316831683 329.83663366336634 354.6732673267327 381.6782178217822 
3807.762376237624 3835.8811881188117 187.7970297029703 215.91584158415841 360.58415841584156 388.7029702970297 
3923.1138613861385 3950.7871287128714 337.08910891089107 364.76237623762376 421.8762376237624 449.5495049504951 
3955.0247524752476 3984.059405940594 218.37623762376236 247.4108910891089 349.2821782178218 378.3168316831683 
3971.59900990099 4000.608910891089 279.8069306930693 308.8168316831683 376.7475247524753 405.75742574257424 
3598.3217821782177 3626.4158415841584 188.83168316831683 216.9257425742574 347.6287128712871 375.7227722772277 
4123.90594059406 4154.004950495049 197.30693069306932 227.40594059405942 466.7772277227723 496.8762376237624 
3576.0346534653463 3604.4504950495048 183.63366336633663 212.04950495049505 246.62871287128712 275.04455445544556 
4033.3069306930693 4061.7475247524753 200.59405940594058 229.03465346534654 323.45544554455444 351.8960396039604 
3610.1237623762377 3637.4257425742576 199.1138613861386 226.41584158415841 342.8712871287129 370.1732673267327 
3827.930693069307 3857.2128712871286 224.68316831683168 253.96534653465346 309.46534653465346 338.7475247524753 
3712.633663366337 3741.420792079208 246.97524752475246 275.76237623762376 348.4257425742574 377.21287128712873 
