52.74074074074074 81.07407407407408 47.370370370370374 75.70370370370371 33.74074074074074 62.074074074074076 
49.592592592592595 76.25925925925925 54.0 80.66666666666667 36.074074074074076 62.74074074074074 
42.592592592592595 70.18518518518519 52.2962962962963 79.88888888888889 34.925925925925924 62.51851851851852 
31.25925925925926 63.2962962962963 55.81481481481482 87.85185185185185 26.25925925925926 58.2962962962963 
36.851851851851855 61.111111111111114 57.81481481481482 82.07407407407408 31.666666666666668 55.925925925925924 
45.81481481481482 76.37037037037037 59.51851851851852 90.07407407407408 29.925925925925927 60.48148148148148 
40.629629629629626 69.33333333333333 55.25925925925926 83.96296296296296 35.629629629629626 64.33333333333333 
38.18518518518518 68.0 48.666666666666664 78.48148148148148 33.18518518518518 63.0 
40.74074074074074 67.96296296296296 51.666666666666664 78.88888888888889 34.44444444444444 61.666666666666664 
44.333333333333336 74.70370370370371 56.48148148148148 86.85185185185185 36.2962962962963 66.66666666666667 
42.2962962962963 68.5925925925926 53.48148148148148 79.77777777777777 33.22222222222222 59.51851851851852 
51.81481481481482 79.77777777777777 54.22222222222222 82.18518518518519 40.333333333333336 68.29629629629629 
43.592592592592595 75.25925925925925 48.851851851851855 80.51851851851852 38.96296296296296 70.62962962962963 
48.629629629629626 75.29629629629629 67.55555555555556 94.22222222222223 39.333333333333336 66.0 
27.88888888888889 54.18518518518518 56.333333333333336 82.62962962962963 22.51851851851852 48.81481481481482 
41.7037037037037 66.70370370370371 54.55555555555556 79.55555555555556 31.666666666666668 56.666666666666664 
34.03703703703704 61.074074074074076 43.111111111111114 70.14814814814815 27.185185185185187 54.22222222222222 
54.629629629629626 89.25925925925925 45.407407407407405 80.03703703703704 52.22222222222222 86.85185185185185 
44.96296296296296 70.33333333333333 48.148148148148145 73.51851851851852 34.333333333333336 59.7037037037037 
33.851851851851855 62.0 58.666666666666664 86.81481481481481 24.40740740740741 52.55555555555556 
47.22222222222222 76.29629629629629 41.111111111111114 70.18518518518519 34.81481481481482 63.888888888888886 
74.4074074074074 104.96296296296296 51.0 81.55555555555556 58.77777777777778 89.33333333333333 
40.77777777777778 65.77777777777777 51.888888888888886 76.88888888888889 29.555555555555557 54.55555555555556 
43.925925925925924 73.37037037037037 50.77777777777778 80.22222222222223 37.44444444444444 66.88888888888889 
32.2962962962963 61.55555555555556 54.7037037037037 83.96296296296296 27.666666666666668 56.925925925925924 
49.03703703703704 78.85185185185185 60.03703703703704 89.85185185185185 35.333333333333336 65.14814814814815 
52.55555555555556 81.25925925925925 55.851851851851855 84.55555555555556 45.333333333333336 74.03703703703704 
40.074074074074076 66.92592592592592 46.925925925925924 73.77777777777777 31.25925925925926 58.111111111111114 
58.629629629629626 90.48148148148148 47.74074074074074 79.5925925925926 46.407407407407405 78.25925925925925 
38.25925925925926 63.25925925925926 47.74074074074074 72.74074074074075 31.59259259259259 56.592592592592595 
59.44444444444444 88.51851851851852 50.407407407407405 79.48148148148148 50.0 79.07407407407408 
41.148148148148145 68.74074074074075 55.888888888888886 83.48148148148148 28.925925925925927 56.51851851851852 
35.148148148148145 63.111111111111114 50.407407407407405 78.37037037037037 30.88888888888889 58.851851851851855 
48.148148148148145 76.66666666666667 58.96296296296296 87.48148148148148 39.074074074074076 67.5925925925926 
44.370370370370374 76.22222222222223 50.18518518518518 82.03703703703704 39.96296296296296 71.81481481481481 
40.22222222222222 68.37037037037037 60.666666666666664 88.81481481481481 29.22222222222222 57.370370370370374 
45.333333333333336 73.29629629629629 53.22222222222222 81.18518518518519 40.148148148148145 68.11111111111111 
36.81481481481482 64.03703703703704 55.18518518518518 82.4074074074074 31.074074074074073 58.2962962962963 
38.44444444444444 64.18518518518519 53.888888888888886 79.62962962962963 30.48148148148148 56.22222222222222 
52.44444444444444 86.14814814814815 61.370370370370374 95.07407407407408 36.148148148148145 69.85185185185185 
40.407407407407405 69.48148148148148 38.25925925925926 67.33333333333333 29.85185185185185 58.925925925925924 
47.77777777777778 77.96296296296296 61.333333333333336 91.51851851851852 34.074074074074076 64.25925925925925 
30.555555555555557 56.48148148148148 57.03703703703704 82.96296296296296 25.185185185185187 51.111111111111114 
69.85185185185185 95.96296296296296 48.407407407407405 74.51851851851852 51.888888888888886 78.0 
33.03703703703704 59.7037037037037 60.18518518518518 86.85185185185185 26.925925925925927 53.592592592592595 
42.18518518518518 68.85185185185185 58.74074074074074 85.4074074074074 34.407407407407405 61.074074074074076 
52.55555555555556 83.48148148148148 60.074074074074076 91.0 42.666666666666664 73.5925925925926 
39.629629629629626 72.03703703703704 56.96296296296296 89.37037037037037 30.555555555555557 62.96296296296296 
35.666666666666664 61.407407407407405 54.370370370370374 80.11111111111111 24.925925925925927 50.666666666666664 
50.25925925925926 75.81481481481481 51.22222222222222 76.77777777777777 31.814814814814813 57.370370370370374 
