4436.004566210046 4464.86301369863 198.27397260273972 227.1324200913242 441.82648401826486 470.6849315068493 
4236.922374429224 4264.6392694063925 258.5890410958904 286.30593607305934 414.57077625570776 442.28767123287673 
4381.059360730594 4409.712328767123 228.53424657534248 257.18721461187215 452.5433789954338 481.19634703196346 
4522.013698630137 4550.826484018265 333.5068493150685 362.31963470319636 454.31963470319636 483.1324200913242 
4034.4109589041095 4062.1963470319633 267.86301369863014 295.648401826484 395.43835616438355 423.2237442922374 
4239.374429223744 4267.525114155251 310.4566210045662 338.60730593607303 435.9269406392694 464.07762557077626 
4239.561643835616 4267.415525114156 292.5068493150685 320.3607305936073 420.3607305936073 448.2146118721461 
4426.246575342466 4455.287671232877 238.99543378995435 268.0365296803653 351.2922374429224 380.3333333333333 
4432.826484018265 4462.4611872146115 371.46118721461187 401.09589041095893 439.5159817351598 469.1506849315069 
4291.922374429224 4320.75799086758 292.31963470319636 321.1552511415525 396.4657534246575 425.3013698630137 
4284.776255707762 4313.178082191781 344.365296803653 372.7671232876712 481.1917808219178 509.5936073059361 
4450.867579908676 4480.479452054795 347.2922374429224 376.90410958904107 479.52054794520546 509.1324200913242 
4246.337899543379 4275.1278538812785 299.1552511415525 327.94520547945206 417.365296803653 446.1552511415525 
4173.744292237443 4202.785388127854 314.8310502283105 343.87214611872145 537.4200913242009 566.4611872146119 
4045.219178082192 4073.1415525114157 313.4657534246575 341.38812785388126 435.0593607305936 462.98173515981733 
4222.607305936073 4251.557077625571 260.42009132420094 289.36986301369865 340.39269406392697 369.3424657534247 
4324.1278538812785 4352.301369863014 278.49771689497715 306.67123287671234 474.7077625570776 502.8812785388128 
4134.479452054795 4163.474885844749 263.4566210045662 292.45205479452056 448.88584474885846 477.8812785388128 
4652.83105022831 4682.648401826484 240.8675799086758 270.6849315068493 550.0228310502283 579.8401826484019 
4500.502283105023 4529.771689497717 418.1415525114155 447.4109589041096 508.4703196347032 537.7397260273973 
4274.24200913242 4302.278538812785 285.19634703196346 313.2328767123288 347.5525114155251 375.5890410958904 
4349.643835616438 4378.342465753424 292.8447488584475 321.5433789954338 498.662100456621 527.3607305936073 
4275.958904109589 4303.904109589041 252.63926940639269 280.58447488584477 325.7077625570776 353.65296803652967 
4217.940639269406 4245.977168949772 199.9497716894977 227.986301369863 377.2328767123288 405.26940639269407 
4007.6849315068494 4035.310502283105 212.57077625570776 240.19634703196348 382.4566210045662 410.0821917808219 
4408.698630136986 4437.853881278539 313.9086757990868 343.06392694063925 533.8812785388128 563.0365296803653 
4152.1506849315065 4180.552511415525 269.47945205479454 297.8812785388128 401.30593607305934 429.7077625570776 
4248.630136986301 4278.059360730594 318.1095890410959 347.53881278538813 472.716894977169 502.14611872146116 
4244.780821917808 4274.415525114156 219.08675799086757 248.7214611872146 342.3835616438356 372.01826484018267 
4563.1506849315065 4592.465753424657 272.98173515981733 302.29680365296804 372.30593607305934 401.62100456621005 
4560.324200913242 4589.319634703196 359.9269406392694 388.92237442922374 476.69406392694066 505.689497716895 
4287.442922374429 4316.118721461187 280.0228310502283 308.6986301369863 367.42009132420094 396.09589041095893 
4091.365296803653 4119.219178082192 229.17351598173516 257.027397260274 321.11415525114154 348.9680365296804 
4341.3835616438355 4369.671232876713 235.54794520547946 263.83561643835617 350.17351598173514 378.46118721461187 
4145.502283105023 4173.37899543379 262.3972602739726 290.2739726027397 391.324200913242 419.2009132420091 
4217.0 4245.356164383562 298.041095890411 326.3972602739726 314.8310502283105 343.18721461187215 
4372.237442922375 4400.296803652968 277.0730593607306 305.1324200913242 460.8904109589041 488.9497716894977 
4049.2100456621006 4078.0 234.84931506849315 263.6392694063927 385.1232876712329 413.91324200913243 
4121.666666666667 4149.840182648401 321.5890410958904 349.76255707762556 351.0730593607306 379.24657534246575 
3909.0456621004564 3937.036529680365 241.87214611872147 269.86301369863014 455.09589041095893 483.08675799086757 
4185.990867579909 4215.625570776256 305.30593607305934 334.9406392694064 428.8904109589041 458.5251141552511 
4433.652968036529 4462.420091324201 320.0821917808219 348.8493150684931 365.4566210045662 394.2237442922374 
4325.3607305936075 4354.059360730594 342.57077625570776 371.26940639269407 512.5525114155251 541.2511415525114 
4175.917808219178 4204.0 308.78995433789953 336.87214611872145 381.7853881278539 409.8675799086758 
4082.502283105023 4110.036529680366 394.3333333333333 421.8675799086758 540.7899543378995 568.324200913242 
3956.7671232876714 3985.077625570776 180.4337899543379 208.74429223744292 337.5662100456621 365.8767123287671 
4098.415525114156 4126.429223744292 332.0913242009132 360.10502283105023 482.4566210045662 510.4703196347032 
4188.328767123287 4217.689497716895 337.7990867579909 367.1598173515982 518.351598173516 547.7123287671233 
4158.75799086758 4186.908675799087 187.78995433789953 215.9406392694064 412.38812785388126 440.53881278538813 
4069.1004566210045 4096.315068493151 276.4931506849315 303.7077625570776 353.5981735159817 380.81278538812785 
