38.714285714285715 69.19047619047619 61.57142857142857 92.04761904761905 28.952380952380953 59.42857142857143 
35.666666666666664 59.95238095238095 44.666666666666664 68.95238095238095 31.142857142857142 55.42857142857143 
36.61904761904762 68.52380952380952 49.04761904761905 80.95238095238095 28.0 59.904761904761905 
38.857142857142854 66.47619047619048 59.523809523809526 87.14285714285714 31.476190476190474 59.095238095238095 
41.04761904761905 62.476190476190474 51.476190476190474 72.9047619047619 35.333333333333336 56.76190476190476 
34.95238095238095 62.333333333333336 46.095238095238095 73.47619047619048 29.714285714285715 57.095238095238095 
34.19047619047619 61.57142857142857 50.38095238095238 77.76190476190476 29.19047619047619 56.57142857142857 
29.857142857142858 54.61904761904762 55.95238095238095 80.71428571428571 24.857142857142858 49.61904761904762 
37.095238095238095 66.85714285714286 47.523809523809526 77.28571428571429 32.095238095238095 61.857142857142854 
46.38095238095238 76.85714285714286 50.04761904761905 80.52380952380952 41.857142857142854 72.33333333333333 
28.857142857142858 57.19047619047619 48.61904761904762 76.95238095238095 20.61904761904762 48.95238095238095 
34.19047619047619 60.38095238095238 51.76190476190476 77.95238095238095 28.714285714285715 54.904761904761905 
34.476190476190474 59.714285714285715 41.904761904761905 67.14285714285714 28.047619047619047 53.285714285714285 
34.76190476190476 65.23809523809524 42.095238095238095 72.57142857142857 29.285714285714285 59.76190476190476 
33.714285714285715 62.76190476190476 47.476190476190474 76.52380952380952 28.714285714285715 57.76190476190476 
40.57142857142857 69.85714285714286 57.19047619047619 86.47619047619048 35.57142857142857 64.85714285714286 
39.19047619047619 66.33333333333333 55.095238095238095 82.23809523809524 29.428571428571427 56.57142857142857 
34.76190476190476 61.42857142857143 44.476190476190474 71.14285714285714 25.238095238095237 51.904761904761905 
42.857142857142854 70.71428571428571 56.19047619047619 84.04761904761905 34.04761904761905 61.904761904761905 
35.523809523809526 62.904761904761905 43.285714285714285 70.66666666666667 25.095238095238095 52.476190476190474 
33.666666666666664 62.23809523809524 46.23809523809524 74.80952380952381 28.666666666666668 57.23809523809524 
43.857142857142854 77.19047619047619 50.38095238095238 83.71428571428571 35.57142857142857 68.9047619047619 
33.523809523809526 61.61904761904762 44.80952380952381 72.9047619047619 28.523809523809526 56.61904761904762 
46.0 76.95238095238095 51.80952380952381 82.76190476190476 33.333333333333336 64.28571428571429 
41.285714285714285 69.38095238095238 54.714285714285715 82.80952380952381 31.047619047619047 59.142857142857146 
61.142857142857146 90.19047619047619 56.666666666666664 85.71428571428571 36.142857142857146 65.19047619047619 
41.95238095238095 70.52380952380952 55.61904761904762 84.19047619047619 38.38095238095238 66.95238095238095 
37.285714285714285 63.714285714285715 47.0 73.42857142857143 28.476190476190474 54.904761904761905 
29.238095238095237 55.666666666666664 51.23809523809524 77.66666666666667 24.238095238095237 50.666666666666664 
44.476190476190474 74.0 36.42857142857143 65.95238095238095 34.57142857142857 64.0952380952381 
26.285714285714285 56.523809523809526 50.95238095238095 81.19047619047619 19.857142857142858 50.095238095238095 
46.142857142857146 80.42857142857143 52.857142857142854 87.14285714285714 39.23809523809524 73.52380952380952 
42.095238095238095 75.42857142857143 52.23809523809524 85.57142857142857 31.38095238095238 64.71428571428571 
48.476190476190474 75.85714285714286 60.523809523809526 87.9047619047619 30.19047619047619 57.57142857142857 
49.76190476190476 78.57142857142857 58.23809523809524 87.04761904761905 38.57142857142857 67.38095238095238 
43.19047619047619 70.0952380952381 51.523809523809526 78.42857142857143 37.476190476190474 64.38095238095238 
35.23809523809524 61.904761904761905 52.0 78.66666666666667 31.19047619047619 57.857142857142854 
46.857142857142854 71.85714285714286 51.857142857142854 76.85714285714286 31.761904761904763 56.76190476190476 
44.61904761904762 74.61904761904762 47.61904761904762 77.61904761904762 34.285714285714285 64.28571428571429 
30.238095238095237 56.42857142857143 49.142857142857146 75.33333333333333 25.0 51.19047619047619 
38.38095238095238 67.42857142857143 57.857142857142854 86.9047619047619 28.142857142857142 57.19047619047619 
51.57142857142857 77.76190476190476 52.61904761904762 78.80952380952381 39.19047619047619 65.38095238095238 
43.0 69.42857142857143 47.42857142857143 73.85714285714286 33.714285714285715 60.142857142857146 
36.04761904761905 66.28571428571429 45.38095238095238 75.61904761904762 31.523809523809526 61.76190476190476 
41.333333333333336 69.19047619047619 34.666666666666664 62.523809523809526 34.904761904761905 62.76190476190476 
37.80952380952381 68.52380952380952 58.714285714285715 89.42857142857143 30.904761904761905 61.61904761904762 
40.095238095238095 67.0 39.857142857142854 66.76190476190476 28.952380952380953 55.857142857142854 
58.666666666666664 87.95238095238095 52.523809523809526 81.80952380952381 55.095238095238095 84.38095238095238 
35.095238095238095 63.904761904761905 46.61904761904762 75.42857142857143 29.61904761904762 58.42857142857143 
41.714285714285715 69.80952380952381 49.142857142857146 77.23809523809524 37.666666666666664 65.76190476190476 
