37.40909090909091 65.36363636363636 45.54545454545455 73.5 30.136363636363637 58.09090909090909 
35.90909090909091 63.63636363636363 52.59090909090909 80.31818181818181 27.181818181818183 54.90909090909091 
43.04545454545455 70.0909090909091 56.90909090909091 83.95454545454545 34.86363636363637 61.90909090909091 
40.54545454545455 66.22727272727273 45.81818181818182 71.5 36.45454545454545 62.13636363636363 
47.59090909090909 81.9090909090909 48.36363636363637 82.68181818181819 46.22727272727273 80.54545454545455 
29.045454545454547 56.54545454545455 62.63636363636363 90.13636363636364 24.045454545454547 51.54545454545455 
31.136363636363637 60.0 49.77272727272727 78.63636363636364 25.681818181818183 54.54545454545455 
32.54545454545455 58.22727272727273 48.77272727272727 74.45454545454545 25.272727272727273 50.95454545454545 
43.63636363636363 71.13636363636364 59.63636363636363 87.13636363636364 36.18181818181818 63.68181818181818 
31.681818181818183 57.81818181818182 58.04545454545455 84.18181818181819 27.136363636363637 53.27272727272727 
43.0 73.22727272727273 49.27272727272727 79.5 35.72727272727273 65.95454545454545 
39.77272727272727 68.18181818181819 51.36363636363637 79.77272727272727 29.272727272727273 57.68181818181818 
39.18181818181818 67.36363636363636 43.18181818181818 71.36363636363636 23.636363636363637 51.81818181818182 
37.45454545454545 68.36363636363636 43.22727272727273 74.13636363636364 32.0 62.90909090909091 
36.54545454545455 65.63636363636364 49.45454545454545 78.54545454545455 30.636363636363637 59.72727272727273 
47.40909090909091 73.54545454545455 48.59090909090909 74.72727272727273 42.40909090909091 68.54545454545455 
30.636363636363637 62.0 36.31818181818182 67.68181818181819 26.09090909090909 57.45454545454545 
33.31818181818182 60.13636363636363 44.72727272727273 71.54545454545455 29.227272727272727 56.04545454545455 
34.95454545454545 64.5 41.77272727272727 71.31818181818181 28.818181818181817 58.36363636363637 
33.27272727272727 66.0 54.5 87.22727272727273 28.727272727272727 61.45454545454545 
44.31818181818182 73.4090909090909 52.45454545454545 81.54545454545455 31.636363636363637 60.72727272727273 
32.72727272727273 60.68181818181818 53.81818181818182 81.77272727272727 28.181818181818183 56.13636363636363 
35.31818181818182 60.77272727272727 50.72727272727273 76.18181818181819 28.227272727272727 53.68181818181818 
47.54545454545455 77.77272727272727 53.54545454545455 83.77272727272727 39.36363636363637 69.5909090909091 
35.36363636363637 60.13636363636363 49.63636363636363 74.4090909090909 29.90909090909091 54.68181818181818 
34.09090909090909 61.36363636363637 48.59090909090909 75.86363636363636 27.045454545454547 54.31818181818182 
33.68181818181818 62.31818181818182 44.72727272727273 73.36363636363636 30.045454545454547 58.68181818181818 
40.90909090909091 70.45454545454545 48.22727272727273 77.77272727272727 34.09090909090909 63.63636363636363 
42.36363636363637 71.0 52.77272727272727 81.4090909090909 31.90909090909091 60.54545454545455 
40.86363636363637 68.5909090909091 42.31818181818182 70.04545454545455 33.81818181818182 61.54545454545455 
37.31818181818182 63.22727272727273 55.81818181818182 81.72727272727273 29.59090909090909 55.5 
62.31818181818182 91.4090909090909 56.72727272727273 85.81818181818181 45.40909090909091 74.5 
39.04545454545455 71.77272727272727 49.95454545454545 82.68181818181819 34.04545454545455 66.77272727272727 
32.63636363636363 60.36363636363637 45.81818181818182 73.54545454545455 25.818181818181817 53.54545454545455 
33.90909090909091 60.72727272727273 50.81818181818182 77.63636363636364 23.0 49.81818181818182 
29.5 58.81818181818182 42.59090909090909 71.9090909090909 24.5 53.81818181818182 
45.81818181818182 76.95454545454545 38.27272727272727 69.4090909090909 38.54545454545455 69.68181818181819 
50.59090909090909 81.04545454545455 55.68181818181818 86.13636363636364 43.54545454545455 74.0 
64.04545454545455 92.9090909090909 43.45454545454545 72.31818181818181 53.59090909090909 82.45454545454545 
41.81818181818182 70.22727272727273 46.09090909090909 74.5 26.363636363636363 54.77272727272727 
57.72727272727273 90.9090909090909 47.54545454545455 80.72727272727273 49.09090909090909 82.27272727272727 
31.863636363636363 62.31818181818182 56.40909090909091 86.86363636363636 26.40909090909091 56.86363636363637 
34.95454545454545 68.81818181818181 46.54545454545455 80.4090909090909 29.954545454545453 63.81818181818182 
38.40909090909091 62.27272727272727 58.22727272727273 82.0909090909091 27.727272727272727 51.59090909090909 
38.36363636363637 64.5 52.81818181818182 78.95454545454545 24.272727272727273 50.40909090909091 
46.27272727272727 78.31818181818181 55.18181818181818 87.22727272727273 35.36363636363637 67.4090909090909 
37.81818181818182 65.54545454545455 43.27272727272727 71.0 28.727272727272727 56.45454545454545 
36.77272727272727 70.4090909090909 55.09090909090909 88.72727272727273 30.636363636363637 64.27272727272727 
32.40909090909091 58.54545454545455 50.31818181818182 76.45454545454545 25.136363636363637 51.27272727272727 
35.04545454545455 61.18181818181818 46.54545454545455 72.68181818181819 30.954545454545453 57.09090909090909 
