86.2156862745098 116.2156862745098 64.3529411764706 94.3529411764706 47.509803921568626 77.50980392156863 
143.52941176470588 170.58823529411765 62.76470588235294 89.82352941176471 62.21568627450981 89.27450980392157 
81.23529411764706 109.17647058823529 55.1764705882353 83.11764705882354 43.13725490196079 71.07843137254902 
100.58823529411765 127.45098039215686 60.78431372549019 87.6470588235294 59.0 85.86274509803921 
97.31372549019608 127.41176470588235 56.3921568627451 86.49019607843137 54.470588235294116 84.56862745098039 
166.62745098039215 195.45098039215685 54.8235294117647 83.6470588235294 49.05882352941177 77.88235294117646 
131.01960784313727 161.90196078431373 58.11764705882353 89.0 62.84313725490196 93.72549019607843 
226.41176470588235 254.15686274509804 59.490196078431374 87.23529411764706 60.333333333333336 88.07843137254902 
148.90196078431373 178.50980392156862 63.6078431372549 93.2156862745098 65.82352941176471 95.43137254901961 
93.72549019607843 122.3529411764706 58.333333333333336 86.96078431372548 48.705882352941174 77.33333333333333 
149.11764705882354 178.92156862745097 54.0 83.80392156862744 60.3921568627451 90.19607843137256 
45.431372549019606 72.09803921568627 57.13725490196079 83.80392156862744 32.03921568627451 58.705882352941174 
75.01960784313725 103.94117647058823 54.23529411764706 83.15686274509804 50.31372549019608 79.23529411764706 
94.29411764705883 121.15686274509804 56.07843137254902 82.94117647058823 51.80392156862745 78.66666666666667 
100.54901960784314 130.2549019607843 50.549019607843135 80.25490196078431 50.529411764705884 80.23529411764706 
92.17647058823529 120.90196078431373 63.450980392156865 92.17647058823529 49.68627450980392 78.41176470588235 
60.588235294117645 87.25490196078431 61.98039215686274 88.6470588235294 38.84313725490196 65.50980392156863 
81.88235294117646 108.6470588235294 59.27450980392157 86.03921568627452 43.76470588235294 70.52941176470588 
76.72549019607843 104.37254901960785 53.84313725490196 81.49019607843137 52.19607843137255 79.84313725490196 
167.62745098039215 195.76470588235293 57.1764705882353 85.31372549019608 69.43137254901961 97.56862745098039 
95.3921568627451 121.96078431372548 54.549019607843135 81.11764705882354 57.19607843137255 83.76470588235294 
79.49019607843137 108.41176470588235 50.09803921568628 79.01960784313725 52.1764705882353 81.09803921568627 
164.19607843137254 193.80392156862746 59.94117647058823 89.54901960784314 66.13725490196079 95.74509803921569 
249.11764705882354 278.72549019607845 55.450980392156865 85.05882352941177 94.80392156862744 124.41176470588235 
142.01960784313727 171.92156862745097 62.68627450980392 92.58823529411765 61.0 90.90196078431373 
66.58823529411765 94.33333333333333 56.0 83.74509803921569 41.86274509803921 69.6078431372549 
97.94117647058823 127.05882352941177 59.76470588235294 88.88235294117646 51.94117647058823 81.05882352941177 
74.3921568627451 102.03921568627452 53.627450980392155 81.27450980392157 46.372549019607845 74.01960784313725 
142.94117647058823 171.9607843137255 64.43137254901961 93.45098039215686 60.254901960784316 89.27450980392157 
108.76470588235294 135.4313725490196 61.568627450980394 88.23529411764706 57.01960784313726 83.68627450980392 
93.96078431372548 121.90196078431373 53.13725490196079 81.07843137254902 47.6078431372549 75.54901960784314 
109.17647058823529 138.0 59.80392156862745 88.62745098039215 54.09803921568628 82.92156862745098 
207.88235294117646 236.80392156862746 65.90196078431373 94.82352941176471 55.294117647058826 84.2156862745098 
79.47058823529412 107.11764705882354 55.666666666666664 83.31372549019608 43.31372549019608 70.96078431372548 
52.27450980392157 79.13725490196079 58.568627450980394 85.43137254901961 43.19607843137255 70.05882352941177 
93.84313725490196 121.7843137254902 59.84313725490196 87.7843137254902 52.411764705882355 80.3529411764706 
101.84313725490196 130.9607843137255 55.588235294117645 84.70588235294117 55.254901960784316 84.37254901960785 
85.13725490196079 112.7843137254902 57.745098039215684 85.3921568627451 48.372549019607845 76.01960784313725 
70.43137254901961 98.17647058823529 59.490196078431374 87.23529411764706 45.68627450980392 73.43137254901961 
80.70588235294117 109.23529411764706 54.529411764705884 83.05882352941177 49.98039215686274 78.50980392156863 
172.52941176470588 202.52941176470588 64.66666666666667 94.66666666666667 68.6470588235294 98.6470588235294 
85.80392156862744 113.45098039215686 66.19607843137256 93.84313725490196 61.68627450980392 89.33333333333333 
67.52941176470588 94.58823529411765 59.84313725490196 86.90196078431373 44.333333333333336 71.3921568627451 
185.98039215686273 214.6078431372549 61.19607843137255 89.82352941176471 63.92156862745098 92.54901960784314 
59.470588235294116 88.68627450980392 56.529411764705884 85.74509803921569 49.72549019607843 78.94117647058823 
87.19607843137256 118.27450980392157 58.92156862745098 90.0 59.64705882352941 90.72549019607843 
82.03921568627452 108.70588235294117 60.09803921568628 86.76470588235294 48.78431372549019 75.45098039215686 
64.52941176470588 91.09803921568627 54.8235294117647 81.3921568627451 44.07843137254902 70.6470588235294 
75.94117647058823 104.07843137254902 56.01960784313726 84.15686274509804 50.745098039215684 78.88235294117646 
141.7843137254902 171.09803921568627 58.6078431372549 87.92156862745098 47.64705882352941 76.96078431372548 
