1588.8677685950413 1617.297520661157 80.61157024793388 109.04132231404958 111.54545454545455 139.97520661157026 
1454.3553719008264 1482.909090909091 80.12396694214875 108.67768595041322 123.5702479338843 152.12396694214877 
1621.2561983471073 1649.603305785124 92.72727272727273 121.07438016528926 127.93388429752066 156.28099173553719 
1604.9752066115702 1632.9917355371902 88.28099173553719 116.29752066115702 118.04132231404958 146.05785123966942 
1625.0330578512396 1653.6280991735537 84.61157024793388 113.20661157024793 111.52066115702479 140.11570247933884 
1487.6942148760331 1515.9586776859503 85.6198347107438 113.88429752066116 133.60330578512398 161.86776859504133 
1686.0082644628098 1714.9338842975208 90.62809917355372 119.55371900826447 160.099173553719 189.02479338842974 
1602.1322314049587 1630.396694214876 93.85950413223141 122.12396694214875 123.66115702479338 151.92561983471074 
1499.611570247934 1527.3801652892562 83.31404958677686 111.08264462809917 109.89256198347107 137.6611570247934 
1613.3223140495868 1643.1157024793388 101.92561983471074 131.71900826446281 135.7603305785124 165.55371900826447 
1528.8677685950413 1557.7520661157025 91.7107438016529 120.59504132231405 110.79338842975207 139.67768595041323 
1542.3719008264463 1569.685950413223 93.24793388429752 120.56198347107438 114.5702479338843 141.88429752066116 
1603.3057851239669 1631.3223140495868 100.29752066115702 128.31404958677686 130.1900826446281 158.20661157024793 
1676.5867768595042 1703.4876033057851 94.36363636363636 121.26446280991736 119.42148760330579 146.32231404958677 
1577.0082644628098 1604.8595041322315 89.31404958677686 117.16528925619835 128.12396694214877 155.97520661157026 
1694.280991735537 1723.1239669421489 86.86776859504133 115.7107438016529 96.83471074380165 125.67768595041322 
1309.4628099173553 1336.5289256198348 82.18181818181819 109.24793388429752 101.66115702479338 128.72727272727272 
1469.6198347107438 1498.4214876033059 89.42148760330579 118.22314049586777 116.52066115702479 145.32231404958677 
1940.5289256198348 1969.1652892561983 87.02479338842976 115.66115702479338 134.900826446281 163.53719008264463 
1716.099173553719 1745.4380165289256 84.04132231404958 113.3801652892562 129.83471074380165 159.17355371900825 
1654.314049586777 1682.1239669421489 85.49586776859505 113.30578512396694 124.29752066115702 152.10743801652893 
1594.0495867768595 1623.2231404958677 91.60330578512396 120.77685950413223 117.09917355371901 146.27272727272728 
1594.6446280991736 1623.6942148760331 89.68595041322314 118.73553719008264 129.6198347107438 158.6694214876033 
1498.495867768595 1526.5537190082644 82.35537190082644 110.41322314049587 113.09917355371901 141.15702479338842 
1524.0 1553.1322314049587 85.04132231404958 114.17355371900827 138.0082644628099 167.1404958677686 
1543.8181818181818 1572.2479338842975 82.72727272727273 111.15702479338843 120.30578512396694 148.73553719008265 
1605.0 1634.1322314049587 88.15702479338843 117.2892561983471 127.89256198347107 157.02479338842974 
1664.01652892562 1692.6942148760331 89.53719008264463 118.21487603305785 122.19834710743801 150.87603305785123 
1593.198347107438 1620.8429752066115 83.35537190082644 111.0 120.96694214876032 148.61157024793388 
1429.9173553719008 1457.0661157024792 93.47107438016529 120.6198347107438 119.41322314049587 146.56198347107437 
1707.0413223140497 1735.1404958677685 88.82644628099173 116.92561983471074 126.81818181818181 154.91735537190084 
1726.2479338842975 1755.2561983471073 80.07438016528926 109.08264462809917 120.13223140495867 149.1404958677686 
1460.495867768595 1489.3388429752067 77.43801652892562 106.28099173553719 102.56198347107438 131.40495867768595 
1691.3636363636363 1720.8264462809918 105.67768595041322 135.1404958677686 152.11570247933884 181.5785123966942 
1484.685950413223 1513.5289256198348 88.22314049586777 117.06611570247934 125.67768595041322 154.5206611570248 
1506.0247933884298 1534.7438016528927 81.58677685950413 110.30578512396694 137.60330578512398 166.32231404958677 
1490.4710743801652 1518.5702479338843 86.10743801652893 114.20661157024793 102.08264462809917 130.1818181818182 
1248.5537190082644 1274.5454545454545 85.9090909090909 111.90082644628099 128.1487603305785 154.1404958677686 
1515.2892561983472 1542.4380165289256 84.10743801652893 111.25619834710744 115.49586776859505 142.64462809917356 
1668.9256198347107 1697.8512396694214 85.40495867768595 114.3305785123967 123.67768595041322 152.60330578512398 
1644.5206611570247 1673.7355371900826 87.78512396694215 117.0 121.50413223140495 150.71900826446281 
1366.9421487603306 1394.2561983471073 82.69421487603306 110.00826446280992 120.9504132231405 148.26446280991735 
1647.3636363636363 1675.9173553719008 95.76859504132231 124.32231404958678 122.87603305785125 151.4297520661157 
1527.7272727272727 1557.107438016529 90.16528925619835 119.54545454545455 132.8181818181818 162.19834710743802 
1729.3223140495868 1757.5454545454545 95.69421487603306 123.91735537190083 114.37190082644628 142.59504132231405 
1489.7685950413222 1517.2479338842975 75.01652892561984 102.49586776859505 110.63636363636364 138.11570247933884 
1674.280991735537 1703.0413223140497 86.84297520661157 115.60330578512396 137.95867768595042 166.71900826446281 
1566.7520661157025 1595.5537190082644 96.66115702479338 125.46280991735537 109.86776859504133 138.6694214876033 
1380.198347107438 1407.2644628099174 93.09917355371901 120.16528925619835 127.2396694214876 154.30578512396696 
1573.801652892562 1603.01652892562 85.06611570247934 114.28099173553719 109.9090909090909 139.12396694214877 
