22.5 37.5 59.0 74.0 17.5 32.5 
37.5 55.0 53.5 71.0 32.5 50.0 
45.0 82.5 31.0 68.5 40.0 77.5 
40.0 70.0 62.5 92.5 35.0 65.0 
40.0 80.0 61.0 101.0 35.0 75.0 
35.0 52.5 38.0 55.5 30.0 47.5 
30.0 52.5 60.0 82.5 25.0 47.5 
32.5 65.0 59.5 92.0 27.5 60.0 
27.5 52.5 64.5 89.5 22.5 47.5 
40.0 65.0 28.5 53.5 35.0 60.0 
37.5 75.0 46.5 84.0 32.5 70.0 
30.0 47.5 51.5 69.0 25.0 42.5 
45.0 80.0 59.0 94.0 40.0 75.0 
32.5 75.0 73.0 115.5 27.5 70.0 
37.5 65.0 14.0 41.5 32.5 60.0 
12.5 47.5 47.0 82.0 7.5 42.5 
27.5 55.0 47.0 74.5 22.5 50.0 
47.5 92.5 21.5 66.5 42.5 87.5 
27.5 52.5 53.0 78.0 22.5 47.5 
22.5 40.0 60.0 77.5 17.5 35.0 
22.5 60.0 42.5 80.0 17.5 55.0 
32.5 55.0 66.0 88.5 27.5 50.0 
35.0 55.0 55.5 75.5 30.0 50.0 
52.5 95.0 48.0 90.5 47.5 90.0 
15.0 37.5 31.5 54.0 10.0 32.5 
27.5 45.0 66.0 83.5 22.5 40.0 
42.5 80.0 65.0 102.5 37.5 75.0 
25.0 45.0 33.0 53.0 20.0 40.0 
30.0 60.0 51.5 81.5 25.0 55.0 
42.5 77.5 69.5 104.5 37.5 72.5 
22.5 45.0 60.0 82.5 17.5 40.0 
25.0 57.5 70.0 102.5 20.0 52.5 
37.5 65.0 52.0 79.5 32.5 60.0 
30.0 67.5 27.0 64.5 25.0 62.5 
32.5 57.5 79.5 104.5 27.5 52.5 
37.5 70.0 81.0 113.5 32.5 65.0 
45.0 60.0 66.5 81.5 40.0 55.0 
35.0 67.5 40.0 72.5 30.0 62.5 
32.5 55.0 61.5 84.0 27.5 50.0 
32.5 47.5 37.0 52.0 27.5 42.5 
50.0 97.5 59.5 107.0 45.0 92.5 
27.5 57.5 24.0 54.0 22.5 52.5 
45.0 77.5 40.0 72.5 40.0 72.5 
40.0 60.0 46.5 66.5 35.0 55.0 
35.0 65.0 53.5 83.5 30.0 60.0 
20.0 42.5 45.0 67.5 15.0 37.5 
30.0 47.5 74.0 91.5 25.0 42.5 
25.0 52.5 54.5 82.0 20.0 47.5 
17.5 55.0 25.5 63.0 12.5 50.0 
17.5 35.0 31.5 49.0 12.5 30.0 
