618.5949367088608 647.8987341772151 69.46835443037975 98.77215189873418 79.22784810126582 108.53164556962025 
677.3291139240506 705.746835443038 75.87341772151899 104.29113924050633 104.22784810126582 132.64556962025316 
333.1645569620253 361.32911392405066 67.0886075949367 95.25316455696202 62.58227848101266 90.74683544303798 
525.4050632911392 554.8354430379746 63.177215189873415 92.60759493670886 67.40506329113924 96.83544303797468 
403.55696202531647 430.9620253164557 69.37974683544304 96.78481012658227 65.0253164556962 92.43037974683544 
391.67088607594934 418.0 62.151898734177216 88.48101265822785 78.18987341772151 104.51898734177215 
435.50632911392404 464.55696202531647 65.63291139240506 94.68354430379746 71.44303797468355 100.49367088607595 
713.9113924050633 743.2784810126582 61.11392405063291 90.48101265822785 85.9493670886076 115.31645569620254 
367.1012658227848 395.5822784810127 72.41772151898734 100.89873417721519 89.9620253164557 118.44303797468355 
490.746835443038 517.8987341772151 73.48101265822785 100.63291139240506 69.92405063291139 97.07594936708861 
572.6075949367089 600.7088607594936 66.0379746835443 94.13924050632912 59.54430379746835 87.64556962025317 
522.1645569620254 551.1518987341772 66.25316455696202 95.24050632911393 85.64556962025317 114.63291139240506 
628.4810126582279 657.4050632911392 66.63291139240506 95.55696202531645 88.12658227848101 117.0506329113924 
643.8987341772151 670.9240506329114 74.13924050632912 101.16455696202532 72.69620253164557 99.72151898734177 
382.9620253164557 409.54430379746833 71.22784810126582 97.81012658227849 74.31645569620254 100.89873417721519 
425.9746835443038 456.60759493670884 62.0253164556962 92.65822784810126 77.25316455696202 107.88607594936708 
702.3417721518987 732.0886075949367 64.83544303797468 94.58227848101266 69.75949367088607 99.50632911392405 
515.632911392405 544.0506329113924 72.12658227848101 100.54430379746836 82.29113924050633 110.70886075949367 
422.1392405063291 451.0 70.39240506329114 99.25316455696202 90.67088607594937 119.53164556962025 
490.8481012658228 519.7088607594936 63.822784810126585 92.68354430379746 77.62025316455696 106.48101265822785 
428.55696202531647 456.65822784810126 69.20253164556962 97.30379746835443 85.37974683544304 113.48101265822785 
353.253164556962 380.46835443037975 60.75949367088607 87.9746835443038 68.31645569620254 95.53164556962025 
498.60759493670884 526.2025316455696 70.62025316455696 98.21518987341773 84.25316455696202 111.84810126582279 
370.44303797468353 396.39240506329116 61.822784810126585 87.77215189873418 89.48101265822785 115.43037974683544 
439.43037974683546 467.59493670886076 66.15189873417721 94.31645569620254 89.0 117.16455696202532 
363.1012658227848 389.55696202531647 66.17721518987342 92.63291139240506 70.0379746835443 96.49367088607595 
339.5822784810127 367.873417721519 61.65822784810127 89.9493670886076 70.10126582278481 98.39240506329114 
488.56962025316454 518.0 65.73417721518987 95.16455696202532 81.86075949367088 111.29113924050633 
389.60759493670884 418.9746835443038 73.34177215189874 102.70886075949367 70.26582278481013 99.63291139240506 
305.62025316455697 333.27848101265823 67.0886075949367 94.74683544303798 85.48101265822785 113.13924050632912 
618.2278481012659 648.6708860759494 67.75949367088607 98.20253164556962 67.0886075949367 97.53164556962025 
660.2151898734177 691.3544303797469 72.07594936708861 103.21518987341773 72.40506329113924 103.54430379746836 
704.6962025316456 734.9493670886076 75.39240506329114 105.64556962025317 80.20253164556962 110.45569620253164 
336.0632911392405 364.4177215189873 66.0886075949367 94.44303797468355 78.86075949367088 107.21518987341773 
265.9240506329114 294.72151898734177 72.62025316455696 101.41772151898734 77.40506329113924 106.20253164556962 
567.4177215189874 596.4683544303797 57.924050632911396 86.9746835443038 66.32911392405063 95.37974683544304 
503.2911392405063 531.0759493670886 69.27848101265823 97.0632911392405 85.40506329113924 113.18987341772151 
434.9367088607595 462.72151898734177 80.50632911392405 108.29113924050633 83.50632911392405 111.29113924050633 
633.1645569620254 660.632911392405 68.0253164556962 95.49367088607595 106.44303797468355 133.91139240506328 
573.8227848101266 600.4683544303797 70.9367088607595 97.58227848101266 88.36708860759494 115.0126582278481 
711.1898734177215 738.1518987341772 69.69620253164557 96.65822784810126 77.9113924050633 104.87341772151899 
457.2025316455696 481.82278481012656 66.50632911392405 91.12658227848101 73.0126582278481 97.63291139240506 
606.5696202531645 634.7341772151899 60.58227848101266 88.74683544303798 78.81012658227849 106.9746835443038 
401.8481012658228 426.8481012658228 66.0506329113924 91.0506329113924 64.25316455696202 89.25316455696202 
472.746835443038 502.36708860759495 68.44303797468355 98.0632911392405 77.55696202531645 107.17721518987342 
510.1012658227848 537.9493670886076 78.44303797468355 106.29113924050633 94.9746835443038 122.82278481012658 
731.8987341772151 757.9113924050633 66.15189873417721 92.16455696202532 80.69620253164557 106.70886075949367 
402.53164556962025 428.73417721518985 73.67088607594937 99.87341772151899 78.58227848101266 104.78481012658227 
739.7848101265823 767.6962025316456 94.35443037974683 122.26582278481013 89.74683544303798 117.65822784810126 
364.17721518987344 391.8354430379747 67.29113924050633 94.9493670886076 72.81012658227849 100.46835443037975 
