2511.4779874213837 2538.7421383647797 124.09433962264151 151.35849056603774 195.78616352201257 223.0503144654088 
2644.245283018868 2672.169811320755 125.06918238993711 152.9937106918239 172.2012578616352 200.125786163522 
2479.3899371069183 2508.0377358490564 122.62893081761007 151.27672955974842 203.0691823899371 231.71698113207546 
2762.5974842767296 2792.251572327044 121.9496855345912 151.60377358490567 176.08805031446542 205.74213836477986 
2753.238993710692 2782.0754716981132 118.47169811320755 147.30817610062894 216.47798742138366 245.31446540880503 
2509.1509433962265 2536.698113207547 140.11949685534591 167.66666666666666 213.96226415094338 241.50943396226415 
2750.817610062893 2780.062893081761 126.54716981132076 155.79245283018867 195.9433962264151 225.18867924528303 
2765.251572327044 2794.937106918239 136.59748427672955 166.28301886792454 179.62264150943398 209.30817610062894 
2661.811320754717 2690.1761006289307 126.9119496855346 155.27672955974842 188.1572327044025 216.52201257861634 
2487.616352201258 2514.817610062893 134.9559748427673 162.1572327044025 311.0440251572327 338.24528301886795 
2627.5345911949685 2657.3459119496856 154.25786163522014 184.0691823899371 184.29559748427673 214.1069182389937 
2793.748427672956 2822.1761006289307 126.94339622641509 155.37106918238993 180.25786163522014 208.68553459119497 
2566.672955974843 2593.182389937107 116.89308176100629 143.40251572327045 197.40251572327045 223.91194968553458 
2850.5597484276727 2881.188679245283 147.50943396226415 178.13836477987422 192.79245283018867 223.42138364779873 
2669.9559748427673 2699.264150943396 116.9622641509434 146.27044025157232 287.60377358490564 316.9119496855346 
2420.2264150943397 2448.056603773585 112.23899371069183 140.0691823899371 195.41509433962264 223.24528301886792 
2699.4088050314467 2728.245283018868 115.22012578616352 144.0566037735849 204.34591194968553 233.1823899371069 
2543.1572327044023 2573.2830188679245 136.98742138364778 167.11320754716982 193.75471698113208 223.88050314465409 
2807.251572327044 2836.182389937107 114.8993710691824 143.83018867924528 195.20754716981133 224.13836477987422 
2603.1572327044023 2631.616352201258 121.43396226415095 149.8930817610063 231.61635220125785 260.07547169811323 
2641.710691823899 2669.383647798742 147.1509433962264 174.8238993710692 201.9308176100629 229.60377358490567 
2794.943396226415 2823.811320754717 132.0314465408805 160.8993710691824 181.9559748427673 210.8238993710692 
2704.7987421383646 2733.4150943396226 105.062893081761 133.67924528301887 181.62264150943398 210.23899371069183 
2589.377358490566 2617.9937106918237 169.81132075471697 198.42767295597486 213.874213836478 242.49056603773585 
2540.433962264151 2569.0188679245284 172.64779874213838 201.23270440251574 247.8238993710692 276.40880503144655 
2683.48427672956 2713.48427672956 143.19496855345912 173.19496855345912 197.16352201257862 227.16352201257862 
2422.5597484276727 2449.509433962264 110.11949685534591 137.0691823899371 186.36477987421384 213.31446540880503 
2762.8364779874214 2792.301886792453 131.72955974842768 161.19496855345912 181.54716981132074 211.01257861635222 
2440.8993710691825 2470.2075471698113 112.31446540880503 141.62264150943398 152.125786163522 181.43396226415095 
2604.062893081761 2632.4591194968552 99.72955974842768 128.125786163522 160.88679245283018 189.28301886792454 
2392.119496855346 2420.51572327044 117.81132075471699 146.20754716981133 223.91194968553458 252.30817610062894 
2492.4716981132074 2520.7735849056603 144.67924528301887 172.9811320754717 214.32704402515722 242.62893081761007 
2468.7987421383646 2496.4716981132074 124.48427672955975 152.1572327044025 227.8238993710692 255.49685534591194 
2622.9245283018868 2650.251572327044 108.28301886792453 135.61006289308176 149.0566037735849 176.38364779874215 
2631.188679245283 2659.8364779874214 111.45283018867924 140.1006289308176 162.72955974842768 191.37735849056602 
2588.3207547169814 2617.4402515723273 127.27044025157232 156.38993710691824 204.51572327044025 233.63522012578616 
2651.3899371069183 2678.8427672955977 145.36477987421384 172.8176100628931 181.42138364779873 208.874213836478 
2657.327044025157 2686.9182389937105 102.30188679245283 131.8930817610063 176.85534591194968 206.44654088050314 
2483.9811320754716 2511.0880503144654 93.15723270440252 120.26415094339623 135.52201257861634 162.62893081761007 
2530.182389937107 2557.9182389937105 115.30817610062893 143.0440251572327 174.0503144654088 201.78616352201257 
2677.51572327044 2705.4402515723273 138.50314465408806 166.42767295597486 303.1446540880503 331.0691823899371 
2576.3081761006288 2603.85534591195 133.1006289308176 160.64779874213838 197.8490566037736 225.39622641509433 
2640.5471698113206 2668.754716981132 115.76729559748428 143.9748427672956 165.16981132075472 193.37735849056602 
2661.710691823899 2691.396226415094 135.40251572327045 165.08805031446542 225.32704402515722 255.01257861635222 
2653.943396226415 2682.496855345912 113.1006289308176 141.65408805031447 169.38364779874215 197.93710691823898 
2699.987421383648 2729.2327044025155 117.14465408805032 146.38993710691824 172.0314465408805 201.27672955974842 
2190.5911949685533 2215.811320754717 99.91823899371069 125.13836477987421 204.8993710691824 230.11949685534591 
2338.5911949685533 2366.0440251572327 110.43396226415095 137.88679245283018 161.8930817610063 189.34591194968553 
2456.9559748427673 2484.0314465408806 143.54088050314465 170.61635220125785 183.46540880503144 210.54088050314465 
2653.4716981132074 2681.2075471698113 124.1006289308176 151.83647798742138 186.64779874213838 214.38364779874215 
