3276.261306532663 3304.577889447236 200.98492462311557 229.30150753768845 307.89447236180905 336.2110552763819 
3559.834170854271 3588.6281407035176 279.2814070351759 308.0753768844221 405.58793969849245 434.3819095477387 
3877.291457286432 3904.929648241206 215.03517587939697 242.67336683417085 380.3819095477387 408.02010050251255 
4091.3015075376884 4120.62311557789 255.87939698492463 285.20100502512565 326.40201005025125 355.72361809045225 
3764.748743718593 3793.065326633166 343.6030150753769 371.91959798994975 370.6030150753769 398.91959798994975 
3834.291457286432 3863.261306532663 157.8643216080402 186.83417085427135 342.05527638190955 371.0251256281407 
3657.8492462311556 3686.291457286432 178.1105527638191 206.55276381909547 282.04522613065325 310.48743718592965 
3526.4924623115576 3555.5125628140704 172.90954773869348 201.92964824120602 266.6180904522613 295.63819095477385 
3661.778894472362 3690.045226130653 209.09045226130652 237.356783919598 323.56281407035175 351.8291457286432 
3740.120603015075 3768.814070351759 256.41206030150755 285.10552763819095 317.93467336683415 346.6281407035176 
3759.3015075376884 3787.969849246231 256.04522613065325 284.713567839196 344.95477386934675 373.62311557788945 
3875.5527638190956 3903.592964824121 187.5075376884422 215.54773869346732 203.46733668341707 231.5075376884422 
3846.603015075377 3875.095477386935 228.84422110552765 257.33668341708545 404.36683417085425 432.85929648241205 
3733.0804020100504 3761.7738693467336 306.81909547738695 335.51256281407035 407.97989949748745 436.67336683417085 
3588.613065326633 3616.7286432160804 203.61306532663318 231.7286432160804 280.3969849246231 308.51256281407035 
3636.64824120603 3665.21608040201 174.74371859296483 203.31155778894473 314.41206030150755 342.97989949748745 
3449.005025125628 3477.472361809045 160.2462311557789 188.71356783919597 289.3316582914573 317.79899497487435 
3793.64824120603 3823.045226130653 146.23115577889448 175.6281407035176 284.27638190954775 313.67336683417085 
3608.2010050251256 3636.894472361809 240.04020100502512 268.73366834170855 353.7035175879397 382.3969849246231 
3676.7236180904524 3705.3417085427136 178.90954773869348 207.52763819095478 301.57286432160805 330.19095477386935 
3472.316582914573 3500.256281407035 231.24120603015075 259.18090452261305 362.99497487437185 390.93467336683415 
3582.834170854271 3609.894472361809 193.44723618090453 220.5075376884422 287.9849246231156 315.04522613065325 
3512.2261306532664 3539.311557788945 269.8894472361809 296.9748743718593 474.1608040201005 501.2462311557789 
3629.638190954774 3659.035175879397 180.49748743718592 209.89447236180905 281.02010050251255 310.4170854271357 
3550.929648241206 3578.7939698492464 221.76884422110552 249.63316582914572 391.2562814070352 419.1206030150754 
3625.969849246231 3655.5175879396984 249.18090452261308 278.7286432160804 332.8291457286432 362.37688442211055 
3502.3366834170856 3530.7035175879396 220.57788944723617 248.94472361809045 278.5427135678392 306.90954773869345 
3667.045226130653 3694.859296482412 206.37688442211055 234.19095477386935 304.80904522613065 332.62311557788945 
3448.321608040201 3475.859296482412 149.43718592964825 176.9748743718593 247.24120603015075 274.7788944723618 
3885.8492462311556 3913.9145728643216 178.71859296482413 206.78391959798995 345.321608040201 373.38693467336685 
3462.211055276382 3489.045226130653 188.26633165829145 215.10050251256283 280.27638190954775 307.1105527638191 
3407.7236180904524 3435.5879396984924 197.2211055276382 225.0854271356784 318.8542713567839 346.7185929648241 
3784.5628140703516 3813.180904522613 225.74371859296483 254.36180904522612 392.1758793969849 420.79396984924625 
3980.0150753768844 4008.6582914572864 244.66834170854273 273.3115577889447 364.1105527638191 392.7537688442211 
3566.005025125628 3594.221105527638 198.04522613065328 226.26130653266333 387.33668341708545 415.5527638190955 
3482.497487437186 3510.3366834170856 175.70854271356785 203.54773869346732 331.21608040201005 359.05527638190955 
3690.185929648241 3719.2060301507536 201.34170854271358 230.36180904522612 311.4673366834171 340.48743718592965 
3661.673366834171 3691.120603015075 215.7286432160804 245.17587939698493 314.61306532663315 344.0603015075377 
3505.477386934673 3533.743718592965 217.56281407035175 245.82914572864323 279.321608040201 307.58793969849245 
3791.261306532663 3820.2060301507536 242.73869346733667 271.68341708542715 407.0150753768844 435.95979899497485 
3530.6231155778896 3559.291457286432 181.59798994974875 210.26633165829145 291.90452261306535 320.57286432160805 
3474.331658291457 3502.4472361809044 210.60301507537687 238.71859296482413 318.37688442211055 346.4924623115578 
3716.8693467336684 3745.1356783919596 196.26130653266333 224.52763819095478 258.7537688442211 287.02010050251255 
3778.4472361809044 3807.291457286432 232.12562814070353 260.96984924623115 324.6030150753769 353.4472361809045 
3666.5125628140704 3694.0 214.7889447236181 242.27638190954775 335.4321608040201 362.91959798994975 
3623.0 3651.140703517588 270.286432160804 298.42713567839195 347.2462311557789 375.38693467336685 
3526.3015075376884 3553.537688442211 245.55778894472363 272.79396984924625 371.90452261306535 399.14070351758795 
3833.8693467336684 3862.462311557789 191.65829145728642 220.25125628140702 317.2613065326633 345.8542713567839 
3525.924623115578 3554.190954773869 211.95979899497488 240.22613065326632 291.0251256281407 319.29145728643215 
3811.3366834170856 3838.2964824120604 215.03517587939697 241.99497487437185 315.9849246231156 342.94472361809045 
