1517.4298245614036 1546.5964912280701 79.05263157894737 108.21929824561404 108.14912280701755 137.31578947368422 
1299.157894736842 1326.8333333333333 78.0 105.67543859649123 110.69298245614036 138.3684210526316 
1494.1052631578948 1523.0526315789473 83.40350877192982 112.35087719298245 115.66666666666667 144.6140350877193 
1392.8070175438597 1420.0 88.30701754385964 115.5 106.7280701754386 133.92105263157896 
1331.122807017544 1358.9736842105262 94.63157894736842 122.48245614035088 99.95614035087719 127.80701754385964 
1415.7456140350878 1444.122807017544 77.53508771929825 105.91228070175438 122.79824561403508 151.17543859649123 
1519.298245614035 1548.5526315789473 82.62280701754386 111.87719298245614 113.44736842105263 142.7017543859649 
1117.0526315789473 1144.5087719298247 86.0701754385965 113.52631578947368 125.73684210526316 153.19298245614036 
1476.5526315789473 1506.1140350877192 82.9298245614035 112.49122807017544 123.21052631578948 152.7719298245614 
1303.0526315789473 1329.5438596491229 71.78070175438596 98.2719298245614 112.92105263157895 139.41228070175438 
1297.2631578947369 1325.9912280701753 78.85964912280701 107.58771929824562 105.33333333333333 134.06140350877192 
1496.0701754385964 1524.842105263158 80.59649122807018 109.36842105263158 122.5 151.2719298245614 
1402.780701754386 1430.6754385964912 88.89473684210526 116.78947368421052 137.2280701754386 165.12280701754386 
1410.8157894736842 1440.5526315789473 86.14035087719299 115.87719298245614 118.92105263157895 148.6578947368421 
1196.719298245614 1223.9561403508771 77.82456140350877 105.06140350877193 106.45614035087719 133.69298245614036 
1642.4298245614036 1672.4298245614036 89.20175438596492 119.20175438596492 120.21929824561404 150.21929824561403 
1523.5438596491229 1552.4473684210527 83.82456140350877 112.7280701754386 110.83333333333333 139.73684210526315 
1188.219298245614 1214.798245614035 84.19298245614036 110.7719298245614 102.84210526315789 129.42105263157896 
1404.9649122807018 1434.0438596491229 77.14035087719299 106.21929824561404 108.97368421052632 138.05263157894737 
1458.2894736842106 1486.359649122807 81.7280701754386 109.79824561403508 105.80701754385964 133.87719298245614 
1278.578947368421 1306.0350877192982 81.65789473684211 109.1140350877193 131.0 158.4561403508772 
1494.1140350877192 1522.7105263157894 82.66666666666667 111.26315789473684 83.55263157894737 112.14912280701755 
1499.2719298245613 1527.8684210526317 80.74561403508773 109.34210526315789 117.48245614035088 146.07894736842104 
1316.3684210526317 1344.3070175438597 101.5 129.43859649122808 113.02631578947368 140.96491228070175 
1253.0263157894738 1280.219298245614 87.97368421052632 115.16666666666667 107.20175438596492 134.39473684210526 
1185.719298245614 1212.6929824561403 77.12280701754386 104.09649122807018 96.94736842105263 123.92105263157895 
1212.8157894736842 1241.7631578947369 68.17543859649123 97.12280701754386 85.95614035087719 114.90350877192982 
1346.8947368421052 1374.877192982456 79.04385964912281 107.02631578947368 98.23684210526316 126.21929824561404 
1531.8157894736842 1559.5350877192982 85.57894736842105 113.29824561403508 128.78070175438597 156.5 
1299.7631578947369 1327.438596491228 72.3859649122807 100.06140350877193 102.29824561403508 129.97368421052633 
1305.0263157894738 1334.017543859649 81.21052631578948 110.20175438596492 113.20175438596492 142.19298245614036 
1390.5087719298247 1419.1052631578948 83.89473684210526 112.49122807017544 107.20175438596492 135.7982456140351 
1479.5877192982457 1508.140350877193 86.28070175438596 114.83333333333333 120.95614035087719 149.50877192982455 
1478.0701754385964 1508.1140350877192 84.26315789473684 114.30701754385964 118.89473684210526 148.93859649122808 
1167.5964912280701 1193.8684210526317 90.3157894736842 116.58771929824562 113.69298245614036 139.96491228070175 
1309.0087719298247 1336.8157894736842 76.99122807017544 104.79824561403508 106.16666666666667 133.97368421052633 
1282.438596491228 1309.7631578947369 80.21052631578948 107.53508771929825 118.62280701754386 145.94736842105263 
1421.780701754386 1449.3684210526317 76.05263157894737 103.64035087719299 91.86842105263158 119.45614035087719 
1380.298245614035 1409.421052631579 81.87719298245614 111.0 118.91228070175438 148.03508771929825 
1555.4649122807018 1584.1929824561403 94.55263157894737 123.28070175438596 126.43859649122807 155.16666666666666 
1188.0964912280701 1214.7631578947369 87.8859649122807 114.55263157894737 110.09649122807018 136.76315789473685 
1491.982456140351 1520.2719298245613 81.0 109.28947368421052 111.93859649122807 140.2280701754386 
1571.938596491228 1600.9736842105262 87.3859649122807 116.42105263157895 116.58771929824562 145.62280701754386 
1390.280701754386 1418.701754385965 91.44736842105263 119.86842105263158 115.80701754385964 144.2280701754386 
1362.8947368421052 1390.7456140350878 79.93859649122807 107.78947368421052 96.91228070175438 124.76315789473684 
1488.1491228070176 1517.4473684210527 81.53508771929825 110.83333333333333 105.95614035087719 135.25438596491227 
1265.3245614035088 1293.7894736842106 93.10526315789474 121.5701754385965 127.79824561403508 156.26315789473685 
1031.9561403508771 1059.1491228070176 88.92105263157895 116.1140350877193 114.36842105263158 141.56140350877192 
1342.280701754386 1370.438596491228 81.97368421052632 110.13157894736842 166.24561403508773 194.40350877192984 
1440.157894736842 1468.622807017544 88.95614035087719 117.42105263157895 131.12280701754386 159.58771929824562 
