2390.2448979591836 2419.2244897959185 89.45578231292517 118.43537414965986 154.6326530612245 183.6122448979592 
2398.0204081632655 2426.7278911564626 100.6734693877551 129.38095238095238 150.12244897959184 178.82993197278913 
2432.530612244898 2461.7482993197277 94.5374149659864 123.75510204081633 128.8231292517007 158.0408163265306 
2261.8367346938776 2289.285714285714 111.54421768707483 138.99319727891157 146.56462585034015 174.01360544217687 
2394.401360544218 2422.6326530612246 114.21088435374149 142.4421768707483 157.08843537414967 185.31972789115648 
2362.6666666666665 2391.4761904761904 105.78911564625851 134.59863945578232 189.0952380952381 217.9047619047619 
2321.809523809524 2350.108843537415 104.91836734693878 133.21768707482994 169.4625850340136 197.76190476190476 
2426.1428571428573 2455.4285714285716 99.93197278911565 129.21768707482994 173.18367346938774 202.46938775510205 
2050.6938775510203 2078.2448979591836 107.77551020408163 135.3265306122449 167.53061224489795 195.08163265306123 
2270.5578231292516 2297.6666666666665 102.29251700680273 129.40136054421768 188.00680272108843 215.1156462585034 
2196.6598639455783 2226.1496598639455 114.5374149659864 144.02721088435374 147.85034013605443 177.34013605442178 
2348.1496598639455 2376.7891156462583 112.82312925170068 141.4625850340136 158.03401360544217 186.6734693877551 
2166.6462585034014 2193.5850340136053 116.53061224489795 143.46938775510205 177.42857142857142 204.3673469387755 
2293.687074829932 2323.108843537415 104.47619047619048 133.89795918367346 135.35374149659864 164.77551020408163 
2273.687074829932 2302.4285714285716 108.93197278911565 137.6734693877551 166.23809523809524 194.9795918367347 
2188.482993197279 2217.360544217687 112.00680272108843 140.8843537414966 182.39455782312925 211.2721088435374 
2186.8503401360545 2215.387755102041 106.81632653061224 135.35374149659864 203.89115646258503 232.42857142857142 
2338.7891156462583 2366.8843537414964 110.5578231292517 138.6530612244898 139.91156462585033 168.00680272108843 
1856.360544217687 1884.3877551020407 113.94557823129252 141.97278911564626 174.27891156462584 202.30612244897958 
2154.612244897959 2182.061224489796 99.70748299319727 127.15646258503402 152.33333333333334 179.78231292517006 
2085.6938775510203 2112.8367346938776 87.41496598639456 114.5578231292517 141.57823129251702 168.72108843537416 
2148.5102040816328 2175.721088435374 100.7687074829932 127.9795918367347 165.48299319727892 192.69387755102042 
2473.734693877551 2502.5102040816328 116.83673469387755 145.6122448979592 180.43537414965985 209.2108843537415 
2333.734693877551 2361.013605442177 95.55102040816327 122.82993197278911 198.1904761904762 225.46938775510205 
2568.4489795918366 2599.0272108843537 124.25850340136054 154.83673469387756 188.89115646258503 219.46938775510205 
2202.299319727891 2230.938775510204 138.62585034013605 167.26530612244898 162.6734693877551 191.31292517006804 
2301.2721088435374 2330.1156462585036 102.47619047619048 131.31972789115648 164.63945578231292 193.48299319727892 
2326.6326530612246 2354.4557823129253 116.0204081632653 143.843537414966 202.38095238095238 230.20408163265307 
2453.6802721088434 2483.8843537414964 101.31972789115646 131.52380952380952 177.8639455782313 208.06802721088437 
2121.7755102040815 2148.8843537414964 174.9047619047619 202.01360544217687 243.93197278911563 271.0408163265306 
2339.013605442177 2367.108843537415 123.91156462585035 152.00680272108843 183.0612244897959 211.156462585034 
2078.401360544218 2106.4285714285716 105.85714285714286 133.8843537414966 167.14285714285714 195.17006802721087 
2298.1496598639455 2326.0068027210887 92.93877551020408 120.79591836734694 158.2517006802721 186.10884353741497 
2261.374149659864 2288.721088435374 103.87755102040816 131.22448979591837 173.72108843537416 201.06802721088437 
2173.9591836734694 2200.8639455782313 104.5578231292517 131.4625850340136 162.156462585034 189.0612244897959 
2178.0204081632655 2207.0 104.31292517006803 133.2925170068027 200.843537414966 229.8231292517007 
2205.5442176870747 2235.2380952380954 100.34693877551021 130.0408163265306 125.39455782312925 155.08843537414967 
2411.7414965986395 2439.530612244898 113.65306122448979 141.4421768707483 136.4625850340136 164.2517006802721 
2140.265306122449 2166.9319727891157 100.51020408163265 127.17687074829932 145.33333333333334 172.0 
2121.5238095238096 2149.482993197279 99.9795918367347 127.93877551020408 158.14285714285714 186.10204081632654 
2451.9659863945576 2480.7414965986395 98.62585034013605 127.40136054421768 160.02721088435374 188.80272108843536 
2188.2721088435374 2216.5374149659865 102.35374149659864 130.61904761904762 157.48979591836735 185.75510204081633 
2182.1156462585036 2209.802721088435 104.34693877551021 132.03401360544217 142.28571428571428 169.97278911564626 
2245.299319727891 2273.530612244898 118.66666666666667 146.89795918367346 199.55102040816325 227.78231292517006 
2143.2585034013605 2170.639455782313 106.578231292517 133.9591836734694 163.83673469387756 191.21768707482994 
2203.0272108843537 2230.8503401360545 109.6938775510204 137.51700680272108 181.59863945578232 209.42176870748298 
2406.9319727891157 2435.5374149659865 140.21768707482994 168.8231292517007 216.6734693877551 245.27891156462584 
2407.360544217687 2437.6326530612246 119.15646258503402 149.42857142857142 185.21768707482994 215.48979591836735 
2212.292517006803 2239.5374149659865 108.62585034013605 135.87074829931973 134.29931972789115 161.54421768707482 
2263.687074829932 2292.190476190476 113.31292517006803 141.81632653061226 171.81632653061226 200.31972789115648 
