209.66666666666666 237.9206349206349 63.92063492063492 92.17460317460318 57.492063492063494 85.74603174603175 
142.0952380952381 169.63492063492063 62.857142857142854 90.39682539682539 57.87301587301587 85.41269841269842 
180.46031746031747 208.3968253968254 64.3015873015873 92.23809523809524 59.857142857142854 87.7936507936508 
171.57142857142858 200.61904761904762 64.41269841269842 93.46031746031746 58.79365079365079 87.84126984126983 
131.88888888888889 160.53968253968253 58.20634920634921 86.85714285714286 54.507936507936506 83.15873015873017 
226.61904761904762 256.85714285714283 63.904761904761905 94.14285714285714 70.66666666666667 100.9047619047619 
289.3015873015873 314.77777777777777 61.666666666666664 87.14285714285714 51.58730158730159 77.06349206349206 
202.76190476190476 232.84126984126985 62.142857142857146 92.22222222222223 64.93650793650794 95.01587301587301 
198.57142857142858 228.88888888888889 69.2063492063492 99.52380952380952 85.11111111111111 115.42857142857143 
148.5079365079365 177.95238095238096 57.96825396825397 87.41269841269842 59.888888888888886 89.33333333333333 
210.31746031746033 238.33333333333334 64.92063492063492 92.93650793650794 74.60317460317461 102.61904761904762 
136.61904761904762 164.23809523809524 62.36507936507937 89.98412698412699 56.15873015873016 83.77777777777777 
98.96825396825396 125.47619047619048 58.53968253968254 85.04761904761905 55.904761904761905 82.41269841269842 
204.9047619047619 233.31746031746033 68.07936507936508 96.4920634920635 59.61904761904762 88.03174603174604 
132.22222222222223 160.3968253968254 53.92063492063492 82.0952380952381 50.93650793650794 79.11111111111111 
118.65079365079364 146.26984126984127 57.53968253968254 85.15873015873017 64.96825396825396 92.58730158730158 
207.82539682539684 237.66666666666666 66.0952380952381 95.93650793650794 61.20634920634921 91.04761904761905 
233.42857142857142 261.5238095238095 61.888888888888886 89.98412698412699 82.6984126984127 110.7936507936508 
262.12698412698415 292.5238095238095 55.77777777777778 86.17460317460318 68.01587301587301 98.41269841269842 
222.4126984126984 248.68253968253967 59.41269841269841 85.68253968253968 62.80952380952381 89.07936507936508 
191.38095238095238 220.74603174603175 66.58730158730158 95.95238095238095 76.92063492063492 106.28571428571429 
100.42857142857143 127.57142857142857 59.22222222222222 86.36507936507937 52.74603174603175 79.88888888888889 
126.71428571428571 155.76190476190476 63.20634920634921 92.25396825396825 70.76190476190476 99.80952380952381 
156.12698412698413 183.1904761904762 56.65079365079365 83.71428571428571 62.23809523809524 89.3015873015873 
177.3968253968254 204.46031746031747 63.333333333333336 90.39682539682539 62.98412698412698 90.04761904761905 
317.8095238095238 346.93650793650795 62.20634920634921 91.33333333333333 55.61904761904762 84.74603174603175 
119.95238095238095 146.22222222222223 62.98412698412698 89.25396825396825 54.34920634920635 80.61904761904762 
154.31746031746033 182.88888888888889 61.23809523809524 89.80952380952381 56.698412698412696 85.26984126984127 
157.0 185.88888888888889 68.23809523809524 97.12698412698413 60.98412698412698 89.87301587301587 
195.12698412698413 222.1904761904762 54.857142857142854 81.92063492063492 62.42857142857143 89.4920634920635 
142.88888888888889 170.984126984127 60.87301587301587 88.96825396825396 50.20634920634921 78.3015873015873 
323.3492063492063 352.7936507936508 64.46031746031746 93.9047619047619 71.44444444444444 100.88888888888889 
167.14285714285714 194.9206349206349 64.98412698412699 92.76190476190476 69.77777777777777 97.55555555555556 
185.0 212.77777777777777 73.53968253968254 101.31746031746032 69.44444444444444 97.22222222222223 
154.76190476190476 185.0 63.301587301587304 93.53968253968254 56.142857142857146 86.38095238095238 
136.06349206349208 164.55555555555554 60.285714285714285 88.77777777777777 59.46031746031746 87.95238095238095 
253.9047619047619 282.55555555555554 60.142857142857146 88.7936507936508 61.095238095238095 89.74603174603175 
111.77777777777777 136.93650793650792 53.55555555555556 78.71428571428571 56.857142857142854 82.01587301587301 
215.23809523809524 243.65079365079364 64.07936507936508 92.4920634920635 65.82539682539682 94.23809523809524 
99.9047619047619 128.95238095238096 61.61904761904762 90.66666666666667 61.38095238095238 90.42857142857143 
160.73015873015873 186.36507936507937 64.96825396825396 90.60317460317461 58.12698412698413 83.76190476190476 
302.1587301587302 331.04761904761904 65.19047619047619 94.07936507936508 79.23809523809524 108.12698412698413 
237.17460317460316 267.015873015873 65.26984126984127 95.11111111111111 77.4920634920635 107.33333333333333 
157.65079365079364 187.0952380952381 60.23809523809524 89.68253968253968 73.14285714285714 102.58730158730158 
150.77777777777777 179.42857142857142 66.93650793650794 95.58730158730158 72.98412698412699 101.63492063492063 
98.93650793650794 126.7936507936508 66.44444444444444 94.3015873015873 47.095238095238095 74.95238095238095 
185.8095238095238 214.38095238095238 62.74603174603175 91.31746031746032 83.82539682539682 112.39682539682539 
110.44444444444444 137.26984126984127 51.22222222222222 78.04761904761905 41.80952380952381 68.63492063492063 
175.0793650793651 203.4126984126984 59.285714285714285 87.61904761904762 65.42857142857143 93.76190476190476 
339.58730158730157 367.92063492063494 64.11111111111111 92.44444444444444 69.03174603174604 97.36507936507937 
