2207.993103448276 2235.1310344827584 114.06206896551724 141.2 148.30344827586208 175.44137931034481 
2163.3310344827587 2192.744827586207 96.64137931034483 126.0551724137931 146.88275862068966 176.29655172413794 
2380.7172413793105 2409.2 118.06206896551724 146.5448275862069 178.40689655172415 206.8896551724138 
2508.937931034483 2538.6620689655174 130.0758620689655 159.8 160.75172413793103 190.4758620689655 
2117.4758620689654 2145.613793103448 107.8896551724138 136.02758620689656 140.4758620689655 168.61379310344827 
2092.9310344827586 2121.0344827586205 94.86206896551724 122.96551724137932 142.9655172413793 171.06896551724137 
2162.7172413793105 2191.648275862069 104.44137931034483 133.37241379310345 157.28275862068966 186.21379310344827 
2104.158620689655 2131.3310344827587 126.43448275862069 153.60689655172413 167.50344827586207 194.67586206896553 
2181.3586206896553 2208.944827586207 112.97931034482758 140.5655172413793 179.06206896551726 206.64827586206897 
2152.544827586207 2180.2 96.47586206896551 124.13103448275862 168.30344827586208 195.95862068965516 
2259.193103448276 2288.020689655172 100.71034482758621 129.53793103448277 133.15862068965518 161.98620689655172 
2299.1724137931033 2327.7586206896553 146.6206896551724 175.20689655172413 190.6 219.18620689655174 
2410.193103448276 2438.6068965517243 111.53793103448275 139.95172413793102 181.95172413793102 210.3655172413793 
2117.896551724138 2146.0 89.10344827586206 117.20689655172414 150.68965517241378 178.79310344827587 
2416.979310344828 2446.7724137931036 92.66896551724138 122.46206896551725 152.39310344827587 182.18620689655174 
2243.3241379310343 2270.841379310345 111.66896551724138 139.18620689655174 142.73793103448276 170.2551724137931 
2299.648275862069 2328.786206896552 120.8551724137931 149.99310344827586 171.26896551724138 200.40689655172415 
2078.062068965517 2106.751724137931 120.76551724137931 149.4551724137931 178.78620689655173 207.4758620689655 
2263.2413793103447 2291.793103448276 122.13793103448276 150.68965517241378 153.48275862068965 182.0344827586207 
2386.11724137931 2413.8758620689655 96.97931034482758 124.73793103448276 157.11724137931034 184.87586206896552 
2328.806896551724 2357.3241379310343 108.84137931034483 137.35862068965517 178.35862068965517 206.87586206896552 
1993.5931034482758 2020.248275862069 98.8344827586207 125.48965517241379 169.0758620689655 195.73103448275862 
1809.0 1836.7241379310344 98.89655172413794 126.62068965517241 153.51724137931035 181.24137931034483 
2233.2827586206895 2261.9724137931034 98.42068965517241 127.1103448275862 160.90344827586208 189.59310344827585 
2129.9172413793103 2158.8137931034485 103.19310344827586 132.08965517241379 148.4344827586207 177.3310344827586 
2129.8551724137933 2157.7172413793105 104.1655172413793 132.02758620689656 157.95862068965516 185.8206896551724 
2183.786206896552 2212.096551724138 92.51034482758621 120.82068965517242 176.71724137931034 205.02758620689656 
2235.993103448276 2263.8206896551724 99.99310344827586 127.82068965517242 166.2344827586207 194.06206896551726 
2170.7655172413793 2198.0758620689653 108.48965517241379 135.8 153.28275862068966 180.59310344827585 
2329.6620689655174 2359.696551724138 99.15862068965517 129.19310344827585 183.42068965517242 213.4551724137931 
2257.2344827586207 2286.3379310344826 113.40689655172413 142.5103448275862 179.26896551724138 208.37241379310345 
2174.786206896552 2203.6827586206896 122.8896551724138 151.78620689655173 205.44137931034481 234.33793103448275 
2232.289655172414 2260.496551724138 106.92413793103448 135.13103448275862 188.87586206896552 217.08275862068965 
2007.8758620689655 2035.2896551724139 126.70344827586207 154.11724137931034 149.94482758620688 177.35862068965517 
2057.896551724138 2085.137931034483 94.10344827586206 121.34482758620689 127.24137931034483 154.48275862068965 
2237.1862068965515 2264.5310344827585 102.9103448275862 130.2551724137931 165.55862068965519 192.90344827586208 
2081.11724137931 2109.255172413793 95.11724137931034 123.2551724137931 148.80689655172415 176.94482758620688 
2401.8206896551724 2431.303448275862 110.64827586206897 140.13103448275862 175.5103448275862 204.99310344827586 
2247.096551724138 2275.6827586206896 110.60689655172413 139.19310344827585 174.91034482758621 203.49655172413793 
2368.5724137931034 2397.5724137931034 98.29655172413793 127.29655172413793 143.0758620689655 172.0758620689655 
2152.4206896551723 2181.2827586206895 111.86896551724138 140.73103448275862 157.1448275862069 186.00689655172414 
2253.9862068965517 2282.2620689655173 107.60689655172413 135.88275862068966 153.26206896551724 181.53793103448277 
2064.7724137931036 2091.3586206896553 109.87586206896552 136.46206896551723 162.80689655172415 189.39310344827587 
2170.88275862069 2197.710344827586 87.77931034482759 114.60689655172413 132.4344827586207 159.26206896551724 
2125.0827586206897 2155.0827586206897 103.15172413793104 133.15172413793104 168.4344827586207 198.4344827586207 
2235.5862068965516 2264.310344827586 114.89655172413794 143.6206896551724 154.93103448275863 183.6551724137931 
2430.213793103448 2458.9724137931034 103.69655172413793 132.4551724137931 171.69655172413792 200.4551724137931 
2221.448275862069 2249.9310344827586 105.82758620689656 134.31034482758622 160.86206896551724 189.3448275862069 
2211.3586206896553 2239.979310344828 117.6 146.2206896551724 170.70344827586206 199.32413793103447 
2133.937931034483 2161.8 91.42068965517241 119.28275862068965 131.7655172413793 159.62758620689655 
