44.833333333333336 72.66666666666667 65.8 93.63333333333334 37.166666666666664 65.0 
40.53333333333333 72.03333333333333 49.93333333333333 81.43333333333334 33.53333333333333 65.03333333333333 
63.233333333333334 95.23333333333333 50.9 82.9 43.93333333333333 75.93333333333334 
35.733333333333334 61.733333333333334 50.0 76.0 28.7 54.7 
54.7 81.36666666666666 51.7 78.36666666666666 41.333333333333336 68.0 
56.53333333333333 86.86666666666666 56.733333333333334 87.06666666666666 45.53333333333333 75.86666666666666 
52.833333333333336 76.5 53.53333333333333 77.2 40.833333333333336 64.5 
36.266666666666666 62.766666666666666 47.03333333333333 73.53333333333333 27.066666666666666 53.56666666666667 
31.866666666666667 56.86666666666667 45.4 70.4 24.333333333333332 49.333333333333336 
42.6 70.43333333333334 47.7 75.53333333333333 31.6 59.43333333333333 
42.06666666666667 71.9 56.733333333333334 86.56666666666666 32.9 62.733333333333334 
43.96666666666667 72.13333333333334 51.6 79.76666666666667 36.166666666666664 64.33333333333333 
59.733333333333334 89.06666666666666 55.96666666666667 85.3 46.4 75.73333333333333 
73.56666666666666 103.73333333333333 53.1 83.26666666666667 45.833333333333336 76.0 
43.03333333333333 73.7 46.46666666666667 77.13333333333334 34.93333333333333 65.6 
73.53333333333333 101.2 48.733333333333334 76.4 42.666666666666664 70.33333333333333 
43.53333333333333 70.2 48.233333333333334 74.9 32.86666666666667 59.53333333333333 
60.7 91.03333333333333 54.63333333333333 84.96666666666667 45.2 75.53333333333333 
63.53333333333333 94.7 55.46666666666667 86.63333333333334 41.86666666666667 73.03333333333333 
62.06666666666667 88.73333333333333 52.1 78.76666666666667 42.733333333333334 69.4 
46.1 73.43333333333334 54.3 81.63333333333334 34.6 61.93333333333333 
58.9 87.23333333333333 50.7 79.03333333333333 38.233333333333334 66.56666666666666 
38.03333333333333 66.2 51.53333333333333 79.7 31.033333333333335 59.2 
50.5 76.33333333333333 51.53333333333333 77.36666666666666 35.96666666666667 61.8 
59.43333333333333 87.1 57.1 84.76666666666667 40.766666666666666 68.43333333333334 
47.233333333333334 76.06666666666666 51.96666666666667 80.8 36.2 65.03333333333333 
37.233333333333334 65.9 59.86666666666667 88.53333333333333 31.4 60.06666666666667 
49.333333333333336 78.5 43.4 72.56666666666666 43.03333333333333 72.2 
63.766666666666666 95.1 47.36666666666667 78.7 47.733333333333334 79.06666666666666 
35.36666666666667 61.86666666666667 48.2 74.7 27.033333333333335 53.53333333333333 
30.266666666666666 58.93333333333333 59.36666666666667 88.03333333333333 24.933333333333334 53.6 
36.833333333333336 67.5 59.333333333333336 90.0 28.2 58.86666666666667 
51.266666666666666 78.43333333333334 57.9 85.06666666666666 34.43333333333333 61.6 
34.666666666666664 61.5 43.666666666666664 70.5 28.666666666666668 55.5 
59.0 88.66666666666667 52.6 82.26666666666667 47.333333333333336 77.0 
34.93333333333333 63.93333333333333 51.333333333333336 80.33333333333333 28.266666666666666 57.266666666666666 
43.93333333333333 72.6 58.06666666666667 86.73333333333333 36.93333333333333 65.6 
44.733333333333334 68.9 48.666666666666664 72.83333333333333 36.333333333333336 60.5 
79.2 110.36666666666666 57.3 88.46666666666667 55.93333333333333 87.1 
46.8 75.13333333333334 53.2 81.53333333333333 41.8 70.13333333333334 
56.7 88.03333333333333 61.63333333333333 92.96666666666667 43.2 74.53333333333333 
34.833333333333336 58.0 56.36666666666667 79.53333333333333 29.5 52.666666666666664 
33.3 63.13333333333333 47.53333333333333 77.36666666666666 27.633333333333333 57.46666666666667 
41.766666666666666 68.43333333333334 55.6 82.26666666666667 34.6 61.266666666666666 
42.63333333333333 71.13333333333334 60.36666666666667 88.86666666666666 36.63333333333333 65.13333333333334 
42.93333333333333 70.6 49.233333333333334 76.9 35.266666666666666 62.93333333333333 
38.266666666666666 65.43333333333334 50.733333333333334 77.9 32.1 59.266666666666666 
57.3 90.3 52.06666666666667 85.06666666666666 38.96666666666667 71.96666666666667 
68.13333333333334 95.3 54.0 81.16666666666667 46.4 73.56666666666666 
46.1 74.76666666666667 55.56666666666667 84.23333333333333 34.5 63.166666666666664 
