4462.081818181819 4491.081818181819 249.28636363636363 278.28636363636366 356.9909090909091 385.9909090909091 
4553.368181818182 4582.368181818182 237.55 266.55 542.3227272727273 571.3227272727273 
4288.386363636364 4317.0 267.52272727272725 296.1363636363636 439.02272727272725 467.6363636363636 
4624.345454545454 4653.709090909091 317.68636363636364 347.05 514.0272727272727 543.3909090909091 
4668.963636363636 4698.440909090909 251.28181818181818 280.7590909090909 452.05454545454546 481.5318181818182 
4510.013636363637 4538.877272727273 239.12727272727273 267.9909090909091 295.78636363636366 324.65 
4665.131818181818 4694.654545454546 265.6318181818182 295.1545454545454 466.1318181818182 495.6545454545454 
4356.904545454546 4385.063636363637 230.65454545454546 258.81363636363636 354.8590909090909 383.0181818181818 
4438.931818181818 4466.772727272727 285.6363636363636 313.47727272727275 510.84090909090907 538.6818181818181 
4359.372727272727 4388.190909090909 363.98636363636365 392.80454545454546 404.1909090909091 433.0090909090909 
4215.5 4244.613636363636 255.5681818181818 284.6818181818182 370.04545454545456 399.15909090909093 
4224.395454545454 4253.145454545454 234.2590909090909 263.0090909090909 572.8954545454545 601.6454545454545 
4663.136363636364 4692.272727272727 280.29545454545456 309.4318181818182 403.95454545454544 433.09090909090907 
4176.963636363636 4206.168181818181 257.1 286.30454545454546 455.6 484.80454545454546 
4212.536363636364 4239.740909090909 308.1727272727273 335.3772727272727 420.1272727272727 447.33181818181816 
4420.022727272727 4448.227272727273 247.5681818181818 275.77272727272725 472.47727272727275 500.6818181818182 
4170.077272727272 4198.327272727272 197.48636363636365 225.73636363636365 477.16818181818184 505.41818181818184 
4417.4 4444.763636363637 312.51363636363635 339.8772727272727 488.08181818181816 515.4454545454546 
4490.440909090909 4519.418181818181 246.8272727272727 275.80454545454546 430.21363636363634 459.1909090909091 
4161.386363636364 4189.795454545455 279.5681818181818 307.97727272727275 436.3863636363636 464.79545454545456 
4441.513636363637 4470.763636363637 311.9909090909091 341.2409090909091 459.78636363636366 489.03636363636366 
4082.418181818182 4110.668181818181 317.48636363636365 345.73636363636365 430.1 458.35 
4272.931818181818 4300.795454545455 253.52272727272728 281.3863636363636 407.65909090909093 435.52272727272725 
4182.668181818181 4210.554545454545 282.5318181818182 310.41818181818184 393.5318181818182 421.41818181818184 
4373.109090909091 4402.609090909091 277.7 307.2 426.8818181818182 456.3818181818182 
4304.554545454545 4332.486363636363 334.6909090909091 362.6227272727273 490.8727272727273 518.8045454545454 
4279.304545454545 4307.577272727272 293.30454545454546 321.5772727272727 472.5772727272727 500.85 
4261.245454545455 4289.768181818182 364.31363636363636 392.8363636363636 401.2909090909091 429.81363636363636 
4170.168181818181 4197.327272727272 400.21363636363634 427.3727272727273 511.30454545454546 538.4636363636364 
4430.895454545454 4459.781818181818 281.21363636363634 310.1 404.9409090909091 433.8272727272727 
4087.731818181818 4116.163636363636 303.50454545454545 331.93636363636364 415.18636363636364 443.6181818181818 
4399.677272727273 4428.222727272727 216.26818181818183 244.81363636363636 332.3590909090909 360.9045454545454 
4312.972727272727 4341.609090909091 303.5409090909091 332.17727272727274 451.8363636363636 480.4727272727273 
4098.863636363636 4127.454545454545 334.90909090909093 363.5 504.90909090909093 533.5 
4248.85 4277.531818181818 288.7818181818182 317.46363636363634 426.35 455.0318181818182 
3950.822727272727 3978.1181818181817 204.45909090909092 231.75454545454545 365.1409090909091 392.43636363636364 
4652.195454545455 4681.104545454546 322.8545454545455 351.76363636363635 532.8772727272727 561.7863636363636 
4608.213636363636 4637.418181818181 285.1 314.30454545454546 450.48636363636365 479.6909090909091 
4143.695454545455 4170.218181818182 311.65 338.1727272727273 313.33181818181816 339.8545454545455 
4222.386363636364 4250.863636363636 258.27272727272725 286.75 370.75 399.22727272727275 
4293.127272727273 4320.718181818182 233.1727272727273 260.76363636363635 440.53636363636366 468.1272727272727 
4361.281818181818 4388.918181818181 235.0772727272727 262.71363636363634 404.55454545454546 432.1909090909091 
4264.427272727273 4293.018181818182 300.8363636363636 329.42727272727274 444.06363636363636 472.6545454545454 
4170.204545454545 4198.068181818182 285.5090909090909 313.3727272727273 477.70454545454544 505.5681818181818 
4461.05 4490.322727272727 232.75454545454545 262.0272727272727 440.2318181818182 469.50454545454545 
4057.568181818182 4085.068181818182 276.6136363636364 304.1136363636364 439.65909090909093 467.15909090909093 
4169.681818181818 4198.636363636364 362.04545454545456 391.0 498.27272727272725 527.2272727272727 
4364.677272727273 4392.972727272727 237.79090909090908 266.0863636363636 343.31363636363636 371.6090909090909 
4432.127272727273 4459.877272727273 266.4227272727273 294.1727272727273 398.4909090909091 426.2409090909091 
4491.904545454546 4520.359090909091 282.06363636363636 310.5181818181818 463.81363636363636 492.2681818181818 
