977.9 1005.75 74.8 102.65 121.88 149.73 
973.01 999.76 78.21 104.96 107.19 133.94 
877.66 906.91 77.76 107.01 94.41 123.66 
1033.03 1062.18 79.17 108.32 110.91 140.06 
943.35 973.3 83.4 113.35 91.0 120.95 
895.83 923.03 79.05 106.25 85.01 112.21 
1194.56 1223.31 88.71 117.46 89.16 117.91 
1203.95 1233.5 73.85 103.4 93.35 122.9 
946.93 975.13 69.48 97.68 81.76 109.96 
1076.28 1105.28 74.1 103.1 86.48 115.48 
1123.21 1151.81 81.36 109.96 102.68 131.28 
794.15 821.5 69.65 97.0 96.07 123.42 
1010.73 1039.98 83.58 112.83 104.49 133.74 
1064.06 1094.36 79.81 110.11 106.9 137.2 
1162.34 1193.99 69.37 101.02 105.94 137.59 
1202.27 1230.77 80.12 108.62 101.76 130.26 
933.2 961.85 92.82 121.47 101.6 130.25 
681.99 707.09 80.51 105.61 95.71 120.81 
894.2 922.9 84.19 112.89 124.06 152.76 
914.35 942.75 64.8 93.2 96.76 125.16 
981.34 1009.49 71.45 99.6 123.8 151.95 
1088.06 1116.86 75.66 104.46 107.14 135.94 
857.78 886.23 80.34 108.79 92.22 120.67 
877.19 903.64 71.43 97.88 85.44 111.89 
1112.58 1142.23 74.11 103.76 93.95 123.6 
1020.35 1049.0 73.7 102.35 92.63 121.28 
970.97 999.97 75.67 104.67 85.71 114.71 
1007.14 1036.84 85.09 114.79 113.57 143.27 
1031.2 1058.1 74.36 101.26 99.92 126.82 
1005.88 1034.43 92.23 120.78 116.84 145.39 
1170.4 1200.45 80.25 110.3 85.35 115.4 
935.14 962.19 77.24 104.29 91.75 118.8 
976.87 1005.02 81.3 109.45 94.2 122.35 
960.47 988.67 69.13 97.33 90.74 118.94 
1181.97 1210.82 73.62 102.47 85.03 113.88 
901.38 930.18 73.88 102.68 82.81 111.61 
948.28 976.48 75.23 103.43 83.02 111.22 
970.76 999.31 73.73 102.28 104.0 132.55 
1038.01 1068.01 78.96 108.96 104.1 134.1 
978.62 1007.07 75.87 104.32 110.07 138.52 
662.25 691.05 83.3 112.1 87.78 116.58 
1003.1 1032.85 81.45 111.2 122.78 152.53 
1091.25 1118.5 77.5 104.75 89.59 116.84 
913.56 941.01 92.56 120.01 105.94 133.39 
1150.97 1178.17 78.05 105.25 88.82 116.02 
1130.98 1160.13 67.33 96.48 84.96 114.11 
1066.31 1094.71 75.9 104.3 104.37 132.77 
1247.94 1277.89 74.44 104.39 119.26 149.21 
1293.99 1321.94 80.99 108.94 123.4 151.35 
861.61 888.61 71.26 98.26 103.72 130.72 
