3201.0 3228.486631016043 162.22994652406416 189.71657754010695 265.73262032085563 293.2192513368984 
3388.6417112299464 3417.304812834225 191.13903743315507 219.80213903743316 278.0267379679144 306.6898395721925 
3499.957219251337 3527.9786096256685 209.9625668449198 237.98395721925132 289.93048128342247 317.951871657754 
3106.0160427807486 3134.090909090909 201.70053475935828 229.77540106951872 355.24064171122996 383.3155080213904 
3332.663101604278 3360.6310160427806 194.42245989304814 222.3903743315508 266.4866310160428 294.45454545454544 
3556.0748663101604 3585.433155080214 226.29946524064172 255.6577540106952 323.427807486631 352.7860962566845 
3494.9197860962568 3524.0641711229946 141.79144385026737 170.93582887700535 203.87700534759358 233.02139037433156 
3100.5882352941176 3128.5828877005347 153.36363636363637 181.35828877005346 279.11764705882354 307.11229946524065 
3325.663101604278 3352.775401069519 168.0855614973262 195.19786096256684 215.2620320855615 242.37433155080214 
3246.096256684492 3274.1978609625667 183.75935828877004 211.86096256684493 260.5080213903743 288.6096256684492 
3294.139037433155 3322.855614973262 187.80213903743316 216.51871657754012 222.13368983957218 250.85026737967914 
3267.2085561497324 3295.3636363636365 174.7379679144385 202.89304812834226 330.97860962566847 359.1336898395722 
3267.2834224598932 3296.6417112299464 235.1764705882353 264.5347593582888 346.7754010695187 376.1336898395722 
3322.8930481283423 3350.9679144385027 156.77005347593584 184.84491978609626 331.42245989304814 359.49732620320856 
3339.6737967914437 3368.3636363636365 148.2192513368984 176.9090909090909 224.35294117647058 253.0427807486631 
3613.4491978609626 3641.8449197860964 191.3101604278075 219.7058823529412 296.41711229946526 324.81283422459893 
3203.048128342246 3231.3101604278077 204.3903743315508 232.6524064171123 304.2513368983957 332.5133689839572 
3079.8823529411766 3107.663101604278 231.4331550802139 259.2139037433155 251.03208556149733 278.81283422459893 
3136.609625668449 3164.3101604278077 188.3850267379679 216.0855614973262 256.048128342246 283.7486631016043 
3193.748663101604 3221.342245989305 208.2673796791444 235.86096256684493 257.2513368983957 284.8449197860963 
3404.294117647059 3432.6363636363635 192.07486631016042 220.41711229946523 301.4866310160428 329.8288770053476 
3504.2032085561495 3531.663101604278 137.42245989304814 164.88235294117646 247.33155080213905 274.7914438502674 
3382.807486631016 3411.7914438502676 162.11229946524065 191.09625668449198 273.2620320855615 302.24598930481284 
3469.304812834225 3498.6898395721923 125.77005347593582 155.15508021390374 262.80748663101605 292.19251336898395 
3514.0267379679144 3542.1550802139036 172.86631016042782 200.99465240641712 216.0855614973262 244.2139037433155 
3357.946524064171 3387.2780748663104 135.09625668449198 164.42780748663102 199.47058823529412 228.80213903743316 
3150.0802139037432 3177.0588235294117 167.6096256684492 194.58823529411765 185.93582887700535 212.9144385026738 
2994.96256684492 3022.0748663101604 189.3475935828877 216.45989304812835 239.48128342245988 266.5935828877005 
3542.4171122994653 3571.294117647059 174.94117647058823 203.8181818181818 259.8235294117647 288.7005347593583 
3545.219251336898 3575.0320855614973 157.63101604278074 187.44385026737967 273.37433155080214 303.18716577540107 
3275.0588235294117 3303.8021390374333 148.90374331550802 177.64705882352942 311.44919786096256 340.19251336898395 
3452.2032085561495 3479.9304812834225 131.4331550802139 159.16042780748663 235.54545454545453 263.27272727272725 
3310.8449197860964 3339.748663101604 173.58823529411765 202.49197860962568 229.42780748663102 258.331550802139 
3060.994652406417 3088.347593582888 154.72192513368984 182.07486631016042 254.76470588235293 282.11764705882354 
3244.4117647058824 3272.139037433155 187.10160427807486 214.8288770053476 269.03743315508024 296.7647058823529 
3611.090909090909 3639.780748663102 187.28342245989305 215.97326203208556 287.80213903743316 316.4919786096257 
3197.577540106952 3225.090909090909 159.46524064171123 186.97860962566844 191.45454545454547 218.96791443850267 
3241.0641711229946 3268.2834224598932 142.05347593582889 169.27272727272728 174.29946524064172 201.51871657754012 
3295.433155080214 3325.1122994652405 153.87700534759358 183.55614973262033 259.951871657754 289.63101604278074 
3505.4064171122996 3533.9358288770054 161.02139037433156 189.55080213903744 311.52941176470586 340.05882352941177 
3146.743315508021 3174.096256684492 179.13903743315507 206.49197860962568 231.048128342246 258.40106951871655 
3459.860962566845 3489.2727272727275 152.35294117647058 181.76470588235293 258.60427807486633 288.01604278074865 
3645.3743315508023 3675.855614973262 146.58288770053477 177.06417112299465 272.19251336898395 302.67379679144386 
3571.0267379679144 3600.7326203208554 239.00534759358288 268.71122994652404 285.6524064171123 315.3582887700535 
3230.187165775401 3256.871657754011 175.24598930481284 201.93048128342247 281.8716577540107 308.5561497326203 
3282.866310160428 3310.860962566845 164.7326203208556 192.72727272727272 309.7379679144385 337.73262032085563 
3125.3529411764707 3153.427807486631 144.3850267379679 172.45989304812835 254.63101604278074 282.70588235294116 
3366.5828877005347 3395.005347593583 174.0 202.42245989304814 298.6417112299465 327.06417112299465 
3208.7593582887703 3237.529411764706 180.19251336898395 208.9625668449198 401.88770053475935 430.6577540106952 
3569.7914438502676 3598.053475935829 149.8288770053476 178.0909090909091 296.8235294117647 325.0855614973262 
