931.0909090909091 960.2828282828283 69.17171717171718 98.36363636363636 98.92929292929293 128.12121212121212 
1179.909090909091 1209.7070707070707 83.73737373737374 113.53535353535354 92.92929292929293 122.72727272727273 
1268.8484848484848 1296.878787878788 83.35353535353535 111.38383838383838 107.91919191919192 135.94949494949495 
1077.2222222222222 1105.3030303030303 84.66666666666667 112.74747474747475 90.35353535353535 118.43434343434343 
850.3535353535353 878.3838383838383 72.02020202020202 100.05050505050505 94.4040404040404 122.43434343434343 
959.2222222222222 986.7474747474747 79.48484848484848 107.01010101010101 90.87878787878788 118.4040404040404 
856.3030303030303 884.1313131313132 68.22222222222223 96.05050505050505 72.96969696969697 100.79797979797979 
1216.0707070707072 1246.2222222222222 75.02020202020202 105.17171717171718 87.9090909090909 118.06060606060606 
1145.3737373737374 1175.7777777777778 71.28282828282828 101.68686868686869 104.01010101010101 134.41414141414143 
1086.828282828283 1114.6565656565656 83.60606060606061 111.43434343434343 101.58585858585859 129.41414141414143 
1220.5555555555557 1248.1818181818182 72.48484848484848 100.11111111111111 86.39393939393939 114.02020202020202 
1000.5353535353536 1029.5757575757575 66.16161616161617 95.20202020202021 84.31313131313131 113.35353535353535 
876.2828282828283 905.070707070707 70.56565656565657 99.35353535353535 88.15151515151516 116.93939393939394 
1008.010101010101 1034.4747474747476 88.43434343434343 114.8989898989899 95.5050505050505 121.96969696969697 
1085.6666666666667 1114.7070707070707 86.07070707070707 115.11111111111111 93.03030303030303 122.07070707070707 
1038.5151515151515 1068.4141414141413 78.07070707070707 107.96969696969697 75.60606060606061 105.5050505050505 
1037.6464646464647 1066.3333333333333 68.66666666666667 97.35353535353535 105.45454545454545 134.14141414141415 
1175.5656565656566 1205.5151515151515 79.33333333333333 109.28282828282828 86.28282828282828 116.23232323232324 
1042.6262626262626 1070.3535353535353 72.88888888888889 100.61616161616162 108.39393939393939 136.12121212121212 
915.5353535353536 943.2626262626262 78.58585858585859 106.31313131313131 102.72727272727273 130.45454545454547 
1073.171717171717 1101.1515151515152 75.47474747474747 103.45454545454545 94.0 121.97979797979798 
1111.2222222222222 1139.0 85.02020202020202 112.79797979797979 111.61616161616162 139.3939393939394 
1264.2626262626263 1293.050505050505 75.37373737373737 104.16161616161617 104.8080808080808 133.59595959595958 
1043.8383838383838 1072.2222222222222 86.93939393939394 115.32323232323232 96.92929292929293 125.31313131313131 
902.3939393939394 929.8686868686868 76.28282828282828 103.75757575757575 84.65656565656566 112.13131313131314 
1052.2222222222222 1082.171717171717 78.01010101010101 107.95959595959596 97.51515151515152 127.46464646464646 
1061.5757575757575 1089.2525252525252 77.02020202020202 104.6969696969697 138.25252525252526 165.92929292929293 
905.3838383838383 934.3737373737374 76.96969696969697 105.95959595959596 85.9090909090909 114.8989898989899 
789.8787878787879 816.3434343434343 83.16161616161617 109.62626262626263 79.33333333333333 105.79797979797979 
1140.4747474747476 1169.6161616161617 75.3030303030303 104.44444444444444 113.1919191919192 142.33333333333334 
965.6666666666666 994.3030303030303 71.26262626262626 99.8989898989899 87.6969696969697 116.33333333333333 
1043.3434343434344 1073.141414141414 66.63636363636364 96.43434343434343 95.84848484848484 125.64646464646465 
902.4040404040404 928.2121212121212 76.0 101.8080808080808 105.23232323232324 131.04040404040404 
887.2222222222222 914.4949494949495 68.14141414141415 95.41414141414141 117.01010101010101 144.2828282828283 
905.1212121212121 933.4040404040404 70.71717171717172 99.0 99.47474747474747 127.75757575757575 
1056.1818181818182 1084.111111111111 82.8080808080808 110.73737373737374 79.64646464646465 107.57575757575758 
755.7575757575758 783.3333333333334 71.43434343434343 99.01010101010101 75.72727272727273 103.3030303030303 
1210.7878787878788 1241.090909090909 76.26262626262626 106.56565656565657 115.63636363636364 145.93939393939394 
997.7171717171717 1026.909090909091 71.73737373737374 100.92929292929293 123.46464646464646 152.65656565656565 
872.5555555555555 902.1515151515151 67.93939393939394 97.53535353535354 86.98989898989899 116.58585858585859 
1285.939393939394 1315.8383838383838 75.61616161616162 105.51515151515152 104.53535353535354 134.43434343434345 
942.929292929293 972.4242424242424 73.13131313131314 102.62626262626263 82.70707070707071 112.20202020202021 
1112.4242424242425 1141.4141414141413 76.9090909090909 105.8989898989899 95.02020202020202 124.01010101010101 
879.1919191919192 907.5252525252525 79.39393939393939 107.72727272727273 114.29292929292929 142.62626262626262 
956.2727272727273 984.3030303030303 73.20202020202021 101.23232323232324 91.84848484848484 119.87878787878788 
816.5050505050505 845.2424242424242 77.46464646464646 106.20202020202021 101.70707070707071 130.44444444444446 
1109.6464646464647 1138.4343434343434 74.45454545454545 103.24242424242425 99.5050505050505 128.2929292929293 
905.3131313131313 932.939393939394 81.32323232323232 108.94949494949495 100.54545454545455 128.17171717171718 
1217.2222222222222 1246.5656565656566 78.70707070707071 108.05050505050505 108.25252525252525 137.59595959595958 
1065.6262626262626 1093.6060606060605 76.23232323232324 104.21212121212122 95.02020202020202 123.0 
