837.6896551724138 865.9655172413793 68.88505747126437 97.16091954022988 74.37931034482759 102.65517241379311 
561.1609195402299 587.2528735632184 67.08045977011494 93.17241379310344 79.96551724137932 106.05747126436782 
731.8275862068965 762.4022988505748 64.49425287356321 95.06896551724138 95.63218390804597 126.20689655172414 
731.1034482758621 760.9310344827586 69.75862068965517 99.58620689655173 83.97701149425288 113.80459770114942 
520.7586206896551 549.264367816092 72.93103448275862 101.4367816091954 83.2183908045977 111.72413793103448 
346.4942528735632 372.81609195402297 79.03448275862068 105.35632183908046 104.86206896551724 131.183908045977 
620.1954022988506 649.5632183908046 67.34482758620689 96.71264367816092 91.3103448275862 120.67816091954023 
837.3333333333334 865.3218390804598 59.4367816091954 87.42528735632185 79.02298850574712 107.01149425287356 
673.7241379310345 702.8045977011494 78.48275862068965 107.5632183908046 80.96551724137932 110.04597701149426 
781.1149425287356 809.7931034482758 75.58620689655173 104.26436781609195 91.65517241379311 120.33333333333333 
536.528735632184 564.7471264367816 69.88505747126437 98.10344827586206 83.13793103448276 111.35632183908046 
401.1609195402299 428.8045977011494 67.11494252873563 94.75862068965517 60.89655172413793 88.54022988505747 
641.4137931034483 669.5747126436781 72.08045977011494 100.24137931034483 108.2183908045977 136.3793103448276 
464.735632183908 490.48275862068965 72.44827586206897 98.19540229885058 87.93103448275862 113.67816091954023 
651.9655172413793 678.2298850574713 61.87356321839081 88.13793103448276 88.04597701149426 114.3103448275862 
401.9655172413793 429.14942528735634 69.33333333333333 96.51724137931035 79.816091954023 107.0 
570.4252873563219 597.9540229885057 76.02298850574712 103.55172413793103 83.67816091954023 111.20689655172414 
552.9080459770115 578.7701149425287 77.71264367816092 103.57471264367815 81.24137931034483 107.10344827586206 
557.9080459770115 586.9885057471264 70.88505747126437 99.96551724137932 75.32183908045977 104.40229885057471 
744.5057471264367 771.9770114942529 74.98850574712644 102.45977011494253 102.70114942528735 130.17241379310346 
619.5632183908046 646.5172413793103 74.26436781609195 101.2183908045977 90.59770114942529 117.55172413793103 
528.2758620689655 556.8390804597701 73.48275862068965 102.04597701149426 74.58620689655173 103.14942528735632 
559.0574712643678 586.471264367816 72.93103448275862 100.34482758620689 80.79310344827586 108.20689655172414 
565.2758620689655 590.8505747126437 71.14942528735632 96.72413793103448 71.9080459770115 97.48275862068965 
655.2528735632184 682.2068965517242 69.27586206896552 96.22988505747126 75.08045977011494 102.03448275862068 
423.18390804597703 450.2528735632184 74.75862068965517 101.82758620689656 92.74712643678161 119.816091954023 
517.3333333333334 545.3218390804598 73.47126436781609 101.45977011494253 70.7816091954023 98.77011494252874 
715.4827586206897 746.0574712643678 69.49425287356321 100.06896551724138 88.82758620689656 119.40229885057471 
556.1609195402299 582.6551724137931 70.51724137931035 97.01149425287356 75.50574712643679 102.0 
850.5172413793103 880.0 74.32183908045977 103.80459770114942 93.01149425287356 122.49425287356321 
799.5862068965517 828.4942528735633 67.72413793103448 96.63218390804597 69.6896551724138 98.59770114942529 
588.1494252873563 616.3678160919541 75.65517241379311 103.8735632183908 76.7816091954023 105.0 
587.4942528735633 615.080459770115 64.52873563218391 92.11494252873563 97.24137931034483 124.82758620689656 
673.5057471264367 702.1264367816092 69.24137931034483 97.86206896551724 87.72413793103448 116.34482758620689 
786.1609195402299 814.3793103448276 65.71264367816092 93.93103448275862 85.9080459770115 114.1264367816092 
668.1264367816092 697.8965517241379 70.4367816091954 100.20689655172414 91.25287356321839 121.02298850574712 
624.8965517241379 654.8390804597701 68.74712643678161 98.6896551724138 74.54022988505747 104.48275862068965 
669.6321839080459 698.1379310344828 68.74712643678161 97.25287356321839 71.01149425287356 99.51724137931035 
651.6321839080459 678.1264367816092 69.02298850574712 95.51724137931035 94.88505747126437 121.37931034482759 
621.8390804597701 649.4252873563219 65.35632183908046 92.94252873563218 80.11494252873563 107.70114942528735 
671.8735632183908 699.5747126436781 76.11494252873563 103.816091954023 82.89655172413794 110.59770114942529 
593.0919540229885 622.0 73.6896551724138 102.59770114942529 85.14942528735632 114.05747126436782 
468.18390804597703 495.1954022988506 67.91954022988506 94.93103448275862 84.64367816091954 111.65517241379311 
744.0574712643678 771.9885057471264 67.72413793103448 95.65517241379311 71.96551724137932 99.89655172413794 
602.8965517241379 630.1954022988506 72.08045977011494 99.37931034482759 84.60919540229885 111.9080459770115 
573.2183908045977 601.4942528735633 80.71264367816092 108.98850574712644 86.86206896551724 115.13793103448276 
673.7586206896551 701.1724137931035 65.22988505747126 92.64367816091954 75.8735632183908 103.28735632183908 
657.3908045977012 686.4137931034483 73.54022988505747 102.5632183908046 95.29885057471265 124.32183908045977 
742.471264367816 769.9425287356322 74.22988505747126 101.70114942528735 77.08045977011494 104.55172413793103 
796.6666666666666 826.6666666666666 70.8735632183908 100.8735632183908 82.41379310344827 112.41379310344827 
