1619.496183206107 1648.0076335877864 85.2442748091603 113.7557251908397 105.7175572519084 134.2290076335878 
1689.0 1717.1679389312976 80.90076335877863 109.06870229007633 120.03053435114504 148.19847328244273 
1794.9847328244275 1824.9465648854962 88.1145038167939 118.07633587786259 155.17557251908397 185.13740458015266 
1823.618320610687 1850.9847328244275 94.58015267175573 121.94656488549619 137.85496183206106 165.22137404580153 
1850.4885496183206 1878.4274809160306 87.1145038167939 115.05343511450381 121.87786259541984 149.81679389312978 
1773.793893129771 1802.2290076335878 93.91603053435115 122.35114503816794 142.41221374045801 170.84732824427482 
2038.473282442748 2065.8396946564885 96.06106870229007 123.42748091603053 127.83206106870229 155.19847328244273 
1717.9465648854962 1745.618320610687 91.47328244274809 119.14503816793894 115.31297709923665 142.98473282442748 
1808.5801526717557 1837.5496183206108 100.37404580152672 129.34351145038167 135.33587786259542 164.3053435114504 
1803.6564885496184 1831.175572519084 88.09160305343511 115.61068702290076 126.77862595419847 154.29770992366412 
1678.6946564885495 1706.9389312977098 103.18320610687023 131.42748091603053 179.87786259541986 208.12213740458014 
1895.5343511450383 1924.1221374045801 88.43511450381679 117.02290076335878 128.93129770992365 157.51908396946564 
1766.8473282442749 1795.1679389312976 93.23664122137404 121.55725190839695 125.77099236641222 154.0916030534351 
1754.3893129770993 1782.175572519084 105.09923664122137 132.8854961832061 144.0763358778626 171.86259541984734 
1861.175572519084 1889.4580152671756 107.27480916030534 135.55725190839695 125.50381679389314 153.78625954198472 
1837.7633587786258 1866.0458015267175 92.97709923664122 121.25954198473282 129.78625954198472 158.06870229007635 
2080.0687022900765 2109.1908396946565 86.27480916030534 115.3969465648855 130.5648854961832 159.68702290076337 
1948.1221374045801 1976.4045801526718 97.8473282442748 126.12977099236642 126.48091603053435 154.76335877862596 
2212.8396946564885 2243.9847328244273 118.16793893129771 149.31297709923663 164.59541984732823 195.74045801526717 
1563.442748091603 1590.9236641221373 96.62595419847328 124.10687022900764 127.22137404580153 154.70229007633588 
2022.9083969465648 2052.0687022900765 102.62595419847328 131.78625954198472 102.25190839694656 131.41221374045801 
2083.4885496183206 2112.610687022901 94.87022900763358 123.99236641221374 145.66412213740458 174.78625954198472 
1967.2290076335878 1995.7786259541986 96.10687022900764 124.65648854961832 151.27480916030535 179.82442748091603 
1727.5114503816794 1755.030534351145 99.65648854961832 127.17557251908397 118.27480916030534 145.793893129771 
1762.145038167939 1790.4274809160306 90.6412213740458 118.92366412213741 142.18320610687022 170.46564885496184 
1954.503816793893 1983.473282442748 100.00763358778626 128.9770992366412 117.70992366412214 146.6793893129771 
1823.8702290076335 1852.1145038167938 90.21374045801527 118.45801526717557 134.74809160305344 162.99236641221373 
1612.1145038167938 1639.9770992366412 95.68702290076335 123.54961832061069 151.61832061068702 179.48091603053436 
1781.0381679389313 1808.9770992366412 98.57251908396947 126.5114503816794 120.1145038167939 148.05343511450383 
1946.8778625954199 1976.0 89.42748091603053 118.54961832061069 129.03053435114504 158.15267175572518 
1750.679389312977 1778.6564885496184 97.53435114503817 125.5114503816794 135.9083969465649 163.8854961832061 
1685.5496183206108 1712.8015267175572 96.9618320610687 124.21374045801527 133.3053435114504 160.55725190839695 
2020.6335877862596 2049.1832061068703 110.08396946564885 138.63358778625954 162.73282442748092 191.2824427480916 
2030.5725190839694 2058.8931297709923 103.27480916030534 131.59541984732823 128.9236641221374 157.24427480916032 
1494.2824427480916 1521.496183206107 85.18320610687023 112.3969465648855 119.86259541984732 147.0763358778626 
1893.969465648855 1921.8320610687024 89.47328244274809 117.33587786259542 127.90076335877863 155.76335877862596 
1851.0076335877864 1879.824427480916 99.68702290076335 128.50381679389312 162.0381679389313 190.85496183206106 
1993.7786259541986 2023.206106870229 89.01526717557252 118.44274809160305 119.87786259541984 149.3053435114504 
1778.2748091603053 1806.328244274809 105.02290076335878 133.0763358778626 130.75572519083968 158.8091603053435 
2047.175572519084 2076.030534351145 94.44274809160305 123.29770992366412 138.96946564885496 167.82442748091603 
1911.473282442748 1939.8320610687024 94.54198473282443 122.90076335877863 154.94656488549617 183.3053435114504 
1747.5954198473282 1775.5343511450383 104.29770992366412 132.23664122137404 120.53435114503817 148.4732824427481 
1792.7251908396947 1819.7099236641222 91.26717557251908 118.25190839694656 127.87786259541984 154.86259541984734 
1910.4122137404581 1939.8396946564885 93.62595419847328 123.05343511450381 125.10687022900764 154.53435114503816 
1822.0839694656488 1851.3587786259543 110.31297709923665 139.58778625954199 157.7709923664122 187.04580152671755 
2024.3740458015268 2053.648854961832 96.38167938931298 125.65648854961832 129.06870229007635 158.34351145038167 
2046.9236641221373 2076.236641221374 98.40458015267176 127.7175572519084 126.8854961832061 156.19847328244273 
2128.343511450382 2158.038167938931 100.7557251908397 130.45038167938932 133.58778625954199 163.2824427480916 
1846.3587786259543 1873.4198473282443 117.90076335877863 144.9618320610687 137.98473282442748 165.04580152671755 
1945.969465648855 1975.2442748091603 80.0 109.27480916030534 120.20610687022901 149.48091603053436 
