60.266666666666666 89.37777777777778 55.17777777777778 84.28888888888889 39.31111111111111 68.42222222222222 
71.82222222222222 102.04444444444445 49.08888888888889 79.31111111111112 48.044444444444444 78.26666666666667 
64.55555555555556 94.11111111111111 64.8 94.35555555555555 39.31111111111111 68.86666666666666 
66.82222222222222 93.71111111111111 58.17777777777778 85.06666666666666 42.48888888888889 69.37777777777778 
85.06666666666666 113.06666666666666 58.266666666666666 86.26666666666667 51.62222222222222 79.62222222222222 
74.8 102.46666666666667 58.733333333333334 86.4 48.06666666666667 75.73333333333333 
44.06666666666667 69.73333333333333 58.266666666666666 83.93333333333334 30.444444444444443 56.111111111111114 
74.02222222222223 99.46666666666667 57.15555555555556 82.6 51.31111111111111 76.75555555555556 
56.111111111111114 86.33333333333333 60.666666666666664 90.88888888888889 44.93333333333333 75.15555555555555 
74.8 101.8 60.13333333333333 87.13333333333334 43.51111111111111 70.5111111111111 
60.4 88.95555555555555 50.55555555555556 79.11111111111111 44.4 72.95555555555555 
114.22222222222223 146.0 58.17777777777778 89.95555555555555 49.0 80.77777777777777 
94.33333333333333 123.22222222222223 51.577777777777776 80.46666666666667 45.71111111111111 74.6 
108.91111111111111 138.9111111111111 55.91111111111111 85.91111111111111 44.111111111111114 74.11111111111111 
102.84444444444445 134.06666666666666 52.15555555555556 83.37777777777778 53.28888888888889 84.5111111111111 
75.2 102.97777777777777 57.15555555555556 84.93333333333334 51.55555555555556 79.33333333333333 
56.51111111111111 84.5111111111111 53.644444444444446 81.64444444444445 41.53333333333333 69.53333333333333 
77.55555555555556 105.44444444444444 60.08888888888889 87.97777777777777 48.55555555555556 76.44444444444444 
118.93333333333334 147.15555555555557 63.022222222222226 91.24444444444444 54.022222222222226 82.24444444444444 
91.35555555555555 121.13333333333334 52.666666666666664 82.44444444444444 49.82222222222222 79.6 
45.955555555555556 73.84444444444445 59.2 87.08888888888889 36.82222222222222 64.71111111111111 
58.75555555555555 86.75555555555556 55.71111111111111 83.71111111111111 39.48888888888889 67.4888888888889 
76.37777777777778 104.82222222222222 47.24444444444445 75.68888888888888 43.28888888888889 71.73333333333333 
73.6 99.4888888888889 52.888888888888886 78.77777777777777 44.977777777777774 70.86666666666666 
83.06666666666666 112.62222222222222 59.46666666666667 89.02222222222223 54.022222222222226 83.57777777777778 
67.4888888888889 95.82222222222222 52.577777777777776 80.91111111111111 47.37777777777778 75.71111111111111 
120.4888888888889 149.15555555555557 57.15555555555556 85.82222222222222 61.86666666666667 90.53333333333333 
68.4888888888889 95.37777777777778 61.22222222222222 88.11111111111111 43.86666666666667 70.75555555555556 
64.91111111111111 92.8 59.111111111111114 87.0 40.28888888888889 68.17777777777778 
65.08888888888889 94.31111111111112 54.24444444444445 83.46666666666667 46.77777777777778 76.0 
73.08888888888889 102.42222222222222 48.48888888888889 77.82222222222222 46.15555555555556 75.4888888888889 
79.57777777777778 108.35555555555555 57.044444444444444 85.82222222222222 45.0 73.77777777777777 
81.62222222222222 108.73333333333333 58.28888888888889 85.4 53.53333333333333 80.64444444444445 
137.24444444444444 166.6888888888889 55.0 84.44444444444444 53.24444444444445 82.68888888888888 
79.2 107.31111111111112 58.733333333333334 86.84444444444445 51.17777777777778 79.28888888888889 
60.93333333333333 87.71111111111111 53.31111111111111 80.08888888888889 32.46666666666667 59.24444444444445 
77.06666666666666 106.5111111111111 54.71111111111111 84.15555555555555 46.08888888888889 75.53333333333333 
86.93333333333334 116.4888888888889 58.37777777777778 87.93333333333334 43.86666666666667 73.42222222222222 
107.88888888888889 138.22222222222223 61.24444444444445 91.57777777777778 54.62222222222222 84.95555555555555 
81.11111111111111 110.77777777777777 58.93333333333333 88.6 50.0 79.66666666666667 
68.66666666666667 97.22222222222223 56.55555555555556 85.11111111111111 54.68888888888889 83.24444444444444 
51.111111111111114 77.33333333333333 54.06666666666667 80.28888888888889 40.77777777777778 67.0 
68.93333333333334 96.04444444444445 54.62222222222222 81.73333333333333 39.46666666666667 66.57777777777778 
89.8 117.24444444444444 58.4 85.84444444444445 53.28888888888889 80.73333333333333 
66.8 93.68888888888888 57.93333333333333 84.82222222222222 46.977777777777774 73.86666666666666 
76.46666666666667 103.46666666666667 54.4 81.4 50.17777777777778 77.17777777777778 
92.71111111111111 119.93333333333334 60.644444444444446 87.86666666666666 44.77777777777778 72.0 
98.4 127.73333333333333 60.17777777777778 89.5111111111111 49.86666666666667 79.2 
62.75555555555555 92.31111111111112 60.2 89.75555555555556 46.17777777777778 75.73333333333333 
64.82222222222222 92.04444444444445 49.68888888888889 76.91111111111111 46.46666666666667 73.68888888888888 
