903.8488372093024 933.7325581395348 78.53488372093024 108.4186046511628 111.37209302325581 141.25581395348837 
690.2093023255813 718.4069767441861 73.30232558139535 101.5 75.97674418604652 104.17441860465117 
777.7325581395348 807.3837209302326 67.01162790697674 96.66279069767442 84.94186046511628 114.59302325581395 
782.6744186046511 811.2790697674419 73.87209302325581 102.47674418604652 93.53488372093024 122.13953488372093 
758.2674418604652 787.7441860465116 75.4186046511628 104.8953488372093 88.81395348837209 118.29069767441861 
766.5348837209302 795.8372093023256 68.61627906976744 97.9186046511628 82.48837209302326 111.79069767441861 
732.546511627907 762.3139534883721 80.63953488372093 110.40697674418605 81.84883720930233 111.61627906976744 
579.9883720930233 608.3604651162791 79.0813953488372 107.45348837209302 67.5 95.87209302325581 
835.5348837209302 864.546511627907 66.04651162790698 95.05813953488372 82.52325581395348 111.53488372093024 
595.1279069767442 622.1046511627907 74.44186046511628 101.4186046511628 90.33720930232558 117.31395348837209 
667.5581395348837 695.8720930232558 75.48837209302326 103.80232558139535 87.16279069767442 115.47674418604652 
865.4651162790698 895.1744186046511 73.32558139534883 103.03488372093024 79.47674418604652 109.18604651162791 
710.7906976744187 740.6744186046511 73.24418604651163 103.12790697674419 91.05813953488372 120.94186046511628 
831.5581395348837 861.1511627906976 76.69767441860465 106.29069767441861 107.11627906976744 136.7093023255814 
1024.1046511627908 1054.2790697674418 74.25581395348837 104.43023255813954 95.22093023255815 125.3953488372093 
516.5348837209302 544.6744186046511 63.0 91.13953488372093 86.18604651162791 114.32558139534883 
613.0 640.3255813953489 65.54651162790698 92.87209302325581 69.15116279069767 96.47674418604652 
560.5813953488372 589.0697674418604 72.16279069767442 100.65116279069767 68.40697674418605 96.8953488372093 
630.6860465116279 659.4069767441861 71.95348837209302 100.67441860465117 90.40697674418605 119.12790697674419 
505.7093023255814 534.6046511627907 69.61627906976744 98.51162790697674 85.18604651162791 114.0813953488372 
400.25581395348837 426.4186046511628 73.09302325581395 99.25581395348837 80.33720930232558 106.5 
814.0813953488372 841.9883720930233 76.45348837209302 104.36046511627907 105.11627906976744 133.02325581395348 
568.8139534883721 595.9069767441861 61.825581395348834 88.9186046511628 88.65116279069767 115.74418604651163 
597.7093023255813 624.8604651162791 72.46511627906976 99.61627906976744 98.25581395348837 125.40697674418605 
564.0348837209302 592.4651162790698 66.31395348837209 94.74418604651163 76.0813953488372 104.51162790697674 
535.3604651162791 561.6395348837209 64.20930232558139 90.48837209302326 79.73255813953489 106.01162790697674 
731.0581395348837 759.8372093023256 77.63953488372093 106.4186046511628 105.27906976744185 134.0581395348837 
854.7558139534884 884.6976744186046 73.56976744186046 103.51162790697674 88.93023255813954 118.87209302325581 
807.6976744186046 837.4069767441861 66.69767441860465 96.40697674418605 92.59302325581395 122.30232558139535 
452.13953488372096 479.4651162790698 66.53488372093024 93.86046511627907 80.67441860465117 108.0 
713.3953488372093 742.2325581395348 68.47674418604652 97.31395348837209 79.12790697674419 107.96511627906976 
727.1395348837209 755.9767441860465 71.3953488372093 100.23255813953489 80.4186046511628 109.25581395348837 
674.6511627906976 703.2558139534884 70.67441860465117 99.27906976744185 84.86046511627907 113.46511627906976 
487.3837209302326 515.6395348837209 68.46511627906976 96.72093023255815 90.65116279069767 118.90697674418605 
855.2209302325581 883.5930232558139 79.69767441860465 108.06976744186046 82.27906976744185 110.65116279069767 
482.6744186046512 509.1860465116279 81.88372093023256 108.3953488372093 79.74418604651163 106.25581395348837 
515.8953488372093 542.7558139534884 72.37209302325581 99.23255813953489 84.94186046511628 111.80232558139535 
766.7093023255813 795.4883720930233 71.0 99.77906976744185 80.0 108.77906976744185 
630.5697674418604 659.8720930232558 66.16279069767442 95.46511627906976 70.68604651162791 99.98837209302326 
565.4418604651163 594.3372093023256 69.0813953488372 97.97674418604652 72.68604651162791 101.5813953488372 
499.83720930232556 527.9186046511628 71.77906976744185 99.86046511627907 90.56976744186046 118.65116279069767 
638.3139534883721 666.1627906976744 78.29069767441861 106.13953488372093 81.9186046511628 109.76744186046511 
509.63953488372096 537.546511627907 69.31395348837209 97.22093023255815 80.62790697674419 108.53488372093024 
705.6279069767442 736.2093023255813 70.26744186046511 100.84883720930233 88.93023255813954 119.51162790697674 
546.2906976744187 572.8023255813954 76.09302325581395 102.6046511627907 75.30232558139535 101.81395348837209 
433.16279069767444 460.43023255813955 68.53488372093024 95.80232558139535 79.55813953488372 106.82558139534883 
423.1279069767442 449.0581395348837 62.05813953488372 87.98837209302326 73.33720930232558 99.26744186046511 
651.0697674418604 680.0232558139535 69.95348837209302 98.90697674418605 98.15116279069767 127.1046511627907 
951.9302325581396 982.8023255813954 79.33720930232558 110.20930232558139 104.45348837209302 135.32558139534885 
684.046511627907 712.5930232558139 71.47674418604652 100.02325581395348 92.25581395348837 120.80232558139535 
