38.333333333333336 71.66666666666667 31.333333333333332 64.66666666666667 33.333333333333336 66.66666666666667 
26.666666666666668 50.0 63.333333333333336 86.66666666666667 21.666666666666668 45.0 
38.333333333333336 71.66666666666667 46.666666666666664 80.0 33.333333333333336 66.66666666666667 
26.666666666666668 61.666666666666664 47.666666666666664 82.66666666666667 21.666666666666668 56.666666666666664 
21.666666666666668 50.0 67.0 95.33333333333333 16.666666666666668 45.0 
20.0 53.333333333333336 33.333333333333336 66.66666666666667 15.0 48.333333333333336 
36.666666666666664 60.0 54.333333333333336 77.66666666666667 31.666666666666668 55.0 
31.666666666666668 58.333333333333336 34.333333333333336 61.0 26.666666666666668 53.333333333333336 
23.333333333333332 50.0 72.0 98.66666666666667 18.333333333333332 45.0 
33.333333333333336 58.333333333333336 66.33333333333333 91.33333333333333 28.333333333333332 53.333333333333336 
25.0 51.666666666666664 45.333333333333336 72.0 20.0 46.666666666666664 
23.333333333333332 55.0 32.666666666666664 64.33333333333333 18.333333333333332 50.0 
25.0 41.666666666666664 48.0 64.66666666666667 20.0 36.666666666666664 
26.666666666666668 43.333333333333336 54.666666666666664 71.33333333333333 21.666666666666668 38.333333333333336 
25.0 45.0 45.0 65.0 20.0 40.0 
20.0 46.666666666666664 29.666666666666668 56.333333333333336 15.0 41.666666666666664 
38.333333333333336 53.333333333333336 20.333333333333332 35.333333333333336 33.333333333333336 48.333333333333336 
23.333333333333332 51.666666666666664 43.0 71.33333333333333 18.333333333333332 46.666666666666664 
29.666666666666668 48.0 20.666666666666668 39.0 21.333333333333332 39.666666666666664 
30.0 63.333333333333336 27.0 60.333333333333336 25.0 58.333333333333336 
36.666666666666664 66.66666666666667 8.0 38.0 31.666666666666668 61.666666666666664 
38.333333333333336 61.666666666666664 32.333333333333336 55.666666666666664 33.333333333333336 56.666666666666664 
35.0 66.66666666666667 48.0 79.66666666666667 30.0 61.666666666666664 
20.0 50.0 62.0 92.0 15.0 45.0 
13.333333333333334 43.333333333333336 37.666666666666664 67.66666666666667 8.333333333333334 38.333333333333336 
23.333333333333332 56.666666666666664 57.0 90.33333333333333 18.333333333333332 51.666666666666664 
30.0 65.0 51.333333333333336 86.33333333333333 25.0 60.0 
23.333333333333332 50.0 53.0 79.66666666666667 18.333333333333332 45.0 
16.666666666666668 41.666666666666664 50.666666666666664 75.66666666666667 11.666666666666666 36.666666666666664 
28.333333333333332 65.0 39.333333333333336 76.0 23.333333333333332 60.0 
38.333333333333336 70.0 37.333333333333336 69.0 33.333333333333336 65.0 
31.666666666666668 50.0 52.333333333333336 70.66666666666667 26.666666666666668 45.0 
34.333333333333336 61.0 10.666666666666666 37.333333333333336 29.333333333333332 56.0 
28.333333333333332 55.0 50.666666666666664 77.33333333333333 23.333333333333332 50.0 
21.666666666666668 43.333333333333336 38.333333333333336 60.0 16.666666666666668 38.333333333333336 
23.333333333333332 45.0 34.333333333333336 56.0 18.333333333333332 40.0 
26.666666666666668 55.0 47.0 75.33333333333333 21.666666666666668 50.0 
26.666666666666668 50.0 41.0 64.33333333333333 21.666666666666668 45.0 
23.333333333333332 56.666666666666664 80.33333333333333 113.66666666666667 18.333333333333332 51.666666666666664 
18.333333333333332 36.666666666666664 42.666666666666664 61.0 13.333333333333334 31.666666666666668 
36.666666666666664 70.0 61.666666666666664 95.0 31.666666666666668 65.0 
33.333333333333336 65.0 70.66666666666667 102.33333333333333 28.333333333333332 60.0 
30.0 60.0 58.666666666666664 88.66666666666667 25.0 55.0 
35.0 75.0 57.0 97.0 30.0 70.0 
23.333333333333332 46.666666666666664 12.666666666666666 36.0 18.333333333333332 41.666666666666664 
31.666666666666668 58.333333333333336 31.333333333333332 58.0 26.666666666666668 53.333333333333336 
25.0 56.666666666666664 54.666666666666664 86.33333333333333 20.0 51.666666666666664 
21.666666666666668 51.666666666666664 45.0 75.0 16.666666666666668 46.666666666666664 
18.333333333333332 45.0 47.333333333333336 74.0 13.333333333333334 40.0 
28.333333333333332 56.666666666666664 50.333333333333336 78.66666666666667 23.333333333333332 51.666666666666664 
