424.3625 451.3625 70.125 97.125 64.1125 91.1125 
504.1875 532.0 71.0 98.8125 86.825 114.6375 
469.0125 496.45 69.075 96.5125 69.375 96.8125 
694.375 720.0 75.125 100.75 82.4 108.025 
449.6125 480.675 70.1375 101.2 88.7125 119.775 
510.2 539.45 59.475 88.725 81.1125 110.3625 
476.1875 504.3125 69.9375 98.0625 72.3125 100.4375 
543.1375 570.2 70.525 97.5875 84.7125 111.775 
337.85 364.85 64.4625 91.4625 76.1875 103.1875 
465.375 492.6875 61.9375 89.25 52.45 79.7625 
526.8 556.925 70.0125 100.1375 71.4625 101.5875 
695.175 722.8 80.4 108.025 84.45 112.075 
377.0375 406.7875 63.85 93.6 78.8375 108.5875 
247.5 274.875 77.1625 104.5375 76.1375 103.5125 
514.625 541.6875 69.2625 96.325 69.4125 96.475 
525.6 553.7875 71.35 99.5375 99.6125 127.8 
518.0 544.75 66.25 93.0 70.7875 97.5375 
512.2375 540.9875 67.925 96.675 71.1 99.85 
367.0875 394.4625 76.65 104.025 82.8 110.175 
460.9625 489.2125 68.2125 96.4625 77.125 105.375 
668.4125 697.6625 78.5125 107.7625 90.0875 119.3375 
544.025 572.525 72.2875 100.7875 87.525 116.025 
511.0375 540.0375 63.4875 92.4875 68.7625 97.7625 
466.4375 493.125 69.875 96.5625 88.0375 114.725 
567.275 594.775 64.3875 91.8875 78.8 106.3 
481.8125 508.4375 67.9375 94.5625 66.25 92.875 
519.9 549.4 66.5125 96.0125 79.2375 108.7375 
306.45 332.075 65.3625 90.9875 64.0875 89.7125 
733.25 761.0625 77.5125 105.325 86.2375 114.05 
467.55 496.175 72.2625 100.8875 80.725 109.35 
411.325 441.075 74.7 104.45 82.575 112.325 
350.2125 379.4 72.5375 101.725 87.8625 117.05 
411.05 438.6125 75.7375 103.3 78.3375 105.9 
734.95 763.95 75.075 104.075 92.3875 121.3875 
410.0875 438.9 65.7 94.5125 79.3875 108.2 
530.375 558.5 72.3875 100.5125 69.4125 97.5375 
512.9875 542.8 69.65 99.4625 66.025 95.8375 
526.65 555.65 62.7375 91.7375 82.075 111.075 
521.975 550.5375 73.825 102.3875 71.425 99.9875 
633.75 662.9375 75.65 104.8375 100.9875 130.175 
349.6375 377.6375 64.8 92.8 70.8625 98.8625 
533.4375 560.1875 60.875 87.625 88.9625 115.7125 
465.0 493.5 63.125 91.625 80.4875 108.9875 
331.075 359.075 68.575 96.575 75.5375 103.5375 
592.4375 622.5 62.5 92.5625 66.825 96.8875 
453.075 480.7625 69.7 97.3875 82.9 110.5875 
605.6125 634.925 67.8 97.1125 100.7875 130.1 
780.4375 807.6875 70.6125 97.8625 72.8375 100.0875 
480.8875 508.5125 63.125 90.75 74.6875 102.3125 
687.125 716.25 82.025 111.15 107.55 136.675 
