4200.176470588235 4229.367647058823 306.3578431372549 335.54901960784315 403.55882352941177 432.75 
3642.485294117647 3670.377450980392 210.24019607843138 238.13235294117646 280.37745098039215 308.26960784313724 
3693.9950980392155 3722.671568627451 220.15686274509804 248.83333333333334 321.8872549019608 350.5637254901961 
3665.843137254902 3693.7598039215686 329.8137254901961 357.73039215686276 434.7156862745098 462.63235294117646 
3845.475490196078 3874.1029411764707 264.22549019607845 292.8529411764706 432.3872549019608 461.0147058823529 
3828.7156862745096 3857.220588235294 214.90196078431373 243.40686274509804 287.3921568627451 315.8970588235294 
4294.3774509803925 4322.980392156863 256.7843137254902 285.3872549019608 379.52450980392155 408.12745098039215 
3716.8333333333335 3745.901960784314 276.8235294117647 305.8921568627451 421.4901960784314 450.55882352941177 
3841.0 3870.1176470588234 209.16666666666666 238.2843137254902 400.6078431372549 429.72549019607845 
3901.9166666666665 3930.200980392157 222.81372549019608 251.09803921568627 334.7598039215686 363.04411764705884 
3742.3382352941176 3771.1127450980393 209.80882352941177 238.58333333333334 364.3480392156863 393.12254901960785 
3712.6029411764707 3740.6666666666665 180.38235294117646 208.44607843137254 332.0637254901961 360.12745098039215 
3756.1617647058824 3785.1323529411766 213.5343137254902 242.5049019607843 437.09313725490193 466.0637254901961 
3789.700980392157 3817.9362745098038 211.24019607843138 239.47549019607843 298.9166666666667 327.1519607843137 
4106.637254901961 4135.828431372549 245.7941176470588 274.9852941176471 418.8921568627451 448.0833333333333 
3864.9411764705883 3893.8627450980393 212.05392156862746 240.97549019607843 293.61764705882354 322.53921568627453 
4000.651960784314 4030.5539215686276 207.09803921568627 237.0 480.8480392156863 510.75 
3592.8627450980393 3620.3137254901962 253.34803921568627 280.79901960784315 274.72549019607845 302.1764705882353 
4163.181372549019 4193.549019607844 282.4166666666667 312.7843137254902 469.55392156862746 499.921568627451 
3685.950980392157 3714.3823529411766 242.2058823529412 270.6372549019608 297.6666666666667 326.0980392156863 
4053.401960784314 4082.544117647059 187.27941176470588 216.42156862745097 340.3627450980392 369.5049019607843 
3815.9950980392155 3843.7401960784314 226.4264705882353 254.17156862745097 377.5637254901961 405.30882352941177 
3637.2107843137255 3665.078431372549 195.61274509803923 223.48039215686273 303.73039215686276 331.5980392156863 
3677.8529411764707 3705.622549019608 179.1813725490196 206.95098039215685 265.9901960784314 293.7598039215686 
3807.024509803922 3835.774509803922 213.2549019607843 242.0049019607843 412.5147058823529 441.2647058823529 
3784.2107843137255 3812.9362745098038 195.63725490196077 224.36274509803923 390.09313725490193 418.8186274509804 
3778.9607843137255 3806.2892156862745 348.05882352941177 375.3872549019608 378.3235294117647 405.6519607843137 
3903.970588235294 3933.0637254901962 189.77450980392157 218.86764705882354 264.1666666666667 293.2598039215686 
3777.799019607843 3806.6960784313724 246.8578431372549 275.7549019607843 390.0735294117647 418.97058823529414 
3805.779411764706 3834.6029411764707 160.52941176470588 189.35294117647058 238.4264705882353 267.25 
4037.372549019608 4066.6617647058824 200.0735294117647 229.36274509803923 342.9117647058824 372.20098039215685 
3742.5196078431372 3770.950980392157 229.7450980392157 258.1764705882353 320.5098039215686 348.94117647058823 
3997.8382352941176 4026.9803921568628 263.63235294117646 292.77450980392155 478.23039215686276 507.37254901960785 
3901.9901960784314 3931.205882352941 218.1421568627451 247.3578431372549 269.2450980392157 298.46078431372547 
3661.8627450980393 3689.950980392157 188.38725490196077 216.47549019607843 324.2156862745098 352.30392156862746 
3678.328431372549 3706.122549019608 276.7156862745098 304.5098039215686 430.87745098039215 458.671568627451 
3743.6862745098038 3771.3823529411766 239.67156862745097 267.36764705882354 469.37254901960785 497.0686274509804 
3723.9117647058824 3752.4656862745096 173.37745098039215 201.9313725490196 392.4901960784314 421.04411764705884 
4094.764705882353 4124.10294117647 180.5686274509804 209.90686274509804 329.37254901960785 358.71078431372547 
3737.6862745098038 3765.1862745098038 263.97058823529414 291.47058823529414 315.48039215686276 342.98039215686276 
3717.6666666666665 3745.5833333333335 229.0343137254902 256.95098039215685 361.2450980392157 389.1617647058824 
3663.5343137254904 3691.156862745098 227.75980392156862 255.38235294117646 379.5637254901961 407.1862745098039 
3824.0049019607845 3851.0392156862745 240.2450980392157 267.27941176470586 403.5637254901961 430.5980392156863 
3510.4950980392155 3538.093137254902 219.58333333333334 247.1813725490196 274.6127450980392 302.21078431372547 
4289.053921568628 4318.808823529412 209.51470588235293 239.26960784313727 359.1029411764706 388.8578431372549 
3937.392156862745 3966.5098039215686 251.08333333333334 280.20098039215685 385.2352941176471 414.3529411764706 
3978.5539215686276 4006.4460784313724 180.12254901960785 208.01470588235293 293.8970588235294 321.78921568627453 
3719.514705882353 3748.7303921568628 254.51470588235293 283.73039215686276 413.828431372549 443.04411764705884 
3773.8039215686276 3801.843137254902 250.6764705882353 278.7156862745098 337.0882352941176 365.12745098039215 
3673.8627450980393 3702.4411764705883 272.4852941176471 301.0637254901961 440.72549019607845 469.30392156862746 
