604.8117647058823 632.3411764705883 76.17647058823529 103.70588235294117 82.11764705882354 109.6470588235294 
631.1411764705882 659.5529411764705 67.49411764705883 95.90588235294118 90.4 118.81176470588235 
771.7882352941176 801.1411764705882 70.84705882352941 100.2 77.29411764705883 106.6470588235294 
527.2235294117647 555.3411764705883 69.61176470588235 97.72941176470589 95.7764705882353 123.89411764705882 
374.6 399.6 70.24705882352941 95.24705882352941 81.75294117647059 106.75294117647059 
682.6235294117647 711.9764705882353 78.44705882352942 107.8 86.12941176470588 115.48235294117647 
588.7529411764706 618.9882352941177 74.17647058823529 104.41176470588235 89.69411764705882 119.92941176470588 
781.0823529411765 808.0823529411765 63.37647058823529 90.37647058823529 69.02352941176471 96.02352941176471 
674.8588235294118 703.4470588235295 65.70588235294117 94.29411764705883 84.98823529411764 113.5764705882353 
790.2 819.7882352941176 74.78823529411764 104.37647058823529 102.82352941176471 132.41176470588235 
638.9529411764706 667.3058823529411 63.89411764705882 92.24705882352941 76.61176470588235 104.96470588235294 
731.3764705882353 758.3764705882353 67.43529411764706 94.43529411764706 82.34117647058824 109.34117647058824 
546.1058823529412 573.7529411764706 71.75294117647059 99.4 80.18823529411765 107.83529411764705 
649.564705882353 678.3882352941176 68.15294117647059 96.97647058823529 93.38823529411765 122.21176470588236 
667.435294117647 696.6705882352941 73.2 102.43529411764706 80.63529411764706 109.87058823529412 
599.1764705882352 629.6470588235294 68.52941176470588 99.0 91.4 121.87058823529412 
760.4941176470588 789.8470588235294 69.89411764705882 99.24705882352941 92.23529411764706 121.58823529411765 
625.3058823529411 653.6588235294117 68.78823529411764 97.14117647058823 84.75294117647059 113.10588235294118 
561.2941176470588 589.9411764705883 64.23529411764706 92.88235294117646 69.49411764705883 98.14117647058823 
583.7294117647059 611.7882352941176 67.61176470588235 95.67058823529412 80.17647058823529 108.23529411764706 
562.9529411764706 592.3058823529411 82.21176470588236 111.56470588235294 81.5764705882353 110.92941176470588 
696.2823529411764 725.9882352941177 64.67058823529412 94.37647058823529 75.34117647058824 105.04705882352941 
840.9411764705883 870.0588235294117 73.55294117647058 102.67058823529412 77.03529411764706 106.15294117647059 
552.7529411764706 579.5176470588235 70.16470588235295 96.92941176470588 77.2235294117647 103.98823529411764 
696.3764705882353 725.1411764705882 65.72941176470589 94.49411764705883 89.24705882352941 118.01176470588236 
622.4 649.4588235294118 66.2235294117647 93.28235294117647 88.0 115.05882352941177 
372.8588235294118 400.6235294117647 81.3529411764706 109.11764705882354 92.74117647058823 120.50588235294117 
572.4823529411765 599.2470588235294 68.6 95.36470588235294 79.11764705882354 105.88235294117646 
867.6 897.1294117647059 69.94117647058823 99.47058823529412 104.6 134.12941176470588 
676.0 706.8823529411765 67.6470588235294 98.52941176470588 84.23529411764706 115.11764705882354 
760.6235294117647 790.2705882352941 64.15294117647059 93.8 87.68235294117648 117.32941176470588 
665.8588235294118 695.6235294117647 74.62352941176471 104.38823529411765 78.72941176470589 108.49411764705883 
748.0117647058823 775.6588235294117 78.34117647058824 105.98823529411764 99.68235294117648 127.32941176470588 
700.4117647058823 729.2941176470588 83.88235294117646 112.76470588235294 88.70588235294117 117.58823529411765 
612.0470588235294 641.6941176470589 80.05882352941177 109.70588235294117 97.07058823529412 126.71764705882353 
422.56470588235294 450.0352941176471 77.21176470588236 104.68235294117648 89.2 116.67058823529412 
652.5882352941177 682.1176470588235 79.82352941176471 109.3529411764706 85.2235294117647 114.75294117647059 
521.2588235294118 549.7294117647059 72.49411764705883 100.96470588235294 76.4235294117647 104.89411764705882 
667.0588235294117 694.8235294117648 62.23529411764706 90.0 89.30588235294118 117.07058823529412 
411.1058823529412 440.63529411764705 70.7764705882353 100.30588235294118 75.04705882352941 104.5764705882353 
480.4235294117647 507.4235294117647 76.31764705882352 103.31764705882352 76.82352941176471 103.82352941176471 
796.2470588235294 824.4823529411765 74.6 102.83529411764705 79.51764705882353 107.75294117647059 
431.74117647058824 460.8 64.68235294117648 93.74117647058823 74.88235294117646 103.94117647058823 
425.18823529411765 452.6588235294118 75.24705882352941 102.71764705882353 89.76470588235294 117.23529411764706 
768.1647058823529 796.5764705882353 67.28235294117647 95.69411764705882 95.3529411764706 123.76470588235294 
592.7882352941176 620.5529411764705 72.08235294117647 99.84705882352941 84.74117647058823 112.50588235294117 
488.1764705882353 517.0588235294117 64.70588235294117 93.58823529411765 86.04705882352941 114.92941176470588 
607.8470588235294 632.5529411764705 69.55294117647058 94.25882352941177 88.4235294117647 113.12941176470588 
665.1176470588235 692.9411764705883 68.11764705882354 95.94117647058823 69.70588235294117 97.52941176470588 
688.2 716.5529411764705 64.02352941176471 92.37647058823529 84.21176470588236 112.56470588235294 
