4863.408333333334 4891.366666666667 329.075 357.03333333333336 675.825 703.7833333333333 
4601.916666666667 4630.0 330.2916666666667 358.375 520.4166666666666 548.5 
4767.458333333333 4795.083333333333 457.4166666666667 485.0416666666667 584.4166666666666 612.0416666666666 
4972.4 5001.3375 440.19166666666666 469.12916666666666 733.0666666666667 762.0041666666667 
5063.1375 5092.470833333334 414.1375 443.47083333333336 744.9708333333333 774.3041666666667 
5034.216666666666 5062.425 540.9875 569.1958333333333 671.8416666666667 700.05 
4786.229166666667 4815.041666666667 375.75 404.5625 564.4791666666666 593.2916666666666 
4835.845833333334 4863.845833333334 470.1375 498.1375 675.5541666666667 703.5541666666667 
4751.804166666667 4779.783333333334 369.8041666666667 397.78333333333336 717.2625 745.2416666666667 
4358.716666666666 4385.341666666666 342.175 368.8 458.025 484.65 
4473.658333333334 4501.366666666667 328.78333333333336 356.4916666666667 518.4083333333333 546.1166666666667 
4523.533333333334 4550.554166666667 418.9 445.92083333333335 542.7416666666667 569.7625 
4429.204166666666 4457.433333333333 365.32916666666665 393.55833333333334 474.6625 502.89166666666665 
4753.3875 4781.429166666667 438.825 466.8666666666667 647.7625 675.8041666666667 
4815.245833333333 4844.1 428.64166666666665 457.49583333333334 556.7041666666667 585.5583333333333 
4700.3375 4728.733333333334 350.15 378.54583333333335 633.0041666666667 661.4 
4813.291666666667 4840.8125 444.375 471.8958333333333 544.4583333333334 571.9791666666666 
4683.85 4712.120833333333 484.6625 512.9333333333333 527.8916666666667 556.1625 
4507.929166666667 4535.658333333334 350.4916666666667 378.22083333333336 552.1375 579.8666666666667 
4976.483333333334 5004.045833333334 390.4625 418.025 566.525 594.0875 
4620.566666666667 4648.379166666667 400.67083333333335 428.48333333333335 508.56666666666666 536.3791666666667 
4816.958333333333 4844.645833333333 386.5416666666667 414.2291666666667 570.2916666666666 597.9791666666666 
4626.470833333334 4653.533333333334 347.2625 374.325 577.1375 604.2 
4677.383333333333 4705.383333333333 319.3 347.3 507.05 535.05 
4937.4 4967.025 369.50416666666666 399.12916666666666 550.9416666666667 580.5666666666667 
4761.4625 4788.9 447.4625 474.9 482.92083333333335 510.35833333333335 
4865.041666666667 4894.458333333333 307.625 337.0416666666667 426.2916666666667 455.7083333333333 
4459.133333333333 4487.008333333333 317.96666666666664 345.84166666666664 476.55 504.425 
4780.695833333333 4809.2375 364.1375 392.6791666666667 554.9458333333333 583.4875 
4939.8 4968.320833333333 308.1125 336.6333333333333 405.05 433.5708333333333 
4806.833333333333 4834.541666666667 373.0416666666667 400.75 493.2916666666667 521.0 
4928.154166666666 4956.7375 356.71666666666664 385.3 502.1958333333333 530.7791666666667 
4864.775 4893.4625 413.04583333333335 441.73333333333335 517.9416666666667 546.6291666666667 
4997.7125 5026.379166666667 286.12916666666666 314.79583333333335 461.0875 489.75416666666666 
4990.679166666667 5020.304166666667 327.22083333333336 356.84583333333336 492.09583333333336 521.7208333333333 
4746.775 4775.108333333334 315.67083333333335 344.00416666666666 482.025 510.35833333333335 
4880.1875 4908.291666666667 301.0208333333333 329.125 526.1041666666666 554.2083333333334 
4643.379166666667 4671.8375 355.48333333333335 383.94166666666666 708.3791666666667 736.8375 
4776.416666666667 4803.8125 305.625 333.0208333333333 399.0 426.3958333333333 
4649.4625 4677.2125 451.9583333333333 479.7083333333333 694.7958333333333 722.5458333333333 
4595.4 4623.608333333334 370.0875 398.29583333333335 512.65 540.8583333333333 
4696.370833333333 4724.620833333333 395.975 424.225 530.6208333333333 558.8708333333333 
4667.745833333333 4696.079166666666 371.05833333333334 399.39166666666665 466.4125 494.74583333333334 
4767.495833333333 4795.745833333333 420.1625 448.4125 557.4958333333333 585.7458333333333 
4768.791666666667 4797.666666666667 433.4166666666667 462.2916666666667 597.2916666666666 626.1666666666666 
5023.833333333333 5053.520833333333 415.7291666666667 445.4166666666667 577.0833333333334 606.7708333333334 
4777.8625 4805.425 334.8 362.3625 460.52916666666664 488.09166666666664 
4948.7625 4977.158333333334 408.075 436.47083333333336 630.9291666666667 659.325 
4474.720833333334 4502.679166666667 301.1791666666667 329.1375 458.0541666666667 486.0125 
4653.8125 4681.770833333333 350.125 378.0833333333333 544.2708333333334 572.2291666666666 
