79.43243243243244 108.08108108108108 58.62162162162162 87.27027027027027 47.189189189189186 75.83783783783784 
48.054054054054056 76.70270270270271 46.24324324324324 74.89189189189189 33.83783783783784 62.486486486486484 
63.5945945945946 93.45945945945945 43.13513513513514 73.0 40.648648648648646 70.51351351351352 
70.75675675675676 102.10810810810811 53.21621621621622 84.56756756756756 43.08108108108108 74.43243243243244 
42.189189189189186 69.62162162162163 54.270270270270274 81.70270270270271 29.945945945945947 57.37837837837838 
60.729729729729726 92.48648648648648 52.32432432432432 84.08108108108108 46.54054054054054 78.29729729729729 
58.270270270270274 84.35135135135135 51.648648648648646 77.72972972972973 41.567567567567565 67.64864864864865 
49.108108108108105 75.86486486486487 40.32432432432432 67.08108108108108 32.054054054054056 58.810810810810814 
93.10810810810811 125.67567567567568 54.08108108108108 86.64864864864865 46.62162162162162 79.1891891891892 
110.48648648648648 136.16216216216216 66.45945945945945 92.13513513513513 47.37837837837838 73.05405405405405 
51.567567567567565 79.8108108108108 53.13513513513514 81.37837837837837 36.729729729729726 64.97297297297297 
60.7027027027027 90.29729729729729 53.75675675675676 83.35135135135135 42.67567567567568 72.27027027027027 
74.16216216216216 104.70270270270271 55.13513513513514 85.67567567567568 33.945945945945944 64.48648648648648 
89.8108108108108 120.75675675675676 46.729729729729726 77.67567567567568 48.78378378378378 79.72972972972973 
52.513513513513516 80.75675675675676 52.54054054054054 80.78378378378379 40.108108108108105 68.35135135135135 
135.48648648648648 162.51351351351352 58.21621621621622 85.24324324324324 51.351351351351354 78.37837837837837 
41.37837837837838 71.37837837837837 47.78378378378378 77.78378378378379 28.0 58.0 
68.78378378378379 97.70270270270271 56.37837837837838 85.29729729729729 58.83783783783784 87.75675675675676 
135.75675675675674 166.97297297297297 53.83783783783784 85.05405405405405 64.64864864864865 95.86486486486487 
62.270270270270274 92.54054054054055 53.83783783783784 84.10810810810811 45.891891891891895 76.16216216216216 
55.108108108108105 84.70270270270271 44.37837837837838 73.97297297297297 35.189189189189186 64.78378378378379 
79.72972972972973 109.45945945945945 56.2972972972973 86.02702702702703 60.32432432432432 90.05405405405405 
98.43243243243244 130.1891891891892 52.891891891891895 84.64864864864865 53.486486486486484 85.24324324324324 
48.7027027027027 79.91891891891892 45.270270270270274 76.48648648648648 38.54054054054054 69.75675675675676 
38.189189189189186 62.91891891891892 55.054054054054056 79.78378378378379 29.135135135135137 53.86486486486486 
41.270270270270274 68.02702702702703 52.891891891891895 79.64864864864865 34.78378378378378 61.54054054054054 
42.351351351351354 69.78378378378379 49.7027027027027 77.13513513513513 32.75675675675676 60.189189189189186 
45.189189189189186 73.56756756756756 60.4054054054054 88.78378378378379 34.7027027027027 63.08108108108108 
77.43243243243244 107.16216216216216 56.810810810810814 86.54054054054055 54.945945945945944 84.67567567567568 
41.21621621621622 67.02702702702703 44.189189189189186 70.0 32.432432432432435 58.24324324324324 
69.37837837837837 96.8108108108108 50.75675675675676 78.1891891891892 49.027027027027025 76.45945945945945 
91.32432432432432 119.02702702702703 52.54054054054054 80.24324324324324 45.891891891891895 73.5945945945946 
57.891891891891895 81.67567567567568 56.945945945945944 80.72972972972973 35.513513513513516 59.2972972972973 
77.75675675675676 103.70270270270271 50.75675675675676 76.70270270270271 51.729729729729726 77.67567567567568 
58.0 87.1891891891892 54.78378378378378 83.97297297297297 40.2972972972973 69.48648648648648 
62.2972972972973 90.27027027027027 60.648648648648646 88.62162162162163 30.945945945945947 58.91891891891892 
70.08108108108108 99.94594594594595 56.32432432432432 86.1891891891892 47.351351351351354 77.21621621621621 
73.37837837837837 102.43243243243244 56.16216216216216 85.21621621621621 46.729729729729726 75.78378378378379 
44.432432432432435 69.56756756756756 53.972972972972975 79.10810810810811 29.405405405405407 54.54054054054054 
33.7027027027027 58.2972972972973 48.648648648648646 73.24324324324324 28.43243243243243 53.027027027027025 
60.2972972972973 88.27027027027027 58.270270270270274 86.24324324324324 42.054054054054056 70.02702702702703 
67.48648648648648 97.75675675675676 63.486486486486484 93.75675675675676 51.2972972972973 81.56756756756756 
55.16216216216216 83.13513513513513 59.16216216216216 87.13513513513513 43.67567567567568 71.64864864864865 
56.08108108108108 83.91891891891892 57.729729729729726 85.56756756756756 44.2972972972973 72.13513513513513 
44.054054054054056 71.62162162162163 55.027027027027025 82.5945945945946 34.486486486486484 62.054054054054056 
52.7027027027027 78.91891891891892 58.891891891891895 85.10810810810811 42.62162162162162 68.83783783783784 
84.70270270270271 113.35135135135135 53.08108108108108 81.72972972972973 53.108108108108105 81.75675675675676 
63.45945945945946 93.1891891891892 53.972972972972975 83.70270270270271 36.972972972972975 66.70270270270271 
51.054054054054056 79.83783783783784 65.51351351351352 94.29729729729729 40.91891891891892 69.70270270270271 
51.945945945945944 81.4054054054054 55.4054054054054 84.86486486486487 38.270270270270274 67.72972972972973 
