3811.7403846153848 3839.5048076923076 198.64903846153845 226.41346153846155 335.1057692307692 362.8701923076923 
4014.6490384615386 4042.028846153846 175.45192307692307 202.83173076923077 316.3317307692308 343.71153846153845 
3814.8798076923076 3843.389423076923 273.57211538461536 302.0817307692308 309.5432692307692 338.05288461538464 
3812.331730769231 3840.360576923077 195.71153846153845 223.7403846153846 289.6875 317.71634615384613 
4139.7932692307695 4167.9182692307695 239.8028846153846 267.92788461538464 271.8605769230769 299.9855769230769 
4132.173076923077 4161.379807692308 286.42788461538464 315.63461538461536 463.75961538461536 492.96634615384613 
4107.3125 4136.182692307692 271.94711538461536 300.8173076923077 401.78365384615387 430.65384615384613 
3944.105769230769 3972.855769230769 214.63942307692307 243.38942307692307 404.0576923076923 432.8076923076923 
3854.875 3883.0240384615386 272.625 300.77403846153845 353.91346153846155 382.0625 
4118.2067307692305 4147.317307692308 297.0480769230769 326.15865384615387 356.6201923076923 385.7307692307692 
3809.514423076923 3837.0384615384614 211.5096153846154 239.03365384615384 344.0817307692308 371.6057692307692 
3937.033653846154 3966.048076923077 258.90865384615387 287.9230769230769 256.3125 285.3269230769231 
4016.9134615384614 4044.8221153846152 235.19230769230768 263.10096153846155 383.9807692307692 411.8894230769231 
3905.9278846153848 3934.918269230769 249.63942307692307 278.6298076923077 307.6105769230769 336.60096153846155 
4037.0528846153848 4065.2259615384614 239.91826923076923 268.09134615384613 379.60096153846155 407.77403846153845 
3636.5384615384614 3663.1490384615386 188.35096153846155 214.96153846153845 338.36538461538464 364.97596153846155 
4098.538461538462 4126.8317307692305 216.54807692307693 244.84134615384616 314.11538461538464 342.40865384615387 
4196.947115384615 4225.4567307692305 213.26923076923077 241.77884615384616 315.3605769230769 343.8701923076923 
3914.0240384615386 3942.269230769231 331.86538461538464 360.1105769230769 481.1875 509.4326923076923 
3691.639423076923 3719.1875 299.28846153846155 326.83653846153845 386.0625 413.6105769230769 
3891.5528846153848 3919.9423076923076 191.0721153846154 219.46153846153845 283.3317307692308 311.72115384615387 
4142.783653846154 4172.0625 340.1875 369.46634615384613 435.71634615384613 464.9951923076923 
3870.778846153846 3900.033653846154 263.6105769230769 292.86538461538464 420.58653846153845 449.84134615384613 
3997.543269230769 4025.3798076923076 195.3125 223.14903846153845 400.0432692307692 427.8798076923077 
4080.2596153846152 4109.370192307692 239.86057692307693 268.97115384615387 334.63461538461536 363.7451923076923 
3993.298076923077 4021.5673076923076 261.47115384615387 289.74038461538464 468.8269230769231 497.09615384615387 
3838.875 3867.0 180.09615384615384 208.22115384615384 303.0576923076923 331.1826923076923 
3899.2596153846152 3928.4903846153848 203.6346153846154 232.8653846153846 377.28846153846155 406.5192307692308 
3772.7740384615386 3801.596153846154 179.27884615384616 208.10096153846155 379.84134615384613 408.66346153846155 
4043.360576923077 4070.860576923077 278.28365384615387 305.78365384615387 334.6105769230769 362.1105769230769 
3844.644230769231 3872.0240384615386 326.8894230769231 354.2692307692308 375.99038461538464 403.3701923076923 
3660.144230769231 3687.4278846153848 208.92307692307693 236.20673076923077 284.90384615384613 312.1875 
3913.033653846154 3940.9423076923076 234.0625 261.97115384615387 374.28365384615387 402.1923076923077 
3856.8509615384614 3884.3509615384614 272.65865384615387 300.15865384615387 292.52403846153845 320.02403846153845 
3869.1490384615386 3898.7403846153848 186.10576923076923 215.6971153846154 350.2067307692308 379.7980769230769 
3952.8221153846152 3981.403846153846 320.50961538461536 349.09134615384613 427.2451923076923 455.8269230769231 
4086.1826923076924 4114.908653846154 317.92788461538464 346.65384615384613 536.2788461538462 565.0048076923077 
4134.947115384615 4164.0817307692305 236.12019230769232 265.2548076923077 411.96634615384613 441.10096153846155 
3991.158653846154 4019.596153846154 259.8076923076923 288.2451923076923 416.39903846153845 444.83653846153845 
3961.8365384615386 3990.8990384615386 193.5625 222.625 446.25961538461536 475.32211538461536 
4010.346153846154 4038.519230769231 214.29326923076923 242.46634615384616 307.2692307692308 335.4423076923077 
4119.625 4149.625 227.55769230769232 257.5576923076923 455.1057692307692 485.1057692307692 
3755.1971153846152 3782.9615384615386 226.26442307692307 254.02884615384616 451.6875 479.4519230769231 
4049.3365384615386 4077.4134615384614 227.83173076923077 255.90865384615384 440.7307692307692 468.8076923076923 
3844.701923076923 3873.1153846153848 200.1971153846154 228.61057692307693 283.3557692307692 311.7692307692308 
3822.783653846154 3850.4759615384614 188.59134615384616 216.28365384615384 322.2067307692308 349.89903846153845 
3804.206730769231 3832.6923076923076 192.39423076923077 220.87980769230768 330.3605769230769 358.84615384615387 
3902.25 3932.081730769231 237.85096153846155 267.6826923076923 333.4519230769231 363.28365384615387 
4128.413461538462 4156.442307692308 295.13461538461536 323.16346153846155 385.0480769230769 413.0769230769231 
3804.139423076923 3833.033653846154 217.39903846153845 246.29326923076923 278.27403846153845 307.1682692307692 
