1922.3868613138686 1949.8321167883212 101.87591240875912 129.32116788321167 125.95620437956204 153.4014598540146 
2167.905109489051 2196.2262773722628 94.21897810218978 122.54014598540147 156.4817518248175 184.8029197080292 
2070.1605839416056 2098.4087591240877 92.02189781021897 120.27007299270073 166.76642335766422 195.01459854014598 
2080.3211678832117 2108.2773722627735 132.8832116788321 160.83941605839416 131.01459854014598 158.97080291970804 
1867.043795620438 1892.8102189781023 103.66423357664233 129.43065693430657 163.64963503649636 189.4160583941606 
2048.5036496350367 2077.5547445255474 93.01459854014598 122.06569343065694 124.96350364963503 154.01459854014598 
2066.2627737226276 2094.3649635036495 98.86131386861314 126.96350364963503 131.4087591240876 159.5109489051095 
2072.0510948905107 2101.832116788321 95.43065693430657 125.21167883211679 156.71532846715328 186.4963503649635 
1858.6569343065694 1887.1605839416059 78.56204379562044 107.06569343065694 129.02919708029196 157.53284671532847 
2054.4087591240877 2085.211678832117 99.01459854014598 129.8175182481752 150.13868613138686 180.94160583941607 
1963.197080291971 1990.8248175182482 83.94890510948905 111.57664233576642 146.23357664233578 173.86131386861314 
1979.8832116788321 2008.094890510949 99.92700729927007 128.13868613138686 147.94890510948906 176.16058394160584 
2061.29197080292 2089.978102189781 111.06569343065694 139.75182481751824 144.5985401459854 173.28467153284672 
1810.6204379562043 1839.6715328467153 100.08029197080292 129.13138686131387 147.7007299270073 176.75182481751824 
1763.0802919708028 1790.9270072992701 97.8905109489051 125.73722627737226 147.61313868613138 175.45985401459853 
2203.2335766423357 2233.4525547445255 107.01459854014598 137.23357664233578 178.23357664233578 208.45255474452554 
2381.5912408759123 2411.700729927007 103.86131386861314 133.97080291970804 131.1167883211679 161.22627737226279 
1915.846715328467 1944.2408759124087 96.74452554744525 125.13868613138686 136.3941605839416 164.78832116788323 
2134.8540145985403 2163.6496350364964 94.81751824817518 123.61313868613139 147.5912408759124 176.38686131386862 
2019.3941605839416 2048.4452554744526 99.00729927007299 128.05839416058393 132.1167883211679 161.16788321167883 
2005.4087591240875 2034.058394160584 101.53284671532846 130.1824817518248 113.47445255474453 142.12408759124088 
2207.3284671532847 2236.963503649635 106.64233576642336 136.27737226277372 138.45985401459853 168.09489051094891 
2265.802919708029 2295.5474452554745 101.08029197080292 130.82481751824818 139.79562043795622 169.54014598540147 
2049.2262773722628 2078.2408759124087 101.0 130.01459854014598 140.21167883211677 169.22627737226279 
2026.3357664233577 2056.3357664233577 89.16058394160584 119.16058394160584 115.58394160583941 145.5839416058394 
1844.9197080291972 1871.85401459854 92.77372262773723 119.7080291970803 147.0 173.93430656934308 
2156.3576642335765 2185.700729927007 96.51094890510949 125.85401459854015 163.62043795620437 192.96350364963504 
2059.6350364963505 2087.992700729927 102.66423357664233 131.02189781021897 122.73722627737226 151.09489051094891 
2123.2408759124087 2151.124087591241 105.92700729927007 133.8102189781022 128.6934306569343 156.57664233576642 
2067.189781021898 2095.29197080292 103.51094890510949 131.61313868613138 166.93430656934308 195.03649635036496 
2033.5182481751824 2060.598540145985 103.41605839416059 130.4963503649635 154.06569343065692 181.14598540145985 
1830.8102189781023 1858.0 112.77372262773723 139.96350364963504 170.7007299270073 197.8905109489051 
2051.970802919708 2080.9489051094893 95.64963503649635 124.62773722627738 125.0 153.97810218978103 
1759.2919708029196 1785.6788321167883 86.76642335766424 113.15328467153284 119.62043795620438 146.007299270073 
1975.2408759124087 2004.1824817518248 89.67883211678833 118.62043795620438 117.26277372262774 146.20437956204378 
2049.8467153284673 2077.6569343065694 84.87591240875912 112.68613138686132 143.24087591240877 171.05109489051094 
1892.7080291970804 1920.043795620438 112.03649635036497 139.37226277372264 143.1824817518248 170.5182481751825 
1983.4087591240875 2012.6423357664235 117.62043795620438 146.85401459854015 155.56204379562044 184.79562043795622 
2062.29197080292 2091.124087591241 89.95620437956204 118.78832116788321 136.4160583941606 165.24817518248176 
1791.7956204379561 1817.6350364963503 101.05109489051095 126.8905109489051 149.93430656934308 175.77372262773721 
1828.6204379562043 1857.4160583941605 84.56934306569343 113.36496350364963 119.60583941605839 148.4014598540146 
2087.824817518248 2116.4379562043796 96.47445255474453 125.08759124087591 125.16058394160584 153.77372262773721 
2210.124087591241 2239.3576642335765 97.41605839416059 126.64963503649635 135.13138686131387 164.36496350364965 
1638.3795620437957 1666.8832116788321 100.95620437956204 129.45985401459853 123.30656934306569 151.8102189781022 
1937.970802919708 1966.5109489051094 89.9051094890511 118.44525547445255 148.007299270073 176.54744525547446 
1983.6058394160584 2012.7664233576643 101.01459854014598 130.17518248175182 158.27737226277372 187.43795620437956 
1951.6569343065694 1978.3722627737227 93.39416058394161 120.1094890510949 133.8832116788321 160.5985401459854 
1857.970802919708 1886.1824817518248 112.58394160583941 140.79562043795622 130.74452554744525 158.95620437956205 
2105.3357664233577 2133.875912408759 90.2992700729927 118.83941605839416 144.13138686131387 172.67153284671534 
2114.197080291971 2142.7737226277372 91.60583941605839 120.18248175182482 132.4817518248175 161.05839416058393 
