2492.00625 2520.7875 116.85 145.63125 228.94375 257.725 
2726.7625 2755.45 97.69375 126.38125 196.1375 224.825 
2959.21875 2989.34375 143.03125 173.15625 247.34375 277.46875 
2851.53125 2879.65625 115.75 143.875 190.15625 218.28125 
2545.775 2574.8375 137.2125 166.275 238.2125 267.275 
2457.3375 2485.55625 127.025 155.24375 238.275 266.49375 
2556.175 2584.83125 134.175 162.83125 184.175 212.83125 
2570.48125 2599.075 121.3125 149.90625 158.16875 186.7625 
2575.59375 2604.1875 110.78125 139.375 160.40625 189.0 
2615.24375 2643.8375 212.65 241.24375 207.61875 236.2125 
2691.31875 2720.38125 112.19375 141.25625 181.25625 210.31875 
2551.30625 2578.7125 112.80625 140.2125 204.99375 232.4 
2674.55 2702.39375 116.925 144.76875 172.925 200.76875 
2382.83125 2409.58125 146.51875 173.26875 159.20625 185.95625 
2661.18125 2689.275 117.9 145.99375 168.36875 196.4625 
2745.80625 2773.80625 112.18125 140.18125 245.24375 273.24375 
2601.85 2630.13125 101.81875 130.1 168.225 196.50625 
2503.7125 2531.0875 125.30625 152.68125 190.9625 218.3375 
2828.8625 2856.9875 121.51875 149.64375 214.925 243.05 
2654.06875 2682.6625 123.1 151.69375 172.60625 201.2 
2676.83125 2705.1125 103.39375 131.675 166.33125 194.6125 
2500.6625 2529.38125 135.44375 164.1625 160.2875 189.00625 
2986.6125 3016.05 123.64375 153.08125 256.8 286.2375 
2688.8125 2717.375 111.0 139.5625 180.4375 209.0 
2591.50625 2620.13125 141.81875 170.44375 191.38125 220.00625 
2248.69375 2276.06875 113.06875 140.44375 191.7375 219.1125 
2489.64375 2517.925 131.58125 159.8625 180.39375 208.675 
2805.64375 2834.9875 124.70625 154.05 187.20625 216.55 
2411.525 2438.5875 129.30625 156.36875 170.7125 197.775 
2451.575 2478.825 140.10625 167.35625 168.45 195.7 
2559.1875 2588.90625 106.6875 136.40625 197.5625 227.28125 
2550.19375 2579.1 129.31875 158.225 155.6125 184.51875 
2463.48125 2492.0125 115.0125 143.54375 136.11875 164.65 
2742.1 2770.6 114.4125 142.9125 191.2875 219.7875 
2524.2125 2552.24375 118.05625 146.0875 192.15 220.18125 
2432.8375 2460.7125 134.0875 161.9625 196.0875 223.9625 
2476.84375 2504.03125 104.03125 131.21875 167.53125 194.71875 
2436.81875 2464.35 109.0375 136.56875 162.75625 190.2875 
2552.98125 2581.7 115.79375 144.5125 211.01875 239.7375 
2578.75625 2607.19375 97.6625 126.1 177.50625 205.94375 
2593.98125 2621.73125 115.60625 143.35625 171.04375 198.79375 
2590.81875 2618.6625 114.44375 142.2875 216.75625 244.6 
2626.6125 2654.26875 118.425 146.08125 223.7375 251.39375 
2742.76875 2773.2375 113.325 143.79375 184.89375 215.3625 
2385.825 2412.7625 120.525 147.4625 206.225 233.1625 
2576.5875 2604.2125 102.4375 130.0625 153.4625 181.0875 
2613.1125 2641.14375 109.20625 137.2375 185.8 213.83125 
2630.3875 2658.5125 124.60625 152.73125 178.2 206.325 
2467.3 2495.58125 113.01875 141.3 172.3 200.58125 
2667.85625 2695.16875 150.325 177.6375 219.60625 246.91875 
