1632.184 1660.664 86.208 114.688 121.304 149.784 
1499.032 1526.552 85.672 113.192 121.448 148.968 
1678.112 1703.592 76.952 102.432 131.288 156.768 
1577.768 1606.208 90.728 119.168 145.928 174.368 
1561.864 1589.864 73.904 101.904 119.04 147.04 
1724.952 1753.192 95.192 123.432 130.352 158.592 
1902.152 1931.672 91.032 120.552 132.936 162.456 
1845.808 1874.088 118.648 146.928 165.688 193.968 
1368.112 1396.392 80.512 108.792 143.352 171.632 
1517.032 1544.192 85.792 112.952 114.592 141.752 
1853.136 1882.056 95.016 123.936 147.112 176.032 
1889.928 1919.648 93.232 122.952 145.248 174.968 
1604.08 1632.32 94.56 122.8 101.192 129.432 
1633.888 1662.368 82.648 111.128 104.168 132.648 
1630.424 1657.904 87.256 114.736 134.384 161.864 
1616.056 1644.736 95.424 124.104 136.504 165.184 
1558.4 1585.96 90.16 117.72 124.888 152.448 
1730.112 1758.592 81.272 109.752 129.976 158.456 
1802.536 1832.016 98.096 127.576 150.944 180.424 
1676.56 1705.48 86.048 114.968 112.28 141.2 
1810.048 1836.608 97.608 124.168 132.0 158.56 
1537.312 1564.992 96.872 124.552 124.536 152.216 
1852.208 1881.728 89.768 119.288 108.128 137.648 
1514.888 1542.488 89.48 117.08 109.728 137.328 
1295.632 1323.352 97.264 124.984 121.32 149.04 
1483.608 1510.008 92.408 118.808 127.744 154.144 
1497.232 1523.872 90.592 117.232 116.912 143.552 
1744.048 1771.488 91.368 118.808 120.92 148.36 
1396.432 1423.192 98.192 124.952 122.648 149.408 
1749.728 1779.088 95.768 125.128 139.064 168.424 
1790.744 1821.504 82.032 112.792 123.344 154.104 
1817.248 1846.328 85.488 114.568 119.072 148.152 
1616.328 1644.568 90.648 118.888 123.008 151.248 
1575.048 1602.808 98.048 125.808 113.928 141.688 
1606.928 1634.448 92.008 119.528 120.728 148.248 
1487.712 1515.872 94.832 122.992 116.976 145.136 
1837.84 1864.96 93.6 120.72 97.064 124.184 
1536.696 1565.296 95.096 123.696 119.664 148.264 
1535.2 1563.36 84.72 112.88 121.184 149.344 
1639.2 1667.76 86.04 114.6 128.44 157.0 
1637.264 1666.624 80.104 109.464 107.712 137.072 
1736.192 1764.712 82.112 110.632 111.672 140.192 
1413.92 1440.0 81.96 108.04 97.56 123.64 
1546.176 1573.576 84.696 112.096 111.488 138.888 
1468.224 1496.224 114.36 142.36 119.32 147.32 
1473.504 1501.264 105.944 133.704 131.496 159.256 
1886.96 1914.16 100.44 127.64 138.52 165.72 
1689.64 1716.24 90.96 117.56 121.6 148.2 
1671.48 1700.88 101.4 130.8 141.36 170.76 
1909.816 1938.416 106.096 134.696 147.704 176.304 
