4976.616935483871 5004.9838709677415 471.93548387096774 500.3024193548387 665.7701612903226 694.1370967741935 
4903.350806451613 4932.383064516129 458.30645161290323 487.33870967741933 491.85887096774195 520.891129032258 
4993.177419354839 5021.947580645161 346.4959677419355 375.26612903225805 474.14516129032256 502.9153225806452 
5232.4112903225805 5260.8588709677415 348.18548387096774 376.633064516129 547.4112903225806 575.858870967742 
5004.673387096775 5033.4838709677415 394.51209677419354 423.3225806451613 628.625 657.4354838709677 
5150.5887096774195 5178.935483870968 411.28629032258067 439.633064516129 611.1129032258065 639.4596774193549 
5126.028225806452 5155.322580645161 462.53629032258067 491.8306451612903 617.883064516129 647.1774193548387 
4958.826612903225 4986.951612903225 337.1653225806452 365.2903225806452 666.7701612903226 694.8951612903226 
5233.455645161291 5262.044354838709 352.46370967741933 381.0524193548387 505.9153225806452 534.5040322580645 
5060.701612903225 5089.532258064516 383.0282258064516 411.85887096774195 761.4274193548387 790.258064516129 
4909.741935483871 4938.1088709677415 395.3467741935484 423.71370967741933 555.5483870967741 583.9153225806451 
5098.455645161291 5126.681451612903 387.625 415.8508064516129 433.5766129032258 461.8024193548387 
5011.814516129032 5040.262096774193 461.6491935483871 490.0967741935484 618.9516129032259 647.3991935483871 
5049.375 5077.479838709677 458.1008064516129 486.2056451612903 606.875 634.9798387096774 
5054.806451612903 5082.729838709677 472.93951612903226 500.86290322580646 710.25 738.1733870967741 
5029.129032258064 5057.173387096775 421.35483870967744 449.3991935483871 563.0 591.0443548387096 
4628.427419354839 4656.330645161291 444.2540322580645 472.15725806451616 578.0241935483871 605.9274193548387 
5037.616935483871 5065.681451612903 464.64516129032256 492.7096774193548 695.7217741935484 723.7862903225806 
4789.306451612903 4817.834677419355 432.85483870967744 461.383064516129 541.5645161290323 570.0927419354839 
5005.975806451613 5033.012096774193 444.1008064516129 471.13709677419354 624.7258064516129 651.7620967741935 
4587.221774193548 4614.822580645161 394.491935483871 422.09274193548384 510.56854838709677 538.1693548387096 
5039.883064516129 5068.330645161291 393.91129032258067 422.35887096774195 532.7459677419355 561.1935483870968 
5321.060483870968 5351.241935483871 441.65725806451616 471.83870967741933 499.48790322580646 529.6693548387096 
4841.697580645161 4870.2661290322585 379.53629032258067 408.10483870967744 528.7540322580645 557.3225806451613 
5079.201612903225 5108.2137096774195 426.9032258064516 455.9153225806452 501.4193548387097 530.4314516129032 
5087.576612903225 5116.709677419355 419.3508064516129 448.48387096774195 568.3427419354839 597.4758064516129 
4966.145161290323 4993.947580645161 479.5403225806452 507.34274193548384 595.4193548387096 623.2217741935484 
5135.330645161291 5163.657258064516 407.03225806451616 435.35887096774195 671.5806451612904 699.9072580645161 
4855.258064516129 4882.677419354839 478.64516129032256 506.06451612903226 611.4274193548387 638.8467741935484 
5108.556451612903 5136.822580645161 330.44354838709677 358.7096774193548 488.71774193548384 516.983870967742 
4949.0362903225805 4977.846774193548 356.43951612903226 385.25 584.5201612903226 613.3306451612904 
5063.395161290323 5093.032258064516 416.883064516129 446.52016129032256 505.81451612903226 535.4516129032259 
4907.298387096775 4935.383064516129 413.4596774193548 441.5443548387097 608.6693548387096 636.7540322580645 
4945.540322580645 4973.241935483871 398.258064516129 425.9596774193548 579.8548387096774 607.5564516129032 
5048.032258064516 5076.5 331.96370967741933 360.43145161290323 582.9516129032259 611.4193548387096 
4907.592741935484 4935.314516129032 355.633064516129 383.35483870967744 615.133064516129 642.8548387096774 
5043.846774193548 5071.770161290323 430.1653225806452 458.08870967741933 669.733870967742 697.6572580645161 
4978.455645161291 5006.459677419355 357.28629032258067 385.2903225806452 486.52016129032256 514.5241935483871 
5116.330645161291 5145.302419354839 439.0241935483871 467.9959677419355 642.5403225806451 671.5120967741935 
5574.677419354839 5604.274193548387 439.27016129032256 468.866935483871 698.508064516129 728.1048387096774 
4977.75 5006.9637096774195 393.35483870967744 422.56854838709677 514.1612903225806 543.375 
5313.310483870968 5342.967741935484 493.5483870967742 523.2056451612904 617.4233870967741 647.0806451612904 
5177.048387096775 5206.282258064516 399.84274193548384 429.0766129032258 644.991935483871 674.2258064516129 
4426.826612903225 4453.943548387097 369.241935483871 396.35887096774195 556.5846774193549 583.7016129032259 
4670.2137096774195 4696.927419354839 331.3346774193548 358.0483870967742 501.78629032258067 528.5 
4894.4838709677415 4922.568548387097 400.2016129032258 428.28629032258067 658.8790322580645 686.9637096774194 
4880.237903225807 4907.879032258064 399.27016129032256 426.91129032258067 610.6008064516129 638.241935483871 
4936.532258064516 4965.221774193548 439.1733870967742 467.86290322580646 647.3790322580645 676.0685483870968 
5066.75 5094.310483870968 384.383064516129 411.94354838709677 514.733870967742 542.2943548387096 
4937.201612903225 4965.669354838709 445.1733870967742 473.64112903225805 582.4032258064516 610.8709677419355 
