37.56410256410256 67.6923076923077 60.282051282051285 90.41025641025641 33.87179487179487 64.0 
85.58974358974359 114.6923076923077 51.94871794871795 81.05128205128206 43.02564102564103 72.12820512820512 
47.87179487179487 78.0 53.07692307692308 83.2051282051282 39.82051282051282 69.94871794871794 
74.17948717948718 104.6923076923077 49.76923076923077 80.28205128205128 57.97435897435897 88.48717948717949 
57.07692307692308 83.23076923076923 54.76923076923077 80.92307692307692 41.94871794871795 68.1025641025641 
71.53846153846153 100.38461538461539 56.30769230769231 85.15384615384616 51.23076923076923 80.07692307692308 
63.07692307692308 91.92307692307692 65.56410256410257 94.41025641025641 43.717948717948715 72.56410256410257 
88.61538461538461 115.92307692307692 54.23076923076923 81.53846153846153 52.282051282051285 79.58974358974359 
109.92307692307692 137.10256410256412 59.717948717948715 86.8974358974359 49.58974358974359 76.76923076923077 
56.35897435897436 82.38461538461539 57.61538461538461 83.64102564102564 44.69230769230769 70.71794871794872 
47.05128205128205 72.43589743589743 57.38461538461539 82.76923076923077 41.666666666666664 67.05128205128206 
65.76923076923077 95.38461538461539 52.82051282051282 82.43589743589743 50.1025641025641 79.71794871794872 
52.87179487179487 80.6923076923077 51.84615384615385 79.66666666666667 38.12820512820513 65.94871794871794 
53.8974358974359 85.43589743589743 49.17948717948718 80.71794871794872 37.205128205128204 68.74358974358974 
52.717948717948715 78.74358974358974 61.58974358974359 87.61538461538461 41.666666666666664 67.6923076923077 
67.3076923076923 97.3076923076923 61.256410256410255 91.25641025641026 43.61538461538461 73.61538461538461 
63.84615384615385 94.48717948717949 61.87179487179487 92.51282051282051 44.23076923076923 74.87179487179488 
81.97435897435898 112.74358974358974 55.05128205128205 85.82051282051282 49.05128205128205 79.82051282051282 
68.46153846153847 96.02564102564102 65.92307692307692 93.48717948717949 35.64102564102564 63.205128205128204 
77.02564102564102 104.46153846153847 61.794871794871796 89.23076923076923 47.69230769230769 75.12820512820512 
85.35897435897436 115.74358974358974 52.35897435897436 82.74358974358974 39.38461538461539 69.76923076923077 
103.84615384615384 131.92307692307693 65.41025641025641 93.48717948717949 39.84615384615385 67.92307692307692 
64.94871794871794 91.87179487179488 52.666666666666664 79.58974358974359 45.15384615384615 72.07692307692308 
100.66666666666667 128.48717948717947 59.41025641025641 87.23076923076923 58.794871794871796 86.61538461538461 
51.205128205128204 80.94871794871794 53.97435897435897 83.71794871794872 35.69230769230769 65.43589743589743 
54.743589743589745 87.56410256410257 53.8974358974359 86.71794871794872 45.05128205128205 77.87179487179488 
82.07692307692308 111.56410256410257 57.46153846153846 86.94871794871794 44.256410256410255 73.74358974358974 
61.282051282051285 88.46153846153847 60.92307692307692 88.1025641025641 44.76923076923077 71.94871794871794 
58.17948717948718 87.28205128205128 56.51282051282051 85.61538461538461 36.15384615384615 65.25641025641026 
94.48717948717949 122.82051282051282 54.07692307692308 82.41025641025641 46.30769230769231 74.64102564102564 
66.41025641025641 94.35897435897436 54.282051282051285 82.23076923076923 48.41025641025641 76.35897435897436 
51.30769230769231 81.94871794871794 64.74358974358974 95.38461538461539 42.30769230769231 72.94871794871794 
70.17948717948718 94.66666666666667 60.56410256410256 85.05128205128206 51.43589743589744 75.92307692307692 
62.07692307692308 89.64102564102564 52.82051282051282 80.38461538461539 38.56410256410256 66.12820512820512 
64.28205128205128 89.92307692307692 52.743589743589745 78.38461538461539 46.56410256410256 72.2051282051282 
51.64102564102564 76.8974358974359 50.69230769230769 75.94871794871794 39.256410256410255 64.51282051282051 
77.82051282051282 107.05128205128206 51.12820512820513 80.35897435897436 44.53846153846154 73.76923076923077 
56.02564102564103 84.48717948717949 51.53846153846154 80.0 44.97435897435897 73.43589743589743 
56.282051282051285 84.23076923076923 54.05128205128205 82.0 34.717948717948715 62.666666666666664 
51.15384615384615 79.74358974358974 60.743589743589745 89.33333333333333 40.205128205128204 68.7948717948718 
55.1025641025641 83.3076923076923 60.58974358974359 88.7948717948718 37.53846153846154 65.74358974358974 
69.71794871794872 100.74358974358974 57.17948717948718 88.2051282051282 46.12820512820513 77.15384615384616 
93.33333333333333 123.58974358974359 52.84615384615385 83.1025641025641 56.69230769230769 86.94871794871794 
40.8974358974359 66.02564102564102 55.256410256410255 80.38461538461539 34.1025641025641 59.23076923076923 
94.33333333333333 121.25641025641026 61.23076923076923 88.15384615384616 49.333333333333336 76.25641025641026 
48.0 76.33333333333333 51.51282051282051 79.84615384615384 34.8974358974359 63.23076923076923 
72.92307692307692 103.82051282051282 52.46153846153846 83.35897435897436 43.58974358974359 74.48717948717949 
51.48717948717949 77.25641025641026 53.23076923076923 79.0 40.333333333333336 66.1025641025641 
89.48717948717949 118.33333333333333 55.30769230769231 84.15384615384616 46.30769230769231 75.15384615384616 
63.87179487179487 90.7948717948718 58.61538461538461 85.53846153846153 39.97435897435897 66.8974358974359 
