2086.8156028368794 2115.9645390070923 147.6241134751773 176.77304964539007 168.86524822695034 198.01418439716312 
2023.950354609929 2051.326241134752 93.70212765957447 121.07801418439716 194.12765957446808 221.5035460992908 
1898.7517730496454 1925.8439716312057 104.20567375886525 131.29787234042553 129.1418439716312 156.2340425531915 
1900.2340425531916 1927.5390070921985 88.32624113475177 115.63120567375887 136.22695035460993 163.53191489361703 
2221.432624113475 2250.1205673758864 102.09219858156028 130.78014184397162 183.52482269503545 212.2127659574468 
2243.659574468085 2272.1347517730496 103.34042553191489 131.81560283687944 142.84397163120568 171.31914893617022 
2085.567375886525 2113.4397163120566 98.31914893617021 126.19148936170212 184.11347517730496 211.98581560283688 
2182.4609929078015 2212.567375886525 91.86524822695036 121.97163120567376 194.12765957446808 224.2340425531915 
1920.8297872340424 1948.3120567375886 109.21985815602837 136.70212765957447 128.02836879432624 155.51063829787233 
2068.723404255319 2096.5248226950353 87.39007092198581 115.19148936170212 136.63120567375887 164.43262411347519 
2116.801418439716 2146.0921985815603 97.39007092198581 126.68085106382979 129.17730496453902 158.46808510638297 
2393.6028368794327 2423.354609929078 104.42553191489361 134.17730496453902 166.61702127659575 196.36879432624113 
2197.517730496454 2226.1347517730496 102.29078014184397 130.9078014184397 147.7304964539007 176.34751773049646 
2078.6170212765956 2106.7375886524824 110.74468085106383 138.86524822695034 170.60283687943263 198.72340425531914 
2095.191489361702 2123.028368794326 98.95744680851064 126.79432624113475 133.95035460992906 161.7872340425532 
2381.8794326241136 2412.340425531915 91.19858156028369 121.65957446808511 202.22695035460993 232.68794326241135 
2199.553191489362 2229.4113475177305 91.46099290780141 121.31914893617021 129.52482269503545 159.38297872340425 
2152.9432624113474 2180.6382978723404 111.79432624113475 139.48936170212767 156.47517730496455 184.17021276595744 
2172.177304964539 2199.7304964539007 96.39716312056737 123.95035460992908 145.33333333333334 172.88652482269504 
2187.851063829787 2217.3900709219856 95.01418439716312 124.55319148936171 142.96453900709218 172.5035460992908 
2014.5602836879432 2042.5390070921985 87.00709219858156 114.98581560283688 131.61702127659575 159.59574468085106 
1961.9078014184397 1988.468085106383 116.53191489361703 143.0921985815603 151.48936170212767 178.04964539007094 
2369.872340425532 2398.3475177304963 96.02127659574468 124.49645390070921 158.06382978723406 186.53900709219857 
2062.673758865248 2090.6170212765956 88.95035460992908 116.8936170212766 127.68794326241135 155.63120567375887 
2075.801418439716 2102.8581560283687 116.57446808510639 143.63120567375887 133.04964539007094 160.10638297872342 
2051.276595744681 2079.9290780141846 107.53191489361703 136.18439716312056 140.78014184397162 169.43262411347519 
1995.9078014184397 2024.0283687943263 104.32624113475177 132.4468085106383 119.1063829787234 147.22695035460993 
2163.2127659574467 2191.900709219858 88.43971631205673 117.12765957446808 136.22695035460993 164.91489361702128 
1668.2836879432625 1695.836879432624 102.11347517730496 129.66666666666666 139.80851063829786 167.36170212765958 
2341.9290780141846 2371.3617021276596 97.71631205673759 127.14893617021276 134.5177304964539 163.95035460992906 
2270.9929078014184 2299.468085106383 104.36170212765957 132.8368794326241 113.60283687943263 142.07801418439718 
1814.5744680851064 1842.659574468085 97.73049645390071 125.81560283687944 125.44680851063829 153.53191489361703 
2070.9078014184397 2100.482269503546 100.16312056737588 129.73758865248226 139.54609929078015 169.12056737588654 
2215.205673758865 2244.496453900709 94.77304964539007 124.06382978723404 121.86524822695036 151.15602836879432 
2356.248226950355 2385.503546099291 105.57446808510639 134.82978723404256 179.82978723404256 209.08510638297872 
2060.7021276595747 2089.2127659574467 113.9290780141844 142.43971631205673 171.90070921985816 200.4113475177305 
2109.8156028368794 2138.751773049645 95.97872340425532 124.91489361702128 130.13475177304966 159.0709219858156 
1926.6808510638298 1952.6382978723404 105.93617021276596 131.89361702127658 155.15602836879432 181.11347517730496 
2420.255319148936 2449.1560283687945 89.74468085106383 118.64539007092199 186.31914893617022 215.21985815602838 
2244.6170212765956 2272.595744680851 94.49645390070921 122.47517730496453 145.36170212765958 173.3404255319149 
2194.3120567375886 2223.886524822695 98.60283687943263 128.17730496453902 170.4468085106383 200.0212765957447 
2165.3829787234044 2194.354609929078 109.17021276595744 138.1418439716312 161.1631205673759 190.13475177304966 
1920.659574468085 1947.9290780141844 99.13475177304964 126.40425531914893 147.645390070922 174.91489361702128 
2380.0141843971633 2408.595744680851 104.05673758865248 132.63829787234042 174.0921985815603 202.67375886524823 
2347.659574468085 2377.8368794326243 95.08510638297872 125.26241134751773 130.81560283687944 160.99290780141843 
2349.872340425532 2379.446808510638 95.55319148936171 125.12765957446808 147.7659574468085 177.3404255319149 
1987.127659574468 2015.2482269503546 92.67375886524823 120.79432624113475 157.1631205673759 185.2836879432624 
2385.1063829787236 2414.0070921985816 91.53900709219859 120.43971631205673 166.70212765957447 195.60283687943263 
2091.0141843971633 2118.6028368794327 102.24113475177305 129.82978723404256 138.2836879432624 165.87234042553192 
1875.8297872340424 1903.5602836879432 90.09219858156028 117.822695035461 140.60992907801418 168.3404255319149 
