2221.093525179856 2250.0863309352517 92.3021582733813 121.29496402877697 135.66187050359713 164.6546762589928 
2057.2158273381297 2086.3525179856115 109.13669064748201 138.27338129496403 141.92805755395685 171.06474820143885 
2044.021582733813 2071.9352517985612 106.72661870503597 134.64028776978418 133.41007194244605 161.32374100719426 
2145.3309352517986 2173.028776978417 85.06474820143885 112.76258992805755 191.4820143884892 219.17985611510792 
1968.0 1995.6618705035971 129.63309352517985 157.29496402877697 143.20863309352518 170.8705035971223 
2049.3956834532373 2078.460431654676 121.98561151079137 151.0503597122302 161.9496402877698 191.01438848920864 
2226.4676258992804 2256.143884892086 103.39568345323741 133.07194244604315 137.79856115107913 167.4748201438849 
1993.410071942446 2021.1438848920864 91.84172661870504 119.57553956834532 131.93525179856115 159.66906474820144 
1899.2374100719423 1928.158273381295 114.37410071942446 143.29496402877697 146.89928057553956 175.82014388489208 
1950.9856115107914 1980.8057553956835 102.11510791366906 131.93525179856115 137.87769784172662 167.6978417266187 
2113.3812949640287 2141.798561151079 109.29496402877697 137.71223021582733 158.59712230215828 187.01438848920864 
2258.6978417266187 2286.9352517985612 120.7410071942446 148.97841726618705 155.97122302158274 184.20863309352518 
2027.7482014388488 2055.661870503597 97.45323741007195 125.36690647482014 146.77697841726618 174.69064748201438 
2136.539568345324 2163.4460431654675 96.9136690647482 123.82014388489209 115.49640287769785 142.40287769784172 
2031.8920863309352 2059.05035971223 113.03597122302158 140.19424460431654 150.41726618705036 177.57553956834533 
1949.611510791367 1977.5611510791366 102.46043165467626 130.41007194244605 168.58992805755395 196.53956834532374 
2123.359712230216 2152.4964028776976 106.5251798561151 135.66187050359713 124.58273381294964 153.71942446043167 
2175.820143884892 2204.4892086330933 88.66187050359713 117.33093525179856 165.64028776978418 194.30935251798562 
1973.8848920863309 2002.6978417266187 90.05755395683454 118.87050359712231 146.94244604316546 175.75539568345323 
2242.2158273381297 2270.7410071942445 97.11510791366906 125.64028776978417 156.59712230215828 185.12230215827338 
2050.4676258992804 2078.093525179856 91.43884892086331 119.06474820143885 129.42446043165467 157.0503597122302 
2134.8057553956833 2162.9352517985612 99.9136690647482 128.0431654676259 187.53956834532374 215.66906474820144 
2030.913669064748 2058.071942446043 118.27338129496403 145.431654676259 149.36690647482015 176.5251798561151 
1831.9352517985612 1857.474820143885 106.60431654676259 132.14388489208633 120.07194244604317 145.6115107913669 
2102.294964028777 2130.7841726618703 124.30935251798562 152.79856115107913 178.4388489208633 206.92805755395685 
2143.3812949640287 2172.482014388489 102.6978417266187 131.79856115107913 181.40287769784172 210.50359712230215 
2057.36690647482 2087.1870503597124 105.54676258992805 135.36690647482015 128.62589928057554 158.44604316546761 
2276.3237410071943 2304.561151079137 131.89208633093526 160.1294964028777 166.23021582733813 194.46762589928056 
2040.8129496402878 2067.863309352518 98.37410071942446 125.42446043165468 127.29496402877697 154.3453237410072 
2047.1654676258993 2075.223021582734 101.02877697841727 129.0863309352518 148.41726618705036 176.4748201438849 
2176.136690647482 2204.0863309352517 100.73381294964028 128.68345323741008 122.06474820143885 150.01438848920864 
2242.820143884892 2271.453237410072 93.74820143884892 122.38129496402878 165.58992805755395 194.22302158273382 
2014.1007194244605 2042.5179856115108 101.77697841726619 130.19424460431654 131.11510791366908 159.53237410071944 
2240.5971223021584 2270.453237410072 100.49640287769785 130.3525179856115 155.88489208633092 185.74100719424462 
2228.1079136690646 2257.748201438849 95.34532374100719 124.98561151079137 149.0791366906475 178.71942446043167 
2364.7913669064747 2395.36690647482 119.38848920863309 149.9640287769784 131.5179856115108 162.0935251798561 
2130.884892086331 2158.4028776978416 99.56834532374101 127.0863309352518 142.71942446043167 170.23741007194243 
2264.093525179856 2291.611510791367 91.56834532374101 119.0863309352518 143.62589928057554 171.14388489208633 
1913.1438848920864 1940.8057553956835 108.28776978417267 135.9496402877698 143.17985611510792 170.84172661870502 
1873.1510791366907 1900.4172661870505 99.9568345323741 127.22302158273381 118.10791366906474 145.37410071942446 
1909.6978417266187 1937.9712230215828 96.87050359712231 125.14388489208633 185.9208633093525 214.19424460431654 
2134.517985611511 2163.906474820144 99.94244604316546 129.33093525179856 147.57553956834533 176.9640287769784 
2150.4676258992804 2179.028776978417 96.51079136690647 125.07194244604317 136.18705035971223 164.74820143884892 
2076.63309352518 2105.482014388489 85.7841726618705 114.63309352517986 119.69064748201438 148.53956834532374 
2020.8273381294964 2050.3956834532373 105.85611510791367 135.42446043165467 176.0431654676259 205.6115107913669 
2135.7625899280574 2163.6043165467627 115.07913669064749 142.9208633093525 153.28057553956833 181.12230215827338 
2165.1294964028775 2193.726618705036 112.53237410071942 141.1294964028777 156.10071942446044 184.6978417266187 
1696.1942446043165 1722.3453237410072 101.73381294964028 127.88489208633094 117.88489208633094 144.0359712230216 
2230.7122302158273 2259.3812949640287 101.53237410071942 130.20143884892087 169.66906474820144 198.33812949640287 
2102.4748201438847 2132.3309352517986 95.28776978417267 125.14388489208633 177.53237410071944 207.3884892086331 
