3201.958549222798 3227.6580310880827 130.38860103626942 156.0880829015544 199.49740932642487 225.19689119170985 
3372.8911917098444 3400.119170984456 212.76683937823833 239.99481865284974 249.39378238341968 276.62176165803106 
3473.378238341969 3501.3056994818653 217.25906735751295 245.1865284974093 314.33678756476684 342.2642487046632 
3370.1088082901556 3397.414507772021 191.69948186528498 219.00518134715026 408.0621761658031 435.36787564766837 
3642.6735751295337 3670.7823834196893 247.67875647668393 275.78756476683935 337.6735751295337 365.7823834196891 
3576.9326424870465 3605.8704663212434 191.279792746114 220.21761658031087 307.47668393782385 336.4145077720207 
3395.7253886010362 3424.145077720207 170.0880829015544 198.50777202072538 303.21243523316065 331.63212435233163 
3274.7150259067357 3302.279792746114 169.03626943005182 196.60103626943004 207.53886010362694 235.10362694300517 
3619.922279792746 3648.3419689119173 215.0984455958549 243.5181347150259 368.2901554404145 396.7098445595855 
3552.740932642487 3581.2124352331607 172.3678756476684 200.83937823834196 350.5388601036269 379.0103626943005 
3477.839378238342 3506.3886010362694 165.33160621761658 193.88082901554404 256.10362694300517 284.65284974093265 
3519.777202072539 3547.419689119171 185.720207253886 213.36269430051814 285.96891191709847 313.61139896373055 
3485.1761658031087 3514.2435233160622 203.51295336787564 232.58031088082902 456.9637305699482 486.03108808290153 
3322.0051813471505 3350.139896373057 183.89119170984455 212.0259067357513 308.8704663212435 337.00518134715026 
3702.2642487046633 3731.79792746114 271.9740932642487 301.5077720207254 374.3626943005181 403.89637305699483 
3666.502590673575 3696.2435233160622 186.89119170984455 216.6321243523316 381.96891191709847 411.7098445595855 
3864.476683937824 3895.1761658031087 168.03626943005182 198.7357512953368 284.0362694300518 314.7357512953368 
3546.663212435233 3573.9948186528495 205.1761658031088 232.50777202072538 235.1865284974093 262.5181347150259 
3453.020725388601 3481.259067357513 187.79274611398964 216.03108808290156 393.6683937823834 421.90673575129534 
3456.3056994818653 3484.958549222798 157.28497409326425 185.9378238341969 265.91709844559585 294.5699481865285 
3419.9896373056995 3447.6580310880827 178.58031088082902 206.24870466321244 287.0621761658031 314.73056994818654 
3361.3886010362694 3390.145077720207 202.89119170984455 231.6476683937824 329.65284974093265 358.40932642487047 
3486.9481865284974 3514.8497409326424 148.84455958549222 176.7461139896373 250.39378238341968 278.2953367875648 
3723.4300518134714 3752.497409326425 164.67357512953367 193.74093264248705 299.7253886010363 328.79274611398966 
3389.6321243523316 3417.2746113989638 175.7357512953368 203.3782383419689 319.0362694300518 346.67875647668393 
3368.7357512953367 3395.60103626943 218.03108808290156 244.89637305699483 346.79274611398966 373.6580310880829 
3485.678756476684 3513.9948186528495 155.30051813471502 183.61658031088083 340.6269430051814 368.94300518134713 
3538.2642487046633 3566.60621761658 200.04663212435233 228.38860103626942 324.45595854922277 352.7979274611399 
3538.7461139896373 3566.077720207254 165.40932642487047 192.74093264248705 284.8341968911917 312.1658031088083 
3723.2487046632123 3751.279792746114 222.6424870466321 250.67357512953367 451.3056994818653 479.33678756476684 
3636.4507772020725 3665.0518134715026 178.66321243523316 207.2642487046632 356.47668393782385 385.0777202072539 
3282.9689119170985 3310.481865284974 168.75647668393782 196.26943005181346 246.0 273.51295336787564 
3376.777202072539 3404.39378238342 199.67875647668393 227.29533678756476 237.0621761658031 264.67875647668393 
3409.60103626943 3437.1917098445597 176.5336787564767 204.12435233160622 202.68393782383419 230.27461139896374 
3722.9896373056995 3752.3678756476684 193.1917098445596 222.5699481865285 308.4041450777202 337.7823834196891 
3627.5958549222796 3656.7668393782383 159.60103626943004 188.77202072538861 299.1243523316062 328.2953367875648 
3501.2279792746112 3528.9481865284974 144.7461139896373 172.4663212435233 333.3264248704663 361.04663212435236 
3817.3886010362694 3845.5751295336786 155.52849740932643 183.71502590673575 298.139896373057 326.3264248704663 
3509.5077720207255 3537.5129533678755 211.48704663212436 239.49222797927462 499.0673575129534 527.0725388601036 
3383.6683937823836 3411.699481865285 169.70466321243524 197.7357512953368 231.25906735751295 259.2901554404145 
3537.378238341969 3565.564766839378 185.6580310880829 213.84455958549222 310.6165803108808 338.8031088082902 
3492.4663212435235 3521.0673575129535 145.9222797927461 174.52331606217618 275.860103626943 304.4611398963731 
3417.8082901554403 3445.7616580310882 159.39896373056996 187.3523316062176 303.5854922279793 331.5388601036269 
3635.4922279792745 3665.20725388601 125.35751295336787 155.07253886010363 252.30569948186528 282.020725388601 
3548.559585492228 3577.2642487046633 157.0777202072539 185.78238341968913 289.3626943005181 318.0673575129534 
3680.1347150259066 3709.7461139896373 200.16062176165804 229.77202072538861 325.7564766839378 355.36787564766837 
3489.6943005181347 3519.0466321243525 148.92746113989637 178.279792746114 272.98445595854923 302.33678756476684 
3420.2124352331607 3448.373056994819 256.7979274611399 284.95854922279796 414.04145077720204 442.2020725388601 
3525.7461139896373 3552.818652849741 198.89119170984455 225.96373056994818 267.4818652849741 294.55440414507774 
3331.7720207253888 3358.8704663212434 208.98445595854923 236.08290155440415 223.66321243523316 250.76165803108807 
