121.88461538461539 152.17307692307693 60.63461538461539 90.92307692307692 58.40384615384615 88.6923076923077 
139.1346153846154 167.40384615384616 62.65384615384615 90.92307692307692 50.84615384615385 79.11538461538461 
93.13461538461539 122.17307692307692 54.86538461538461 83.90384615384616 48.5 77.53846153846153 
93.32692307692308 120.4423076923077 56.25 83.36538461538461 50.34615384615385 77.46153846153847 
174.23076923076923 204.90384615384616 58.53846153846154 89.21153846153847 65.76923076923077 96.4423076923077 
95.48076923076923 124.03846153846153 55.40384615384615 83.96153846153847 52.90384615384615 81.46153846153847 
80.4423076923077 108.71153846153847 51.98076923076923 80.25 55.96153846153846 84.23076923076923 
106.28846153846153 132.92307692307693 56.90384615384615 83.53846153846153 43.32692307692308 69.96153846153847 
224.82692307692307 256.0769230769231 67.0576923076923 98.3076923076923 65.32692307692308 96.57692307692308 
71.6923076923077 99.67307692307692 47.94230769230769 75.92307692307692 52.42307692307692 80.40384615384616 
96.6923076923077 124.28846153846153 56.25 83.84615384615384 47.92307692307692 75.51923076923077 
298.36538461538464 328.46153846153845 66.57692307692308 96.67307692307692 72.17307692307692 102.26923076923077 
83.65384615384616 112.01923076923077 66.46153846153847 94.82692307692308 42.90384615384615 71.26923076923077 
124.73076923076923 155.1153846153846 53.32692307692308 83.71153846153847 56.63461538461539 87.01923076923077 
116.34615384615384 146.34615384615384 58.05769230769231 88.0576923076923 50.90384615384615 80.90384615384616 
94.32692307692308 121.34615384615384 68.75 95.76923076923077 52.0 79.01923076923077 
68.42307692307692 95.25 50.5 77.32692307692308 43.17307692307692 70.0 
89.03846153846153 117.3076923076923 61.30769230769231 89.57692307692308 49.09615384615385 77.36538461538461 
88.13461538461539 115.15384615384616 49.44230769230769 76.46153846153847 49.09615384615385 76.11538461538461 
100.21153846153847 127.8076923076923 49.11538461538461 76.71153846153847 43.86538461538461 71.46153846153847 
165.3653846153846 195.75 55.80769230769231 86.1923076923077 63.07692307692308 93.46153846153847 
112.34615384615384 139.26923076923077 55.63461538461539 82.5576923076923 52.0 78.92307692307692 
95.86538461538461 122.5 63.67307692307692 90.3076923076923 50.53846153846154 77.17307692307692 
104.53846153846153 135.78846153846155 54.13461538461539 85.38461538461539 54.71153846153846 85.96153846153847 
94.09615384615384 122.9423076923077 61.26923076923077 90.11538461538461 57.03846153846154 85.88461538461539 
106.98076923076923 135.92307692307693 57.84615384615385 86.78846153846153 59.84615384615385 88.78846153846153 
121.51923076923077 150.46153846153845 49.55769230769231 78.5 57.03846153846154 85.98076923076923 
89.9423076923077 118.01923076923077 60.28846153846154 88.36538461538461 54.32692307692308 82.40384615384616 
126.84615384615384 155.30769230769232 62.76923076923077 91.23076923076923 46.32692307692308 74.78846153846153 
94.4423076923077 124.0576923076923 58.80769230769231 88.42307692307692 55.36538461538461 84.98076923076923 
76.61538461538461 104.98076923076923 59.25 87.61538461538461 46.92307692307692 75.28846153846153 
74.5 102.67307692307692 54.13461538461539 82.3076923076923 45.51923076923077 73.6923076923077 
90.07692307692308 118.15384615384616 63.11538461538461 91.1923076923077 60.0 88.07692307692308 
89.5 119.21153846153847 56.23076923076923 85.9423076923077 55.05769230769231 84.76923076923077 
108.23076923076923 139.19230769230768 64.07692307692308 95.03846153846153 55.51923076923077 86.48076923076923 
73.88461538461539 101.86538461538461 54.75 82.73076923076923 55.55769230769231 83.53846153846153 
189.0 217.75 58.84615384615385 87.59615384615384 60.03846153846154 88.78846153846153 
126.23076923076923 156.90384615384616 66.0576923076923 96.73076923076923 58.84615384615385 89.51923076923077 
93.40384615384616 122.73076923076923 54.86538461538461 84.1923076923077 51.36538461538461 80.6923076923077 
107.6923076923077 136.73076923076923 63.11538461538461 92.15384615384616 68.3076923076923 97.34615384615384 
74.51923076923077 102.21153846153847 55.76923076923077 83.46153846153847 49.23076923076923 76.92307692307692 
202.0 232.67307692307693 56.13461538461539 86.8076923076923 68.5576923076923 99.23076923076923 
163.96153846153845 193.96153846153845 52.57692307692308 82.57692307692308 62.53846153846154 92.53846153846153 
96.3076923076923 124.67307692307692 52.61538461538461 80.98076923076923 52.44230769230769 80.8076923076923 
73.07692307692308 102.59615384615384 58.82692307692308 88.34615384615384 43.65384615384615 73.17307692307692 
77.15384615384616 104.84615384615384 50.40384615384615 78.09615384615384 49.90384615384615 77.59615384615384 
75.92307692307692 103.32692307692308 53.46153846153846 80.86538461538461 42.44230769230769 69.84615384615384 
69.09615384615384 96.21153846153847 64.34615384615384 91.46153846153847 55.25 82.36538461538461 
56.34615384615385 84.42307692307692 57.28846153846154 85.36538461538461 41.13461538461539 69.21153846153847 
202.57692307692307 230.65384615384616 65.11538461538461 93.1923076923077 58.0 86.07692307692308 
