4042.2396313364056 4070.1198156682026 312.3963133640553 340.2764976958525 436.82488479262673 464.70506912442397 
4099.548387096775 4127.912442396313 293.5437788018433 321.9078341013825 414.1336405529954 442.49769585253455 
4516.202764976959 4545.419354838709 351.87557603686633 381.0921658986175 548.852534562212 578.0691244239631 
4149.677419354839 4178.4562211981565 200.29493087557603 229.073732718894 372.926267281106 401.70506912442397 
4158.036866359447 4186.239631336405 201.5299539170507 229.73271889400922 311.10138248847926 339.3041474654378 
4474.47465437788 4503.115207373272 254.70506912442397 283.3456221198157 451.68663594470047 480.3271889400922 
4236.387096774193 4263.990783410139 279.44700460829495 307.05069124423966 419.68202764976957 447.2857142857143 
4290.294930875576 4319.695852534563 308.926267281106 338.3271889400922 385.8479262672811 415.2488479262673 
4153.382488479263 4181.5161290322585 250.7373271889401 278.8709677419355 405.66359447004606 433.7972350230415 
4025.032258064516 4052.082949308756 235.96774193548387 263.0184331797235 387.7741935483871 414.82488479262673 
3923.3133640552996 3951.0552995391704 243.21658986175115 270.9585253456221 346.6543778801843 374.3963133640553 
4103.156682027649 4131.497695852535 272.852534562212 301.19354838709677 362.53456221198155 390.87557603686633 
4243.21198156682 4272.912442396313 252.77880184331798 282.47926267281105 369.4562211981567 399.15668202764977 
4026.9723502304146 4056.1428571428573 258.4884792626728 287.6589861751152 368.5622119815668 397.7327188940092 
4256.078341013825 4284.165898617512 239.28571428571428 267.37327188940094 502.3225806451613 530.4101382488479 
4221.9262672811055 4249.645161290323 254.70506912442397 282.42396313364054 356.3271889400922 384.04608294930875 
4443.506912442396 4472.5161290322585 284.0552995391705 313.06451612903226 515.3732718894009 544.3824884792626 
4141.511520737327 4170.290322580645 227.1152073732719 255.89400921658986 425.5437788018433 454.3225806451613 
3895.4055299539173 3923.4239631336404 228.52534562211983 256.5437788018433 362.0184331797235 390.036866359447 
4203.239631336405 4232.156682027649 307.3225806451613 336.2396313364055 543.7695852534562 572.6866359447005 
4108.253456221199 4136.294930875576 280.4746543778802 308.51612903225805 392.0552995391705 420.0967741935484 
3983.6774193548385 4011.8801843317974 225.58064516129033 253.78341013824885 376.14285714285717 404.3456221198157 
4173.829493087557 4202.608294930876 273.36866359447004 302.147465437788 493.57603686635946 522.3548387096774 
4065.1705069124423 4093.78801843318 296.8709677419355 325.4884792626728 488.741935483871 517.3594470046083 
4305.0138248847925 4333.6313364055295 298.778801843318 327.3963133640553 490.61290322580646 519.2304147465438 
4113.829493087557 4142.009216589861 234.64055299539172 262.82027649769583 345.28110599078343 373.46082949308754 
4382.9861751152075 4411.6036866359445 424.06912442396316 452.68663594470047 544.4377880184331 573.0552995391705 
4071.672811059908 4100.47465437788 260.5668202764977 289.36866359447004 382.66359447004606 411.46543778801845 
4013.9032258064517 4042.589861751152 262.82027649769583 291.5069124423963 450.19354838709677 478.88018433179724 
4343.880184331797 4373.78801843318 302.7235023041475 332.63133640552996 615.8847926267281 645.7926267281106 
4433.829493087557 4461.917050691244 269.82488479262673 297.91244239631334 417.7695852534562 445.85714285714283 
4257.746543778801 4285.880184331797 293.31336405529953 321.44700460829495 458.6912442396313 486.82488479262673 
4487.350230414747 4516.244239631336 243.76497695852535 272.6589861751152 430.73732718894007 459.63133640552996 
4357.115207373272 4387.138248847927 246.49769585253455 276.52073732718895 468.84331797235023 498.8663594470046 
4195.995391705069 4224.497695852535 255.11981566820276 283.6221198156682 374.5437788018433 403.04608294930875 
4281.843317972351 4311.082949308756 350.1705069124424 379.41013824884794 527.7649769585254 557.0046082949309 
4271.4838709677415 4299.248847926267 285.38709677419354 313.1520737327189 356.2534562211982 384.0184331797235 
4091.4239631336404 4119.465437788019 193.38248847926266 221.42396313364054 286.0552995391705 314.0967741935484 
4000.8341013824884 4028.36866359447 241.41935483870967 268.95391705069125 488.5990783410138 516.1336405529954 
4463.907834101383 4493.400921658987 336.184331797235 365.6774193548387 543.4239631336405 572.9170506912442 
4333.880184331797 4361.783410138249 414.5437788018433 442.44700460829495 517.1290322580645 545.0322580645161 
3911.377880184332 3939.6267281105993 219.66820276497697 247.91705069124424 341.95391705069125 370.2027649769585 
4180.3364055299535 4207.917050691244 274.2073732718894 301.78801843317973 544.6912442396314 572.2718894009216 
4195.612903225807 4224.138248847927 264.58986175115206 293.1152073732719 356.0967741935484 384.6221198156682 
4214.783410138249 4243.124423963133 204.94930875576037 233.29032258064515 344.7142857142857 373.0552995391705 
3904.304147465438 3931.63133640553 277.3087557603687 304.6359447004608 398.9815668202765 426.3087557603687 
4030.0138248847925 4057.7327188940094 334.94930875576034 362.66820276497697 301.6036866359447 329.3225806451613 
4251.5161290322585 4279.8110599078345 272.4331797235023 300.7281105990783 547.1152073732719 575.4101382488479 
4083.3225806451615 4112.331797235023 329.57603686635946 358.5852534562212 530.9032258064516 559.9124423963134 
4461.235023041475 4490.3133640553 238.8847926267281 267.963133640553 433.6543778801843 462.7327188940092 
