631.6704545454545 659.7386363636364 76.4659090909091 104.5340909090909 113.42045454545455 141.48863636363637 
676.6363636363636 703.625 82.85227272727273 109.8409090909091 98.77272727272727 125.76136363636364 
821.1363636363636 847.7272727272727 69.67045454545455 96.26136363636364 96.22727272727273 122.81818181818181 
600.5681818181819 628.8636363636364 66.9090909090909 95.20454545454545 79.0909090909091 107.38636363636364 
667.5340909090909 694.125 70.64772727272727 97.23863636363636 98.0909090909091 124.68181818181819 
944.6022727272727 975.625 73.5340909090909 104.55681818181819 84.73863636363636 115.76136363636364 
506.79545454545456 533.9545454545455 83.5 110.6590909090909 94.77272727272727 121.93181818181819 
584.9545454545455 613.7045454545455 73.86363636363636 102.61363636363636 82.625 111.375 
581.9886363636364 609.6590909090909 75.86363636363636 103.5340909090909 80.63636363636364 108.30681818181819 
665.7613636363636 694.6818181818181 67.875 96.79545454545455 90.88636363636364 119.80681818181819 
606.7954545454545 635.0340909090909 77.61363636363636 105.85227272727273 100.9090909090909 129.14772727272728 
455.71590909090907 483.4431818181818 68.4659090909091 96.19318181818181 90.76136363636364 118.48863636363636 
663.6590909090909 692.4090909090909 68.19318181818181 96.94318181818181 88.30681818181819 117.05681818181819 
690.5227272727273 717.1136363636364 70.81818181818181 97.4090909090909 72.43181818181819 99.02272727272727 
837.8977272727273 869.1477272727273 61.31818181818182 92.56818181818181 99.0340909090909 130.2840909090909 
739.1818181818181 768.4431818181819 77.20454545454545 106.4659090909091 85.43181818181819 114.69318181818181 
486.07954545454544 512.1022727272727 67.5 93.52272727272727 85.26136363636364 111.2840909090909 
905.5227272727273 934.3863636363636 66.875 95.73863636363636 98.7159090909091 127.57954545454545 
800.5113636363636 829.4886363636364 64.75 93.72727272727273 102.52272727272727 131.5 
708.0568181818181 736.5227272727273 85.0340909090909 113.5 112.5 140.9659090909091 
802.9204545454545 831.9545454545455 74.3409090909091 103.375 96.70454545454545 125.73863636363636 
761.125 791.5227272727273 74.43181818181819 104.82954545454545 87.45454545454545 117.85227272727273 
760.8522727272727 790.7954545454545 64.20454545454545 94.14772727272727 90.61363636363636 120.55681818181819 
792.7045454545455 818.5 76.36363636363636 102.1590909090909 72.60227272727273 98.39772727272727 
882.4090909090909 912.9772727272727 67.36363636363636 97.93181818181819 93.8409090909091 124.4090909090909 
522.8295454545455 550.3295454545455 69.0909090909091 96.5909090909091 85.23863636363636 112.73863636363636 
550.6022727272727 578.6704545454545 73.07954545454545 101.14772727272727 89.51136363636364 117.57954545454545 
745.3636363636364 774.2272727272727 82.17045454545455 111.0340909090909 102.67045454545455 131.5340909090909 
707.8863636363636 735.2727272727273 69.25 96.63636363636364 93.29545454545455 120.68181818181819 
710.7840909090909 739.0227272727273 73.68181818181819 101.92045454545455 70.9090909090909 99.14772727272727 
612.0568181818181 640.6363636363636 70.9090909090909 99.48863636363636 75.64772727272727 104.22727272727273 
681.125 707.3181818181819 70.5 96.69318181818181 79.85227272727273 106.04545454545455 
993.9318181818181 1021.8863636363636 84.4659090909091 112.42045454545455 101.8409090909091 129.79545454545453 
659.2954545454545 689.2954545454545 71.77272727272727 101.77272727272727 85.67045454545455 115.67045454545455 
589.0227272727273 616.2954545454545 63.42045454545455 90.69318181818181 74.04545454545455 101.31818181818181 
821.8409090909091 851.3295454545455 69.60227272727273 99.0909090909091 85.54545454545455 115.0340909090909 
729.9545454545455 757.8522727272727 72.73863636363636 100.63636363636364 91.89772727272727 119.79545454545455 
774.8068181818181 801.625 79.14772727272727 105.9659090909091 82.63636363636364 109.45454545454545 
781.0568181818181 809.4090909090909 75.3409090909091 103.69318181818181 97.36363636363636 125.7159090909091 
720.2045454545455 749.8068181818181 68.25 97.85227272727273 92.19318181818181 121.79545454545455 
631.375 659.5568181818181 64.31818181818181 92.5 73.60227272727273 101.7840909090909 
577.5227272727273 604.3409090909091 80.86363636363636 107.68181818181819 82.375 109.19318181818181 
764.0227272727273 790.8409090909091 81.45454545454545 108.27272727272727 82.0 108.81818181818181 
698.25 725.0113636363636 76.9090909090909 103.67045454545455 85.31818181818181 112.07954545454545 
831.4659090909091 859.7613636363636 70.19318181818181 98.48863636363636 85.89772727272727 114.19318181818181 
509.02272727272725 536.6931818181819 70.79545454545455 98.4659090909091 95.42045454545455 123.0909090909091 
642.5454545454545 670.3295454545455 78.61363636363636 106.39772727272727 91.625 119.4090909090909 
661.7386363636364 690.6022727272727 82.44318181818181 111.30681818181819 84.67045454545455 113.5340909090909 
775.0340909090909 802.5909090909091 71.61363636363636 99.17045454545455 96.52272727272727 124.07954545454545 
646.9204545454545 673.3409090909091 66.51136363636364 92.93181818181819 90.2840909090909 116.70454545454545 
