2809.1043956043954 2835.368131868132 143.46703296703296 169.73076923076923 218.17032967032966 244.43406593406593 
3184.3846153846152 3212.736263736264 159.8131868131868 188.16483516483515 223.54945054945054 251.9010989010989 
3138.4615384615386 3166.813186813187 147.8901098901099 176.24175824175825 215.71428571428572 244.06593406593407 
3167.197802197802 3194.9175824175823 133.93956043956044 161.65934065934067 168.46153846153845 196.1813186813187 
3011.554945054945 3038.8626373626375 157.85164835164835 185.15934065934067 271.77472527472526 299.0824175824176 
3453.3956043956046 3481.9395604395604 142.46153846153845 171.0054945054945 250.86813186813185 279.4120879120879 
2993.7912087912086 3021.620879120879 167.8901098901099 195.71978021978023 216.04395604395606 243.87362637362637 
3328.3241758241757 3357.6098901098903 121.4010989010989 150.6868131868132 187.66483516483515 216.95054945054946 
3244.730769230769 3272.4505494505493 191.92307692307693 219.64285714285714 333.0274725274725 360.74725274725273 
3325.7252747252746 3354.3516483516482 178.25824175824175 206.8846153846154 239.73626373626374 268.3626373626374 
3147.434065934066 3175.1813186813188 161.04395604395606 188.7912087912088 227.9835164835165 255.73076923076923 
3262.664835164835 3291.043956043956 168.9835164835165 197.36263736263737 281.8956043956044 310.27472527472526 
3420.6098901098903 3449.043956043956 246.47802197802199 274.9120879120879 270.11538461538464 298.54945054945057 
3241.1593406593406 3269.3736263736264 118.60989010989012 146.82417582417582 174.12637362637363 202.34065934065933 
3172.032967032967 3198.901098901099 151.74175824175825 178.6098901098901 203.4065934065934 230.27472527472528 
3360.5824175824177 3389.1263736263736 181.02197802197801 209.56593406593407 410.5274725274725 439.07142857142856 
3183.9285714285716 3213.9835164835163 160.64285714285714 190.6978021978022 224.47802197802199 254.53296703296704 
3116.0604395604396 3144.302197802198 143.46703296703296 171.7087912087912 280.18131868131866 308.4230769230769 
3104.9945054945056 3132.989010989011 179.63736263736263 207.63186813186815 350.2142857142857 378.2087912087912 
2784.4395604395604 2811.335164835165 147.48901098901098 174.3846153846154 208.6153846153846 235.51098901098902 
3276.5 3304.521978021978 165.74175824175825 193.76373626373626 266.6098901098901 294.63186813186815 
3273.296703296703 3302.3901098901097 171.8846153846154 200.97802197802199 227.03296703296704 256.1263736263736 
3357.8406593406594 3387.5384615384614 141.17582417582418 170.87362637362637 276.6868131868132 306.38461538461536 
3214.021978021978 3241.3846153846152 148.07692307692307 175.43956043956044 237.75824175824175 265.1208791208791 
2904.5274725274726 2932.0 135.34065934065933 162.8131868131868 203.92307692307693 231.3956043956044 
3139.098901098901 3165.71978021978 171.64835164835165 198.26923076923077 332.72527472527474 359.34615384615387 
3050.285714285714 3078.0054945054944 156.80769230769232 184.52747252747253 203.74725274725276 231.46703296703296 
3228.620879120879 3256.6428571428573 154.24175824175825 182.26373626373626 261.03846153846155 289.06043956043953 
3242.1758241758243 3270.4175824175823 178.9010989010989 207.14285714285714 276.35164835164835 304.5934065934066 
3489.0714285714284 3517.8626373626375 170.53296703296704 199.32417582417582 430.33516483516485 459.1263736263736 
3528.021978021978 3557.335164835165 139.83516483516485 169.14835164835165 279.010989010989 308.3241758241758 
3255.6593406593406 3284.423076923077 137.85714285714286 166.62087912087912 238.73626373626374 267.5 
3526.4945054945056 3556.21978021978 185.43956043956044 215.16483516483515 347.0989010989011 376.8241758241758 
3153.1263736263736 3180.076923076923 140.97802197802199 167.92857142857142 228.95054945054946 255.9010989010989 
3405.879120879121 3434.368131868132 139.12637362637363 167.6153846153846 283.7912087912088 312.2802197802198 
3066.7582417582416 3094.368131868132 147.47252747252747 175.08241758241758 308.4065934065934 336.0164835164835 
3007.631868131868 3035.1043956043954 138.9010989010989 166.37362637362637 306.9725274725275 334.44505494505495 
3213.1373626373625 3241.8736263736264 202.16483516483515 230.9010989010989 331.54395604395603 360.2802197802198 
3257.8901098901097 3285.912087912088 152.65384615384616 180.67582417582418 210.14285714285714 238.16483516483515 
3179.252747252747 3207.412087912088 175.74725274725276 203.9065934065934 255.62637362637363 283.7857142857143 
2990.5494505494507 3017.3901098901097 146.6813186813187 173.52197802197801 225.16483516483515 252.0054945054945 
3168.1593406593406 3195.4395604395604 133.85164835164835 161.13186813186815 217.55494505494505 244.83516483516485 
3152.5824175824177 3180.879120879121 211.73076923076923 240.02747252747253 260.7692307692308 289.0659340659341 
3264.5274725274726 3293.2912087912086 127.16483516483517 155.92857142857142 256.7802197802198 285.54395604395603 
3477.456043956044 3507.4285714285716 160.87912087912088 190.85164835164835 304.2142857142857 334.1868131868132 
3312.8076923076924 3341.543956043956 167.15384615384616 195.8901098901099 270.88461538461536 299.6208791208791 
3076.785714285714 3104.423076923077 191.85714285714286 219.4945054945055 246.84065934065933 274.47802197802196 
3083.2087912087914 3111.4505494505493 157.3186813186813 185.56043956043956 208.64835164835165 236.8901098901099 
3226.9505494505493 3256.098901098901 196.54395604395606 225.69230769230768 376.2912087912088 405.43956043956047 
3257.0 3286.3956043956046 170.48901098901098 199.8846153846154 253.64835164835165 283.04395604395603 
