126.42622950819673 154.54098360655738 71.11475409836065 99.22950819672131 56.16393442622951 84.27868852459017 
312.9836065573771 342.4918032786885 60.63934426229508 90.14754098360656 72.11475409836065 101.62295081967213 
101.50819672131148 129.86885245901638 63.622950819672134 91.98360655737704 56.59016393442623 84.95081967213115 
142.34426229508196 172.01639344262296 60.14754098360656 89.81967213114754 54.65573770491803 84.32786885245902 
129.37704918032787 156.01639344262296 68.8360655737705 95.47540983606558 53.31147540983606 79.95081967213115 
105.93442622950819 132.9016393442623 59.98360655737705 86.95081967213115 55.950819672131146 82.91803278688525 
204.29508196721312 233.88524590163934 52.49180327868852 82.08196721311475 60.721311475409834 90.31147540983606 
141.52459016393442 168.7377049180328 67.65573770491804 94.8688524590164 53.68852459016394 80.90163934426229 
208.98360655737704 239.72131147540983 57.67213114754098 88.40983606557377 68.37704918032787 99.11475409836065 
174.55737704918033 205.13114754098362 71.81967213114754 102.39344262295081 58.59016393442623 89.1639344262295 
191.75409836065575 220.0327868852459 73.60655737704919 101.88524590163935 60.868852459016395 89.14754098360656 
207.86885245901638 235.65573770491804 63.557377049180324 91.34426229508196 49.24590163934426 77.0327868852459 
109.26229508196721 137.21311475409837 60.32786885245902 88.27868852459017 56.295081967213115 84.24590163934427 
242.59016393442624 269.39344262295083 59.32786885245902 86.1311475409836 58.721311475409834 85.52459016393442 
84.72131147540983 112.26229508196721 57.049180327868854 84.59016393442623 46.14754098360656 73.68852459016394 
141.60655737704917 170.45901639344262 55.21311475409836 84.06557377049181 48.63934426229508 77.49180327868852 
123.81967213114754 151.68852459016392 56.49180327868852 84.36065573770492 60.50819672131148 88.37704918032787 
291.5245901639344 318.08196721311475 69.08196721311475 95.63934426229508 64.68852459016394 91.24590163934427 
207.81967213114754 237.9016393442623 60.83606557377049 90.91803278688525 62.01639344262295 92.09836065573771 
209.9016393442623 236.13114754098362 53.967213114754095 80.19672131147541 61.39344262295082 87.62295081967213 
161.27868852459017 188.24590163934425 59.049180327868854 86.01639344262296 48.14754098360656 75.11475409836065 
135.81967213114754 163.27868852459017 71.8688524590164 99.32786885245902 67.65573770491804 95.11475409836065 
167.45901639344262 195.49180327868854 63.65573770491803 91.68852459016394 60.98360655737705 89.01639344262296 
265.9672131147541 295.55737704918033 61.52459016393443 91.11475409836065 67.50819672131148 97.09836065573771 
113.1639344262295 140.37704918032787 59.19672131147541 86.40983606557377 49.459016393442624 76.67213114754098 
190.0 217.62295081967213 59.622950819672134 87.24590163934427 63.442622950819676 91.06557377049181 
241.19672131147541 270.4590163934426 69.22950819672131 98.49180327868852 65.09836065573771 94.36065573770492 
87.29508196721312 114.8360655737705 63.21311475409836 90.75409836065573 52.09836065573771 79.63934426229508 
197.2622950819672 225.45901639344262 67.88524590163935 96.08196721311475 73.1311475409836 101.32786885245902 
156.9672131147541 185.08196721311475 58.77049180327869 86.88524590163935 46.442622950819676 74.55737704918033 
118.9672131147541 144.04918032786884 59.36065573770492 84.44262295081967 61.85245901639344 86.93442622950819 
131.44262295081967 157.8360655737705 62.36065573770492 88.75409836065573 63.114754098360656 89.50819672131148 
200.0983606557377 228.45901639344262 66.04918032786885 94.40983606557377 70.27868852459017 98.63934426229508 
319.2295081967213 347.8360655737705 61.0655737704918 89.67213114754098 78.9672131147541 107.57377049180327 
102.60655737704919 130.9672131147541 66.93442622950819 95.29508196721312 53.60655737704918 81.9672131147541 
105.85245901639344 133.47540983606558 59.91803278688525 87.54098360655738 59.32786885245902 86.95081967213115 
145.9344262295082 175.27868852459017 66.18032786885246 95.52459016393442 54.75409836065574 84.09836065573771 
252.91803278688525 286.0327868852459 62.67213114754098 95.78688524590164 60.622950819672134 93.73770491803279 
188.52459016393442 215.1639344262295 64.40983606557377 91.04918032786885 73.34426229508196 99.98360655737704 
168.0983606557377 197.9344262295082 66.27868852459017 96.11475409836065 63.40983606557377 93.24590163934427 
149.40983606557376 175.55737704918033 70.29508196721312 96.44262295081967 62.40983606557377 88.55737704918033 
163.85245901639345 194.59016393442624 58.47540983606557 89.21311475409836 67.34426229508196 98.08196721311475 
199.8360655737705 230.24590163934425 57.032786885245905 87.44262295081967 62.09836065573771 92.50819672131148 
221.14754098360655 251.39344262295083 59.98360655737705 90.22950819672131 71.45901639344262 101.70491803278688 
293.91803278688525 323.59016393442624 59.459016393442624 89.1311475409836 60.68852459016394 90.36065573770492 
239.0983606557377 268.9344262295082 62.75409836065574 92.59016393442623 62.81967213114754 92.65573770491804 
310.8196721311475 338.60655737704917 75.65573770491804 103.44262295081967 77.31147540983606 105.09836065573771 
120.68852459016394 147.98360655737704 61.032786885245905 88.32786885245902 59.40983606557377 86.70491803278688 
91.98360655737704 118.29508196721312 60.09836065573771 86.40983606557377 55.14754098360656 81.45901639344262 
86.08196721311475 115.34426229508196 59.08196721311475 88.34426229508196 53.18032786885246 82.44262295081967 
