45.34375 72.84375 53.4375 80.9375 33.21875 60.71875 
50.09375 80.875 44.0625 74.84375 30.53125 61.3125 
41.96875 73.53125 56.3125 87.875 33.53125 65.09375 
48.875 78.09375 62.25 91.46875 36.0625 65.28125 
75.0625 101.0 63.59375 89.53125 49.0 74.9375 
48.0625 74.78125 45.625 72.34375 43.375 70.09375 
52.40625 77.875 51.53125 77.0 35.4375 60.90625 
64.28125 98.1875 59.34375 93.25 50.84375 84.75 
61.125 87.21875 52.40625 78.5 40.40625 66.5 
47.40625 71.15625 48.03125 71.78125 35.84375 59.59375 
38.75 68.28125 60.15625 89.6875 31.25 60.78125 
40.90625 69.03125 47.03125 75.15625 33.40625 61.53125 
54.875 81.59375 56.9375 83.65625 39.71875 66.4375 
49.46875 79.3125 53.59375 83.4375 41.46875 71.3125 
49.6875 73.90625 59.78125 84.0 42.1875 66.40625 
32.75 61.34375 53.28125 81.875 25.0 53.59375 
38.75 66.09375 48.5625 75.90625 30.3125 57.65625 
47.53125 78.625 45.9375 77.03125 33.21875 64.3125 
48.46875 77.21875 51.03125 79.78125 38.3125 67.0625 
52.3125 81.375 59.4375 88.5 38.875 67.9375 
75.09375 102.90625 54.3125 82.125 50.78125 78.59375 
107.84375 136.90625 64.8125 93.875 48.875 77.9375 
47.3125 75.125 48.5 76.3125 40.125 67.9375 
43.875 74.1875 64.375 94.6875 33.90625 64.21875 
30.53125 57.25 56.3125 83.03125 24.6875 51.40625 
37.0625 64.71875 59.34375 87.0 31.6875 59.34375 
54.9375 84.46875 63.5 93.03125 31.5 61.03125 
41.21875 68.25 63.28125 90.3125 34.78125 61.8125 
50.75 76.6875 44.4375 70.375 36.71875 62.65625 
49.25 79.5625 45.96875 76.28125 34.625 64.9375 
50.5 78.15625 42.875 70.53125 37.03125 64.6875 
61.15625 89.28125 57.34375 85.46875 36.1875 64.3125 
49.0 78.375 52.1875 81.5625 39.625 69.0 
61.5 89.625 49.59375 77.71875 42.34375 70.46875 
107.875 133.1875 59.375 84.6875 56.71875 82.03125 
39.625 67.28125 56.0625 83.71875 34.3125 61.96875 
42.875 69.90625 50.03125 77.0625 35.25 62.28125 
43.53125 67.75 54.8125 79.03125 32.5625 56.78125 
31.96875 57.4375 54.25 79.71875 25.5625 51.03125 
47.3125 74.5 61.78125 88.96875 37.375 64.5625 
54.0 84.0 43.90625 73.90625 46.3125 76.3125 
39.15625 67.28125 45.1875 73.3125 34.15625 62.28125 
59.46875 89.46875 49.90625 79.90625 47.625 77.625 
45.875 74.3125 55.78125 84.21875 39.9375 68.375 
50.78125 81.5625 61.6875 92.46875 42.96875 73.75 
58.25 85.125 51.09375 77.96875 42.78125 69.65625 
37.6875 63.3125 55.5 81.125 30.8125 56.4375 
46.1875 72.28125 49.5625 75.65625 31.03125 57.125 
39.5 67.3125 53.375 81.1875 32.0 59.8125 
41.9375 66.15625 49.71875 73.9375 35.0625 59.28125 
