4531.1330472103 4559.609442060086 366.2403433476395 394.7167381974249 608.4935622317597 636.9699570815451 
4359.845493562232 4387.914163090129 264.3047210300429 292.3733905579399 454.931330472103 483.0 
4651.596566523605 4680.502145922746 363.81974248927037 392.725321888412 448.48497854077254 477.3905579399142 
4400.12017167382 4427.652360515021 332.6609442060086 360.1931330472103 512.2875536480686 539.8197424892704 
4721.3304721030045 4749.055793991416 365.83261802575106 393.5579399141631 439.16309012875536 466.88841201716735 
4646.450643776824 4674.690987124463 398.1931330472103 426.4334763948498 528.6609442060086 556.9012875536481 
4651.50643776824 4680.304721030043 334.1931330472103 362.9914163090129 577.3218884120172 606.1201716738198 
4513.167381974249 4543.1030042918455 379.7038626609442 409.6394849785408 584.0472103004291 613.9828326180258 
4714.210300429185 4742.343347639485 312.85407725321886 340.9871244635193 599.725321888412 627.8583690987125 
4795.403433476395 4824.673819742489 307.4206008583691 336.6909871244635 651.9055793991416 681.175965665236 
4315.394849785408 4342.969957081545 330.7124463519313 358.2875536480687 464.81545064377684 492.3905579399142 
4616.931330472103 4645.321888412017 352.7639484978541 381.15450643776825 481.50214592274676 509.89270386266094 
4674.742489270387 4703.92703862661 346.16738197424894 375.3519313304721 335.0214592274678 364.20600858369096 
4400.377682403433 4428.403433476395 288.81545064377684 316.84120171673817 491.2575107296137 519.2832618025751 
4497.37339055794 4525.055793991416 426.40343347639487 454.08583690987126 505.46351931330474 533.1459227467811 
4846.592274678112 4876.4635193133045 335.15879828326183 365.0300429184549 563.1802575107296 593.0515021459228 
4557.454935622318 4585.523605150214 304.27896995708153 332.3476394849785 478.8068669527897 506.8755364806867 
4349.1416309012875 4376.652360515021 469.6437768240343 497.15450643776825 471.6952789699571 499.20600858369096 
4995.167381974249 5024.244635193133 467.7381974248927 496.81545064377684 662.2274678111588 691.304721030043 
4713.030042918455 4741.7639484978545 364.9227467811159 393.656652360515 499.40343347639487 528.137339055794 
4571.974248927038 4600.5364806866955 371.68669527897 400.2489270386266 507.44635193133047 536.0085836909872 
5032.712446351931 5062.261802575107 378.53218884120173 408.0815450643777 492.90557939914163 522.4549356223176 
4994.278969957081 5024.193133047211 368.1244635193133 398.0386266094421 546.4463519313305 576.3605150214593 
4375.3304721030045 4403.849785407725 291.3261802575107 319.84549356223175 405.48068669527896 434.0 
4428.824034334764 4455.884120171674 242.23605150214593 269.2961373390558 345.7124463519313 372.7725321888412 
4651.369098712446 4680.360515021459 351.2918454935622 380.2832618025751 524.0085836909872 553.0 
4548.090128755365 4577.296137339055 317.85836909871244 347.06437768240346 491.7167381974249 520.9227467811158 
4394.412017167382 4422.394849785408 291.44635193133047 319.42918454935625 408.1244635193133 436.10729613733906 
4454.390557939914 4482.888412017167 299.1931330472103 327.6909871244635 441.79399141630904 470.2918454935622 
4646.9914163090125 4674.974248927038 302.0343347639485 330.0171673819743 450.53218884120173 478.51502145922746 
4496.4635193133045 4524.489270386266 386.0343347639485 414.0600858369099 529.3605150214593 557.3862660944206 
4464.167381974249 4492.622317596567 272.0042918454936 300.45922746781116 397.9227467811159 426.3776824034335 
4467.635193133047 4494.9527896995705 348.5665236051502 375.8841201716738 448.6437768240343 475.9613733905579 
4714.304721030043 4743.06008583691 362.0 390.75536480686696 510.2918454935622 539.0472103004291 
4543.652360515021 4572.021459227468 267.9914163090129 296.3605150214592 679.381974248927 707.7510729613734 
4342.532188841202 4369.549356223176 318.2360515021459 345.25321888412014 432.3390557939914 459.3562231759657 
4405.2918454935625 4434.111587982833 336.25321888412014 365.07296137339057 468.9613733905579 497.78111587982835 
4531.188841201717 4558.6137339055795 291.725321888412 319.15021459227466 388.46351931330474 415.88841201716735 
4579.300429184549 4607.733905579399 287.87982832618025 316.31330472103 490.78111587982835 519.2145922746781 
4649.364806866953 4677.6695278969955 317.5793991416309 345.8841201716738 546.4678111587983 574.7725321888412 
4576.0 4604.905579399142 389.82403433476395 418.7296137339056 656.5793991416309 685.4849785407725 
4479.403433476395 4507.3862660944205 393.3948497854077 421.3776824034335 520.3690987124463 548.3519313304721 
4568.030042918455 4595.948497854078 350.50643776824035 378.42489270386267 470.84120171673817 498.7596566523605 
4621.442060085837 4651.549356223176 400.6094420600858 430.7167381974249 516.31330472103 546.4206008583691 
4595.888412017167 4624.042918454936 208.05150214592274 236.206008583691 529.0858369098712 557.2403433476395 
4674.43347639485 4702.56652360515 307.3991416309013 335.53218884120173 390.2489270386266 418.38197424892707 
4892.815450643777 4921.442060085837 406.3476394849785 434.9742489270386 545.1115879828326 573.7381974248927 
4827.545064377682 4856.579399141631 288.45922746781116 317.49356223175965 416.1931330472103 445.2274678111588 
4804.549356223176 4833.605150214592 352.7725321888412 381.82832618025753 631.9957081545065 661.0515021459228 
4627.729613733905 4657.150214592275 221.656652360515 251.07725321888412 317.87982832618025 347.30042918454933 
