4799.831223628692 4827.637130801688 330.30379746835445 358.1097046413502 419.59915611814347 447.40506329113924 
4664.514767932489 4693.122362869199 370.27848101265823 398.88607594936707 482.0464135021097 510.65400843881855 
4645.869198312236 4673.886075949367 409.5189873417722 437.53586497890296 466.56540084388183 494.5822784810127 
4957.392405063291 4986.4219409282705 444.59915611814347 473.62869198312234 542.5189873417721 571.548523206751 
4750.856540084388 4778.430379746836 320.9451476793249 348.5189873417722 522.6075949367089 550.1814345991561 
4978.717299578059 5007.303797468355 406.1814345991561 434.7679324894515 521.3544303797469 549.9409282700421 
4484.392405063291 4512.599156118144 244.9493670886076 273.15611814345993 506.3966244725738 534.6033755274261 
4569.9029535864975 4597.877637130801 325.13502109704643 353.1097046413502 547.8565400843881 575.831223628692 
4397.793248945148 4426.506329113924 295.789029535865 324.5021097046413 492.6666666666667 521.379746835443 
4640.962025316456 4668.008438818565 349.8270042194093 376.873417721519 395.0337552742616 422.0801687763713 
4400.341772151899 4428.274261603376 333.2489451476793 361.1814345991561 508.50632911392404 536.4388185654009 
4716.388185654008 4746.050632911392 347.5189873417722 377.1814345991561 468.0126582278481 497.67510548523205 
4981.0970464135025 5010.168776371308 497.58649789029533 526.6582278481013 536.9831223628692 566.0548523206751 
4756.0928270042195 4784.679324894515 393.55274261603375 422.1392405063291 500.67088607594934 529.2573839662447 
4816.890295358649 4846.109704641351 320.51476793248946 349.73417721518985 515.3080168776371 544.5274261603375 
4767.523206751055 4796.172995780591 411.32067510548524 439.9704641350211 625.1392405063291 653.789029535865 
4611.68776371308 4638.5864978902955 335.71729957805906 362.61603375527426 476.30801687763716 503.2067510548523 
4466.400843881856 4493.953586497891 367.45569620253167 395.0084388185654 458.61603375527426 486.168776371308 
4586.911392405063 4613.789029535865 330.8185654008439 357.69620253164555 390.2236286919831 417.1012658227848 
4538.911392405063 4567.2447257383965 385.8818565400844 414.2151898734177 644.2489451476794 672.5822784810126 
4872.818565400844 4901.616033755275 414.28270042194094 443.0801687763713 581.3206751054852 610.1181434599156 
4657.303797468355 4686.227848101265 308.8396624472574 337.76371308016877 445.8059071729958 474.7299578059072 
4594.544303797468 4623.320675105485 347.1223628691983 375.8987341772152 432.7510548523207 461.52742616033754 
4670.143459915612 4698.835443037975 405.8101265822785 434.5021097046413 450.3755274261603 479.0675105485232 
4618.523206751055 4645.611814345992 308.0084388185654 335.0970464135021 636.4345991561181 663.5232067510549 
4840.0717299578055 4868.805907172996 342.28691983122366 371.0210970464135 517.8565400843881 546.590717299578 
4838.476793248945 4866.957805907173 303.0886075949367 331.56962025316454 482.337552742616 510.8185654008439 
4941.7805907173 4971.717299578059 362.8059071729958 392.74261603375527 620.915611814346 650.8523206751055 
4769.126582278481 4797.818565400844 333.40506329113924 362.0970464135021 481.29957805907173 509.9915611814346 
4918.430379746836 4947.37552742616 361.63713080168776 390.5822784810127 470.9831223628692 499.9282700421941 
4524.447257383967 4551.7468354430375 328.67088607594934 355.9704641350211 465.9029535864979 493.2025316455696 
4803.632911392405 4832.873417721519 373.2447257383966 402.48523206751054 676.2700421940929 705.5105485232068 
4531.818565400844 4559.181434599156 571.0168776371308 598.379746835443 607.493670886076 634.8565400843881 
4537.274261603376 4564.679324894515 308.6455696202532 336.0506329113924 501.8523206751055 529.2573839662447 
4564.860759493671 4592.68776371308 375.36708860759495 403.1940928270042 383.9957805907173 411.82278481012656 
4841.506329113924 4869.945147679325 484.1518987341772 512.590717299578 650.0084388185654 678.4472573839662 
4958.451476793249 4987.502109704641 366.9029535864979 395.9535864978903 406.0253164556962 435.0759493670886 
4743.181434599156 4771.050632911392 304.57805907172997 332.44725738396625 436.28270042194094 464.1518987341772 
4943.320675105485 4971.970464135021 440.3966244725738 469.0464135021097 512.3291139240506 540.9789029535865 
4443.569620253164 4471.037974683544 464.0801687763713 491.54852320675104 396.54430379746833 424.0126582278481 
4666.455696202532 4693.7552742616035 366.28691983122366 393.58649789029533 413.7763713080169 441.0759493670886 
4345.181434599156 4373.430379746836 315.59071729957805 343.8396624472574 424.78059071729956 453.0295358649789 
4703.345991561181 4732.122362869199 312.13502109704643 340.9113924050633 513.662447257384 542.4388185654009 
4544.278481012659 4571.7468354430375 346.71729957805906 374.1856540084388 390.9240506329114 418.39240506329116 
4634.270042194093 4662.561181434599 457.2742616033755 485.56540084388183 594.6708860759494 622.9620253164557 
4623.970464135021 4651.966244725739 283.71308016877634 311.7088607594937 529.7721518987341 557.7679324894515 
4459.324894514768 4487.067510548523 322.1392405063291 349.8818565400844 592.0632911392405 619.8059071729958 
4719.68776371308 4748.548523206751 366.9367088607595 395.7974683544304 580.2573839662447 609.1181434599156 
4860.046413502109 4888.147679324895 390.9198312236287 419.0210970464135 547.367088607595 575.4683544303797 
4646.810126582279 4675.9029535864975 378.8818565400844 407.9746835443038 630.1223628691984 659.2151898734177 
