1183.2478632478633 1210.128205128205 83.14529914529915 110.02564102564102 98.41025641025641 125.2905982905983 
1554.6239316239316 1583.982905982906 79.17948717948718 108.53846153846153 109.67521367521367 139.03418803418805 
1217.7948717948718 1246.5555555555557 78.62393162393163 107.38461538461539 107.94017094017094 136.7008547008547 
1564.6068376068376 1593.5384615384614 86.82905982905983 115.76068376068376 120.07692307692308 149.008547008547 
1428.8803418803418 1457.5555555555557 93.37606837606837 122.05128205128206 109.66666666666667 138.34188034188034 
1430.5128205128206 1459.145299145299 83.90598290598291 112.53846153846153 94.27350427350427 122.90598290598291 
1510.3931623931624 1538.5982905982905 82.54700854700855 110.75213675213675 100.37606837606837 128.5811965811966 
1487.2649572649573 1515.8974358974358 78.12820512820512 106.76068376068376 100.1025641025641 128.73504273504273 
1398.8632478632478 1425.6581196581196 82.74358974358974 109.53846153846153 115.14529914529915 141.94017094017093 
1523.5726495726497 1552.8034188034187 94.98290598290598 124.21367521367522 153.63247863247864 182.86324786324786 
1401.4102564102564 1428.034188034188 90.95726495726495 117.58119658119658 154.2991452991453 180.92307692307693 
1176.7179487179487 1204.2393162393162 89.61538461538461 117.13675213675214 119.66666666666667 147.18803418803418 
1362.3247863247864 1388.991452991453 78.23076923076923 104.8974358974359 111.32478632478633 137.991452991453 
1570.2564102564102 1598.6752136752136 98.6923076923077 127.11111111111111 112.4957264957265 140.9145299145299 
1262.2222222222222 1290.854700854701 82.8119658119658 111.44444444444444 115.65811965811966 144.2905982905983 
1407.974358974359 1436.051282051282 80.73504273504274 108.8119658119658 129.24786324786325 157.32478632478632 
1366.837606837607 1396.3675213675215 88.83760683760684 118.36752136752136 110.73504273504274 140.26495726495727 
1635.1880341880342 1664.5470085470085 84.11965811965813 113.47863247863248 123.17948717948718 152.53846153846155 
1355.3589743589744 1383.5641025641025 86.28205128205128 114.48717948717949 125.90598290598291 154.11111111111111 
1429.025641025641 1458.8974358974358 89.34188034188034 119.21367521367522 116.82905982905983 146.7008547008547 
1382.094017094017 1410.2136752136753 94.44444444444444 122.56410256410257 110.71794871794872 138.83760683760684 
1223.6410256410256 1251.162393162393 88.2051282051282 115.72649572649573 130.15384615384616 157.67521367521368 
1435.068376068376 1463.4871794871794 77.33333333333333 105.75213675213675 101.6923076923077 130.11111111111111 
1495.5299145299145 1523.991452991453 85.84615384615384 114.3076923076923 151.0 179.46153846153845 
1361.7606837606838 1389.965811965812 92.17094017094017 120.37606837606837 122.52136752136752 150.72649572649573 
1156.2649572649573 1184.4273504273503 86.82905982905983 114.99145299145299 107.07692307692308 135.23931623931625 
1291.4700854700855 1318.8632478632478 80.87179487179488 108.26495726495726 124.76068376068376 152.15384615384616 
1724.91452991453 1754.2307692307693 82.86324786324786 112.17948717948718 117.86324786324786 147.17948717948718 
1313.2136752136753 1341.7179487179487 86.1025641025641 114.6068376068376 118.8119658119658 147.31623931623932 
1286.3418803418804 1313.7350427350427 76.38461538461539 103.77777777777777 118.23076923076923 145.6239316239316 
1342.2478632478633 1370.4957264957266 82.25641025641026 110.5042735042735 100.07692307692308 128.32478632478632 
1642.2393162393162 1672.7948717948718 84.58974358974359 115.14529914529915 131.68376068376068 162.23931623931625 
1400.5299145299145 1429.034188034188 89.46153846153847 117.96581196581197 114.96581196581197 143.47008547008548 
1320.4358974358975 1347.2735042735044 77.24786324786325 104.08547008547009 121.8974358974359 148.73504273504273 
1667.6153846153845 1696.4615384615386 80.7008547008547 109.54700854700855 107.73504273504274 136.5811965811966 
1528.7606837606838 1557.6495726495727 82.55555555555556 111.44444444444444 144.52991452991452 173.4188034188034 
1194.3589743589744 1221.068376068376 85.3931623931624 112.1025641025641 110.33333333333333 137.04273504273505 
1633.854700854701 1664.111111111111 93.4957264957265 123.75213675213675 111.84615384615384 142.10256410256412 
1260.982905982906 1286.4957264957266 83.87179487179488 109.38461538461539 109.61538461538461 135.12820512820514 
1144.1025641025642 1172.4786324786326 86.52991452991454 114.90598290598291 102.48717948717949 130.86324786324786 
1327.7777777777778 1356.1538461538462 76.26495726495726 104.64102564102564 104.5042735042735 132.8803418803419 
1361.7777777777778 1389.982905982906 77.94871794871794 106.15384615384616 110.23076923076923 138.43589743589743 
1328.948717948718 1356.5128205128206 83.16239316239316 110.72649572649573 105.06837606837607 132.63247863247864 
1534.820512820513 1563.7948717948718 88.52991452991454 117.5042735042735 115.87179487179488 144.84615384615384 
1374.6581196581196 1400.982905982906 81.96581196581197 108.2905982905983 113.67521367521367 140.0 
1400.4444444444443 1427.6666666666667 85.51282051282051 112.73504273504274 134.1196581196581 161.34188034188034 
1527.2051282051282 1556.6923076923076 84.82051282051282 114.3076923076923 122.94017094017094 152.42735042735043 
1503.8974358974358 1532.3162393162393 84.42735042735043 112.84615384615384 112.41880341880342 140.83760683760684 
1681.7435897435898 1710.2478632478633 91.97435897435898 120.47863247863248 149.64102564102564 178.14529914529913 
1280.08547008547 1306.6239316239316 81.5042735042735 108.04273504273505 104.82905982905983 131.36752136752136 
