8290.678873239436 8319.735211267605 1255.7633802816902 1284.8197183098591 1406.2985915492957 1435.3549295774649 
7965.828169014085 7994.2084507042255 1079.7718309859156 1108.1521126760563 1278.2084507042252 1306.5887323943662 
7840.360563380282 7868.149295774648 1028.7971830985916 1056.5859154929578 1361.9802816901408 1389.769014084507 
7654.039436619718 7682.377464788732 1142.4197183098593 1170.7577464788733 1338.5042253521126 1366.8422535211268 
8068.374647887324 8096.064788732394 1053.0647887323944 1080.7549295774647 1197.2619718309859 1224.9521126760562 
8348.974647887324 8377.566197183098 1060.8056338028168 1089.3971830985915 1345.4957746478874 1374.0873239436619 
7985.408450704225 8012.760563380281 1036.380281690141 1063.7323943661972 1331.0 1358.3521126760563 
7537.43661971831 7565.5352112676055 1057.9577464788733 1086.056338028169 1189.056338028169 1217.1549295774648 
8000.383098591549 8028.354929577465 1170.1154929577465 1198.0873239436619 1435.0732394366198 1463.0450704225352 
7823.070422535211 7850.788732394366 1167.7323943661972 1195.4507042253522 1274.380281690141 1302.0985915492959 
7786.070422535211 7814.4647887323945 1070.8450704225352 1099.2394366197184 1267.4366197183099 1295.8309859154929 
7540.712676056338 7568.0225352112675 1137.5154929577466 1164.825352112676 1318.7830985915493 1346.0929577464788 
7608.757746478873 7637.602816901408 992.3211267605634 1021.1661971830986 1290.0112676056337 1318.856338028169 
7866.512676056338 7895.385915492958 1222.4281690140845 1251.3014084507042 1445.0056338028169 1473.8788732394366 
7665.819718309859 7693.059154929578 1237.8056338028168 1265.0450704225352 1190.7915492957748 1218.030985915493 
8267.25633802817 8296.045070422535 1058.4676056338028 1087.256338028169 1222.9887323943663 1251.7774647887325 
7761.794366197183 7789.09014084507 949.8507042253522 977.1464788732394 1101.1605633802817 1128.456338028169 
7925.32676056338 7952.749295774648 1040.8197183098591 1068.2422535211267 1214.1577464788732 1241.5802816901407 
8013.853521126761 8042.008450704226 1101.5577464788732 1129.712676056338 1580.0647887323944 1608.2197183098592 
8194.929577464789 8223.94366197183 1208.5211267605634 1237.5352112676057 1505.7323943661972 1534.7464788732395 
7836.895774647887 7865.2338028169015 1143.5154929577466 1171.8535211267606 1323.0225352112675 1351.3605633802817 
7853.614084507042 7882.346478873239 1075.9098591549296 1104.6422535211268 1484.6422535211268 1513.374647887324 
7831.228169014084 7859.664788732394 1122.7915492957748 1151.2281690140844 1220.538028169014 1248.974647887324 
8188.298591549295 8216.805633802816 1065.0450704225352 1093.5521126760564 1352.3408450704226 1380.8478873239437 
8425.614084507042 8454.34647887324 1188.7549295774647 1217.487323943662 1418.6985915492958 1447.430985915493 
8112.816901408451 8140.774647887324 1156.4507042253522 1184.4084507042253 1231.0281690140846 1258.9859154929577 
7764.008450704226 7791.783098591549 1150.3464788732394 1178.1211267605634 1426.6704225352112 1454.4450704225353 
8052.191549295775 8079.923943661972 1136.8957746478873 1164.6281690140845 1467.8394366197183 1495.5718309859155 
7877.828169014085 7906.405633802817 973.912676056338 1002.4901408450704 1368.5464788732395 1397.123943661972 
7552.256338028169 7580.284507042254 1065.030985915493 1093.0591549295775 1400.692957746479 1428.7211267605635 
8187.704225352113 8216.788732394367 977.3098591549295 1006.3943661971831 1192.7323943661972 1221.8169014084508 
8020.191549295775 8048.543661971831 1108.5154929577466 1136.867605633803 1594.712676056338 1623.0647887323944 
7820.216901408451 7848.583098591549 1083.2450704225353 1111.6112676056339 1292.0056338028169 1320.3718309859155 
7881.816901408451 7910.112676056338 1098.619718309859 1126.9154929577464 1405.3521126760563 1433.6478873239437 
8139.346478873239 8169.0225352112675 1089.6845070422535 1119.3605633802817 1465.2197183098592 1494.8957746478873 
8042.157746478873 8070.087323943662 1067.918309859155 1095.8478873239437 1346.481690140845 1374.4112676056338 
8240.152112676056 8269.095774647887 999.5323943661972 1028.4760563380282 1207.0676056338027 1236.0112676056337 
7815.938028169014 7843.543661971831 1175.825352112676 1203.430985915493 1247.6704225352112 1275.2760563380282 
7999.92676056338 8028.54647887324 1018.9830985915493 1047.6028169014085 1249.7718309859156 1278.3915492957747 
7942.614084507042 7971.107042253521 1132.3323943661971 1160.825352112676 1238.5154929577466 1267.0084507042254 
7700.123943661972 7727.23661971831 933.7154929577465 960.8281690140846 1292.5042253521126 1319.6169014084508 
7509.0676056338025 7535.729577464789 926.856338028169 953.5183098591549 1114.7718309859156 1141.4338028169013 
7923.222535211267 7952.095774647887 1131.4760563380282 1160.349295774648 1320.6169014084508 1349.4901408450705 
8293.791549295775 8322.932394366197 1163.0732394366198 1192.2140845070423 1446.0591549295775 1475.2 
8124.430985915493 8153.205633802817 1200.2478873239436 1229.0225352112675 1340.6704225352112 1369.4450704225353 
7690.695774647887 7718.202816901408 1077.1464788732394 1104.6535211267606 1293.1887323943663 1320.6957746478872 
7512.23661971831 7540.194366197183 907.3915492957747 935.3492957746479 1352.8422535211268 1380.8 
7801.602816901408 7829.659154929577 1092.9267605633802 1120.9830985915494 1266.6591549295774 1294.7154929577464 
8172.270422535211 8201.101408450704 1122.2985915492957 1151.1295774647888 1431.1577464788732 1459.9887323943663 
8115.12676056338 8144.211267605634 1060.5492957746478 1089.6338028169014 1208.9718309859154 1238.056338028169 
