45915.9224137931 45944.4683908046 11731.350574712644 11759.896551724138 13427.169540229885 13455.715517241379 
45444.28045977012 45472.177011494256 11802.156896551724 11830.053448275861 12661.389655172414 12689.286206896551 
45176.47873563218 45204.32643678161 11724.07643678161 11751.924137931035 12418.507471264367 12446.355172413792 
45560.20172413793 45588.2591954023 11460.730459770115 11488.787931034483 11943.477586206896 11971.535057471265 
45829.098850574715 45857.14770114943 11471.231034482758 11499.27988505747 12388.777011494252 12416.825862068965 
45810.87816091954 45839.263218390806 11523.840804597701 11552.225862068966 13566.050574712644 13594.435632183908 
45923.17298850575 45951.520689655175 11680.371264367815 11708.71896551724 13038.661494252874 13067.0091954023 
45811.28908045977 45839.817816091956 11275.010344827586 11303.53908045977 12748.386781609195 12776.91551724138 
45608.136781609195 45635.96724137931 11641.366666666667 11669.197126436782 12298.562068965517 12326.392528735632 
45959.06091954023 45987.425862068965 11588.287931034483 11616.652873563218 12964.503448275862 12992.868390804597 
45725.738505747126 45753.83045977011 11587.597701149425 11615.689655172413 12887.451149425287 12915.543103448275 
45803.105747126436 45831.26666666667 11332.145977011494 11360.306896551725 12568.645977011494 12596.806896551725 
46020.9275862069 46049.13448275862 11472.122988505747 11500.329885057472 12649.145977011494 12677.352873563219 
45675.65402298851 45703.68563218391 11530.57643678161 11558.608045977011 12724.889655172414 12752.921264367817 
46169.62413793104 46197.940229885055 11687.147126436781 11715.463218390805 12751.675862068965 12779.99195402299 
45823.18563218391 45851.32643678161 11679.251724137932 11707.392528735632 12298.835057471264 12326.975862068966 
45439.074712643676 45467.16379310345 11516.301724137931 11544.3908045977 12703.068965517241 12731.158045977012 
45298.98505747126 45327.10862068966 11692.50804597701 11720.631609195403 12785.496551724138 12813.620114942529 
46175.57873563218 46204.04712643678 11612.97816091954 11641.446551724139 13077.417816091955 13105.886206896552 
46530.08505747127 46559.06206896552 11989.498850574713 12018.475862068966 13207.027586206896 13236.004597701149 
45330.87701149425 45358.74770114943 11780.963218390805 11808.833908045977 13000.72183908046 13028.592528735631 
45461.09137931035 45489.355747126436 11313.29827586207 11341.56264367816 12560.855747126438 12589.120114942529 
45583.97528735632 45612.38333333333 11255.090229885058 11283.498275862068 12603.182183908046 12631.590229885058 
45905.78448275862 45934.316091954024 11419.632183908046 11448.163793103447 12432.255747126437 12460.78735632184 
45709.67126436782 45737.86091954023 11382.714367816092 11410.904022988505 12924.424137931035 12952.613793103448 
45803.42873563219 45831.73908045977 11655.374137931034 11683.684482758621 12902.210344827587 12930.520689655172 
46015.02988505747 46043.19655172414 11375.004022988505 11403.170689655173 12816.518390804598 12844.685057471264 
45272.66091954023 45300.60632183908 11485.370689655172 11513.316091954022 12463.402298850575 12491.347701149425 
45911.21206896552 45939.59712643678 11137.289655172413 11165.674712643679 12450.516666666666 12478.901724137932 
45622.08908045977 45650.21551724138 11622.94540229885 11651.07183908046 12055.083333333334 12083.209770114943 
46380.503448275864 46408.69597701149 11605.517816091953 11633.710344827587 12731.526436781609 12759.71896551724 
46454.88448275862 46483.32126436781 11553.809770114942 11582.246551724138 12401.648850574713 12430.085632183907 
45387.302298850576 45415.379885057475 11747.276436781609 11775.354022988506 12231.934482758621 12260.012068965518 
46012.09252873563 46040.47471264368 11598.23908045977 11626.621264367815 12879.764942528736 12908.147126436781 
45560.3683908046 45588.47471264368 11748.040804597702 11776.147126436781 12920.00632183908 12948.112643678161 
45820.43793103448 45848.71666666667 11629.739655172414 11658.018390804598 12482.58735632184 12510.866091954023 
45940.55517241379 45969.02356321839 11508.15 11536.618390804597 12296.037931034483 12324.50632183908 
45497.15402298851 45525.263218390806 11399.654022988505 11427.763218390804 12747.424137931035 12775.533333333333 
46207.246551724136 46235.84712643678 11529.792528735632 11558.393103448276 12556.56264367816 12585.163218390804 
46221.64137931034 46250.01494252874 11751.00632183908 11779.379885057471 12966.848275862068 12995.22183908046 
45860.40689655172 45888.901149425285 11420.312068965517 11448.80632183908 12758.7 12787.194252873564 
46492.75 46521.33620689655 11427.488505747126 11456.074712643678 12926.313218390804 12954.899425287356 
45920.16609195402 45948.40172413793 11639.962068965517 11668.197701149425 12503.809770114942 12532.04540229885 
46601.114367816095 46629.979310344825 11672.967816091954 11701.832758620689 12884.86724137931 12913.732183908047 
46045.72643678161 46074.088505747124 11510.094252873563 11538.456321839081 12569.835632183907 12598.197701149425 
45608.785057471265 45637.2132183908 11413.443103448275 11441.871264367815 12503.86551724138 12532.293678160919 
45460.08505747127 45488.314942528734 11673.375287356323 11701.605172413792 12112.544827586207 12140.774712643679 
46146.25114942529 46174.81436781609 11567.759770114943 11596.322988505746 13369.10172413793 13397.664942528736 
45479.72183908046 45507.98620689655 11517.675862068965 11545.940229885058 12575.46896551724 12603.733333333334 
46462.621264367815 46491.012068965516 11360.477586206896 11388.868390804597 12578.71896551724 12607.109770114943 
