48315.075 48343.75833333333 12490.805555555555 12519.488888888889 14063.53611111111 14092.219444444445 
47007.89833333333 47035.67055555555 11587.912222222221 11615.684444444445 12659.726111111111 12687.498333333333 
46922.78333333333 46950.78055555555 12180.56111111111 12208.558333333332 13068.038888888888 13096.03611111111 
47543.63111111111 47571.92833333334 11915.797777777778 11944.095 13333.442222222222 13361.739444444445 
47992.061111111114 48020.51111111111 12045.96388888889 12074.413888888888 13036.466666666667 13064.916666666666 
47925.35611111111 47953.68666666667 12192.85611111111 12221.186666666666 13499.811666666666 13528.142222222223 
47472.97944444444 47501.23222222222 12299.693333333333 12327.94611111111 13032.168333333333 13060.42111111111 
47840.42555555556 47868.73111111111 12189.264444444445 12217.57 13348.192222222222 13376.497777777779 
47558.33833333333 47586.613333333335 11948.79388888889 11977.068888888889 12875.149444444445 12903.424444444445 
47722.58111111111 47750.75611111111 12064.250555555556 12092.425555555556 13450.40888888889 13478.583888888888 
47721.56611111111 47750.03277777778 12189.188333333334 12217.655 13254.760555555555 13283.227222222222 
47498.73944444444 47526.98111111111 11783.392222222223 11811.63388888889 13036.88388888889 13065.125555555556 
47725.16444444445 47753.58388888889 12039.345 12067.764444444445 13193.903333333334 13222.322777777777 
48279.78111111111 48308.44777777778 12218.961666666666 12247.628333333334 13227.486666666666 13256.153333333334 
47887.67277777778 47916.250555555554 12093.10611111111 12121.683888888889 13218.361666666666 13246.939444444444 
48290.94777777778 48319.32 12022.067222222222 12050.439444444444 13421.592222222222 13449.964444444444 
47892.865 47921.03722222222 12198.42888888889 12226.601111111111 13170.387222222222 13198.559444444445 
46857.24833333334 46885.63444444445 12059.620555555555 12088.006666666666 13791.653888888888 13820.04 
47732.22666666667 47760.61 12283.91 12312.293333333333 13028.754444444445 13057.137777777778 
47714.86777777778 47742.953888888886 11903.245555555555 11931.331666666667 12784.084444444445 12812.170555555556 
48160.008888888886 48188.36722222222 12041.63388888889 12069.992222222223 13427.314444444444 13455.672777777778 
47005.375555555554 47033.46444444444 12009.900555555556 12037.989444444445 12712.236666666666 12740.325555555555 
46935.82166666666 46964.013333333336 11787.577222222222 11815.76888888889 13354.277222222223 13382.468888888889 
47639.47777777778 47667.802777777775 12066.363888888889 12094.68888888889 13132.266666666666 13160.591666666667 
47734.76888888889 47762.86888888889 11927.88 11955.98 13308.013333333334 13336.113333333333 
46934.10722222222 46962.24055555555 12001.768333333333 12029.901666666667 13711.073888888888 13739.207222222221 
47066.98388888889 47095.19777777778 12116.122777777779 12144.336666666666 13351.972777777777 13380.186666666666 
47627.41166666667 47655.750555555554 12210.767222222223 12239.10611111111 13342.683888888889 13371.022777777778 
48032.04777777778 48060.31722222222 12022.808888888889 12051.078333333333 12825.142222222223 12853.411666666667 
47693.43 47721.83833333333 12175.424444444445 12203.832777777778 13778.274444444445 13806.682777777778 
48300.95 48329.425 12115.81388888889 12144.288888888888 14097.683333333332 14126.158333333333 
47063.50388888889 47092.01222222222 12101.723333333333 12130.231666666667 13547.403888888888 13575.912222222221 
47220.736666666664 47248.95333333333 11992.67 12020.886666666667 13416.864444444445 13445.08111111111 
47099.30388888889 47127.50666666667 12247.148333333333 12275.351111111111 13068.992777777778 13097.195555555556 
47367.227222222224 47395.763333333336 12008.89388888889 12037.43 13479.999444444444 13508.535555555556 
47174.29111111111 47202.59111111111 12143.98 12172.28 13099.813333333334 13128.113333333333 
47061.69388888889 47090.013333333336 12298.846666666666 12327.166111111112 12792.79388888889 12821.113333333333 
47293.43555555555 47321.482777777775 11959.996666666666 11988.04388888889 13179.957777777778 13208.005 
46915.528333333335 46943.55333333334 12060.311666666666 12088.336666666666 13628.339444444444 13656.364444444445 
47451.962222222224 47480.19 11869.67888888889 11897.906666666666 13140.162222222221 13168.39 
47450.6 47479.15833333333 12259.294444444444 12287.852777777778 13285.611111111111 13314.169444444444 
46996.77 47025.30333333334 12160.045 12188.578333333333 13616.708888888888 13645.242222222223 
48292.88055555556 48321.680555555555 12321.444444444445 12350.244444444445 13719.769444444444 13748.569444444445 
47154.080555555556 47182.34166666667 12157.841666666667 12186.102777777778 13170.986111111111 13199.247222222222 
47160.38444444445 47188.80388888889 11882.081666666667 11910.50111111111 13044.362222222222 13072.781666666666 
47822.621666666666 47851.16611111111 12229.868888888888 12258.413333333334 13127.121666666666 13155.666111111112 
46722.42555555556 46750.136666666665 11796.192222222222 11823.903333333334 12796.636666666667 12824.347777777777 
48013.88888888889 48042.51666666667 11723.058333333332 11751.68611111111 13155.266666666666 13183.894444444444 
47416.35722222222 47444.72388888889 12230.693333333333 12259.06 13569.573888888888 13597.940555555555 
47796.77333333333 47825.25111111111 12280.467777777778 12308.945555555556 13866.812222222223 13895.29 
