11298.668817204301 11328.1311827957 1892.1956989247312 1921.6580645161291 2251.81935483871 2281.2817204301077 
11228.905376344086 11256.744086021505 1933.0774193548386 1960.9161290322581 2187.367741935484 2215.206451612903 
11101.956989247312 11129.849462365592 1925.6236559139784 1953.516129032258 2363.494623655914 2391.3870967741937 
10897.436559139785 10925.544086021506 1912.694623655914 1940.8021505376344 2374.479569892473 2402.5870967741935 
11045.255913978495 11073.890322580644 1951.094623655914 1979.7290322580645 2479.804301075269 2508.4387096774194 
10719.470967741936 10747.245161290322 1950.116129032258 1977.8903225806453 1915.5247311827957 1943.2989247311828 
10926.010752688173 10953.731182795698 1784.8494623655913 1812.5698924731182 2001.225806451613 2028.9462365591398 
11006.744086021505 11035.356989247312 1863.7010752688172 1892.3139784946236 2221.5720430107526 2250.184946236559 
10956.02365591398 10984.733333333334 1868.2172043010753 1896.9268817204302 2264.5075268817204 2293.217204301075 
11274.724731182796 11303.789247311828 2017.7677419354839 2046.832258064516 2310.3268817204303 2339.3913978494625 
11025.462365591398 11053.774193548386 1905.784946236559 1934.0967741935483 2340.3978494623657 2368.7096774193546 
11075.012903225806 11103.29247311828 1759.152688172043 1787.4322580645162 2011.7118279569893 2039.9913978494624 
10916.767741935484 10944.875268817204 1760.316129032258 1788.4236559139786 1961.8967741935485 1990.0043010752688 
11007.78064516129 11036.329032258065 1793.1139784946236 1821.662365591398 2020.5440860215053 2049.0924731182795 
10692.931182795699 10720.329032258065 1807.415053763441 1834.8129032258064 2168.2752688172045 2195.6731182795697 
10656.258064516129 10684.720430107527 2005.0967741935483 2033.5591397849462 2161.6021505376343 2190.064516129032 
10908.956989247312 10936.78494623656 1896.247311827957 1924.0752688172042 2388.8172043010754 2416.6451612903224 
11042.703225806452 11071.993548387096 1874.2623655913978 1903.552688172043 2120.7139784946235 2150.004301075269 
10900.408602150537 10928.956989247312 1847.9569892473119 1876.505376344086 2128.978494623656 2157.52688172043 
10676.036559139786 10704.036559139786 1757.778494623656 1785.778494623656 1940.0258064516129 1968.0258064516129 
11186.438709677419 11215.427956989248 1915.1806451612904 1944.1698924731184 2302.4924731182796 2331.4817204301075 
10916.533333333333 10944.855913978494 1898.3182795698924 1926.6408602150539 2433.6838709677418 2462.006451612903 
10821.212903225807 10849.223655913978 1863.6 1891.610752688172 2141.65376344086 2169.664516129032 
10999.047311827957 11027.16559139785 1914.090322580645 1942.2086021505377 2099.036559139785 2127.1548387096773 
10568.032258064517 10595.548387096775 1880.8494623655913 1908.3655913978494 2162.989247311828 2190.505376344086 
11326.38064516129 11355.864516129031 2011.531182795699 2041.0150537634408 2508.756989247312 2538.2408602150535 
11136.260215053764 11164.71182795699 1897.2817204301075 1925.7333333333333 2260.2709677419357 2288.722580645161 
10952.898924731182 10980.823655913979 1779.7376344086022 1807.662365591398 2042.0064516129032 2069.931182795699 
10809.948387096774 10837.797849462366 1793.4967741935484 1821.3462365591397 2123.851612903226 2151.701075268817 
10992.28817204301 11019.8688172043 1841.2344086021506 1868.8150537634408 2338.169892473118 2365.750537634409 
10904.021505376344 10931.89247311828 1885.0967741935483 1912.967741935484 2256.6559139784945 2284.52688172043 
10961.234408602151 10989.70752688172 1960.2774193548387 1988.7505376344086 2128.772043010753 2157.2451612903224 
10861.797849462366 10888.948387096774 1717.3462365591397 1744.4967741935484 2065.378494623656 2092.5290322580645 
11371.159139784946 11400.374193548387 1941.1591397849463 1970.374193548387 2355.793548387097 2385.0086021505376 
10891.58064516129 10920.58064516129 2011.0537634408602 2040.0537634408602 2135.05376344086 2164.05376344086 
10424.008602150538 10450.836559139785 1779.8150537634408 1806.6430107526883 1944.2344086021506 1971.0623655913978 
11013.081720430107 11041.716129032258 1800.920430107527 1829.5548387096774 2340.1677419354837 2368.8021505376346 
10985.187096774194 11013.54193548387 2130.756989247312 2159.111827956989 2485.111827956989 2513.4666666666667 
11136.950537634408 11165.8 1991.8967741935485 2020.7462365591398 2323.6709677419353 2352.520430107527 
10981.156989247313 11009.404301075268 1908.7376344086022 1936.9849462365592 2376.1784946236558 2404.425806451613 
10862.152688172044 10890.71182795699 2014.2064516129033 2042.7655913978494 2225.9483870967742 2254.5075268817204 
11442.475268817205 11471.50752688172 1755.5397849462365 1784.5720430107526 2279.0021505376344 2308.0344086021505 
10966.6 10995.083870967743 1975.7182795698925 2004.2021505376345 2109.12688172043 2137.610752688172 
11695.34623655914 11725.066666666668 1973.5075268817204 2003.2279569892473 2349.0129032258064 2378.733333333333 
11173.950537634408 11202.187096774194 1815.7032258064517 1843.9397849462366 2078.4559139784947 2106.6924731182794 
10811.455913978494 10840.197849462365 1824.7354838709678 1853.4774193548387 2122.7139784946235 2151.4559139784947 
10632.015053763442 10660.359139784947 1963.6279569892474 1991.9720430107527 2296.4344086021506 2324.778494623656 
11038.939784946237 11067.197849462365 1904.090322580645 1932.348387096774 2055.789247311828 2084.047311827957 
10906.09677419355 10933.548387096775 1968.6666666666667 1996.1182795698924 2170.989247311828 2198.440860215054 
11034.65376344086 11063.320430107527 1707.4602150537635 1736.1268817204302 2266.341935483871 2295.0086021505376 
