33256.22625482625 33284.05250965251 7820.751351351351 7848.577606177606 8617.102702702703 8644.928957528957 
33253.55366795367 33281.302702702706 8246.453281853283 8274.202316602317 8865.611583011583 8893.360617760618 
33617.521235521235 33646.19691119691 8089.625482625483 8118.3011583011585 9325.239382239382 9353.915057915057 
33318.0888030888 33345.69498069498 8244.81081081081 8272.416988416988 8548.803088803088 8576.409266409266 
33400.728957528954 33429.07644787645 8405.844787644788 8434.192277992279 8942.377606177606 8970.725096525097 
34264.45714285714 34293.13281853282 8182.047876447877 8210.723552123553 8795.078764478765 8823.75444015444 
33277.50579150579 33305.72972972973 7951.374517374517 7979.598455598456 8750.1583011583 8778.38223938224 
33467.73822393822 33496.24787644787 8043.016216216216 8071.525868725868 8963.41776061776 8991.927413127412 
33798.86563706564 33827.06254826255 8138.776833976834 8166.973745173746 8805.348262548263 8833.545173745173 
33625.68494208494 33653.87027027027 7995.314285714286 8023.499613899614 8857.333590733591 8885.518918918919 
32905.83011583012 32933.91891891892 8297.432432432432 8325.521235521235 8747.972972972973 8776.061776061775 
33462.67027027027 33491.00617760618 7991.315057915058 8019.650965250965 9031.423166023165 9059.759073359073 
33773.63861003861 33802.10965250965 8240.515057915058 8268.9861003861 9032.430115830115 9060.901158301158 
33836.21158301158 33864.570656370655 8272.091891891892 8300.450965250966 9332.27722007722 9360.636293436293 
33456.1861003861 33484.10115830116 8372.371428571429 8400.286486486486 8889.525868725868 8917.440926640928 
34140.114285714284 34169.02162162162 8129.423166023166 8158.330501930502 8764.481081081081 8793.388416988417 
33705.91814671815 33734.12277992278 8204.377606177606 8232.58223938224 9267.844787644788 9296.04942084942 
33808.776061776065 33837.41698841699 8174.459459459459 8203.100386100386 8889.814671814673 8918.4555984556 
33789.62393822394 33817.66640926641 8192.210810810811 8220.253281853282 9146.585328185329 9174.6277992278 
33866.086486486485 33894.65405405405 8160.403088803088 8188.970656370657 9053.657915057915 9082.225482625483 
33030.05945945946 33057.92818532819 8156.584555984556 8184.453281853282 8762.905019305019 8790.773745173745 
33136.097297297296 33164.1861003861 8138.680308880309 8166.769111969112 8941.398455598455 8969.487258687259 
33830.9250965251 33859.26872586873 8239.538996138996 8267.882625482625 8663.183783783783 8691.527413127413 
32870.59305019305 32898.21467181467 8230.504247104247 8258.125868725869 8672.542857142857 8700.164478764478 
33045.16447876448 33072.88262548263 8253.376833976834 8281.094980694981 8756.967567567568 8784.685714285713 
33671.28416988417 33699.98301158301 8284.06023166023 8312.759073359073 9200.500386100386 9229.199227799229 
33238.32972972973 33266.6193050193 8309.02471042471 8337.314285714287 8852.41081081081 8880.700386100387 
34026.93281853282 34055.295752895756 8273.677992277992 8302.040926640926 8809.693436293437 8838.05637065637 
33680.72818532818 33708.73204633204 8091.662548262549 8119.66640926641 9073.156756756756 9101.160617760617 
34358.72123552123 34387.33513513514 8194.62084942085 8223.23474903475 9136.640154440154 9165.254054054054 
33698.26640926641 33726.45945945946 8271.359073359074 8299.552123552123 8791.791505791505 8819.984555984556 
33159.81930501931 33187.95057915058 7936.784555984556 7964.91583011583 9098.278764478764 9126.410038610038 
33740.171428571426 33768.30656370657 8300.98223938224 8329.117374517375 8798.692664092665 8826.8277992278 
33865.68108108108 33894.35675675676 8156.866409266409 8185.542084942085 9190.611583011583 9219.287258687258 
33967.57837837838 33995.96447876448 8249.686486486486 8278.072586872588 9000.555212355212 9028.941312741314 
33544.30347490348 33572.739768339765 8140.446332046332 8168.882625482625 8579.828571428572 8608.264864864865 
33928.63474903475 33956.41081081081 7947.02471042471 7974.800772200772 8600.32972972973 8628.105791505792 
33939.29961389962 33968.05250965251 8186.840154440154 8215.59305019305 9250.940540540541 9279.693436293437 
34003.715057915055 34032.37915057915 8123.155212355212 8151.819305019305 9209.95057915058 9238.614671814672 
33514.44864864865 33542.7498069498 8122.537451737452 8150.83861003861 9017.41776061776 9045.71891891892 
33814.26795366796 33842.73899613899 8104.87027027027 8133.341312741312 9083.885714285714 9112.356756756757 
33848.19459459459 33876.90501930502 8120.306563706564 8149.016988416988 8616.654054054054 8645.364478764479 
33863.66409266409 33892.25868725869 8289.911196911196 8318.505791505791 9208.23166023166 9236.826254826256 
33460.8 33488.81930501931 8220.290347490347 8248.309652509652 9517.869498069498 9545.888803088803 
33343.35366795367 33371.739768339765 8310.349806949807 8338.735907335908 9039.596911196912 9067.983011583012 
33429.43397683398 33457.59227799228 7969.06332046332 7997.221621621622 8902.959073359074 8931.117374517375 
33643.87027027027 33672.36061776062 8285.696525096526 8314.186872586872 9062.893436293436 9091.383783783784 
33885.661003861 33914.2555984556 7827.189961389961 7855.784555984556 8790.83861003861 8819.433204633204 
34157.65945945946 34186.23861003861 8300.219305019305 8328.798455598455 9034.296525096524 9062.875675675676 
33717.63629343629 33745.89111969112 8153.7559845559845 8182.010810810811 9566.867953667954 9595.12277992278 
