47922.1945054945 47950.524175824175 12223.307142857142 12251.636813186813 13380.13956043956 13408.469230769231 
48210.63736263736 48238.793956043955 12118.17857142857 12146.335164835165 13215.95054945055 13244.107142857143 
48327.864285714284 48356.416483516485 11978.182967032966 12006.735164835165 13340.996153846154 13369.548351648351 
47632.91923076923 47660.99340659341 12097.72967032967 12125.803846153845 13958.82032967033 13986.894505494505 
48120.971978021975 48149.2 12092.246703296703 12120.474725274726 13186.406043956044 13214.634065934066 
48481.623076923075 48510.186263736265 12244.068131868133 12272.631318681319 13757.21098901099 13785.774175824175 
47296.12912087912 47324.08241758242 12055.192307692309 12083.145604395604 13021.75 13049.703296703297 
48480.223076923074 48508.62142857143 12242.624175824176 12271.022527472527 13283.212087912088 13311.61043956044 
49007.618131868134 49036.34065934066 12215.642857142857 12244.365384615385 13535.541208791208 13564.263736263736 
48447.51593406594 48476.04065934066 12132.142307692307 12160.667032967032 13222.098351648352 13250.623076923077 
47940.387912087914 47968.23681318681 12004.335714285715 12032.184615384615 13232.827472527473 13260.676373626373 
48189.672527472525 48218.076373626376 12202.403296703296 12230.807142857142 13311.167032967032 13339.57087912088 
47858.63131868132 47886.76318681319 12149.202747252748 12177.334615384616 13195.77967032967 13223.911538461538 
48683.89505494505 48712.40879120879 12368.05989010989 12396.573626373627 13260.966483516484 13289.48021978022 
47967.47692307692 47995.54835164835 11870.182967032966 11898.254395604396 13363.323076923078 13391.394505494505 
47929.08241758242 47957.241758241755 12174.313186813188 12202.472527472528 13031.274725274725 13059.434065934065 
47801.5543956044 47830.09010989011 12386.348351648352 12414.884065934066 13268.5489010989 13297.084615384616 
48506.59010989011 48534.960989010986 12081.532417582417 12109.903296703296 13458.579120879122 13486.95 
48278.152747252745 48306.77637362637 12481.248901098901 12509.872527472528 12956.218681318682 12984.842307692308 
48545.48736263736 48573.84175824176 12235.297802197802 12263.652197802197 13701.481868131868 13729.836263736264 
47392.365934065936 47420.39615384615 12105.12967032967 12133.15989010989 13750.349450549451 13778.37967032967 
48369.86538461538 48398.17582417582 12185.282967032967 12213.593406593407 13223.063186813188 13251.373626373626 
47604.348351648354 47632.485714285714 12235.966483516484 12264.103846153846 13646.40879120879 13674.546153846153 
48480.48406593406 48509.014285714286 12145.75054945055 12174.280769230769 13243.808241758241 13272.338461538462 
47417.76758241758 47445.6521978022 11962.174175824175 11990.05879120879 12824.921428571428 12852.806043956043 
47857.96428571428 47886.21153846154 12219.920329670329 12248.167582417582 13293.651098901099 13321.898351648351 
48555.92417582418 48584.46538461538 12267.660439560439 12296.201648351649 13338.973626373627 13367.514835164835 
48217.97417582417 48246.74615384615 12132.438461538462 12161.21043956044 13072.704945054946 13101.476923076923 
47972.94065934066 48001.333516483515 11951.215384615385 11979.608241758242 13524.682417582417 13553.075274725275 
47743.57582417582 47771.92747252747 12234.325824175825 12262.677472527472 13280.812087912087 13309.163736263736 
48387.31043956044 48415.57417582418 12270.365384615385 12298.62912087912 13072.118131868132 13100.381868131868 
48819.01373626374 48847.41483516483 12044.024725274725 12072.425824175823 13004.17857142857 13032.579670329671 
48434.46373626374 48462.7467032967 12051.716483516484 12079.99945054945 12930.436263736263 12958.719230769231 
48911.7 48940.334615384614 12435.004945054945 12463.63956043956 13673.974725274726 13702.60934065934 
47838.23406593406 47866.37142857143 12169.73956043956 12197.876923076923 13118.245054945055 13146.382417582417 
47692.81428571429 47721.27857142857 12536.718131868132 12565.182417582417 13130.671428571428 13159.135714285714 
48474.88241758242 48503.401648351646 12171.775274725274 12200.294505494505 13421.810989010988 13450.33021978022 
47403.70714285714 47431.407692307694 11985.089010989012 12012.78956043956 13097.50934065934 13125.20989010989 
48070.484615384616 48098.833516483515 12343.143956043956 12371.492857142857 13470.41868131868 13498.767582417582 
47522.25274725275 47550.17857142857 12029.354395604396 12057.28021978022 13453.802197802197 13481.728021978022 
48258.36923076923 48286.96263736264 12160.393956043956 12188.987362637363 13786.182417582417 13814.775824175824 
48395.67692307692 48424.56153846154 12048.828021978023 12077.712637362638 13764.578021978023 13793.462637362638 
48228.51593406594 48257.27142857143 12207.254945054945 12236.01043956044 13097.587362637363 13126.342857142858 
48114.77087912088 48142.93021978022 11954.562087912087 11982.721428571429 12864.63901098901 12892.798351648351 
47508.374175824174 47536.4456043956 12354.234065934066 12382.305494505494 13107.802747252746 13135.874175824176 
48058.991758241755 48087.60164835165 12264.736263736264 12293.346153846154 13888.771978021978 13917.381868131868 
48377.857142857145 48406.26373626374 12259.483516483517 12287.89010989011 13417.456043956045 13445.862637362638 
48096.662637362635 48125.13241758242 12483.385164835165 12511.854945054945 13307.838461538462 13336.308241758241 
48066.17802197802 48094.776923076926 12155.48021978022 12184.079120879122 13715.969230769231 13744.568131868133 
47940.8 47969.00604395605 12376.992307692308 12405.198351648352 13679.12967032967 13707.335714285715 
