1172.0631578947368 1202.221052631579 72.74736842105263 102.90526315789474 108.67368421052632 138.83157894736843 
1083.4947368421053 1111.2842105263157 73.54736842105264 101.33684210526316 99.09473684210526 126.88421052631578 
812.3263157894737 842.1684210526316 76.83157894736843 106.67368421052632 114.36842105263158 144.21052631578948 
589.2210526315789 616.2736842105263 88.62105263157895 115.67368421052632 96.11578947368422 123.16842105263157 
656.3052631578947 685.2 72.98947368421052 101.88421052631578 93.88421052631578 122.77894736842106 
779.4315789473684 807.2210526315789 69.06315789473685 96.85263157894737 92.13684210526316 119.92631578947369 
733.1263157894737 760.7578947368421 70.14736842105263 97.77894736842106 93.21052631578948 120.84210526315789 
969.6210526315789 998.6210526315789 75.46315789473684 104.46315789473684 86.96842105263158 115.96842105263158 
631.1894736842105 657.3473684210526 80.26315789473684 106.42105263157895 82.33684210526316 108.49473684210527 
871.5684210526316 899.8315789473684 74.86315789473684 103.12631578947368 87.36842105263158 115.63157894736842 
987.6 1016.3894736842105 77.28421052631579 106.07368421052631 82.62105263157895 111.41052631578947 
682.2947368421053 709.8736842105263 73.34736842105264 100.92631578947369 72.94736842105263 100.52631578947368 
1123.2736842105264 1151.3263157894737 82.89473684210526 110.94736842105263 103.6842105263158 131.73684210526315 
1049.8631578947368 1079.7052631578947 70.77894736842106 100.62105263157895 87.4 117.2421052631579 
786.7684210526315 814.9263157894737 63.76842105263158 91.92631578947369 79.01052631578948 107.16842105263157 
1168.9157894736843 1198.7052631578947 87.08421052631579 116.87368421052632 110.29473684210527 140.0842105263158 
870.6315789473684 899.2631578947369 69.47368421052632 98.10526315789474 84.12631578947368 112.7578947368421 
830.7473684210527 858.1157894736842 69.9578947368421 97.32631578947368 90.72631578947369 118.09473684210526 
695.1684210526316 722.7473684210527 72.08421052631579 99.66315789473684 90.29473684210527 117.87368421052632 
902.7157894736843 932.2947368421053 76.29473684210527 105.87368421052632 93.43157894736842 123.01052631578948 
1104.8105263157895 1134.0210526315789 75.91578947368421 105.12631578947368 98.30526315789474 127.51578947368421 
946.421052631579 975.1052631578947 72.89473684210526 101.57894736842105 98.09473684210526 126.77894736842106 
987.8526315789474 1016.0631578947368 73.2 101.41052631578947 85.6421052631579 113.85263157894737 
731.0736842105263 758.2842105263157 69.4421052631579 96.65263157894736 97.56842105263158 124.77894736842106 
741.4526315789474 768.6105263157895 79.66315789473684 106.82105263157895 85.90526315789474 113.06315789473685 
911.9157894736842 939.9157894736842 72.70526315789473 100.70526315789473 106.08421052631579 134.0842105263158 
1217.5684210526315 1246.6736842105263 76.54736842105264 105.65263157894736 126.15789473684211 155.26315789473685 
870.4105263157895 900.3578947368421 67.25263157894737 97.2 96.61052631578947 126.5578947368421 
812.5157894736842 841.3578947368421 74.22105263157894 103.06315789473685 114.17894736842105 143.02105263157895 
795.9368421052632 823.4631578947368 80.88421052631578 108.41052631578947 116.02105263157895 143.54736842105262 
777.8 803.6421052631579 92.5578947368421 118.4 91.4421052631579 117.28421052631579 
721.7789473684211 748.8842105263158 79.2421052631579 106.34736842105264 88.62105263157895 115.72631578947369 
1064.7157894736843 1095.0842105263157 69.18947368421053 99.5578947368421 117.26315789473684 147.6315789473684 
822.3473684210526 850.2947368421053 77.66315789473684 105.61052631578947 87.7578947368421 115.70526315789473 
1096.957894736842 1127.0105263157895 71.36842105263158 101.42105263157895 108.97894736842105 139.03157894736842 
1111.9894736842105 1140.9368421052632 84.56842105263158 113.51578947368421 108.17894736842105 137.1263157894737 
649.4526315789474 677.0842105263158 69.13684210526316 96.76842105263158 88.74736842105263 116.37894736842105 
567.7473684210527 594.3789473684211 71.38947368421053 98.02105263157895 76.9578947368421 103.58947368421053 
936.8526315789474 964.0631578947368 78.69473684210526 105.90526315789474 95.73684210526316 122.94736842105263 
845.9263157894737 873.6631578947369 70.2421052631579 97.97894736842105 106.83157894736843 134.56842105263158 
735.7473684210527 763.8 80.48421052631579 108.53684210526316 116.46315789473684 144.5157894736842 
803.0736842105263 832.3894736842105 76.63157894736842 105.94736842105263 99.5578947368421 128.8736842105263 
1007.2947368421053 1037.9263157894736 71.71578947368421 102.34736842105264 97.33684210526316 127.96842105263158 
918.9052631578948 946.9052631578948 81.06315789473685 109.06315789473685 114.15789473684211 142.1578947368421 
931.5052631578948 958.4526315789474 68.97894736842105 95.92631578947369 95.2 122.14736842105263 
1110.6947368421052 1141.221052631579 63.05263157894737 93.57894736842105 85.2 115.72631578947369 
937.2421052631579 965.6105263157895 69.03157894736842 97.4 97.52631578947368 125.89473684210526 
1089.3368421052633 1117.3894736842105 79.86315789473684 107.91578947368421 108.6421052631579 136.69473684210527 
985.8421052631579 1013.9473684210526 84.05263157894737 112.15789473684211 97.43157894736842 125.53684210526316 
1027.9368421052632 1059.2526315789473 64.25263157894737 95.56842105263158 77.02105263157895 108.33684210526316 
