4680.314893617021 4707.974468085106 352.31489361702126 379.97446808510637 430.97446808510637 458.6340425531915 
4454.761702127659 4482.1659574468085 296.8042553191489 324.20851063829787 466.91063829787237 494.31489361702126 
4816.965957446809 4845.561702127659 362.4765957446809 391.07234042553193 557.6255319148936 586.2212765957447 
4747.451063829787 4775.685106382979 357.83404255319147 386.06808510638297 482.2808510638298 510.5148936170213 
4561.263829787234 4589.795744680851 230.0936170212766 258.6255319148936 385.4127659574468 413.9446808510638 
4948.702127659574 4977.085106382979 334.51063829787233 362.8936170212766 646.7234042553191 675.1063829787234 
4782.123404255319 4811.123404255319 395.2936170212766 424.2936170212766 554.3574468085106 583.3574468085106 
4802.144680851064 4830.825531914894 383.4851063829787 412.16595744680853 429.2723404255319 457.9531914893617 
4660.1659574468085 4688.868085106383 340.97446808510637 369.67659574468087 452.4 481.1021276595745 
4565.272340425532 4592.931914893617 338.12340425531914 365.78297872340426 548.7404255319149 576.4 
4827.778723404255 4856.097872340426 301.3744680851064 329.6936170212766 397.3744680851064 425.6936170212766 
4656.710638297873 4685.221276595745 288.15744680851066 316.668085106383 516.9191489361702 545.4297872340426 
4894.297872340426 4923.63829787234 446.2340425531915 475.5744680851064 589.0425531914893 618.3829787234042 
4856.795744680851 4885.497872340426 331.37021276595743 360.07234042553193 558.9021276595745 587.6042553191489 
4751.842553191489 4779.353191489362 302.41702127659573 329.92765957446807 489.0553191489362 516.5659574468085 
4728.893617021276 4758.127659574468 312.06382978723406 341.29787234042556 557.2978723404256 586.531914893617 
4649.889361702128 4678.953191489361 368.2723404255319 397.336170212766 541.8255319148936 570.8893617021276 
4707.642553191489 4735.472340425532 408.1531914893617 435.98297872340424 593.663829787234 621.4936170212766 
4756.514893617022 4784.408510638298 455.02553191489363 482.9191489361702 550.4510638297872 578.3446808510638 
4113.404255319149 4139.978723404255 326.29787234042556 352.8723404255319 530.0042553191489 556.5787234042554 
4542.008510638298 4569.689361702128 396.22127659574465 423.9021276595745 437.3063829787234 464.9872340425532 
4912.727659574468 4941.131914893617 408.0042553191489 436.40851063829786 546.9191489361702 575.3234042553191 
4678.085106382979 4706.510638297872 330.1276595744681 358.5531914893617 460.1914893617021 488.6170212765957 
4794.663829787234 4823.131914893617 271.5148936170213 299.98297872340424 607.4510638297872 635.9191489361702 
4764.106382978724 4793.36170212766 360.59574468085106 389.8510638297872 557.4978723404255 586.7531914893617 
4719.906382978724 4747.842553191489 418.41702127659573 446.3531914893617 642.6510638297873 670.5872340425532 
4871.782978723404 4901.378723404256 422.9957446808511 452.59148936170214 521.4212765957446 551.0170212765958 
4723.817021276595 4751.987234042554 373.9446808510638 402.11489361702127 535.9659574468085 564.1361702127659 
4494.276595744681 4521.446808510638 392.3191489361702 419.48936170212767 690.5531914893617 717.7234042553191 
4776.370212765957 4804.859574468085 342.668085106383 371.15744680851066 462.34893617021277 490.83829787234043 
4624.617021276596 4653.468085106383 372.02127659574467 400.8723404255319 500.3829787234043 529.2340425531914 
4783.770212765958 4812.940425531915 420.0042553191489 449.17446808510635 601.1106382978724 630.2808510638298 
4257.357446808511 4284.953191489361 310.1872340425532 337.78297872340426 477.16595744680853 504.7617021276596 
4635.995744680851 4664.612765957447 353.8042553191489 382.4212765957447 444.69787234042553 473.31489361702126 
4631.425531914893 4660.255319148936 415.8723404255319 444.70212765957444 651.6595744680851 680.4893617021277 
4244.221276595745 4270.987234042554 377.9659574468085 404.73191489361704 353.7744680851064 380.5404255319149 
4557.068085106383 4586.110638297872 347.68510638297874 376.7276595744681 489.6 518.6425531914894 
4879.076595744681 4907.246808510638 366.9914893617021 395.16170212765957 493.9489361702128 522.1191489361702 
4675.565957446808 4703.140425531915 359.2255319148936 386.8 544.3106382978723 571.8851063829787 
4493.293617021277 4521.102127659575 314.46382978723403 342.2723404255319 410.2936170212766 438.1021276595745 
4613.502127659574 4643.076595744681 383.4382978723404 413.0127659574468 627.4808510638297 657.0553191489362 
4700.91914893617 4730.046808510639 274.5148936170213 303.64255319148936 480.6 509.7276595744681 
4722.148936170212 4750.744680851064 309.78723404255317 338.3829787234043 345.1914893617021 373.78723404255317 
4412.021276595745 4439.595744680851 401.6595744680851 429.2340425531915 514.5531914893617 542.1276595744681 
4704.5787234042555 4733.3234042553195 412.25957446808513 441.0042553191489 504.5148936170213 533.2595744680851 
4533.770212765958 4561.642553191489 295.55744680851063 323.4297872340426 453.11063829787236 480.98297872340424 
4945.348936170213 4974.136170212766 493.26382978723404 522.0510638297873 736.0936170212766 764.8808510638298 
4725.710638297873 4753.817021276595 341.68936170212766 369.79574468085104 473.60425531914893 501.7106382978723 
4577.144680851064 4606.229787234042 256.4212765957447 285.5063829787234 456.5702127659574 485.65531914893614 
4648.378723404256 4677.144680851064 446.69787234042553 475.46382978723403 529.3787234042553 558.1446808510639 
