23015.267403314916 23043.239779005526 5326.311602209945 5354.283977900553 5576.377900552487 5604.3502762430935 
22944.173480662983 22972.383425414366 5223.333701657459 5251.54364640884 5795.692817679558 5823.902762430939 
23341.367955801106 23370.577900552486 5355.77679558011 5384.986740331492 5872.489502762431 5901.699447513812 
22613.139226519335 22641.19447513812 5354.5425414364645 5382.597790055249 5742.702762430939 5770.758011049724 
22805.38674033149 22833.57458563536 5279.2209944751385 5307.408839779006 5391.513812154696 5419.701657458563 
22867.327071823205 22895.437569060774 5203.211049723757 5231.321546961326 5886.87955801105 5914.990055248619 
23393.228729281767 23421.89723756906 5300.847513812155 5329.516022099448 6121.775690607735 6150.4441988950275 
23703.869613259667 23732.759116022098 5184.201104972376 5213.090607734806 5919.841988950277 5948.731491712707 
23306.606629834256 23335.33591160221 5181.739226519337 5210.468508287293 5707.927071823205 5736.65635359116 
23693.971270718233 23722.55690607735 5256.7834254143645 5285.369060773481 5795.822099447514 5824.40773480663 
22806.313812154694 22834.241988950278 5234.043093922652 5261.971270718232 5602.219889502762 5630.148066298342 
23846.843093922653 23875.649723756906 5268.047513812155 5296.854143646409 5862.483977900552 5891.290607734807 
23132.81325966851 23160.9955801105 5223.211049723757 5251.393370165746 5610.432044198895 5638.614364640884 
22618.57900552486 22646.822099447512 5168.534806629834 5196.777900552486 5735.833149171271 5764.076243093923 
22714.331491712706 22742.56906077348 5274.232044198895 5302.469613259668 5834.292817679558 5862.530386740332 
22936.839779005524 22965.13259668508 5140.436464088398 5168.729281767955 5738.9889502762435 5767.281767955801 
22826.773480662985 22854.972375690606 5153.237569060773 5181.436464088398 5468.07182320442 5496.270718232045 
23035.29171270718 23063.623204419888 5304.717127071824 5333.04861878453 5457.142541436464 5485.474033149171 
22228.18232044199 22256.453038674033 5072.906077348066 5101.176795580111 5820.508287292818 5848.7790055248615 
22723.703867403314 22751.422099447514 5250.582320441989 5278.300552486188 5581.698342541436 5609.416574585635 
23402.191160220995 23430.53370165746 5204.909392265194 5233.251933701657 5698.704972375691 5727.047513812155 
22507.292817679558 22535.237569060773 5180.508287292818 5208.453038674033 5500.005524861878 5527.950276243094 
23303.39447513812 23332.0408839779 5365.228729281768 5393.875138121547 5698.416574585635 5727.062983425414 
22547.986740331493 22575.52817679558 4935.550276243094 4963.0917127071825 5404.92044198895 5432.4618784530385 
22649.16685082873 22677.061878453038 5318.608839779005 5346.503867403315 5444.432044198895 5472.327071823204 
23025.546961325967 23054.237569060773 5225.900552486188 5254.591160220994 6184.03867403315 6212.729281767955 
22903.024309392265 22930.941436464087 5378.659668508288 5406.57679558011 5969.438674033149 5997.355801104973 
22960.25082872928 22988.615469613258 5257.11270718232 5285.477348066298 5641.571270718232 5669.93591160221 
23389.418784530386 23418.164640883977 5268.418784530387 5297.164640883978 6103.545856353591 6132.291712707182 
23267.334806629835 23296.49502762431 5087.047513812155 5116.20773480663 5778.688397790055 5807.84861878453 
23466.0 23494.668508287294 5086.922651933702 5115.591160220994 5563.2209944751385 5591.889502762431 
23112.327071823205 23140.653038674034 5279.089502762431 5307.41546961326 5946.3325966850825 5974.6585635359115 
23230.519337016576 23259.093922651933 5115.773480662983 5144.348066298343 6072.723756906077 6101.298342541437 
23490.350276243094 23518.96906077348 5353.7701657458565 5382.388950276243 5619.339226519337 5647.958011049724 
22952.300552486187 22980.847513812154 5325.897237569061 5354.4441988950275 5695.6762430939225 5724.22320441989 
23333.75690607735 23362.54143646409 5108.2209944751385 5137.005524861878 5587.828729281768 5616.613259668508 
22555.907182320443 22583.85193370166 5156.4265193370165 5184.371270718232 5743.050828729281 5770.995580110497 
23255.403314917126 23284.198895027625 5283.408839779006 5312.204419889503 5482.226519337017 5511.022099447514 
23068.724861878454 23096.9955801105 5265.387845303868 5293.6585635359115 5574.067403314917 5602.338121546962 
23067.981215469612 23096.069613259668 5144.561325966851 5172.6497237569065 5605.964640883978 5634.053038674033 
23773.619889502763 23803.078453038674 5167.697237569061 5197.155801104972 6097.481767955801 6126.940331491713 
23290.218784530385 23319.008839779006 5068.274033149171 5097.06408839779 5748.180110497237 5776.970165745856 
23711.39005524862 23740.854143646407 5203.31270718232 5232.77679558011 5878.202209944751 5907.666298342541 
23022.488397790054 23050.90828729282 5166.919337016575 5195.339226519337 5816.593370165746 5845.013259668508 
22672.763535911603 22701.001104972376 5206.001104972375 5234.238674033149 6099.896132596685 6128.133701657459 
22642.567955801103 22670.468508287293 4951.6895027624305 4979.590055248619 6150.1093922651935 6178.009944751381 
22814.89723756906 22842.759116022098 5155.670718232044 5183.532596685083 5946.571270718232 5974.433149171271 
22917.17679558011 22945.24309392265 5339.9889502762435 5368.055248618784 6051.834254143647 6079.900552486188 
23052.62872928177 23081.214364640884 5104.7834254143645 5133.369060773481 5467.009944751381 5495.595580110497 
22739.5182320442 22767.490607734806 5266.534806629834 5294.507182320442 5946.275138121547 5974.2475138121545 
