10399.409195402299 10427.868965517242 1600.1563218390804 1628.616091954023 1763.374712643678 1791.8344827586207 
10142.551724137931 10171.264367816091 1643.7241379310344 1672.4367816091954 1866.9540229885058 1895.6666666666667 
10107.144827586208 10135.133333333333 1590.167816091954 1618.1563218390804 1859.1793103448276 1887.167816091954 
10380.875862068966 10409.358620689654 1678.8183908045978 1707.3011494252873 2306.0597701149427 2334.542528735632 
10443.44367816092 10472.133333333333 1587.3632183908046 1616.0528735632183 1923.3632183908046 1952.0528735632183 
10096.8 10124.845977011495 1820.616091954023 1848.6620689655172 2085.1103448275862 2113.1563218390806 
10121.248275862068 10149.052873563218 1599.616091954023 1627.4206896551725 1825.8114942528737 1853.616091954023 
9716.501149425287 9743.67356321839 1610.489655172414 1637.6620689655172 1961.248275862069 1988.4206896551725 
9954.505747126437 9983.080459770115 1720.896551724138 1749.471264367816 1902.2183908045977 1930.7931034482758 
9595.593103448276 9622.811494252874 1682.0988505747127 1709.3172413793104 1845.6965517241379 1872.9149425287355 
10176.616091954023 10205.305747126436 1591.0413793103448 1619.7310344827586 1923.5471264367816 1952.2367816091953 
10246.809195402298 10275.671264367817 1673.441379310345 1702.3034482758621 1883.3494252873563 1912.2114942528735 
10433.227586206896 10462.480459770115 1761.1241379310345 1790.3770114942529 1919.3080459770115 1948.5609195402299 
10194.510344827586 10222.625287356323 1676.7862068965517 1704.9011494252873 2231.2114942528738 2259.326436781609 
9871.147126436781 9899.262068965518 1576.1701149425287 1604.2850574712643 1612.1471264367817 1640.2620689655173 
10159.027586206896 10187.464367816092 1723.8436781609196 1752.280459770115 1966.8091954022989 1995.2459770114942 
10406.710344827587 10435.27356321839 1655.1471264367817 1683.7103448275861 1922.9977011494252 1951.5609195402299 
9935.08735632184 9963.489655172414 1512.8229885057472 1541.2252873563218 1919.6735632183909 1948.0758620689655 
10194.898850574713 10223.864367816092 1560.2781609195401 1589.2436781609194 1778.4275862068966 1807.393103448276 
10271.367816091954 10299.436781609196 1718.528735632184 1746.5977011494253 2111.3793103448274 2139.448275862069 
10280.981609195402 10309.464367816092 1660.6942528735633 1689.1770114942528 1797.03908045977 1825.5218390804598 
10115.383908045977 10144.119540229885 1520.1770114942528 1548.912643678161 1791.1425287356321 1819.8781609195403 
10399.866666666667 10428.832183908045 1570.3724137931035 1599.3379310344828 1841.9241379310345 1870.8896551724138 
10310.880459770115 10340.006896551724 1820.0298850574713 1849.1563218390804 2067.535632183908 2096.6620689655174 
9897.777011494252 9925.8 1739.5931034482758 1767.616091954023 1770.96091954023 1798.983908045977 
10405.011494252874 10433.471264367816 1653.712643678161 1682.1724137931035 1891.2298850574712 1919.6896551724137 
10165.606896551724 10194.503448275862 1884.8620689655172 1913.7586206896551 2029.2045977011494 2058.1011494252875 
10102.496551724138 10130.588505747126 1606.6919540229885 1634.7839080459771 1794.0712643678162 1822.1632183908046 
9695.827586206897 9723.689655172413 1674.183908045977 1702.0459770114942 1895.3563218390805 1923.2183908045977 
10197.641379310346 10226.020689655172 1771.2160919540229 1799.5954022988506 2086.5494252873564 2114.928735632184 
9977.07816091954 10004.940229885058 1601.319540229885 1629.1816091954022 1859.3885057471264 1887.2505747126436 
10095.48275862069 10123.965517241379 1597.551724137931 1626.0344827586207 1985.2183908045977 2013.7011494252874 
10271.579310344827 10300.694252873564 1628.0275862068966 1657.1425287356321 1962.464367816092 1991.5793103448275 
9849.563218390804 9877.183908045978 1622.4942528735633 1650.1149425287356 1756.5172413793102 1784.1379310344828 
10091.264367816091 10119.71264367816 1562.9770114942528 1591.4252873563219 1710.5402298850574 1738.9885057471265 
9977.305747126436 10005.63908045977 1611.5701149425288 1639.903448275862 2008.0298850574713 2036.3632183908046 
10236.965517241379 10265.149425287356 1812.4137931034484 1840.5977011494253 2033.2758620689656 2061.4597701149423 
10084.53103448276 10112.72643678161 1544.0827586206897 1572.2781609195401 2065.232183908046 2093.4275862068966 
10491.579310344827 10519.947126436782 1715.5333333333333 1743.9011494252873 2359.406896551724 2387.774712643678 
9934.020689655172 9962.147126436781 1888.9977011494252 1917.1241379310345 2115.6413793103447 2143.767816091954 
10074.512643678161 10102.662068965517 1696.5011494252874 1724.6505747126437 1811.4436781609195 1839.5931034482758 
10320.464367816092 10348.544827586207 1648.0275862068966 1676.1080459770114 2073.809195402299 2101.8896551724138 
10054.131034482758 10081.97011494253 1718.8436781609196 1746.6827586206896 2050.9701149425287 2078.809195402299 
9877.974712643678 9905.354022988506 1513.3080459770115 1540.6873563218392 1856.1701149425287 1883.5494252873564 
10472.15632183908 10500.903448275862 1675.6505747126437 1704.3977011494253 1699.248275862069 1727.9954022988506 
10109.52183908046 10138.441379310345 1739.4068965517242 1768.3264367816091 2123.5793103448277 2152.498850574713 
10340.986206896552 10369.503448275862 1677.1011494252873 1705.6183908045978 2052.193103448276 2080.710344827586 
10288.809195402298 10316.487356321839 1642.8896551724138 1670.567816091954 1800.016091954023 1827.6942528735633 
10702.059770114942 10730.841379310345 1776.7379310344827 1805.519540229885 2173.7954022988506 2202.577011494253 
10286.770114942528 10315.666666666666 1939.8045977011495 1968.7011494252874 1959.9080459770114 1988.8045977011495 
