37306.83873239437 37335.138028169014 8997.638028169014 9025.937323943663 9861.880985915494 9890.18028169014 
36747.03943661972 36775.45492957746 9029.504225352113 9057.919718309859 10150.729577464788 10179.145070422535 
36959.640845070426 36987.82042253521 9000.697183098591 9028.87676056338 10178.211267605633 10206.390845070422 
37030.28943661972 37058.384507042254 8983.398591549296 9011.49366197183 9784.190845070423 9812.285915492957 
37184.7014084507 37213.02887323944 9366.201408450705 9394.528873239437 10020.856338028168 10049.183802816902 
37247.51830985915 37275.61690140845 9061.275352112676 9089.373943661973 10148.377464788733 10176.476056338028 
37099.76830985915 37128.42323943662 9302.750704225353 9331.405633802817 10339.80352112676 10368.458450704225 
36853.33028169014 36881.51690140845 9040.25633802817 9068.442957746478 10190.38661971831 10218.57323943662 
36446.76901408451 36474.645774647885 9181.747887323943 9209.624647887324 10043.628169014084 10071.504929577464 
37348.307042253524 37376.38098591549 8955.86338028169 8983.937323943663 10134.715492957746 10162.789436619718 
37464.75633802817 37493.39366197183 9087.038028169014 9115.675352112676 10042.270422535212 10070.907746478873 
37194.62042253521 37223.12042253521 9149.190845070423 9177.690845070423 9892.155633802817 9920.655633802817 
37422.71267605634 37451.51901408451 9604.107042253521 9632.91338028169 10480.388732394365 10509.195070422535 
37098.80211267606 37127.104929577465 9307.316197183098 9335.619014084506 10008.75985915493 10037.062676056337 
36769.38943661972 36797.21338028169 8864.59718309859 8892.421126760564 9819.438732394367 9847.262676056338 
37275.10211267605 37303.44718309859 9203.11971830986 9231.464788732394 9939.68661971831 9968.031690140846 
37217.46408450704 37245.51338028169 9228.735211267605 9256.784507042254 9967.38661971831 9995.435915492957 
36687.171126760564 36715.38943661972 9295.252112676057 9323.47042253521 9957.748591549296 9985.96690140845 
37022.59154929577 37051.0176056338 8990.070422535211 9018.49647887324 10371.274647887323 10399.700704225352 
37352.78028169014 37381.62535211268 9309.076056338028 9337.921126760564 9885.745070422536 9914.59014084507 
37160.37746478873 37188.711971830984 9365.979577464788 9394.314084507043 9778.849295774648 9807.183802816902 
37081.921126760564 37109.995070422534 9244.505633802817 9272.579577464789 9607.730985915492 9635.804929577465 
37127.66197183099 37156.10211267605 9036.711267605633 9065.151408450703 10219.985915492958 10248.426056338029 
36562.097183098595 36590.04436619718 9158.956338028169 9186.90352112676 10241.850704225351 10269.797887323944 
36940.98943661972 36969.355633802814 9230.676056338029 9259.042253521127 10067.595070422536 10095.961267605633 
37094.47746478873 37122.66056338028 9098.72042253521 9126.90352112676 10238.730985915492 10266.914084507041 
37265.68661971831 37294.05281690141 9073.978873239437 9102.345070422536 9941.355633802817 9969.721830985916 
37295.762676056336 37323.86830985916 9076.868309859155 9104.973943661971 9498.45985915493 9526.565492957747 
37522.104225352115 37550.498591549294 9242.361267605635 9270.755633802817 9890.942253521127 9919.33661971831 
37198.861971830986 37227.40070422535 9276.872535211267 9305.411267605634 10094.594366197183 10123.13309859155 
37292.15774647887 37320.5485915493 8869.88661971831 8898.277464788733 9865.516901408451 9893.907746478873 
36770.428169014085 36798.600704225355 8949.547887323944 8977.72042253521 9983.65352112676 10011.826056338028 
37266.25 37294.67605633803 9240.169014084508 9268.595070422536 10323.489436619719 10351.915492957747 
36831.994366197185 36859.8676056338 9084.110563380282 9111.983802816902 10129.874647887324 10157.747887323943 
37127.63098591549 37156.26478873239 9129.666197183098 9158.3 9971.377464788733 10000.011267605634 
37607.19084507042 37636.26126760563 9192.275352112676 9221.345774647887 10079.824647887324 10108.895070422535 
37236.58169014085 37265.13098591549 9289.539436619718 9318.088732394366 10273.18028169014 10301.729577464788 
37146.17253521127 37174.40140845071 8899.320422535211 8927.549295774648 9682.947183098591 9711.176056338029 
37444.95633802817 37473.30845070422 9061.5338028169 9089.885915492958 9836.998591549296 9865.350704225351 
36871.00633802817 36899.30915492958 9208.442957746478 9236.745774647887 9977.224647887324 10005.527464788733 
36818.20492957746 36846.66267605634 9046.856338028168 9075.314084507043 9894.571126760564 9923.028873239437 
36851.51971830986 36879.96338028169 8955.054929577465 8983.498591549296 9857.421126760564 9885.864788732395 
37619.54718309859 37648.62464788732 9483.702112676056 9512.77957746479 10320.589436619719 10349.666901408451 
36739.97746478873 36768.29084507042 9176.304929577465 9204.618309859155 10142.167605633802 10170.480985915492 
37396.071126760566 37424.652112676056 9128.461971830986 9157.042957746478 10147.972535211267 10176.55352112676 
37335.637323943665 37364.25352112676 9313.764084507042 9342.38028169014 10125.883802816901 10154.5 
37419.44507042254 37447.87112676056 9138.670422535211 9167.09647887324 10069.712676056339 10098.138732394365 
37367.44084507042 37395.85281690141 8935.810563380282 8964.222535211267 10144.645070422535 10173.057042253522 
37175.22957746479 37203.888028169014 9067.796478873239 9096.454929577465 9934.757746478874 9963.416197183098 
36873.355633802814 36901.59154929577 8973.661971830987 9001.897887323943 9534.468309859154 9562.704225352112 
