11270.012765957446 11298.3 1794.7042553191488 1822.9914893617022 2184.3744680851064 2212.6617021276597 
11089.495744680851 11117.538297872341 1858.7829787234043 1886.8255319148936 2275.368085106383 2303.4106382978725 
11289.070212765957 11317.453191489361 1783.0382978723405 1811.4212765957448 2081.9 2110.282978723404 
11332.489361702128 11360.904255319148 1973.2659574468084 2001.6808510638298 2317.5106382978724 2345.925531914894 
11233.93829787234 11263.353191489361 1919.4382978723404 1948.8531914893617 2221.108510638298 2250.5234042553193 
11076.651063829788 11105.055319148936 1851.6297872340426 1880.0340425531915 2103.4382978723406 2131.8425531914895 
11027.310638297873 11055.448936170213 1864.363829787234 1892.5021276595744 2234.8 2262.9382978723406 
10926.012765957446 10954.363829787235 2040.108510638298 2068.459574468085 2348.204255319149 2376.555319148936 
11362.382978723404 11390.77659574468 1725.340425531915 1753.7340425531916 2423.7659574468084 2452.159574468085 
11526.006382978723 11555.006382978723 2043.804255319149 2072.804255319149 2356.9 2385.9 
10938.77659574468 10967.212765957447 1942.0851063829787 1970.5212765957447 1948.0531914893618 1976.4893617021276 
10917.182978723404 10944.89574468085 1900.9276595744682 1928.6404255319148 2220.0340425531913 2247.7468085106384 
11560.934042553192 11589.870212765958 1945.1468085106383 1974.0829787234043 2396.1255319148936 2425.0617021276594 
11516.351063829787 11545.5 1954.9787234042553 1984.127659574468 2437.159574468085 2466.308510638298 
10815.170212765957 10842.989361702128 2032.287234042553 2060.1063829787236 2243.2978723404253 2271.1170212765956 
10713.031914893618 10740.393617021276 1961.9787234042553 1989.340425531915 2108.925531914894 2136.2872340425533 
10929.8 10958.087234042554 1976.608510638298 2004.895744680851 2478.055319148936 2506.3425531914895 
10773.538297872341 10801.548936170213 1783.7297872340425 1811.740425531915 2295.836170212766 2323.8468085106383 
10817.66170212766 10845.640425531916 1869.4063829787235 1897.3851063829786 2194.236170212766 2222.214893617021 
11431.72340425532 11460.968085106382 2062.6170212765956 2091.8617021276596 2603.872340425532 2633.1170212765956 
10946.012765957446 10974.278723404255 1720.1510638297873 1748.4170212765957 2322.4382978723406 2350.704255319149 
10897.670212765957 10925.712765957447 1999.436170212766 2027.4787234042553 2083.755319148936 2111.7978723404253 
11011.902127659574 11039.912765957446 1948.1148936170214 1976.1255319148936 2365.987234042553 2393.9978723404256 
10911.01489361702 10938.759574468086 2017.9510638297872 2045.695744680851 2342.163829787234 2369.9085106382977 
10846.291489361702 10874.248936170212 1852.5893617021277 1880.5468085106384 2025.568085106383 2053.5255319148937 
11023.029787234043 11050.817021276596 1842.5617021276596 1870.3489361702127 2170.8382978723403 2198.6255319148936 
11289.859574468084 11318.093617021277 1958.1574468085107 1986.391489361702 2397.2 2425.4340425531914 
10870.265957446809 10898.91489361702 1925.3510638297873 1954.0 2014.1170212765958 2042.7659574468084 
10951.306382978724 10979.572340425531 1988.3702127659574 2016.636170212766 2347.0936170212767 2375.359574468085 
10966.54255319149 10994.755319148937 2086.063829787234 2114.276595744681 2425.159574468085 2453.372340425532 
11207.068085106383 11234.940425531915 1885.536170212766 1913.408510638298 2143.493617021277 2171.3659574468084 
11191.370212765958 11219.476595744682 1985.168085106383 2013.2744680851065 2176.540425531915 2204.6468085106385 
10909.746808510637 10938.278723404255 1889.6936170212766 1918.2255319148935 2104.6617021276597 2133.1936170212766 
11467.342553191489 11496.427659574469 1958.4808510638297 1987.5659574468084 2571.0234042553193 2600.108510638298 
10711.987234042554 10739.806382978724 1787.168085106383 1814.9872340425532 2177.795744680851 2205.614893617021 
10926.010638297872 10953.829787234043 1781.8617021276596 1809.6808510638298 1971.6914893617022 1999.5106382978724 
10958.993617021277 10987.461702127659 1840.3872340425532 1868.8553191489361 1977.8659574468086 2006.3340425531915 
11179.721276595745 11207.965957446808 2010.9127659574467 2039.1574468085107 2179.8702127659576 2208.114893617021 
11266.976595744682 11296.391489361702 1826.891489361702 1856.3063829787234 2179.0617021276594 2208.4765957446807 
10621.506382978723 10649.123404255319 1747.9 1775.5170212765956 2072.9106382978725 2100.527659574468 
10779.787234042553 10807.574468085106 1834.7446808510638 1862.531914893617 2300.68085106383 2328.468085106383 
11222.95744680851 11251.117021276596 1881.563829787234 1909.723404255319 2364.31914893617 2392.478723404255 
11129.48510638298 11157.35744680851 1689.7085106382979 1717.5808510638299 2253.527659574468 2281.4 
11038.629787234042 11066.863829787235 2052.757446808511 2080.991489361702 2229.927659574468 2258.1617021276597 
11216.06170212766 11243.902127659574 1823.1893617021276 1851.0297872340425 2023.2744680851065 2051.114893617021 
10745.040425531915 10773.231914893617 1951.5510638297872 1979.7425531914894 2379.742553191489 2407.9340425531914 
11232.129787234042 11260.534042553192 2058.757446808511 2087.1617021276597 2216.8744680851064 2245.2787234042553 
11126.389361702128 11155.006382978723 1950.431914893617 1979.0489361702128 2254.453191489362 2283.0702127659574 
10863.306382978724 10891.370212765958 1948.1148936170214 1976.1787234042554 2652.944680851064 2681.008510638298 
11101.41489361702 11129.925531914894 1993.436170212766 2021.9468085106382 2338.1382978723404 2366.648936170213 
