44251.90598802395 44280.54371257485 11233.756287425149 11262.394011976048 12226.905988023953 12255.54371257485 
43980.802994011974 44009.39580838323 11367.689221556886 11396.282035928143 11820.994610778444 11849.5874251497 
43868.0497005988 43896.26526946108 11227.486826347305 11255.70239520958 12533.061676646706 12561.277245508982 
43752.38982035928 43780.88383233533 11082.24011976048 11110.734131736526 11610.084431137724 11638.578443113773 
43744.14311377246 43772.40059880239 11099.816766467065 11128.074251497006 11581.676047904191 11609.933532934132 
44016.78383233533 44044.795808383235 10721.39760479042 10749.409580838323 11819.089221556886 11847.10119760479 
44647.53353293413 44676.61137724551 11219.755089820359 11248.832934131737 12529.41377245509 12558.491616766467 
43661.2125748503 43689.1377245509 11062.107784431138 11090.032934131737 11842.715568862275 11870.640718562874 
44451.59580838323 44479.9371257485 11242.580838323353 11270.922155688622 12247.164670658683 12275.505988023951 
44870.243113772456 44898.90479041916 11045.725149700598 11074.386826347305 12322.877844311377 12351.539520958084 
44070.17065868263 44098.65269461078 10762.149700598802 10790.631736526946 11880.81736526946 11909.299401197604 
44431.841916167665 44460.425748502996 10873.674251497006 10902.258083832336 12345.805988023953 12374.389820359282 
43490.17185628742 43518.34251497006 10874.662874251497 10902.833532934132 11780.740718562874 11808.91137724551 
43927.5 43955.76646706587 10870.059880239522 10898.326347305388 12038.278443113772 12066.54491017964 
44264.86766467066 44293.22994011976 10907.137125748503 10935.499401197605 12231.358682634731 12259.720958083832 
43995.760479041914 44023.793413173655 11046.41616766467 11074.449101796406 11275.467065868263 11303.5 
43757.42035928144 43785.62095808383 10925.156886227545 10953.357485029941 12446.863473053892 12475.064071856288 
44561.49640718563 44590.28383233533 11095.451497005988 11124.238922155688 12590.664071856287 12619.451497005988 
43883.54790419162 43911.700598802396 11154.461077844311 11182.61377245509 12096.38622754491 12124.538922155689 
43346.76526946108 43374.78023952096 11088.019760479043 11116.034730538922 12136.932934131737 12164.947904191617 
43592.72155688623 43620.790419161676 10952.763473053892 10980.832335329342 12320.038922155689 12348.107784431138 
43626.478443113774 43654.81077844311 11339.550299401197 11367.882634730538 12457.29880239521 12485.631137724551 
44269.4502994012 44297.50419161677 10739.698802395209 10767.75269461078 11604.204790419162 11632.25868263473 
44223.09161676647 44250.92095808383 10942.24131736527 10970.070658682635 12136.660479041917 12164.489820359282 
44777.433532934134 44805.77185628742 11178.658083832335 11206.996407185628 11992.924550898204 12021.262874251497 
44792.662874251495 44821.7377245509 11164.189820359281 11193.264670658682 12682.938323353294 12712.013173652695 
43818.01736526946 43846.27185628742 11108.104191616767 11136.358682634731 11572.89760479042 11601.152095808384 
43653.95628742515 43682.18083832335 11046.141916167664 11074.366467065869 11874.656886227545 11902.881437125749 
44087.929940119764 44116.17245508982 10800.576646706586 10828.819161676647 11971.983832335329 12000.22634730539 
43677.14670658683 43705.08383233533 11359.991017964072 11387.928143712576 12230.565868263473 12258.502994011977 
43895.95149700599 43924.44251497006 11134.517365269461 11163.008383233533 12033.658083832335 12062.149101796407 
44605.73712574851 44634.63832335329 11191.817964071855 11220.719161676647 12396.294011976048 12425.19520958084 
44909.77065868263 44938.6748502994 10998.866467065869 11027.770658682635 12460.171856287425 12489.076047904191 
43716.55389221557 43744.58982035928 11023.134730538923 11051.170658682635 12339.823353293414 12367.859281437126 
44317.432335329344 44345.94431137724 10907.25269461078 10935.764670658682 11972.719760479042 12001.231736526946 
43676.99880239521 43705.070658682635 10736.81616766467 10764.888023952095 11782.166467065868 11810.238323353293 
44231.239520958086 44259.77844311377 11173.38622754491 11201.925149700599 12468.389221556887 12496.928143712576 
44273.22814371258 44301.81796407186 11169.92874251497 11198.518562874251 12218.32994011976 12246.919760479042 
44363.78263473054 44392.204790419164 10929.22874251497 10957.650898203592 12620.058083832335 12648.480239520957 
44807.22335329341 44835.576646706584 11164.016766467066 11192.370059880239 12183.067664670658 12211.420958083832 
43011.54071856287 43039.66946107784 10962.768263473054 10990.897005988025 12345.456886227545 12373.585628742516 
43754.4119760479 43782.90598802395 11246.298203592814 11274.792215568863 12368.645508982036 12397.139520958084 
43653.19101796407 43681.340718562875 11055.538323353294 11083.688023952096 12223.21497005988 12251.364670658682 
44196.69221556886 44224.6622754491 10963.47365269461 10991.44371257485 12155.847904191616 12183.817964071855 
43884.154491017965 43912.46886227545 11092.980838323354 11121.295209580838 12808.914970059881 12837.229341317365 
44265.523952095806 44294.026946107784 11325.697604790419 11354.200598802396 12249.338323353293 12277.84131736527 
44346.58083832335 44375.22155688623 11090.065868263473 11118.706586826347 11733.610778443113 11762.251497005987 
44663.81616766467 44692.31317365269 11152.142514970059 11180.639520958084 12410.732335329341 12439.229341317365 
44297.562275449105 44325.9874251497 11071.825748502994 11100.250898203592 11961.819760479042 11990.244910179641 
43643.32215568862 43671.4 10816.426946107784 10844.504790419162 12124.358083832336 12152.435928143712 
