8822.651948051947 8851.638961038961 1305.703896103896 1334.6909090909091 1412.9506493506494 1441.9376623376622 
8834.283116883116 8862.685714285713 1389.4649350649352 1417.8675324675326 1747.283116883117 1775.6857142857143 
8887.532467532468 8916.012987012988 1256.2077922077922 1284.6883116883116 1521.9610389610389 1550.4415584415585 
8625.524675324676 8653.784415584416 1300.8103896103896 1329.07012987013 1546.5506493506493 1574.8103896103896 
8876.018181818183 8905.044155844156 1308.4727272727273 1337.4987012987012 1429.6415584415583 1458.6675324675325 
8720.864935064936 8749.111688311688 1324.5272727272727 1352.774025974026 1615.2675324675324 1643.5142857142857 
8858.355844155843 8887.212987012987 1394.4337662337662 1423.290909090909 1409.3298701298702 1438.187012987013 
9094.007792207793 9122.254545454545 1310.9038961038962 1339.1506493506492 1697.0337662337663 1725.2805194805194 
8733.368831168831 8761.68051948052 1365.8883116883117 1394.2 1341.9532467532467 1370.2649350649351 
8692.116883116883 8720.337662337663 1255.6233766233765 1283.844155844156 1427.974025974026 1456.1948051948052 
8368.485714285714 8396.187012987013 1305.8883116883117 1333.5896103896105 1458.9402597402598 1486.6415584415583 
8634.961038961039 8663.194805194806 1409.8051948051948 1438.0389610389611 1708.2987012987012 1736.5324675324675 
8161.483116883117 8189.028571428571 1263.703896103896 1291.2493506493506 1550.0155844155845 1577.561038961039 
8758.802597402597 8787.451948051948 1234.283116883117 1262.9324675324676 1463.2571428571428 1491.9064935064935 
8873.27012987013 8901.867532467533 1440.1012987012987 1468.6987012987013 1579.335064935065 1607.9324675324676 
8560.52987012987 8588.763636363636 1297.0233766233766 1325.2571428571428 1409.1402597402598 1437.374025974026 
9021.932467532468 9051.555844155844 1254.4 1284.0233766233766 1648.4649350649352 1678.0883116883117 
8793.475324675324 8821.31948051948 1213.4753246753246 1241.3194805194805 1366.4493506493507 1394.2935064935066 
8310.61038961039 8337.337662337663 1159.1298701298701 1185.857142857143 1241.6363636363637 1268.3636363636363 
8787.0 8815.90909090909 1280.1948051948052 1309.1038961038962 1763.4545454545455 1792.3636363636363 
9062.696103896104 9091.332467532467 1370.2155844155843 1398.851948051948 1758.709090909091 1787.3454545454545 
8863.015584415585 8891.015584415585 1278.2233766233767 1306.2233766233767 1371.496103896104 1399.496103896104 
8589.774025974026 8617.384415584416 1350.0727272727272 1377.6831168831168 1646.5662337662338 1674.1766233766234 
8825.48051948052 8854.688311688311 1343.7532467532467 1372.9610389610389 1618.8701298701299 1648.077922077922 
8783.828571428572 8811.685714285713 1380.0623376623378 1407.9194805194804 1659.503896103896 1687.361038961039 
8574.719480519481 8602.84935064935 1191.7064935064934 1219.8363636363636 1586.6025974025974 1614.7324675324676 
8923.236363636364 8952.145454545454 1375.0415584415584 1403.9506493506494 1696.9896103896103 1725.8987012987013 
8935.794805194806 8963.457142857143 1308.0805194805196 1335.7428571428572 1382.8727272727272 1410.5350649350648 
8812.82077922078 8841.210389610389 1489.716883116883 1518.1064935064935 1673.7688311688312 1702.1584415584416 
8568.644155844157 8596.916883116883 1246.838961038961 1275.1116883116883 1489.6701298701298 1517.942857142857 
8758.862337662338 8786.953246753246 1268.8103896103896 1296.9012987012986 1586.122077922078 1614.212987012987 
8773.568831168832 8800.880519480519 1197.412987012987 1224.7246753246752 1363.9974025974027 1391.3090909090909 
9169.348051948053 9198.425974025973 1351.503896103896 1380.581818181818 1631.490909090909 1660.5688311688311 
8771.94025974026 8799.641558441559 1301.07012987013 1328.7714285714285 1789.5636363636363 1817.2649350649351 
9035.641558441559 9064.875324675324 1211.4337662337662 1240.6675324675325 1339.0831168831169 1368.3168831168832 
8901.537662337661 8930.355844155843 1269.6935064935064 1298.5116883116882 1577.8103896103896 1606.6285714285714 
8919.24935064935 8947.379220779221 1232.1974025974025 1260.3272727272727 1366.8207792207793 1394.9506493506494 
8945.735064935065 8974.553246753247 1300.4623376623376 1329.2805194805194 1455.0207792207793 1483.838961038961 
8866.581818181818 8894.724675324675 1396.348051948052 1424.490909090909 1625.348051948052 1653.490909090909 
8907.924675324675 8936.924675324675 1252.7558441558442 1281.7558441558442 1695.9116883116883 1724.9116883116883 
8519.563636363637 8547.174025974025 1288.3558441558441 1315.9662337662337 1720.2519480519481 1747.8623376623377 
8757.867532467533 8786.14025974026 1181.516883116883 1209.7896103896103 1521.9324675324676 1550.2051948051949 
8784.345454545455 8812.864935064936 1294.9818181818182 1323.5012987012988 1552.774025974026 1581.2935064935066 
8821.433766233766 8850.277922077921 1367.4207792207792 1396.2649350649351 1424.3818181818183 1453.225974025974 
8360.968831168831 8388.254545454545 1371.3974025974026 1398.6831168831168 1516.3064935064936 1543.5922077922078 
8518.558441558442 8545.545454545454 1321.909090909091 1348.8961038961038 1510.2077922077922 1537.1948051948052 
8911.233766233767 8940.051948051949 1292.948051948052 1321.7662337662337 1808.7012987012988 1837.5194805194806 
8638.558441558442 8667.025974025973 1210.6103896103896 1239.077922077922 1593.8181818181818 1622.2857142857142 
8627.812987012987 8655.696103896104 1263.8259740259741 1291.709090909091 1388.0077922077921 1415.8909090909092 
8565.005194805195 8593.823376623377 1329.277922077922 1358.0961038961038 1944.368831168831 1973.187012987013 
