42332.76452599389 42360.577981651375 10719.241590214067 10747.055045871559 11521.788990825688 11549.60244648318 
42665.64709480122 42693.62874617737 10505.45137614679 10533.433027522935 11400.585932721713 11428.56758409786 
42125.43975535168 42153.274617737006 10777.066666666668 10804.901529051987 11458.965749235475 11486.800611620794 
43027.33272171254 43056.01467889908 10846.65993883792 10875.341896024465 11581.959633027524 11610.641590214067 
44201.17675840978 44230.161467889906 10920.390825688073 10949.375535168196 11734.513149847095 11763.497859327217 
42803.333333333336 42831.415902140674 10798.54740061162 10826.62996941896 11756.394495412844 11784.477064220184 
42284.97798165138 42313.066666666666 10866.48256880734 10894.57125382263 12160.234862385321 12188.323547400612 
42555.46177370031 42583.272171253826 10618.168195718654 10645.978593272172 11196.43119266055 11224.241590214067 
43329.8 43358.325993883795 10780.020183486238 10808.54617737003 11477.007951070336 11505.533944954128 
43103.71131498471 43131.84892966361 10673.212844036698 10701.350458715597 11195.347400611621 11223.48501529052 
43612.5125382263 43640.70825688073 10944.43608562691 10972.631804281345 11996.307645259938 12024.503363914373 
43477.225076452596 43505.79082568808 10686.570642201836 10715.136391437309 11913.093577981652 11941.659327217125 
43370.63363914373 43398.703975535165 10851.55107033639 10879.621406727829 12043.11376146789 12071.184097859326 
42597.37370030581 42625.79877675841 10685.14740061162 10713.572477064221 11479.162691131498 11507.587767584098 
42852.703975535165 42880.84159021407 10688.682568807339 10716.82018348624 11738.847706422019 11766.985321100918 
42867.095412844035 42895.52966360856 10818.765137614679 10847.199388379206 12390.841590214068 12419.275840978593 
43231.16574923547 43259.4501529052 10809.48379204893 10837.768195718654 11718.985321100918 11747.269724770642 
43235.09724770642 43263.92293577982 10801.329663608563 10830.155351681957 11979.718042813456 12008.54373088685 
42453.67584097859 42481.51987767584 10653.948012232417 10681.792048929663 11379.262996941896 11407.107033639144 
42907.68195718654 42935.89908256881 10850.39755351682 10878.614678899083 11678.443425076453 11706.660550458715 
43593.90764525994 43623.05137614679 10973.867889908257 11003.011620795107 12507.71498470948 12536.85871559633 
42518.55779816514 42547.14495412844 10596.518042813455 10625.105198776759 11990.89113149847 12019.478287461774 
43446.616513761466 43474.968195718655 10843.62874617737 10871.980428134557 12047.573700305811 12075.925382262996 
43244.056880733944 43272.53088685015 10740.509480122324 10768.983486238532 11910.824464831805 11939.298470948012 
43178.65626911315 43206.89174311927 10795.537003058103 10823.77247706422 11211.925382262996 11240.160856269113 
43138.960856269114 43167.52660550459 10976.220795107034 11004.786544342507 12402.645871559633 12431.211620795108 
42504.573088685014 42532.539449541284 10636.279510703363 10664.245871559633 11506.282568807339 11534.248929663609 
43154.459327217126 43182.84770642202 11062.985321100918 11091.37370030581 12366.28501529052 12394.673394495412 
42983.59755351682 43012.037920489296 10842.209174311927 10870.649541284403 11934.322324159022 11962.762691131498 
42439.44342507645 42467.550458715596 10769.525993883792 10797.633027522936 11872.798165137614 11900.905198776758 
42687.91376146789 42716.02385321101 10724.910703363914 10753.020795107033 11814.699694189603 11842.80978593272 
42523.727828746174 42551.868501529054 10609.82262996942 10637.963302752294 11704.201834862386 11732.34250764526 
43153.396941896026 43182.04220183486 11127.237920489297 11155.883180428134 11761.614067278288 11790.259327217125 
42891.20917431192 42919.6373088685 10503.25504587156 10531.683180428134 11675.54250764526 11703.970642201835 
43229.10886850153 43257.60733944954 10528.200611620796 10556.699082568808 11697.36880733945 11725.867278287462 
42131.46788990826 42159.41896024465 10699.394495412844 10727.345565749236 11366.308868501528 11394.25993883792 
42863.14006116208 42891.30825688074 10716.277675840978 10744.445871559634 11725.938226299695 11754.106422018349 
42928.81773700306 42957.429357798166 10812.196941896025 10840.80856269113 12002.0623853211 12030.674006116207 
43134.63241590214 43162.843425076455 10701.71498470948 10729.925993883791 11316.892354740061 11345.103363914373 
43335.22874617737 43363.849541284406 10934.730275229358 10963.351070336392 11618.473394495413 11647.094189602447 
41914.27889908257 41942.40733944954 10592.945565749236 10621.074006116209 11248.110703363915 11276.239143730887 
43060.41100917431 43088.83302752294 10612.319266055047 10640.74128440367 11496.505810397553 11524.927828746177 
42858.38226299694 42886.23547400611 10830.262996941896 10858.11620795107 11383.394495412844 11411.247706422018 
43016.130275229356 43044.5125382263 10478.072171253823 10506.454434250765 11290.959021406728 11319.34128440367 
42813.603058103974 42842.04036697248 10568.765137614679 10597.202446483181 11881.324770642203 11909.762079510703 
42636.49724770642 42665.04159021407 10826.47889908257 10855.023241590214 12057.246483180428 12085.790825688073 
42892.09480122324 42920.250764526 10864.357798165138 10892.51376146789 11506.085626911316 11534.241590214067 
42927.90519877676 42956.50764525994 11033.103975535169 11061.70642201835 12063.119266055046 12091.721712538227 
42718.486850152905 42746.49602446483 10937.074006116209 10965.083180428135 11911.1749235474 11939.184097859326 
42896.033027522935 42924.25932721713 10533.938226299695 10562.164525993883 11540.519266055046 11568.745565749236 
