20976.555421686746 21004.6578313253 4627.103614457831 4655.206024096386 5020.0614457831325 5048.163855421687 
20920.522891566266 20948.565060240962 4497.522891566265 4525.565060240964 5042.414457831325 5070.456626506024 
20714.52891566265 20743.00481927711 4414.125301204819 4442.601204819277 5096.601204819277 5125.077108433735 
21656.820481927713 21685.6156626506 4563.109638554217 4591.904819277109 5123.013253012048 5151.80843373494 
20918.90722891566 20947.172289156628 4710.642168674699 4738.907228915663 5216.54578313253 5244.810843373494 
21028.051807228916 21056.726506024097 4397.136144578313 4425.810843373494 5128.353012048193 5157.027710843374 
20794.119277108435 20822.40843373494 4435.306024096386 4463.595180722891 4966.432530120482 4994.721686746988 
20685.53373493976 20713.636144578315 4641.7144578313255 4669.816867469879 4942.4493975903615 4970.551807228916 
20541.119277108435 20568.938554216867 4677.96265060241 4705.781927710844 5164.577108433735 5192.396385542169 
20633.022891566266 20661.08313253012 4648.69156626506 4676.751807228916 5331.757831325302 5359.818072289157 
21288.585542168676 21316.76626506024 4639.784337349398 4667.965060240964 5298.609638554217 5326.790361445783 
21278.555421686746 21307.48313253012 4750.03734939759 4778.965060240964 5399.531325301205 5428.459036144578 
20701.275903614456 20729.553012048193 4693.107228915663 4721.384337349397 5036.733734939759 5065.010843373494 
21063.3843373494 21091.890361445785 4553.4987951807225 4582.004819277108 4992.6132530120485 5021.119277108433 
20723.997590361447 20753.093975903616 4623.365060240963 4652.461445783132 5467.889156626506 5496.985542168674 
20968.803614457833 20997.460240963854 4651.893975903615 4680.5506024096385 5129.406024096385 5158.06265060241 
21458.24939759036 21486.64096385542 4703.406024096385 4731.797590361446 4900.466265060241 4928.857831325301 
20651.74096385542 20679.83734939759 4757.006024096386 4785.1024096385545 5012.451807228916 5040.548192771084 
21070.261445783133 21098.69518072289 4759.122891566265 4787.556626506024 5165.671084337349 5194.104819277109 
21361.793975903616 21390.37831325301 4654.667469879518 4683.251807228916 5457.625301204819 5486.209638554217 
21308.026506024096 21336.634939759035 4695.3156626506025 4723.924096385542 4955.761445783132 4984.369879518073 
21031.85421686747 21060.51686746988 4610.793975903614 4639.456626506024 4964.697590361446 4993.360240963855 
21396.38674698795 21424.98313253012 4727.169879518072 4755.766265060241 5059.832530120482 5088.428915662651 
20983.126506024095 21011.4156626506 4616.825301204819 4645.114457831325 5170.993975903614 5199.28313253012 
20800.17469879518 20828.301204819276 4641.018072289156 4669.144578313253 4980.740963855422 5008.8674698795185 
20743.814457831326 20771.844578313252 4745.218072289156 4773.248192771084 5106.248192771084 5134.278313253012 
20911.44578313253 20939.939759036144 4801.090361445783 4829.584337349397 5270.3373493975905 5298.831325301205 
21367.381927710845 21396.315662650602 4628.110843373494 4657.044578313253 5479.646987951807 5508.580722891566 
20816.715662650604 20844.824096385542 4817.577108433735 4845.685542168675 5327.161445783133 5355.269879518072 
20961.11686746988 20989.809638554216 4529.418072289157 4558.110843373494 5409.068674698795 5437.761445783132 
21214.425301204818 21242.865060240965 4696.6843373493975 4725.1240963855425 5197.087951807229 5225.527710843374 
21399.86144578313 21428.530120481926 4575.1325301204815 4603.801204819277 5309.6325301204815 5338.301204819277 
20405.37469879518 20433.555421686746 4711.8867469879515 4740.067469879518 5072.302409638554 5100.48313253012 
21002.285542168676 21030.677108433734 4837.363855421687 4865.755421686747 5070.755421686747 5099.146987951807 
20728.298795180723 20756.66626506024 4718.702409638554 4747.069879518072 5059.057831325301 5087.425301204819 
20490.318072289156 20518.673493975904 4788.69156626506 4817.046987951807 5028.221686746988 5056.577108433735 
21196.37108433735 21225.17831325301 4838.431325301205 4867.238554216868 5189.407228915663 5218.2144578313255 
21469.589156626505 21498.414457831324 4639.426506024096 4668.251807228916 5106.107228915663 5134.932530120482 
20546.603614457832 20574.52530120482 4475.597590361446 4503.519277108434 5253.531325301205 5281.453012048193 
20815.098795180722 20843.17108433735 4583.881927710843 4611.95421686747 4959.159036144579 4987.231325301204 
20645.102409638555 20672.939759036144 4599.481927710844 4627.319277108434 5196.463855421687 5224.301204819277 
21374.792771084336 21403.509638554217 4577.43734939759 4606.15421686747 5293.913253012048 5322.630120481927 
21201.284337349396 21229.41686746988 4497.1216867469875 4525.25421686747 5006.067469879518 5034.2 
20894.180722891568 20922.67469879518 4705.843373493976 4734.3373493975905 5457.409638554217 5485.903614457831 
21044.419277108434 21072.985542168673 4697.5096385542165 4726.075903614458 5314.250602409638 5342.816867469879 
21143.96626506024 21172.273493975903 4602.719277108434 4631.026506024096 4990.713253012048 5019.0204819277105 
20693.901204819278 20722.148192771085 4658.316867469879 4686.563855421687 5214.828915662651 5243.075903614458 
21353.431325301204 21381.925301204818 4600.371084337349 4628.865060240963 5268.15421686747 5296.648192771085 
20934.06746987952 20962.21204819277 4626.579518072289 4654.724096385542 5049.404819277109 5077.549397590362 
21067.561445783133 21095.91686746988 4687.368674698795 4715.724096385542 5082.416867469879 5110.772289156626 
