33253.20393700787 33282.22755905512 8203.129133858267 8232.152755905512 8584.21968503937 8613.243307086614 
32952.74409448819 32981.17322834646 7905.956692913386 7934.385826771653 8651.515748031496 8679.944881889764 
33221.912598425195 33250.37716535433 7943.648818897638 7972.113385826771 8570.109448818897 8598.574015748032 
33822.03228346457 33850.67401574803 8091.764566929134 8120.406299212598 9039.284251968504 9067.925984251968 
33479.99842519685 33508.15590551181 8379.482677165355 8407.640157480315 8439.581102362205 8467.738582677166 
32772.63307086614 32801.13307086614 7759.097637795276 7787.597637795276 8653.955905511812 8682.455905511812 
32966.86771653543 32995.13937007874 8141.544881889764 8169.816535433071 8675.31653543307 8703.588188976379 
32973.3 33001.80787401575 8025.776377952756 8054.284251968504 9046.646456692913 9075.154330708661 
32675.84803149606 32704.11968503937 8078.674803149606 8106.946456692914 8940.438582677165 8968.710236220473 
33274.21574803149 33302.90866141732 8237.747244094488 8266.440157480314 9039.074015748032 9067.766929133859 
32610.066141732284 32638.672440944883 7995.648818897638 8024.255118110236 8682.766929133859 8711.373228346456 
33439.06456692913 33467.72598425197 8039.387401574803 8068.048818897638 8840.111811023622 8868.773228346457 
33652.75590551181 33681.464566929135 8035.228346456693 8063.937007874016 8820.55905511811 8849.267716535433 
33502.10551181102 33530.577952755906 8099.8968503937 8128.369291338583 8668.074015748032 8696.546456692913 
33218.809448818894 33247.56141732283 7920.407874015748 7949.159842519685 9400.289763779527 9429.041732283464 
33186.12362204724 33214.80472440945 7889.930708661417 7918.611811023622 8884.603937007874 8913.28503937008 
32722.416535433073 32750.522834645668 7937.436220472441 7965.542519685039 9084.345669291339 9112.451968503938 
32809.57952755906 32837.55196850394 8022.772440944882 8050.744881889764 9165.47716535433 9193.449606299213 
33272.27244094488 33300.823622047246 8029.488976377953 8058.0401574803145 8842.39842519685 8870.949606299213 
33183.270078740155 33211.97086614173 7992.140157480315 8020.84094488189 8808.277952755905 8836.97874015748 
33713.025984251966 33741.758267716534 8088.663779527559 8117.396062992126 9180.041732283464 9208.774015748031 
32978.90708661417 33007.12362204724 7892.6314960629925 7920.848031496063 8573.6 8601.81653543307 
33137.94960629921 33165.98897637795 7518.607086614174 7546.6464566929135 8708.03622047244 8736.075590551181 
32783.61023622047 32811.73228346457 8049.318897637795 8077.44094488189 8841.13779527559 8869.259842519685 
33248.955118110236 33277.872440944884 8229.809448818898 8258.726771653543 8901.466929133858 8930.384251968504 
33067.86062992126 33096.1125984252 7973.4 8001.651968503937 8722.073228346457 8750.325196850394 
33478.679527559056 33506.955118110236 7905.525984251968 7933.801574803149 8848.443307086614 8876.718897637795 
32976.86614173228 33004.66535433071 7920.385826771653 7948.185039370079 8705.503937007874 8733.3031496063 
32338.46220472441 32366.533070866142 8030.61968503937 8058.690551181102 9109.107874015748 9137.17874015748 
32541.925196850392 32570.30708661417 7951.36220472441 7979.744094488189 9125.350393700788 9153.732283464567 
33148.16614173228 33176.66220472441 8008.756692913385 8037.252755905512 8890.292125984251 8918.788188976378 
33417.341732283465 33446.14094488189 8119.955905511811 8148.755118110236 9028.924409448819 9057.723622047244 
33441.3062992126 33469.95984251968 7832.727559055118 7861.381102362205 8984.786614173228 9013.440157480314 
33397.647244094485 33425.80866141732 8038.682677165354 8066.844094488189 8425.891338582676 8454.052755905512 
32885.7125984252 32914.17716535433 7942.98031496063 7971.444881889764 8763.46062992126 8791.925196850394 
33057.546456692915 33085.94803149606 8286.731496062992 8315.133070866143 8928.2 8956.60157480315 
33051.31653543307 33079.8125984252 8129.477952755906 8157.974015748032 9000.151181102363 9028.647244094489 
32543.53464566929 32571.546456692915 8175.412598425197 8203.424409448819 8642.574015748032 8670.585826771654 
33024.596850393704 33052.59291338583 8046.274015748031 8074.270078740157 9067.15590551181 9095.151968503937 
33028.86850393701 33056.97874015748 7916.852755905512 7944.962992125984 8588.041732283464 8616.151968503937 
33846.03858267717 33874.67244094488 7969.794488188976 7998.428346456693 8451.770866141733 8480.404724409449 
32650.54094488189 32678.407086614174 7917.615748031496 7945.48188976378 8721.580314960629 8749.446456692913 
33081.4905511811 33109.65196850394 8175.966929133859 8204.128346456693 8827.74251968504 8855.903937007874 
32288.53149606299 32315.976377952757 7597.885826771653 7625.330708661418 8360.909448818898 8388.354330708662 
32017.081102362205 32045.029921259844 7798.970866141733 7826.91968503937 9028.144094488189 9056.092913385826 
32771.52125984252 32799.81653543307 8057.186614173228 8085.48188976378 8600.387401574802 8628.682677165354 
32398.53622047244 32426.22913385827 7583.366929133858 7611.059842519685 8714.276377952756 8741.969291338582 
32372.030708661416 32400.030708661416 8031.196062992126 8059.196062992126 9039.558267716535 9067.558267716535 
32089.048818897638 32116.918897637795 7902.0606299212595 7929.930708661417 8453.733858267717 8481.603937007874 
33034.04409448819 33062.292125984255 8024.252755905512 8052.500787401575 8460.217322834646 8488.465354330709 
