21851.922093023255 21879.887209302327 4927.096511627907 4955.061627906976 5551.224418604651 5579.189534883721 
22345.25 22373.877906976744 4684.232558139535 4712.860465116279 5343.424418604651 5372.052325581395 
21759.53953488372 21787.40581395349 4824.132558139535 4851.998837209302 5407.027906976744 5434.894186046512 
21304.045348837208 21332.11511627907 5035.091860465116 5063.161627906977 5171.277906976744 5199.347674418605 
21327.88953488372 21356.447674418603 4900.790697674419 4929.3488372093025 5278.970930232558 5307.529069767442 
21305.26395348837 21333.229069767443 4824.822093023256 4852.787209302325 5587.996511627907 5615.961627906977 
22010.06976744186 22038.68604651163 4696.691860465116 4725.308139534884 5374.093023255814 5402.709302325581 
21845.31511627907 21873.53604651163 4886.053488372093 4914.274418604651 5600.198837209302 5628.41976744186 
22193.93953488372 22222.509302325583 4862.108139534884 4890.677906976744 5630.579069767442 5659.148837209303 
21732.229069767443 21760.833720930234 5028.938372093024 5057.543023255814 5335.636046511628 5364.240697674419 
21443.670930232558 21471.816279069768 4819.339534883721 4847.48488372093 5382.84534883721 5410.990697674419 
21698.029069767443 21726.56976744186 4986.389534883721 5014.930232558139 5385.71511627907 5414.2558139534885 
21578.268604651163 21606.58837209302 4863.448837209302 4891.768604651163 5297.0593023255815 5325.379069767442 
21990.726744186046 22019.267441860466 4767.174418604651 4795.71511627907 5262.238372093023 5290.779069767442 
21355.352325581396 21383.218604651163 4808.416279069767 4836.282558139535 5336.3755813953485 5364.241860465117 
21915.08023255814 21943.144186046513 4747.132558139535 4775.196511627907 5232.882558139535 5260.946511627907 
21892.86976744186 21921.491860465117 4905.003488372093 4933.6255813953485 5478.532558139535 5507.15465116279 
21542.373255813953 21570.605813953487 4986.326744186046 5014.5593023255815 5824.524418604651 5852.756976744186 
21410.86046511628 21438.93023255814 4963.7558139534885 4991.825581395349 5428.2558139534885 5456.325581395349 
21724.08837209302 21752.431395348838 4976.681395348837 5005.024418604651 5620.8093023255815 5649.152325581395 
21979.71395348837 22007.841860465116 4863.237209302326 4891.36511627907 5470.5860465116275 5498.713953488372 
21871.943023255815 21900.63488372093 4842.256976744186 4870.948837209302 5559.838372093023 5588.53023255814 
21800.353488372093 21828.42906976744 4533.946511627907 4562.022093023255 5125.679069767441 5153.754651162791 
21418.54069767442 21446.71511627907 5002.360465116279 5030.53488372093 5544.226744186047 5572.4011627906975 
21573.98372093023 21601.722093023254 4772.041860465116 4799.78023255814 5486.739534883721 5514.477906976745 
22102.37093023256 22130.748837209303 4943.510465116279 4971.8883720930235 5331.254651162791 5359.632558139535 
21694.317441860465 21722.660465116278 4802.363953488372 4830.706976744186 5403.863953488372 5432.206976744186 
21457.667441860463 21485.67906976744 4674.248837209302 4702.260465116279 5966.911627906977 5994.923255813954 
21179.866279069767 21207.877906976744 4866.023255813953 4894.03488372093 5506.552325581395 5534.563953488372 
21959.096511627908 21987.718604651163 4660.096511627907 4688.718604651162 5543.456976744186 5572.079069767442 
21627.637209302327 21655.90465116279 4786.811627906976 4815.079069767442 5172.381395348837 5200.648837209303 
21800.29651162791 21828.668604651164 4912.726744186047 4941.0988372093025 5710.738372093023 5739.110465116279 
21588.446511627906 21616.28953488372 4862.039534883721 4889.882558139535 5433.737209302326 5461.58023255814 
22355.543023255814 22384.606976744188 4975.636046511628 5004.7 5421.298837209302 5450.362790697674 
21872.16162790698 21901.027906976746 4907.562790697674 4936.429069767441 5585.266279069768 5614.132558139535 
21625.72558139535 21653.847674418605 4917.132558139535 4945.254651162791 5151.702325581396 5179.824418604651 
21591.591860465116 21620.283720930234 4663.341860465116 4692.033720930232 5474.731395348837 5503.423255813954 
22431.126744186047 22459.806976744185 4691.051162790698 4719.731395348837 5379.754651162791 5408.43488372093 
21185.143023255812 21212.997674418606 4846.073255813953 4873.927906976744 5014.503488372093 5042.358139534884 
21255.38023255814 21283.252325581394 4872.537209302325 4900.409302325582 5618.45 5646.322093023256 
21879.831395348836 21908.337209302324 5002.127906976744 5030.633720930233 5605.761627906977 5634.267441860465 
21886.53604651163 21915.158139534884 4874.948837209302 4903.570930232559 5671.117441860465 5699.739534883721 
22157.752325581394 22186.12441860465 4870.59534883721 4898.967441860465 5391.577906976744 5419.95 
21900.408139534884 21929.297674418605 4843.379069767442 4872.268604651163 5370.6639534883725 5399.553488372093 
21766.029069767443 21794.325581395347 4723.523255813953 4751.819767441861 5540.470930232558 5568.767441860465 
21764.123255813953 21792.187209302327 4857.547674418604 4885.6116279069765 5297.63488372093 5325.698837209302 
21827.773255813954 21856.331395348836 4907.261627906977 4935.819767441861 5390.587209302325 5419.145348837209 
22085.382558139536 22114.208139534883 4924.632558139535 4953.458139534884 5498.696511627907 5527.522093023255 
21479.01627906977 21507.47558139535 4747.091860465116 4775.551162790698 5696.248837209302 5724.708139534884 
21504.265116279068 21532.212790697675 4818.352325581395 4846.3 5503.113953488372 5531.061627906976 
