36536.32391304348 36565.08115942029 8835.584782608696 8864.342028985508 9768.823913043478 9797.58115942029 
36004.68405797101 36032.74202898551 8735.23115942029 8763.289130434783 9832.328985507247 9860.38695652174 
36053.00579710145 36081.1 9066.846376811594 9094.940579710144 9936.440579710144 9964.534782608696 
35774.607246376814 35803.252173913046 8719.53115942029 8748.176086956522 9730.295652173912 9758.940579710144 
35783.198550724635 35811.36884057971 8692.658695652173 8720.828985507247 9555.423188405797 9583.59347826087 
35948.076811594205 35976.49710144928 8789.620289855073 8818.040579710145 9329.895652173913 9358.315942028985 
36153.34927536232 36181.5268115942 8847.863768115942 8876.041304347826 10030.523188405798 10058.700724637682 
36217.208695652174 36245.71956521739 8834.585507246376 8863.096376811594 9744.411594202898 9772.922463768116 
36066.66231884058 36095.00652173913 8524.8 8553.144202898551 9850.8 9879.144202898551 
36524.622463768115 36553.28188405797 9084.763768115941 9113.423188405797 9837.245652173913 9865.905072463767 
36634.842028985506 36663.70072463768 8858.294927536232 8887.153623188406 9672.03768115942 9700.896376811594 
35249.05434782609 35276.985507246376 8861.963768115942 8889.894927536232 9621.221014492754 9649.152173913044 
35494.97536231884 35523.30869565217 8815.392028985507 8843.72536231884 9550.228985507247 9578.562318840579 
36154.93260869565 36183.65 8963.965217391304 8992.682608695652 10040.635507246378 10069.352898550726 
36020.693478260866 36049.04492753623 8665.439855072464 8693.791304347826 9806.867391304348 9835.21884057971 
35996.89057971015 36025.15507246377 8765.010144927537 8793.27463768116 9251.383333333333 9279.647826086957 
36509.62028985507 36537.66739130435 8791.634782608695 8819.68188405797 9629.7 9657.747101449275 
35738.12391304348 35765.86304347826 8724.428260869565 8752.167391304349 9452.102173913043 9479.841304347827 
35846.565217391304 35874.80072463768 9075.54347826087 9103.778985507246 9191.963768115942 9220.199275362318 
36300.11304347826 36328.87391304348 8935.402898550725 8964.163768115943 9891.482608695653 9920.243478260869 
36089.597101449275 36117.93405797101 8821.057246376811 8849.394202898551 9730.350724637681 9758.687681159421 
36034.8884057971 36062.826811594205 8693.341304347827 8721.279710144927 9561.924637681159 9589.86304347826 
35911.305072463765 35939.71086956522 8939.167391304349 8967.573188405797 9859.239855072463 9887.645652173913 
35881.12536231884 35908.67971014493 8871.382608695652 8898.936956521738 9064.067391304348 9091.621739130434 
36124.277536231886 36152.49492753623 8917.429710144928 8945.647101449274 9892.299275362318 9920.516666666666 
35671.282608695656 35699.315217391304 8883.873188405798 8911.90579710145 9767.08695652174 9795.119565217392 
36176.38188405797 36204.78405797102 8824.700724637682 8853.102898550726 9691.05579710145 9719.457971014494 
35651.697101449274 35679.765942028986 8758.53043478261 8786.59927536232 9593.117391304348 9621.186231884058 
36907.608695652176 36936.409420289856 9110.608695652174 9139.409420289856 10112.5 10141.300724637682 
35503.85 35531.69782608696 8955.520289855072 8983.368115942028 9815.103623188406 9842.951449275362 
36768.73333333333 36797.367391304346 9009.302173913044 9037.936231884058 9659.291304347826 9687.92536231884 
36432.107246376814 36460.103623188406 8706.455072463768 8734.451449275362 9433.295652173912 9461.292028985506 
36128.602173913045 36156.830434782605 9112.142028985507 9140.370289855073 9858.95724637681 9887.185507246377 
35563.43623188406 35591.363768115945 8646.410869565218 8674.338405797102 10032.9 10060.827536231884 
36230.18550724638 36258.79420289855 8886.036956521739 8914.645652173913 9802.786956521739 9831.395652173913 
36072.38985507246 36100.46956521739 8793.842753623188 8821.922463768116 9327.534782608696 9355.614492753622 
36098.004347826085 36126.0731884058 8819.497101449275 8847.565942028985 9694.055072463769 9722.123913043479 
35798.68188405797 35827.12028985507 8434.395652173913 8462.834057971015 9792.90652173913 9821.344927536233 
35372.46231884058 35400.581884057974 8660.748550724638 8688.868115942028 9399.498550724638 9427.618115942028 
35504.23188405797 35532.17028985507 9020.518115942028 9048.45652173913 9518.434782608696 9546.373188405798 
36019.42391304348 36047.75724637681 8594.177536231884 8622.510869565218 9537.945652173914 9566.278985507246 
36219.94275362319 36248.23985507246 8877.772463768117 8906.06956521739 9354.507971014493 9382.805072463769 
36328.010869565216 36356.60507246377 8989.735507246376 9018.329710144928 9655.423913043478 9684.018115942028 
35747.55217391304 35775.896376811594 8801.58115942029 8829.92536231884 10099.095652173914 10127.439855072464 
36173.98043478261 36202.407971014494 8943.686956521738 8972.114492753622 9783.980434782608 9812.407971014492 
36306.8768115942 36335.34782608696 9086.757246376812 9115.228260869566 9728.91304347826 9757.384057971014 
35567.556521739134 35595.831884057974 8773.907971014492 8802.183333333332 9520.063768115942 9548.339130434782 
35795.000724637684 35823.21449275362 8880.823188405797 8909.036956521739 9611.76884057971 9639.982608695653 
35639.646376811594 35667.45797101449 8635.910869565218 8663.722463768116 9590.26231884058 9618.073913043478 
36043.277536231886 36071.61449275362 8950.16884057971 8978.505797101448 9510.21956521739 9538.55652173913 
