49464.48106666667 49492.9824 12919.611733333333 12948.113066666667 14029.187733333334 14057.689066666666 
50034.83093333333 50063.4976 12745.8256 12774.492266666666 13516.540266666667 13545.206933333333 
49992.653333333335 50021.117333333335 12937.866666666667 12966.330666666667 14416.986666666666 14445.450666666668 
49747.59733333333 49775.864 12665.693333333333 12693.96 13700.752 13729.018666666667 
49136.00373333333 49164.3504 12340.275733333334 12368.6224 13424.657066666667 13453.003733333333 
49518.54666666667 49546.976 12907.805333333334 12936.234666666667 13822.474666666667 13850.904 
49279.90666666667 49308.15466666667 12432.501333333334 12460.749333333333 13507.712 13535.96 
50156.43786666667 50184.904533333334 12249.144533333334 12277.6112 13761.160533333334 13789.6272 
49900.200533333336 49928.75786666667 12472.688533333334 12501.245866666666 13314.736533333333 13343.293866666667 
49357.2384 49385.667733333335 12659.7104 12688.139733333333 14054.905066666666 14083.3344 
49502.38613333333 49530.695466666664 12355.3088 12383.618133333333 13698.0528 13726.362133333334 
49061.41653333334 49089.51786666667 12634.2112 12662.312533333334 13914.6352 13942.736533333333 
48965.86986666667 48993.9392 12326.7632 12354.832533333334 13992.8752 14020.944533333333 
50207.64693333333 50236.29226666666 12757.788266666666 12786.4336 14718.252266666666 14746.8976 
50020.3792 50048.749866666665 12786.973866666667 12815.344533333333 14328.749866666667 14357.120533333333 
48824.2512 48852.440533333334 12668.869866666666 12697.0592 13431.352533333333 13459.541866666666 
49741.968 49770.46133333333 12669.973333333333 12698.466666666667 13816.530666666667 13845.024 
49947.0 49975.38133333333 12515.68 12544.061333333333 13980.677333333333 14009.058666666666 
49017.9056 49046.052266666666 12606.9536 12635.100266666666 14067.198933333333 14095.3456 
49924.55626666667 49952.70826666667 12550.660266666666 12578.812266666666 13544.692266666667 13572.844266666667 
49784.64426666667 49813.17226666667 12975.268266666666 13003.796266666666 14387.868266666666 14416.396266666667 
49527.04053333333 49555.13653333333 12555.584533333333 12583.680533333334 13886.477866666666 13914.573866666668 
49879.530666666666 49907.973333333335 13047.965333333334 13076.408 14169.704 14198.146666666667 
49013.365333333335 49041.208 12429.008 12456.850666666667 13421.656 13449.498666666666 
49242.390933333336 49270.66293333333 12784.5216 12812.7936 13965.566933333334 13993.838933333333 
49339.46133333333 49367.50133333333 12774.016 12802.056 13381.88 13409.92 
49720.32746666667 49748.59413333333 12419.591466666667 12447.858133333333 13739.082133333333 13767.3488 
49656.192 49684.522666666664 12726.04 12754.370666666666 13957.005333333333 13985.336 
49363.19893333333 49391.4896 12479.404266666666 12507.694933333334 13709.372266666667 13737.662933333333 
49036.45013333333 49064.602133333334 12644.071466666666 12672.223466666666 13641.5088 13669.6608 
49779.12693333333 49807.50026666667 12693.884266666666 12722.2576 13873.886933333333 13902.260266666666 
50157.268266666666 50185.6016 12529.3696 12557.702933333334 13408.678933333333 13437.012266666667 
50181.1312 50209.68053333333 12470.472533333334 12499.021866666666 13445.8272 13474.376533333334 
49259.2048 49287.3168 12701.386133333333 12729.498133333333 13359.927466666666 13388.039466666667 
49264.433066666665 49292.5584 12435.8304 12463.955733333334 13244.819733333334 13272.945066666667 
50328.66613333333 50357.26613333333 12619.391466666666 12647.991466666666 13824.018133333333 13852.618133333333 
49933.04693333333 49961.3296 12573.342933333333 12601.6256 13740.8096 13769.092266666667 
49621.1808 49649.674133333334 12678.5968 12707.090133333333 13474.4528 13502.946133333333 
49610.450666666664 49638.66933333333 12795.178666666667 12823.397333333332 13852.757333333333 13880.976 
49428.88746666667 49457.21546666667 12451.791466666667 12480.119466666667 13688.458133333334 13716.786133333333 
49703.64746666667 49731.81546666667 12606.218133333334 12634.386133333333 13924.002133333333 13952.170133333333 
50549.352 50578.256 12481.989333333333 12510.893333333333 13843.082666666667 13871.986666666666 
49424.05066666667 49452.34933333333 12500.005333333333 12528.304 13924.0 13952.298666666667 
49539.156266666665 49567.2416 12497.734933333333 12525.820266666668 13548.844266666667 13576.9296 
49353.95093333333 49382.1056 12790.3696 12818.524266666667 13827.286933333333 13855.4416 
49502.47253333333 49530.64853333333 12472.925866666666 12501.101866666666 13666.8272 13695.0032 
49823.282133333334 49851.650133333336 12471.426133333332 12499.794133333333 13810.111466666667 13838.479466666666 
48916.6064 48944.92106666667 12551.819733333334 12580.1344 13800.049066666666 13828.363733333334 
49153.03946666667 49181.0608 12467.778133333333 12495.799466666667 13683.506133333334 13711.527466666666 
49498.606933333336 49526.7296 12771.484266666666 12799.606933333333 13524.790933333334 13552.9136 
