2657.341935483871 2686.2451612903224 132.1483870967742 161.05161290322582 175.43870967741935 204.34193548387097 
2238.0774193548386 2265.0774193548386 121.30322580645161 148.30322580645162 183.7225806451613 210.7225806451613 
2554.0193548387097 2583.277419354839 121.65161290322581 150.90967741935484 204.89032258064515 234.1483870967742 
2113.2967741935486 2140.5870967741935 117.96774193548387 145.25806451612902 164.11612903225807 191.40645161290323 
2434.122580645161 2461.3806451612904 105.70322580645161 132.96129032258065 166.99354838709678 194.2516129032258 
2532.81935483871 2561.851612903226 147.59354838709677 176.6258064516129 184.04516129032257 213.0774193548387 
2687.690322580645 2717.0451612903225 129.43225806451613 158.78709677419354 150.4967741935484 179.8516129032258 
2551.0387096774193 2579.5225806451613 104.32903225806452 132.81290322580645 152.28387096774193 180.76774193548388 
2416.2193548387095 2444.4774193548387 109.67096774193548 137.92903225806452 191.3483870967742 219.60645161290321 
2490.4774193548387 2518.6387096774192 116.02580645161291 144.18709677419355 178.8967741935484 207.05806451612904 
2550.7870967741937 2579.238709677419 99.20645161290322 127.65806451612903 152.04516129032257 180.4967741935484 
2277.0774193548386 2303.722580645161 140.9806451612903 167.6258064516129 217.30322580645162 243.94838709677418 
2407.1096774193547 2434.5612903225806 130.7225806451613 158.1741935483871 191.4 218.8516129032258 
2404.025806451613 2432.122580645161 106.96129032258065 135.05806451612904 169.8 197.8967741935484 
2518.3225806451615 2547.9032258064517 129.6451612903226 159.2258064516129 233.9225806451613 263.5032258064516 
2371.722580645161 2399.238709677419 116.14193548387097 143.65806451612903 187.43225806451613 214.94838709677418 
2523.238709677419 2552.367741935484 113.07741935483871 142.20645161290324 208.94838709677418 238.0774193548387 
2611.516129032258 2641.4193548387098 115.61290322580645 145.51612903225808 186.58064516129033 216.48387096774192 
2846.3290322580647 2875.2967741935486 149.36129032258066 178.32903225806453 176.03870967741935 205.00645161290322 
2497.0774193548386 2525.303225806452 101.4 129.6258064516129 176.2709677419355 204.4967741935484 
2515.858064516129 2543.761290322581 108.72903225806452 136.63225806451612 182.40645161290323 210.30967741935484 
2553.5354838709677 2582.2129032258063 111.34193548387097 140.0193548387097 157.30967741935484 185.98709677419356 
2341.8129032258066 2370.974193548387 104.78064516129032 133.94193548387096 160.4258064516129 189.58709677419355 
2287.5225806451613 2315.1677419354837 98.58709677419355 126.23225806451613 178.79354838709676 206.43870967741935 
2429.6193548387096 2458.6193548387096 96.03870967741935 125.03870967741935 176.06451612903226 205.06451612903226 
2694.341935483871 2723.9870967741936 132.05161290322582 161.69677419354838 237.6 267.2451612903226 
2575.4645161290323 2604.9483870967742 135.23870967741937 164.7225806451613 174.0774193548387 203.56129032258065 
2617.335483870968 2646.7870967741937 110.81935483870967 140.2709677419355 165.94838709677418 195.4 
2343.148387096774 2371.8903225806453 137.76129032258063 166.5032258064516 212.1483870967742 240.89032258064515 
2243.8903225806453 2270.632258064516 108.01935483870967 134.76129032258063 232.95483870967743 259.6967741935484 
2653.0709677419354 2682.2645161290325 128.8774193548387 158.07096774193548 163.1032258064516 192.29677419354837 
2480.9870967741936 2509.18064516129 102.66451612903226 130.85806451612902 201.04516129032257 229.23870967741937 
2673.5935483870967 2703.335483870968 130.81935483870967 160.56129032258065 201.69032258064516 231.43225806451613 
2481.309677419355 2510.664516129032 116.43870967741935 145.79354838709676 153.34193548387097 182.69677419354838 
2565.509677419355 2594.3161290322582 108.99354838709678 137.8 173.60645161290321 202.41290322580645 
2362.516129032258 2390.3870967741937 127.96774193548387 155.83870967741936 225.25806451612902 253.1290322580645 
2650.9032258064517 2679.2580645161293 109.70967741935483 138.06451612903226 175.38709677419354 203.74193548387098 
2606.483870967742 2634.6774193548385 97.2258064516129 125.41935483870968 189.80645161290323 218.0 
2353.4451612903226 2380.8 107.99354838709678 135.3483870967742 200.18709677419355 227.54193548387096 
2334.3225806451615 2361.8064516129034 106.48387096774194 133.96774193548387 180.3741935483871 207.85806451612902 
2206.2 2234.5548387096774 110.13548387096775 138.49032258064517 203.13548387096773 231.49032258064517 
2495.483870967742 2523.7096774193546 112.70967741935483 140.93548387096774 156.29032258064515 184.51612903225808 
2418.174193548387 2445.303225806452 109.91612903225807 137.04516129032257 140.91612903225806 168.04516129032257 
2564.2 2593.2645161290325 125.39354838709677 154.45806451612904 179.26451612903224 208.32903225806453 
2643.761290322581 2671.9548387096775 127.34193548387097 155.53548387096774 181.85806451612902 210.05161290322582 
2398.509677419355 2426.058064516129 113.76774193548387 141.31612903225806 161.70322580645163 189.2516129032258 
2502.858064516129 2531.0193548387097 105.92258064516129 134.08387096774194 171.47096774193548 199.63225806451612 
2357.6774193548385 2385.3225806451615 112.41935483870968 140.06451612903226 144.16129032258064 171.80645161290323 
2303.2645161290325 2331.974193548387 159.61935483870968 188.32903225806453 195.26451612903224 223.9741935483871 
2614.767741935484 2643.7032258064514 101.47741935483872 130.41290322580645 191.50967741935483 220.44516129032257 
