13312.534545454546 13340.734545454545 2541.9345454545455 2570.1345454545453 2871.2618181818184 2899.461818181818 
13333.236363636364 13362.072727272727 2497.2090909090907 2526.0454545454545 3056.1454545454544 3084.981818181818 
13326.60909090909 13355.145454545454 2593.2636363636366 2621.8 2799.1 2827.6363636363635 
13659.227272727272 13688.154545454545 2618.9727272727273 2647.9 2891.7909090909093 2920.7181818181816 
12760.754545454545 12788.50909090909 2573.163636363636 2600.918181818182 2722.8636363636365 2750.6181818181817 
12968.789090909091 12997.17090909091 2491.68 2520.061818181818 2641.8436363636365 2670.2254545454543 
13156.385454545454 13184.821818181817 2485.7945454545456 2514.230909090909 2853.8763636363637 2882.3127272727274 
13540.190909090908 13568.136363636364 2408.3727272727274 2436.318181818182 2825.1 2853.0454545454545 
13619.481818181817 13648.0 2548.490909090909 2577.009090909091 2955.9363636363637 2984.4545454545455 
13623.618181818181 13652.381818181819 2610.672727272727 2639.4363636363637 2927.0545454545454 2955.818181818182 
13248.143636363637 13276.061818181819 2589.243636363636 2617.161818181818 2866.1254545454544 2894.0436363636363 
13525.2 13553.690909090908 2547.5363636363636 2576.0272727272727 3009.581818181818 3038.072727272727 
12851.629090909091 12879.42909090909 2602.2381818181816 2630.038181818182 2794.538181818182 2822.338181818182 
13369.178181818183 13397.905454545455 2493.5963636363635 2522.3236363636365 2755.36 2784.0872727272726 
13310.787272727273 13338.905454545455 2567.6145454545454 2595.732727272727 2896.06 2924.1781818181817 
13310.447272727273 13338.792727272727 2498.629090909091 2526.9745454545455 2966.52 2994.8654545454547 
13276.261818181818 13304.807272727272 2452.1345454545453 2480.68 2846.8436363636365 2875.389090909091 
13262.23090909091 13290.776363636363 2434.8945454545456 2463.44 2480.212727272727 2508.758181818182 
13457.172727272728 13485.49090909091 2717.7363636363634 2746.0545454545454 2686.9727272727273 2715.2909090909093 
13695.483636363637 13724.592727272728 2577.1654545454544 2606.2745454545457 2943.1563636363635 2972.2654545454548 
13590.185454545455 13617.685454545455 2296.6763636363635 2324.1763636363635 2979.712727272727 3007.212727272727 
13209.232727272727 13236.841818181818 2533.9145454545455 2561.5236363636363 3160.0327272727272 3187.641818181818 
13289.645454545454 13318.081818181818 2572.981818181818 2601.418181818182 3008.9727272727273 3037.409090909091 
13184.867272727273 13213.367272727273 2484.349090909091 2512.849090909091 2797.6672727272726 2826.1672727272726 
13239.585454545455 13267.44 2586.34 2614.1945454545453 2791.458181818182 2819.3127272727274 
13680.174545454545 13708.92909090909 2438.3745454545456 2467.129090909091 2705.3745454545456 2734.129090909091 
13653.376363636364 13681.321818181817 2519.3309090909092 2547.276363636364 3005.8854545454546 3033.8309090909092 
13301.763636363636 13329.963636363636 2589.7545454545457 2617.9545454545455 2662.7636363636366 2690.9636363636364 
13140.34909090909 13168.24909090909 2559.4036363636365 2587.3036363636365 2911.458181818182 2939.358181818182 
13245.081818181818 13273.4 2428.9636363636364 2457.2818181818184 2513.990909090909 2542.309090909091 
12865.525454545455 12893.07090909091 2599.8345454545456 2627.38 2553.38 2580.9254545454546 
12838.134545454546 12866.461818181819 2676.152727272727 2704.48 3069.3345454545456 3097.661818181818 
13116.227272727272 13144.372727272726 2572.927272727273 2601.072727272727 2864.8818181818183 2893.0272727272727 
13646.727272727272 13675.40909090909 2465.981818181818 2494.663636363636 3156.0 3184.681818181818 
13320.28 13349.025454545455 2400.7527272727275 2429.498181818182 2793.3527272727274 2822.0981818181817 
13252.134545454546 13280.652727272727 2481.970909090909 2510.489090909091 2952.3527272727274 2980.870909090909 
13014.387272727272 13042.214545454546 2425.778181818182 2453.6054545454544 2440.550909090909 2468.378181818182 
12940.534545454546 12968.943636363636 2628.4254545454546 2656.8345454545456 3046.570909090909 3074.98 
13469.545454545454 13497.90909090909 2539.3 2567.663636363636 2794.7818181818184 2823.1454545454544 
13491.572727272727 13520.727272727272 2588.836363636364 2617.990909090909 2987.409090909091 3016.5636363636363 
13508.632727272727 13537.278181818181 2712.3145454545456 2740.96 2941.96 2970.6054545454544 
13244.805454545454 13272.987272727272 2561.36 2589.541818181818 2539.8054545454547 2567.9872727272727 
13030.641818181819 13058.26909090909 2478.3054545454547 2505.9327272727273 2787.4963636363636 2815.1236363636363 
13217.647272727272 13246.201818181818 2454.938181818182 2483.4927272727273 2969.32 2997.8745454545456 
13032.856363636363 13060.483636363637 2478.6381818181817 2506.2654545454548 2755.329090909091 2782.9563636363637 
13414.545454545454 13442.90909090909 2630.6545454545453 2659.018181818182 3031.0 3059.3636363636365 
13284.707272727273 13313.334545454545 2577.28 2605.907272727273 3067.870909090909 3096.498181818182 
13019.352727272728 13047.161818181818 2500.0072727272727 2527.816363636364 3018.552727272727 3046.3618181818183 
13077.798181818182 13105.961818181819 2486.307272727273 2514.470909090909 3091.0345454545454 3119.1981818181816 
13299.683636363636 13327.974545454545 2463.110909090909 2491.4018181818183 2883.501818181818 2911.7927272727275 
