38255.01275167785 38282.82818791946 9722.331543624161 9750.146979865773 10493.61677852349 10521.4322147651 
39156.84026845638 39185.38724832215 9935.722818791946 9964.269798657719 10550.538255033556 10579.085234899328 
39209.26174496644 39237.54697986577 9726.419463087248 9754.704697986577 10615.78523489933 10644.070469798658 
39246.180536912754 39274.64026845637 9551.559731543624 9580.019463087248 10620.65033557047 10649.110067114094 
38402.11275167785 38430.29060402684 9473.58255033557 9501.760402684564 10143.669798657718 10171.847651006712 
38606.85100671141 38634.88456375839 9742.451677852348 9770.485234899328 10526.703355704698 10554.736912751678 
38023.11476510067 38050.873154362416 9577.987248322148 9605.745637583892 10631.504026845638 10659.262416107382 
38845.52751677852 38873.77248322147 9749.779194630872 9778.024161073825 10595.829530201343 10624.074496644294 
38647.19395973154 38675.08322147651 9576.136912751677 9604.026174496645 10445.180536912752 10473.069798657718 
39464.095302013426 39492.474496644296 9469.971140939597 9498.35033557047 10277.531543624162 10305.910738255034 
39772.4966442953 39801.104026845635 9713.56711409396 9742.174496644295 10502.167785234898 10530.775167785236 
38368.826174496644 38397.191946308725 9678.436912751678 9706.802684563758 10292.121476510067 10320.487248322148 
39586.15234899329 39614.860402684564 9846.50134228188 9875.209395973154 10790.823489932885 10819.531543624162 
39286.20134228188 39314.38926174497 9705.255033557047 9733.442953020134 10238.20134228188 10266.389261744966 
38675.34026845638 38702.99798657718 9606.85033557047 9634.508053691276 10467.568456375839 10495.226174496644 
38759.56040268456 38787.56040268456 9508.73489932886 9536.73489932886 10373.46644295302 10401.46644295302 
38927.38255033557 38955.51677852349 9572.989932885906 9601.124161073825 10388.087248322148 10416.221476510067 
39428.90201342282 39456.995973154364 9498.91879194631 9527.012751677852 10263.653691275167 10291.747651006712 
39157.26510067114 39185.31543624161 9686.909395973154 9714.959731543624 10378.540268456376 10406.590604026846 
39477.7644295302 39506.31812080537 9628.945637583893 9657.499328859061 10511.670469798657 10540.224161073826 
39920.479194630876 39949.28456375839 9673.341610738255 9702.146979865773 10878.304697986578 10907.110067114094 
39035.68322147651 39063.8744966443 9794.223489932885 9822.414765100672 10373.723489932885 10401.914765100672 
39281.70067114094 39309.80134228188 9592.925503355706 9621.026174496645 10416.955704697986 10445.056375838925 
39986.309395973156 40015.01409395973 9822.608053691276 9851.312751677853 10676.879865771813 10705.58456375839 
38855.38456375839 38883.73691275168 9631.488590604027 9659.840939597316 11130.7 11159.05234899329 
38742.61409395973 38771.12751677852 9874.255033557047 9902.76845637584 11056.08389261745 11084.597315436242 
38651.142953020135 38679.16308724832 9746.381208053692 9774.401342281879 10696.740268456377 10724.760402684564 
39264.4711409396 39293.02147651007 9495.994630872483 9524.544966442953 10566.605369127517 10595.155704697987 
38526.11073825503 38554.402684563756 9705.402684563758 9733.694630872484 10568.882550335571 10597.174496644295 
39921.07315436241 39949.7577181208 9652.781208053691 9681.46577181208 10242.791275167785 10271.475838926175 
38555.04899328859 38582.93489932886 9672.887919463088 9700.773825503356 10865.713422818792 10893.59932885906 
39330.43288590604 39359.04362416107 9931.020134228187 9959.630872483222 10790.28523489933 10818.895973154362 
39297.528187919466 39325.622147651 9613.38389261745 9641.477852348993 10521.904026845637 10549.997986577182 
38969.03087248322 38997.25234899329 9831.9 9860.121476510067 10698.037583892617 10726.259060402685 
38608.41744966443 38636.27651006712 9553.860402684564 9581.71946308725 10413.014765100672 10440.873825503355 
39194.203355704696 39222.29060402684 9797.49865771812 9825.585906040269 11007.397986577182 11035.485234899328 
39101.25033557047 39129.67986577181 9636.05234899329 9664.48187919463 10828.444966442952 10856.874496644296 
39515.2644295302 39543.81812080537 9611.38523489933 9639.938926174496 10455.512751677852 10484.06644295302 
38938.80268456376 38967.26577181208 9503.359731543624 9531.822818791947 10493.104697986577 10521.5677852349 
38658.9677852349 38687.1288590604 9402.669127516778 9430.830201342282 10406.122147651007 10434.28322147651 
38849.0966442953 38877.52281879195 9567.690604026846 9596.11677852349 10363.18389261745 10391.610067114094 
39598.71275167785 39627.26979865772 9919.669127516778 9948.226174496644 10271.048322147652 10299.605369127517 
38601.940268456376 38630.07785234899 9873.554362416107 9901.691946308725 10607.410067114093 10635.547651006711 
39681.07248322148 39709.971812080534 9669.757046979867 9698.656375838926 10619.414765100672 10648.314093959732 
39602.84026845638 39631.19261744966 9963.061744966442 9991.414093959731 10247.8 10276.152348993288 
39511.459731543626 39540.06040268456 9477.946308724831 9506.546979865772 10944.553691275169 10973.154362416108 
38764.491275167784 38792.87382550335 9498.974496644296 9527.357046979865 10882.24966442953 10910.6322147651 
39506.34899328859 39535.01677852349 10032.859060402685 10061.526845637583 10798.020134228187 10826.687919463087 
39013.20067114094 39041.57651006711 9899.646979865773 9928.022818791946 10695.536241610738 10723.912080536913 
38984.24966442953 39012.4644295302 9775.534899328859 9803.74966442953 10690.242953020133 10718.457718120806 
