211.36363636363637 240.8181818181818 53.92727272727273 83.38181818181818 63.56363636363636 93.01818181818182 
101.2 128.47272727272727 61.74545454545454 89.01818181818182 58.61818181818182 85.89090909090909 
80.05454545454545 106.96363636363637 59.07272727272727 85.98181818181818 48.14545454545455 75.05454545454545 
137.21818181818182 164.5818181818182 60.236363636363635 87.6 68.89090909090909 96.25454545454545 
130.12727272727273 158.94545454545454 61.345454545454544 90.16363636363636 51.945454545454545 80.76363636363637 
109.52727272727273 139.16363636363636 55.21818181818182 84.85454545454546 66.6 96.23636363636363 
98.21818181818182 125.21818181818182 57.61818181818182 84.61818181818182 58.654545454545456 85.65454545454546 
148.07272727272726 180.25454545454545 64.74545454545455 96.92727272727272 52.81818181818182 85.0 
113.49090909090908 142.4909090909091 67.76363636363637 96.76363636363637 62.054545454545455 91.05454545454545 
138.6 165.6909090909091 55.81818181818182 82.9090909090909 68.41818181818182 95.50909090909092 
134.01818181818183 160.83636363636364 60.8 87.61818181818182 48.21818181818182 75.03636363636363 
96.81818181818181 125.18181818181819 54.85454545454545 83.21818181818182 52.836363636363636 81.2 
97.34545454545454 127.07272727272728 58.527272727272724 88.25454545454545 51.763636363636365 81.49090909090908 
144.61818181818182 174.70909090909092 64.10909090909091 94.2 67.32727272727273 97.41818181818182 
148.54545454545453 176.9090909090909 60.81818181818182 89.18181818181819 55.72727272727273 84.0909090909091 
159.6 190.14545454545456 66.23636363636363 96.78181818181818 66.98181818181818 97.52727272727273 
168.34545454545454 197.16363636363636 55.36363636363637 84.18181818181819 59.41818181818182 88.23636363636363 
77.54545454545455 106.45454545454545 57.78181818181818 86.69090909090909 46.054545454545455 74.96363636363637 
210.94545454545454 239.6727272727273 67.98181818181818 96.7090909090909 64.23636363636363 92.96363636363637 
129.6727272727273 159.76363636363635 59.49090909090909 89.58181818181818 53.872727272727275 83.96363636363637 
99.10909090909091 126.2 58.49090909090909 85.58181818181818 53.29090909090909 80.38181818181818 
89.96363636363637 118.41818181818182 64.94545454545455 93.4 51.92727272727273 80.38181818181818 
124.41818181818182 152.5090909090909 61.018181818181816 89.10909090909091 65.18181818181819 93.27272727272727 
117.2909090909091 147.92727272727274 63.43636363636364 94.07272727272728 59.29090909090909 89.92727272727272 
108.87272727272727 137.5090909090909 54.81818181818182 83.45454545454545 53.61818181818182 82.25454545454545 
140.14545454545456 168.05454545454546 65.38181818181818 93.2909090909091 56.25454545454546 84.16363636363636 
94.14545454545454 120.50909090909092 63.872727272727275 90.23636363636363 48.763636363636365 75.12727272727273 
88.50909090909092 114.6 55.054545454545455 81.14545454545454 48.63636363636363 74.72727272727273 
212.63636363636363 241.54545454545453 59.981818181818184 88.89090909090909 67.89090909090909 96.8 
192.94545454545454 222.4 65.6 95.05454545454545 61.30909090909091 90.76363636363637 
107.01818181818182 135.92727272727274 62.836363636363636 91.74545454545455 53.29090909090909 82.2 
66.69090909090909 93.32727272727273 63.472727272727276 90.10909090909091 42.763636363636365 69.4 
109.21818181818182 137.76363636363635 64.52727272727273 93.07272727272728 57.70909090909091 86.25454545454545 
86.72727272727273 112.81818181818181 53.0 79.0909090909091 43.0 69.0909090909091 
145.43636363636364 175.07272727272726 54.81818181818182 84.45454545454545 53.38181818181818 83.01818181818182 
69.54545454545455 96.72727272727273 53.96363636363636 81.14545454545454 46.10909090909091 73.2909090909091 
133.78181818181818 164.05454545454546 55.8 86.07272727272728 55.69090909090909 85.96363636363637 
118.6 145.87272727272727 50.54545454545455 77.81818181818181 63.45454545454545 90.72727272727273 
196.3090909090909 225.94545454545454 58.70909090909091 88.34545454545454 63.14545454545455 92.78181818181818 
73.61818181818182 101.07272727272728 62.21818181818182 89.67272727272727 44.89090909090909 72.34545454545454 
70.03636363636363 96.58181818181818 57.163636363636364 83.7090909090909 47.85454545454545 74.4 
157.5818181818182 186.6727272727273 66.2909090909091 95.38181818181818 75.47272727272727 104.56363636363636 
88.2 116.92727272727272 61.09090909090909 89.81818181818181 48.90909090909091 77.63636363636364 
98.36363636363636 126.27272727272727 48.054545454545455 75.96363636363637 53.763636363636365 81.67272727272727 
93.32727272727273 119.32727272727273 53.63636363636363 79.63636363636364 53.163636363636364 79.16363636363636 
106.07272727272728 132.34545454545454 59.49090909090909 85.76363636363637 54.27272727272727 80.54545454545455 
97.16363636363636 126.25454545454545 55.18181818181818 84.27272727272727 47.054545454545455 76.14545454545454 
105.85454545454546 134.4909090909091 52.836363636363636 81.47272727272727 59.85454545454545 88.49090909090908 
61.72727272727273 89.45454545454545 59.58181818181818 87.30909090909091 42.63636363636363 70.36363636363636 
70.41818181818182 98.32727272727273 53.56363636363636 81.47272727272727 47.56363636363636 75.47272727272727 
