1928.9071428571428 1957.5142857142857 104.87142857142857 133.47857142857143 126.97857142857143 155.5857142857143 
2298.657142857143 2327.3714285714286 90.26428571428572 118.97857142857143 174.3 203.0142857142857 
1952.8142857142857 1981.1 96.99285714285715 125.27857142857142 175.68571428571428 203.97142857142856 
1862.2357142857143 1888.2 109.66428571428571 135.62857142857143 115.30714285714286 141.27142857142857 
2179.3285714285716 2206.9357142857143 93.43571428571428 121.04285714285714 127.32857142857142 154.93571428571428 
2026.192857142857 2054.4785714285713 96.90714285714286 125.19285714285714 144.7642857142857 173.05 
2066.1785714285716 2093.464285714286 103.57142857142857 130.85714285714286 118.25 145.53571428571428 
2218.2642857142855 2247.157142857143 101.76428571428572 130.65714285714284 163.55 192.44285714285715 
1918.0142857142857 1945.7285714285715 104.97857142857143 132.69285714285715 167.0142857142857 194.72857142857143 
2170.714285714286 2198.964285714286 118.21428571428571 146.46428571428572 170.85714285714286 199.10714285714286 
2132.9714285714285 2161.1857142857143 114.26428571428572 142.47857142857143 156.97142857142856 185.18571428571428 
2242.5071428571428 2270.864285714286 109.9 138.25714285714287 175.35714285714286 203.71428571428572 
1958.6214285714286 1985.7642857142857 103.26428571428572 130.40714285714284 134.40714285714284 161.55 
1959.8357142857142 1987.9071428571428 94.87142857142857 122.94285714285714 153.19285714285715 181.2642857142857 
2011.2642857142857 2041.3 107.3 137.3357142857143 162.97857142857143 193.0142857142857 
1761.2142857142858 1788.75 95.96428571428571 123.5 108.3 135.8357142857143 
2120.85 2149.707142857143 93.67142857142858 122.52857142857142 169.42142857142858 198.27857142857144 
2103.7285714285713 2133.157142857143 103.8 133.22857142857143 143.8 173.22857142857143 
2248.3357142857144 2276.192857142857 119.26428571428572 147.12142857142857 159.1642857142857 187.02142857142857 
1905.2571428571428 1932.8642857142856 110.00714285714285 137.61428571428573 131.57142857142858 159.17857142857142 
2129.9 2158.65 103.22142857142858 131.97142857142856 159.22857142857143 187.97857142857143 
2164.9857142857145 2193.1285714285714 113.12857142857143 141.27142857142857 169.27142857142857 197.4142857142857 
1913.2857142857142 1941.0714285714287 130.14285714285714 157.92857142857142 168.52857142857144 196.31428571428572 
1962.2214285714285 1989.7571428571428 94.22142857142858 121.75714285714285 132.93571428571428 160.47142857142856 
2003.0214285714285 2032.3428571428572 105.77142857142857 135.09285714285716 151.7357142857143 181.05714285714285 
2040.307142857143 2069.4857142857145 98.72857142857143 127.90714285714286 119.07142857142857 148.25 
2014.8142857142857 2042.5285714285715 119.27857142857142 146.99285714285713 180.11428571428573 207.82857142857142 
2098.4785714285713 2126.8714285714286 93.51428571428572 121.90714285714286 123.05 151.44285714285715 
1679.6785714285713 1706.9642857142858 96.64285714285714 123.92857142857143 167.02142857142857 194.30714285714285 
1780.0357142857142 1808.0 100.10714285714286 128.07142857142858 119.65714285714286 147.62142857142857 
1869.4214285714286 1896.35 98.77857142857142 125.70714285714286 135.92142857142858 162.85 
2272.5642857142857 2302.6 102.45 132.4857142857143 182.20714285714286 212.24285714285713 
2405.657142857143 2436.907142857143 99.87142857142857 131.12142857142857 144.97857142857143 176.22857142857143 
2389.0642857142857 2417.4928571428572 105.16428571428571 133.59285714285716 173.35 201.77857142857144 
2039.45 2067.307142857143 100.12857142857143 127.98571428571428 150.9142857142857 178.77142857142857 
2127.7357142857145 2156.45 93.27142857142857 121.98571428571428 170.7357142857143 199.45 
2280.15 2309.6857142857143 104.04285714285714 133.57857142857142 127.69285714285714 157.22857142857143 
2075.1857142857143 2103.8285714285716 103.43571428571428 132.07857142857142 151.97142857142856 180.61428571428573 
2081.4357142857143 2108.9714285714285 94.68571428571428 122.22142857142858 122.43571428571428 149.97142857142856 
2185.442857142857 2213.5857142857144 98.89285714285714 127.03571428571429 141.94285714285715 170.0857142857143 
2120.057142857143 2149.2714285714287 91.09285714285714 120.30714285714286 120.93571428571428 150.15 
2155.7214285714285 2183.864285714286 116.00714285714285 144.15 203.93571428571428 232.07857142857142 
2019.95 2045.9857142857143 97.59285714285714 123.62857142857143 154.2357142857143 180.27142857142857 
2066.75 2093.8571428571427 101.67857142857143 128.78571428571428 154.00714285714287 181.11428571428573 
2044.8642857142856 2072.6857142857143 105.25714285714285 133.07857142857142 115.50714285714285 143.32857142857142 
2062.7714285714287 2091.1285714285714 99.2 127.55714285714286 158.12857142857143 186.4857142857143 
2052.7285714285713 2081.5142857142855 95.3 124.08571428571429 154.3 183.0857142857143 
2009.9214285714286 2036.2785714285715 95.95714285714286 122.31428571428572 111.51428571428572 137.87142857142857 
2161.7428571428572 2190.635714285714 88.51428571428572 117.40714285714286 159.6 188.49285714285713 
2236.8785714285714 2265.4142857142856 92.82142857142857 121.35714285714286 141.80714285714285 170.34285714285716 
