29098.430357142857 29127.113392857143 6941.184821428571 6969.867857142857 7734.35 7763.033035714286 
28535.119642857142 28563.253571428573 7027.405357142857 7055.539285714286 7338.3875 7366.521428571428 
28179.945535714287 28208.003571428573 6747.039285714286 6775.097321428571 7443.052678571428 7471.1107142857145 
28645.63482142857 28673.715178571427 6611.969642857143 6640.05 7596.349107142857 7624.429464285714 
29174.074107142857 29202.708035714284 6980.0875 7008.721428571429 7856.699107142857 7885.333035714286 
29162.9125 29191.40357142857 6939.747321428571 6968.238392857143 7409.983928571429 7438.475 
29780.43482142857 29809.211607142857 6758.698214285714 6787.475 7471.25625 7500.033035714286 
28233.073214285716 28261.260714285716 6785.251785714286 6813.439285714286 7650.430357142857 7678.617857142857 
28146.46875 28174.0 6747.102678571428 6774.633928571428 7188.879464285715 7216.410714285715 
28963.39285714286 28991.540178571428 6924.522321428572 6952.669642857143 7413.794642857143 7441.941964285715 
28884.74375 28912.694642857143 6693.8375 6721.788392857143 7634.877678571429 7662.828571428571 
29325.46875 29353.90625 6838.772321428572 6867.209821428572 7315.620535714285 7344.058035714285 
28538.33125 28566.099107142858 6907.429464285714 6935.197321428572 7753.849107142857 7781.616964285714 
29359.571428571428 29388.540178571428 7053.870535714285 7082.839285714285 7522.214285714285 7551.183035714285 
29017.69017857143 29046.17232142857 6889.725892857143 6918.208035714286 7602.636607142857 7631.11875 
29422.479464285716 29450.84107142857 6905.608928571429 6933.970535714286 7515.56875 7543.930357142857 
28806.683928571427 28834.898214285713 6754.6705357142855 6782.884821428572 7449.094642857143 7477.308928571429 
29498.179464285713 29526.679464285713 6745.648214285714 6774.148214285714 7929.625892857143 7958.125892857143 
28985.575 29013.744642857142 6922.155357142857 6950.325 7348.896428571428 7377.066071428571 
28886.09375 28914.45535714286 6747.482142857143 6775.84375 7403.816964285715 7432.178571428572 
28572.825 28600.753571428573 6995.083928571428 7023.0125 7507.905357142857 7535.833928571428 
29158.848214285714 29187.040178571428 6887.183035714285 6915.375 7901.866071428572 7930.058035714285 
28971.663392857143 29000.15892857143 6984.373214285714 7012.86875 7277.779464285714 7306.275 
28833.823214285716 28861.69375 6788.966071428571 6816.836607142857 7230.483928571429 7258.354464285714 
28747.617857142857 28775.385714285716 6865.591071428571 6893.358928571429 7589.689285714286 7617.457142857143 
28373.216964285715 28401.29732142857 6852.203571428571 6880.283928571429 6985.43125 7013.511607142857 
29006.116071428572 29034.07589285714 7053.125 7081.084821428572 7642.053571428572 7670.013392857143 
28966.5125 28994.85625 6958.249107142857 6986.592857142857 7502.619642857143 7530.963392857143 
29529.58392857143 29558.097321428573 6816.615178571428 6845.128571428571 8035.2 8063.713392857143 
29297.35892857143 29326.09107142857 6692.515178571429 6721.247321428571 7451.564285714286 7480.296428571429 
28731.038392857143 28758.81517857143 6879.136607142857 6906.913392857143 7191.404464285714 7219.18125 
28829.14107142857 28857.569642857143 6893.953571428571 6922.382142857143 7318.980357142857 7347.408928571429 
28499.954464285714 28528.10625 6920.3294642857145 6948.48125 7865.9544642857145 7894.10625 
29251.208035714284 29280.051785714284 6986.511607142857 7015.355357142857 7098.047321428571 7126.891071428571 
28175.692857142858 28203.371428571427 6709.027678571429 6736.70625 7291.228571428572 7318.907142857143 
28143.527678571427 28171.183928571427 6819.554464285714 6847.210714285714 7239.402678571429 7267.058928571429 
28765.258035714287 28792.766964285714 6657.177678571428 6684.686607142857 6933.98125 6961.490178571428 
29038.54375 29067.2 6944.4544642857145 6973.1107142857145 7380.811607142857 7409.467857142857 
29153.20625 29181.733035714286 6950.4830357142855 6979.009821428572 7510.366964285714 7538.89375 
28920.070535714287 28948.23125 6722.365178571428 6750.525892857143 7316.186607142857 7344.347321428571 
29260.769642857143 29289.18482142857 6754.622321428571 6783.0375 7504.278571428571 7532.69375 
28620.241071428572 28648.620535714286 6655.84375 6684.223214285715 7783.080357142857 7811.459821428572 
29629.17410714286 29657.973214285714 6818.209821428572 6847.008928571428 7576.513392857143 7605.3125 
28747.803571428572 28775.803571428572 6695.361607142857 6723.361607142857 7449.803571428572 7477.803571428572 
28172.68125 28200.788392857143 6679.690178571429 6707.797321428571 7365.877678571429 7393.984821428571 
29354.4125 29383.189285714285 6974.617857142857 7003.394642857143 7701.626785714286 7730.403571428571 
28577.355357142857 28605.275 6778.190178571429 6806.109821428571 7223.078571428571 7250.998214285714 
28829.88839285714 28857.928571428572 6693.160714285715 6721.200892857143 7397.727678571428 7425.767857142857 
28850.661607142858 28879.19732142857 6651.536607142857 6680.072321428572 7248.45625 7276.991964285714 
28662.092857142856 28690.11517857143 6970.820535714286 6998.842857142857 7454.914285714286 7482.936607142857 
