27403.179342723004 27431.59248826291 6411.686384976526 6440.0995305164315 6795.9070422535215 6824.320187793427 
27701.01971830986 27729.353051643193 6387.226291079813 6415.559624413146 7282.808450704225 7311.141784037559 
27237.492018779343 27265.966197183097 6372.205633802817 6400.679812206573 7322.407511737089 7350.881690140845 
27102.938028169014 27131.10704225352 6479.614084507042 6507.783098591549 7170.754929577465 7198.923943661972 
27570.276995305165 27598.098591549297 6614.81220657277 6642.633802816901 7177.539906103287 7205.361502347418 
27590.352112676057 27618.605633802817 6598.779342723004 6627.032863849765 7472.2535211267605 7500.507042253521 
27054.05915492958 27081.955868544603 6245.89014084507 6273.786854460094 6905.7727699530515 6933.6694835680755 
27065.0 27092.971830985916 6303.450704225352 6331.422535211268 7105.830985915493 7133.802816901409 
27287.332394366196 27315.815962441313 6385.116431924883 6413.6 7395.562441314554 7424.046009389672 
27415.420657276994 27443.984037558686 6508.622535211268 6537.185915492958 6896.476995305165 6925.040375586855 
28048.496713615023 28077.567136150235 6673.003755868544 6702.0741784037555 7086.398122065728 7115.468544600939 
27306.935211267606 27334.921126760564 6507.113615023474 6535.0995305164315 6734.282629107981 6762.268544600939 
27822.311737089203 27850.757746478874 6539.846948356808 6568.292957746479 7187.950234741784 7216.396244131455 
27466.219718309858 27494.628169014086 6817.388732394366 6845.797183098592 7386.778403755869 7415.186854460094 
27526.640375586856 27555.156807511736 6538.729577464789 6567.246009389672 7023.2084507042255 7051.724882629108 
27837.493896713615 27865.991549295773 6600.3107981220655 6628.808450704225 7310.277934272301 7338.77558685446 
27669.99248826291 27698.579342723006 6569.138028169014 6597.724882629108 6943.161502347418 6971.748356807511 
28198.42159624413 28227.243192488262 6544.567136150235 6573.388732394366 7389.722065727699 7418.543661971831 
27709.632863849765 27738.42159624413 6351.463849765259 6380.252582159625 7076.407511737089 7105.196244131455 
27626.815962441313 27655.28544600939 6517.9708920187795 6546.440375586854 7075.562441314554 7104.031924882629 
27682.528638497653 27711.148356807513 6282.993427230047 6311.613145539906 7278.8431924882625 7307.462910798122 
27156.34178403756 27184.71737089202 6323.820657276995 6352.196244131455 6898.881690140845 6927.257276995305 
27495.30046948357 27523.835680751174 6487.769953051643 6516.305164319248 7633.305164319248 7661.840375586855 
28069.971830985916 28098.582159624413 6303.901408450704 6332.511737089202 7050.830985915493 7079.44131455399 
27725.900469483568 27754.10234741784 6311.797183098592 6339.999061032864 6959.557746478873 6987.7596244131455 
27724.82159624413 27753.352112676057 6273.666666666667 6302.197183098591 7221.859154929577 7250.389671361502 
27241.081690140843 27269.34929577465 6426.959624413145 6455.2272300469485 7391.415023474178 7419.6826291079815 
27070.272300469485 27098.422535211266 6569.474178403756 6597.62441314554 7119.169014084507 7147.319248826291 
27091.657276995305 27119.225352112677 6449.582159624413 6477.150234741784 7066.967136150235 7094.5352112676055 
27337.996244131456 27366.418779342723 6433.944600938967 6462.367136150235 6977.625352112676 7006.0478873239435 
27776.462910798124 27804.603755868546 6555.059154929578 6583.2 6946.176525821596 6974.3173708920185 
27569.426291079813 27598.064788732394 6630.637558685446 6659.276056338028 6920.0225352112675 6948.66103286385 
27183.611267605633 27211.935211267606 6264.719248826291 6293.043192488263 6603.578403755869 6631.90234741784 
27936.36150234742 27965.197183098593 6566.962441314554 6595.7981220657275 7189.342723004695 7218.178403755868 
27511.941784037557 27539.99812206573 6345.077934272301 6373.134272300469 6830.594366197183 6858.6507042253525 
27148.872300469484 27177.35117370892 6483.994366197183 6512.47323943662 6959.675117370892 6988.153990610329 
28027.632863849765 28056.628169014086 6473.670422535211 6502.66572769953 7139.891079812207 7168.886384976526 
27418.389671361503 27446.25821596244 6316.638497652582 6344.507042253521 7040.694835680752 7068.56338028169 
27618.32957746479 27646.83661971831 6469.89765258216 6498.404694835681 7470.540845070423 7499.0478873239435 
27461.530516431925 27489.80751173709 6255.023474178403 6283.300469483568 6807.460093896713 6835.737089201878 
27306.90234741784 27335.301408450705 6630.127699530516 6658.52676056338 6971.752112676057 7000.15117370892 
27348.779342723006 27377.140845070422 6484.859154929577 6513.220657276996 6890.220657276996 6918.582159624413 
27317.306103286384 27345.97746478873 6461.277934272301 6489.949295774648 6978.268544600939 7006.939906103286 
27522.493896713615 27551.432863849765 6332.09014084507 6361.0291079812205 7013.493896713615 7042.432863849765 
27553.027230046948 27581.881690140846 6484.891079812207 6513.745539906104 7038.215023474178 7067.069483568075 
27557.455399061033 27586.169014084506 6492.070422535211 6520.784037558686 7056.774647887324 7085.488262910798 
27074.77746478873 27102.655399061034 6346.087323943662 6373.965258215962 6810.866666666667 6838.744600938967 
27324.666666666668 27352.422535211266 6375.699530516432 6403.455399061033 7162.230046948357 7189.985915492958 
27506.038497652582 27534.179342723004 6486.89765258216 6515.038497652582 7268.691079812206 7296.831924882629 
26744.737089201877 26772.3661971831 6361.145539906103 6388.774647887324 7123.718309859155 7151.347417840376 
