1817.8538461538462 1847.4692307692308 96.12307692307692 125.73846153846154 124.00769230769231 153.62307692307692 
1771.423076923077 1798.7307692307693 86.96153846153847 114.26923076923077 121.23846153846154 148.54615384615386 
1904.2307692307693 1931.9615384615386 93.11538461538461 120.84615384615384 147.66153846153847 175.3923076923077 
1949.1384615384616 1977.6384615384616 98.37692307692308 126.87692307692308 142.2153846153846 170.7153846153846 
1750.6846153846154 1778.3384615384616 106.1923076923077 133.84615384615384 141.34615384615384 169.0 
1693.6307692307691 1722.0153846153846 93.5923076923077 121.97692307692307 113.18461538461538 141.56923076923076 
1934.8307692307692 1964.4846153846154 91.36923076923077 121.02307692307693 126.44615384615385 156.1 
1627.9076923076923 1655.4076923076923 107.52307692307693 135.02307692307693 137.59230769230768 165.09230769230768 
1918.1384615384616 1946.5230769230768 87.94615384615385 116.33076923076923 120.2 148.58461538461538 
1750.4769230769232 1778.3615384615384 95.20769230769231 123.0923076923077 120.92307692307692 148.80769230769232 
1932.3307692307692 1961.753846153846 102.67692307692307 132.1 146.1769230769231 175.6 
1859.253846153846 1888.8692307692309 84.86153846153846 114.47692307692307 131.59230769230768 161.2076923076923 
1748.3384615384616 1776.6461538461538 81.37692307692308 109.68461538461538 110.14615384615385 138.45384615384614 
1596.9846153846154 1624.176923076923 89.06153846153846 116.25384615384615 104.44615384615385 131.63846153846154 
1612.7384615384615 1641.4692307692308 87.73846153846154 116.46923076923076 142.01538461538462 170.74615384615385 
1592.7384615384615 1619.8923076923077 95.04615384615384 122.2 122.99230769230769 150.14615384615385 
1928.0615384615385 1957.676923076923 91.79230769230769 121.4076923076923 124.61538461538461 154.23076923076923 
1991.2615384615385 2019.9923076923078 91.45384615384616 120.18461538461538 127.68461538461538 156.41538461538462 
1845.7307692307693 1872.3846153846155 101.42307692307692 128.07692307692307 116.8076923076923 143.46153846153845 
2035.753846153846 2064.4461538461537 127.21538461538462 155.90769230769232 150.19230769230768 178.8846153846154 
1649.3846153846155 1676.8846153846155 102.46153846153847 129.96153846153845 145.8153846153846 173.3153846153846 
1749.446153846154 1778.9076923076923 89.13846153846154 118.6 124.06153846153846 153.52307692307693 
1645.5076923076922 1673.0461538461539 113.81538461538462 141.35384615384615 128.66153846153847 156.2 
1851.4615384615386 1878.5 86.65384615384616 113.6923076923077 105.14615384615385 132.1846153846154 
1848.9769230769232 1875.9769230769232 89.51538461538462 116.51538461538462 132.9 159.9 
1890.9076923076923 1920.8307692307692 112.71538461538462 142.63846153846154 163.33846153846153 193.26153846153846 
1847.2230769230769 1875.1846153846154 98.87692307692308 126.83846153846154 139.37692307692308 167.33846153846153 
1839.946153846154 1867.7153846153847 96.29230769230769 124.06153846153846 142.24615384615385 170.01538461538462 
1605.4153846153847 1634.1076923076923 129.33846153846153 158.03076923076924 205.8153846153846 234.5076923076923 
1812.5230769230768 1841.2153846153847 96.83846153846154 125.53076923076924 141.75384615384615 170.44615384615383 
1539.8461538461538 1568.0384615384614 106.23846153846154 134.43076923076924 138.42307692307693 166.6153846153846 
1744.2692307692307 1773.8461538461538 96.52307692307693 126.1 133.42307692307693 163.0 
1894.3615384615384 1922.4384615384615 93.0923076923077 121.16923076923077 129.03846153846155 157.1153846153846 
1604.7153846153847 1633.5230769230768 103.54615384615384 132.35384615384615 145.34615384615384 174.15384615384616 
1725.8692307692309 1753.946153846154 96.1 124.17692307692307 125.71538461538462 153.7923076923077 
1809.4692307692308 1837.3153846153846 94.8923076923077 122.73846153846154 126.23846153846154 154.08461538461538 
1610.9846153846154 1637.8692307692309 88.9076923076923 115.79230769230769 132.09230769230768 158.97692307692307 
2023.3538461538462 2053.0461538461536 103.62307692307692 133.3153846153846 159.43076923076924 189.12307692307692 
1981.4076923076923 2009.1384615384616 81.36923076923077 109.1 100.64615384615385 128.37692307692308 
1935.1076923076923 1964.8384615384616 93.99230769230769 123.72307692307692 149.1076923076923 178.83846153846153 
2007.9615384615386 2037.3846153846155 91.53846153846153 120.96153846153847 144.96153846153845 174.3846153846154 
1585.5923076923077 1613.4384615384615 88.0923076923077 115.93846153846154 125.26153846153846 153.1076923076923 
1714.8923076923077 1743.7384615384615 91.23846153846154 120.08461538461539 113.6 142.44615384615383 
1727.7 1755.623076923077 103.73846153846154 131.66153846153847 135.96923076923076 163.8923076923077 
2039.5076923076922 2067.1615384615384 101.66153846153846 129.3153846153846 153.15384615384616 180.80769230769232 
1981.4076923076923 2010.8692307692309 86.94615384615385 116.4076923076923 142.94615384615383 172.40769230769232 
1708.1692307692308 1735.3615384615384 88.20769230769231 115.4 107.65384615384616 134.84615384615384 
1949.923076923077 1978.076923076923 99.0 127.15384615384616 132.6153846153846 160.76923076923077 
1939.1846153846154 1967.1846153846154 91.3 119.3 138.46153846153845 166.46153846153845 
1897.5153846153846 1925.6692307692308 81.74615384615385 109.9 122.43846153846154 150.59230769230768 
