31258.57004048583 31286.436437246964 7696.327125506073 7724.193522267206 8257.221862348179 8285.088259109312 
32109.38299595142 32137.370850202427 7634.7554655870445 7662.743319838057 8243.297975708501 8271.285829959514 
31579.51983805668 31607.807287449392 7772.22024291498 7800.507692307692 8444.576518218624 8472.863967611336 
31713.9983805668 31742.13198380567 7833.374898785425 7861.508502024291 8378.553036437246 8406.686639676112 
32113.03967611336 32141.387854251014 7697.254251012146 7725.602429149798 8334.37975708502 8362.727935222672 
31763.005668016194 31791.515789473684 7855.527935222672 7884.038056680162 8583.617004048583 8612.127125506073 
31753.851821862347 31782.208097165993 7602.592712550607 7630.948987854251 8471.523886639676 8499.88016194332 
32443.927125506074 32472.153846153848 7643.388663967611 7671.615384615385 8067.113360323887 8095.3400809716595 
31885.531983805668 31913.73036437247 7723.908502024292 7752.106882591093 8437.26072874494 8465.459109311741 
32247.948178137653 32276.55951417004 7750.717408906882 7779.328744939271 8486.235627530365 8514.846963562753 
32537.656680161945 32566.037246963562 7698.021052631579 7726.401619433198 8372.867206477733 8401.247773279352 
32342.094736842104 32370.394331983807 7693.451012145749 7721.750607287449 8773.167611336032 8801.467206477733 
32501.962753036438 32530.34736842105 7811.804858299595 7840.1894736842105 8342.817004048584 8371.201619433199 
32769.32550607288 32798.51174089069 7791.527935222672 7820.714170040485 8741.256680161943 8770.442914979758 
32290.15060728745 32318.60809716599 7900.102024291498 7928.5595141700405 8472.154655870445 8500.612145748988 
32205.938461538462 32234.323076923076 7725.493117408907 7753.877732793522 8163.335222672064 8191.719838056681 
32154.76842105263 32183.31902834008 7689.962753036437 7718.513360323886 8346.302834008096 8374.853441295547 
31758.512550607287 31786.435627530365 7669.747368421053 7697.67044534413 8648.427530364372 8676.35060728745 
31892.034008097165 31920.021862348178 7771.2445344129555 7799.232388663968 8550.936842105262 8578.924696356275 
31855.169230769232 31883.545748987854 7746.691497975708 7775.068016194332 8469.594331983806 8497.97085020243 
32540.27044534413 32569.031578947368 7938.225910931174 7966.987044534413 8587.9991902834 8616.76032388664 
31930.85668016194 31959.03886639676 7762.941700404858 7791.123886639676 8325.565182186236 8353.747368421053 
32003.458299595142 32032.21943319838 7881.0615384615385 7909.822672064777 8719.38947368421 8748.150607287449 
32426.621862348176 32455.31012145749 7818.524696356275 7847.212955465587 9080.05910931174 9108.747368421053 
32144.52064777328 32172.77975708502 7678.026720647773 7706.285829959515 8304.62995951417 8332.88906882591 
32125.782186234817 32153.95222672065 7709.045344129555 7737.215384615384 8373.494736842105 8401.664777327935 
31516.705263157895 31544.855060728743 7574.425910931174 7602.575708502024 8529.697165991904 8557.846963562753 
31956.64129554656 31985.2 7669.22024291498 7697.778947368421 8322.507692307692 8351.066396761134 
31982.10931174089 32010.781376518218 7746.453441295546 7775.1255060728745 8791.311740890687 8819.983805668016 
32261.963562753037 32290.283400809716 7746.9109311740895 7775.2307692307695 8460.396761133603 8488.716599190284 
32100.92955465587 32129.403238866398 7614.662348178138 7643.136032388664 8055.281781376519 8083.7554655870445 
31958.217813765183 31986.428340080973 7819.715789473684 7847.926315789474 8750.594331983806 8778.804858299594 
31809.38299595142 31837.876923076925 7931.014574898785 7959.508502024291 8672.002429149798 8700.496356275304 
31973.591902834007 32001.826720647772 7847.98056680162 7876.215384615384 8472.689068825912 8500.923886639675 
32060.18137651822 32088.452631578948 7610.238056680162 7638.509311740891 8384.541700404858 8412.812955465588 
32022.037246963562 32050.272064777328 7683.490688259109 7711.725506072875 8441.498785425101 8469.733603238867 
32504.80890688259 32533.464777327936 7684.768421052631 7713.424291497976 8473.63076923077 8502.286639676113 
32335.076923076922 32363.283400809716 7831.684210526316 7859.890688259109 8559.396761133603 8587.603238866397 
32283.945748987855 32312.148178137653 7453.184615384615 7481.387044534413 7971.690688259109 7999.893117408907 
32452.855870445343 32481.094736842104 7562.868016194332 7591.106882591093 8344.236437246964 8372.475303643725 
32386.717408906883 32415.255870445344 7678.733603238867 7707.272064777328 8195.636437246963 8224.174898785424 
32380.046963562752 32408.767611336032 7842.374898785425 7871.095546558705 8668.067206477734 8696.787854251012 
32319.53036437247 32347.842105263157 7763.562753036437 7791.8744939271255 8519.680161943319 8547.991902834008 
31656.27854251012 31684.335222672064 7582.278542510121 7610.335222672064 8309.01943319838 8337.076113360325 
31814.345748987853 31842.426720647774 7770.183805668016 7798.264777327935 8203.88016194332 8231.96113360324 
32481.834008097165 32510.186234817815 7843.024291497975 7871.3765182186235 8255.085020242916 8283.437246963562 
31898.236437246964 31926.68987854251 7806.1392712550605 7834.592712550607 8205.6008097166 8234.054251012145 
32053.904453441297 32081.98947368421 7714.268825910931 7742.3538461538465 8258.475303643725 8286.560323886639 
31898.323886639675 31926.206477732794 7728.963562753036 7756.846153846154 8588.417004048582 8616.2995951417 
32109.987044534413 32138.63076923077 7887.408097165992 7916.051821862348 8684.153036437247 8712.796761133603 
