19869.936708860758 19898.056962025315 4501.550632911392 4529.670886075949 4885.4177215189875 4913.537974683544 
19947.6417721519 19975.73670886076 4399.274683544304 4427.369620253165 5093.3506329113925 5121.445569620253 
19989.083544303798 20017.615189873417 4625.748101265823 4654.279746835443 4859.108860759494 4887.640506329114 
19694.637974683545 19722.9417721519 4464.353164556962 4492.656962025317 4933.903797468354 4962.207594936709 
19988.311392405063 20017.04556962025 4423.406329113924 4452.140506329114 4836.817721518987 4865.5518987341775 
19701.73924050633 19730.32151898734 4503.726582278481 4532.308860759494 5215.245569620253 5243.827848101266 
19901.86075949367 19930.12658227848 4293.215189873417 4321.481012658228 5009.113924050633 5037.379746835443 
19871.09493670886 19898.772151898735 4334.291139240507 4361.96835443038 4892.7531645569625 4920.430379746836 
19793.3 19821.508860759495 4383.6860759493675 4411.894936708861 4932.135443037974 4960.3443037974685 
20231.41772151899 20259.8417721519 4410.056962025316 4438.481012658228 4754.037974683544 4782.462025316456 
20023.611392405062 20052.162025316455 4339.567088607595 4368.117721518987 5287.624050632911 5316.174683544304 
20045.103797468353 20073.711392405065 4387.983544303797 4416.591139240506 4741.369620253165 4769.977215189873 
20145.522784810128 20173.883544303797 4344.66835443038 4373.029113924051 4846.332911392405 4874.693670886076 
19258.188607594937 19285.96075949367 4347.062025316456 4374.83417721519 4749.011392405063 4776.7835443037975 
19956.73670886076 19985.00253164557 4013.8759493670887 4042.1417721518987 4818.59746835443 4846.863291139241 
19822.962025316454 19851.120253164558 4228.651898734177 4256.810126582279 4793.518987341772 4821.677215189873 
19360.725316455697 19388.57341772152 4183.1556962025315 4211.003797468355 4600.256962025316 4628.105063291139 
19898.025316455696 19926.006329113923 4327.651898734177 4355.632911392405 4885.658227848101 4913.639240506329 
20386.392405063292 20414.569620253165 4299.569620253164 4327.7468354430375 4974.696202531645 5002.873417721519 
19816.977215189872 19845.337974683545 4219.578481012658 4247.939240506329 5064.635443037974 5092.996202531645 
19230.830379746836 19258.526582278482 4427.2227848101265 4454.918987341772 4932.032911392405 4959.729113924051 
19678.793670886076 19706.717721518988 4127.053164556962 4154.977215189873 4798.894936708861 4826.818987341772 
19791.520253164555 19819.38734177215 4522.63417721519 4550.501265822785 4707.963291139241 4735.830379746835 
20132.648101265822 20161.667088607595 4374.160759493671 4403.179746835443 5021.281012658228 5050.3 
19885.086075949366 19913.769620253166 4459.111392405063 4487.79493670886 5232.098734177215 5260.782278481012 
19568.078481012657 19596.546835443038 4194.122784810126 4222.591139240506 4805.825316455696 4834.293670886076 
20039.75316455696 20068.310126582277 4369.2531645569625 4397.810126582279 5046.411392405063 5074.96835443038 
19961.032911392405 19989.608860759494 4470.425316455696 4499.001265822785 4792.792405063291 4821.368354430379 
19856.041772151897 19883.66835443038 4090.2569620253166 4117.883544303798 4818.851898734178 4846.478481012658 
20420.227848101265 20449.42405063291 4527.702531645569 4556.898734177215 5160.050632911392 5189.2468354430375 
20075.072151898734 20103.05316455696 4371.432911392405 4399.413924050633 4988.173417721519 5016.154430379747 
19983.69493670886 20012.11898734177 4292.998734177215 4321.422784810126 4820.024050632911 4848.4481012658225 
19770.062025316456 19798.353164556964 4247.207594936709 4275.498734177215 4688.492405063291 4716.7835443037975 
19609.624050632912 19638.3582278481 4370.079746835443 4398.8139240506325 5135.244303797468 5163.978481012658 
20148.577215189875 20176.99493670886 4587.944303797468 4616.362025316455 5018.615189873418 5047.032911392405 
19757.172151898732 19785.88101265823 4302.988607594937 4331.69746835443 5066.020253164557 5094.729113924051 
19993.143037974685 20021.624050632912 4391.250632911392 4419.73164556962 5045.256962025316 5073.737974683544 
20080.96075949367 20109.644303797468 4281.56835443038 4310.251898734177 4737.555696202532 4766.239240506329 
19773.316455696204 19801.45569620253 4401.7531645569625 4429.892405063291 4586.708860759493 4614.848101265823 
19688.772151898735 19716.5 4350.094936708861 4377.822784810127 4656.784810126583 4684.512658227848 
20222.548101265824 20251.339240506328 4404.750632911392 4433.541772151899 5143.90253164557 5172.693670886076 
20145.32658227848 20174.46582278481 4447.883544303798 4477.022784810127 5083.718987341772 5112.858227848102 
19920.32911392405 19948.26582278481 4365.886075949367 4393.822784810127 4733.4177215189875 4761.354430379747 
19939.846835443037 19968.30253164557 4483.486075949367 4511.9417721518985 4773.859493670886 4802.315189873418 
20032.901265822784 20060.781012658226 4359.002531645569 4386.882278481013 4839.167088607595 4867.046835443038 
20051.415189873416 20079.598734177216 4186.788607594936 4214.972151898734 4852.769620253164 4880.953164556962 
20141.279746835444 20169.564556962025 4272.2227848101265 4300.507594936709 4695.748101265823 4724.032911392405 
19825.87088607595 19853.851898734178 4267.921518987342 4295.90253164557 4738.820253164557 4766.801265822784 
19529.87088607595 19558.3582278481 4321.26329113924 4349.750632911392 4621.681012658228 4650.16835443038 
19650.364556962024 19678.73164556962 4422.415189873418 4450.782278481012 4765.010126582279 4793.377215189874 
