37.64 61.44 60.4 84.2 30.24 54.04 
65.08 93.68 58.84 87.44 54.28 82.88 
30.6 59.2 49.76 78.36 26.0 54.6 
53.6 80.6 57.88 84.88 44.8 71.8 
48.24 76.44 43.68 71.88 36.44 64.64 
38.16 65.36 57.76 84.96 31.56 58.76 
36.32 64.52 49.08 77.28 30.92 59.12 
41.48 76.08 45.88 80.48 35.68 70.28 
28.92 54.32 56.4 81.8 21.16 46.56 
44.6 75.0 55.08 85.48 30.08 60.48 
41.0 68.4 62.96 90.36 34.0 61.4 
37.64 62.84 56.92 82.12 31.44 56.64 
52.04 81.64 47.24 76.84 44.24 73.84 
51.0 80.4 43.28 72.68 35.2 64.6 
48.44 78.84 56.36 86.76 37.44 67.84 
46.76 76.36 52.08 81.68 35.6 65.2 
35.2 62.0 44.12 70.92 28.92 55.72 
36.32 65.12 55.44 84.24 28.4 57.2 
43.2 73.8 47.92 78.52 36.6 67.2 
39.88 68.48 48.68 77.28 34.08 62.68 
48.56 79.76 49.12 80.32 35.16 66.36 
34.32 58.92 54.92 79.52 22.72 47.32 
34.0 61.8 59.08 86.88 29.4 57.2 
61.0 90.6 59.84 89.44 38.0 67.6 
40.12 67.92 48.6 76.4 29.32 57.12 
48.48 77.88 53.8 83.2 41.48 70.88 
57.76 87.16 54.08 83.48 40.92 70.32 
36.88 63.68 57.44 84.24 30.76 57.56 
39.24 68.84 52.92 82.52 31.44 61.04 
40.44 68.44 50.84 78.84 33.84 61.84 
42.08 70.28 51.12 79.32 32.52 60.72 
29.8 55.2 49.92 75.32 24.36 49.76 
70.92 98.12 50.6 77.8 58.72 85.92 
40.76 71.36 49.28 79.88 36.16 66.76 
62.64 92.24 48.28 77.88 42.04 71.64 
45.92 75.32 51.52 80.92 32.76 62.16 
56.08 85.88 55.12 84.92 45.48 75.28 
79.16 107.56 62.36 90.76 44.16 72.56 
64.76 95.36 50.24 80.84 43.04 73.64 
40.28 67.68 59.6 87.0 34.24 61.64 
32.68 59.28 53.04 79.64 27.68 54.28 
47.12 76.72 49.64 79.24 32.32 61.92 
33.16 59.96 45.76 72.56 25.56 52.36 
28.32 56.12 35.44 63.24 23.32 51.12 
37.48 61.28 51.24 75.04 31.68 55.48 
34.0 61.4 44.36 71.76 25.0 52.4 
32.84 60.84 61.8 89.8 27.2 55.2 
47.72 73.12 52.88 78.28 40.32 65.72 
44.16 73.76 51.64 81.24 36.56 66.16 
49.68 78.28 53.6 82.2 39.28 67.88 
