35495.28158844765 35523.07220216606 8865.5559566787 8893.346570397112 9536.26714801444 9564.057761732853 
36276.05992779783 36304.45342960289 8929.713357400722 8958.106859205776 9944.460649819495 9972.85415162455 
37157.65776173285 37186.31119133574 8999.72274368231 9028.376173285198 10445.062093862816 10473.715523465704 
35934.9155234657 35963.10685920578 8951.009386281588 8979.20072202166 9586.276534296028 9614.467870036102 
36548.83682310469 36577.37833935018 8914.230324909748 8942.771841155234 9724.226714801443 9752.768231046932 
35818.2 35846.11696750903 8545.207220216607 8573.124187725633 9885.7559566787 9913.672924187726 
36986.67581227437 37015.437545126355 8967.870758122745 8996.632490974729 10253.34368231047 10282.105415162456 
36032.69458483755 36060.57184115524 9097.950902527076 9125.828158844766 9881.882310469315 9909.759566787003 
36244.12490974729 36272.16101083033 8879.38844765343 8907.424548736462 9398.821660649819 9426.857761732852 
36591.61227436823 36620.2476534296 8715.706137184116 8744.341516245488 9655.919133574007 9684.554512635379 
36495.309025270755 36523.61588447654 8818.828880866426 8847.135740072203 9913.76750902527 9942.074368231048 
36346.77545126354 36375.36750902527 8987.01010830325 9015.602166064982 9637.262815884476 9665.854873646209 
36488.284476534296 36516.721299638986 8763.125631768953 8791.562454873647 9154.483032490974 9182.919855595668 
35826.11480144404 35854.353068592056 9256.562454873647 9284.80072202166 9345.461371841155 9373.69963898917 
36019.63826714802 36047.55162454874 8953.598555956678 8981.5119133574 9334.876534296029 9362.789891696752 
35844.40649819495 35872.64837545127 8888.857761732852 8917.09963898917 9822.662815884476 9850.904693140794 
36408.34223826715 36437.093140794226 9007.616606498195 9036.367509025271 10224.82238267148 10253.573285198556 
36331.65559566787 36360.218772563174 8977.583393501805 9006.146570397112 9902.908303249098 9931.471480144404 
35995.540072202166 36024.063537906135 8991.738628158844 9020.262093862815 9622.236823104693 9650.760288808664 
36095.04259927798 36123.37472924188 8914.103971119133 8942.436101083033 9875.66714801444 9903.999277978339 
35818.186281588445 35846.26570397112 8880.901083032491 8908.980505415162 9876.883032490974 9904.962454873646 
35914.61516245487 35942.84259927798 8993.228880866425 9021.45631768953 9584.062815884476 9612.290252707582 
36281.063537906135 36309.49675090253 8953.453429602889 8981.886642599278 9881.023826714802 9909.457039711191 
35898.083754512634 35926.7046931408 8921.538628158845 8950.159566787004 9504.065703971119 9532.686642599278 
36470.12418772563 36498.83537906137 8925.337184115524 8954.048375451264 9981.983393501805 10010.694584837545 
35691.69025270758 35720.02599277978 8660.17761732852 8688.513357400721 9550.192057761733 9578.527797833935 
35855.84115523466 35884.3321299639 9016.6678700361 9045.158844765343 9741.736462093862 9770.227436823105 
35745.11913357401 35773.02166064982 8863.696750902527 8891.59927797834 9296.314079422382 9324.216606498196 
35695.68880866426 35723.68158844765 8868.793501805054 8896.786281588447 9769.259205776174 9797.251985559567 
36189.56317689531 36217.86281588447 8936.386281588448 8964.685920577618 9975.75451263538 10004.054151624548 
35570.363176895306 35598.341516245484 8716.34512635379 8744.32346570397 9207.86859205776 9235.846931407943 
36123.07653429603 36151.38700361011 8888.668592057762 8916.979061371841 9447.462815884477 9475.773285198557 
36125.69602888087 36153.7285198556 8912.472202166065 8940.504693140794 10121.418050541517 10149.450541516246 
35955.920577617326 35984.097472924186 9253.480144404331 9281.657039711192 9538.451263537907 9566.628158844765 
36502.471480144406 36530.716967509026 9046.6880866426 9074.93357400722 9796.38844765343 9824.63393501805 
36666.19494584837 36694.8916967509 8771.02166064982 8799.718411552347 9733.989169675091 9762.685920577618 
37098.528519855594 37127.06642599278 8854.041155234658 8882.579061371842 9856.423826714801 9884.961732851985 
36133.002888086645 36161.58772563177 8764.955956678701 8793.540794223827 9677.316967509025 9705.90180505415 
36612.358844765346 36641.03754512635 8876.625992779784 8905.304693140793 9964.015884476534 9992.694584837545 
35865.20361010831 35892.900361010834 8582.983393501805 8610.680144404332 9649.026714801445 9676.723465703972 
36016.45415162455 36044.717689530684 9043.425270758124 9071.68880866426 9637.158122743682 9665.42166064982 
36200.093140794226 36228.45415162455 8755.717689530686 8784.078700361011 9307.215884476534 9335.57689530686 
36331.606498194946 36359.660649819496 8759.57761732852 8787.631768953068 9619.985559566787 9648.039711191335 
36084.779783393504 36113.27797833935 8778.87725631769 8807.375451263539 9692.581227436824 9721.07942238267 
36061.61805054152 36090.033212996386 9077.28953068592 9105.704693140795 9789.852707581227 9818.267870036101 
36090.9761732852 36119.11696750903 8636.550180505415 8664.690974729241 9968.409386281588 9996.550180505415 
36630.7559566787 36659.25776173285 8971.824548736462 9000.326353790613 10097.207220216607 10125.709025270759 
35984.54440433213 36013.0606498195 8785.558844765343 8814.075090252707 9960.750180505414 9989.26642599278 
36732.8916967509 36761.31407942238 9037.740072202167 9066.162454873645 9883.884476534296 9912.306859205777 
36021.232490974726 36049.409386281586 8979.384115523466 9007.561010830324 10016.297472924187 10044.474368231047 
