32603.304417670683 32631.344578313252 7667.569477911647 7695.609638554217 8694.75421686747 8722.79437751004 
31884.996787148593 31913.310040160643 8021.3020080321285 8049.615261044177 9019.169477911646 9047.482730923695 
32667.77751004016 32696.12690763052 7676.215261044176 7704.564658634538 8612.897991967871 8641.247389558233 
32062.0 32089.81124497992 7794.907630522089 7822.718875502008 8737.329317269076 8765.140562248997 
32519.129317269075 32547.67550200803 7917.984738955824 7946.530923694779 8574.73172690763 8603.277911646586 
31427.65140562249 31455.414457831324 7542.02891566265 7569.791967871486 8550.032931726908 8577.795983935743 
32352.695582329317 32380.924497991968 7857.751807228916 7885.980722891566 8577.62329317269 8605.852208835342 
32615.327710843372 32643.62891566265 7831.540562248996 7859.841767068273 8380.496385542168 8408.797590361446 
32162.727710843374 32190.695582329317 7907.2859437751 7935.253815261044 8585.727710843374 8613.695582329317 
32697.14297188755 32725.82168674699 7673.335742971887 7702.014457831326 8880.978313253012 8909.65702811245 
31750.69156626506 31778.129317269075 7805.27389558233 7832.7116465863455 8439.410441767068 8466.848192771084 
32528.22891566265 32556.85542168675 7800.433734939759 7829.060240963855 8563.951807228916 8592.578313253012 
32553.14859437751 32581.34136546185 7668.196787148594 7696.389558232931 8212.807228915663 8241.0 
32468.27951807229 32496.464257028114 7816.829718875502 7845.014457831326 8636.476305220884 8664.661044176706 
32090.460240963854 32118.817670682733 7872.243373493976 7900.600803212851 8938.408032128515 8966.76546184739 
32349.609638554215 32377.87469879518 7762.400803212851 7790.665863453815 8422.49718875502 8450.762248995983 
31676.33172690763 31704.074698795182 7652.753413654618 7680.496385542168 8412.207228915662 8439.950200803212 
32163.579919678716 32191.45140562249 7628.150200803213 7656.021686746988 8607.286746987951 8635.158232931726 
32501.01686746988 32529.269879518073 7555.269879518072 7583.522891566265 8285.904417670683 8314.157429718876 
32909.45381526105 32938.156626506025 7709.923694779117 7738.626506024097 8609.746987951807 8638.449799196787 
31827.10200803213 31855.106024096385 7869.96546184739 7897.969477911646 8300.447389558232 8328.45140562249 
32737.213654618474 32765.928514056224 7991.466666666666 8020.181526104418 8579.538955823293 8608.253815261045 
32136.87309236948 32165.34297188755 7929.338955823293 7957.808835341365 8598.250602409638 8626.72048192771 
31871.018473895583 31899.528514056226 7724.753413654618 7753.263453815261 8722.138955823293 8750.648995983936 
31915.637751004015 31943.870682730925 7996.123694779117 8024.356626506024 8911.545381526104 8939.778313253011 
32640.58795180723 32669.093975903616 7799.736546184739 7828.242570281124 8640.881124497992 8669.387148594378 
32353.17269076305 32381.136546184738 7670.726907630522 7698.690763052209 8338.694779116466 8366.658634538153 
32665.03373493976 32693.29076305221 7996.250602409638 8024.507630522088 8624.644176706828 8652.901204819276 
31959.80562248996 31988.163052208834 7744.970281124498 7773.327710843373 8744.556626506024 8772.9140562249 
32687.775903614456 32715.916465863455 7795.964658634538 7824.1052208835345 8674.510843373493 8702.65140562249 
32736.877911646585 32765.416064257028 7864.813654618474 7893.351807228915 8578.81767068273 8607.355823293172 
32488.3140562249 32516.86827309237 8089.398393574297 8117.952610441767 8536.84016064257 8565.39437751004 
32748.93734939759 32777.63614457831 7555.515662650602 7584.2144578313255 8374.186345381526 8402.885140562248 
32460.67469879518 32489.44578313253 7833.674698795181 7862.44578313253 8185.843373493976 8214.614457831325 
32707.343775100402 32735.717269076304 7697.259437751004 7725.632931726907 8350.809638554218 8379.183132530121 
32287.673092369478 32315.962248995984 7859.287550200803 7887.576706827309 8401.25140562249 8429.540562248996 
31976.450602409637 32004.775903614456 7869.494779116466 7897.820080321285 8676.96064257028 8705.285943775101 
33005.0859437751 33033.57991967871 7719.013654618474 7747.507630522088 8285.146184738956 8313.64016064257 
32177.398393574298 32206.12128514056 7918.065060240964 7946.787951807229 8500.32610441767 8529.048995983936 
32221.738955823294 32249.807228915663 7821.95983935743 7850.028112449799 8451.518072289156 8479.586345381525 
32237.038554216866 32265.046586345383 7759.677108433735 7787.685140562249 8333.026506024096 8361.034538152611 
33058.49959839357 33087.25863453815 7924.644176706827 7953.403212851405 8524.680321285141 8553.43935742972 
32902.07710843373 32930.53895582329 7855.053012048193 7883.514859437751 8806.065060240964 8834.526907630521 
32188.608835341365 32217.06265060241 7833.938152610442 7862.391967871486 9112.532530120481 9140.986345381527 
32698.787148594376 32727.4297188755 7833.85140562249 7862.493975903614 8231.530120481928 8260.172690763053 
32422.885140562248 32451.158232931728 7963.278714859438 7991.551807228916 8717.242570281125 8745.515662650603 
31732.710843373494 31760.807228915663 7584.915662650603 7613.012048192771 8129.6706827309235 8157.767068273092 
32232.317269076306 32260.469879518074 7862.686746987952 7890.839357429719 8702.425702811244 8730.578313253012 
32669.866666666665 32698.320481927713 7792.2883534136545 7820.742168674698 8443.404819277108 8471.858634538152 
32321.306024096386 32349.510843373493 7814.065060240964 7842.269879518072 8677.157429718876 8705.362248995983 
