22408.7374301676 22436.59217877095 5206.849162011174 5234.703910614525 5654.899441340782 5682.754189944134 
22983.57653631285 23011.79441340782 4957.179888268156 4985.397765363128 5684.062569832402 5712.280446927374 
23114.89497206704 23143.783240223464 5190.151955307262 5219.040223463687 5457.671508379888 5486.559776536313 
22629.601117318434 22657.7687150838 5105.684916201118 5133.852513966481 6135.461452513967 6163.62905027933 
22110.101675977654 22138.056983240225 5013.124022346368 5041.079329608939 5581.056983240223 5609.012290502793 
22510.898324022346 22538.814525139664 4971.686033519553 4999.602234636872 5907.194413407821 5935.11061452514 
22512.4469273743 22540.5530726257 5251.374301675977 5279.480446927374 5544.888268156425 5572.994413407821 
22600.263687150837 22628.827932960892 5282.20782122905 5310.772067039106 5646.056983240223 5674.621229050279 
22510.037988826814 22538.077094972068 4988.6972067039105 5016.7363128491625 5563.116201117318 5591.15530726257 
22890.74525139665 22919.253631284915 5197.5720670391065 5226.080446927374 5693.6 5722.108379888268 
22205.536312849163 22233.32402234637 5170.245810055866 5198.033519553072 5697.139664804469 5724.927374301676 
22610.813407821228 22638.981005586593 5314.9586592178775 5343.126256983241 5705.8692737430165 5734.03687150838 
23091.82346368715 23120.069273743018 5102.415642458101 5130.661452513967 5352.957541899441 5381.203351955307 
23039.216759776536 23067.83687150838 5183.278212290503 5211.898324022346 5753.83687150838 5782.456983240223 
22312.87374301676 22340.505027932963 4977.840223463687 5005.471508379888 5636.901675977653 5664.532960893855 
22876.774301675978 22905.461452513966 5155.880446927375 5184.567597765363 5754.098324022347 5782.785474860335 
22306.272625698322 22334.01005586592 4969.713966480447 4997.4513966480445 5428.144134078212 5455.88156424581 
22362.892737430167 22391.004469273743 4924.74748603352 4952.859217877095 5703.546368715084 5731.6581005586595 
22671.37094972067 22699.203351955308 5237.382122905028 5265.214525139665 5595.6 5623.432402234637 
22984.188826815644 23012.42905027933 5198.3843575419 5226.624581005586 5751.8927374301675 5780.132960893855 
22316.88379888268 22344.84469273743 4950.688268156425 4978.649162011173 5596.956424581005 5624.917318435754 
22477.569832402234 22505.653631284917 5319.139664804469 5347.223463687151 5826.692737430168 5854.776536312849 
22670.70502793296 22698.833519553074 4882.336312849162 4910.464804469274 5651.894972067039 5680.023463687151 
22561.51620111732 22589.382122905026 5015.879329608939 5043.745251396648 5864.013407821229 5891.879329608939 
22979.353072625698 23007.632402234638 5010.554189944134 5038.833519553073 5810.040223463687 5838.319553072626 
22344.54748603352 22372.68156424581 5234.592178770949 5262.72625698324 5508.329608938548 5536.463687150838 
22779.31061452514 22807.95865921788 5457.7128491620115 5486.360893854749 5968.2324022346365 5996.880446927375 
23225.95865921788 23254.656983240224 5138.7519553072625 5167.450279329609 5572.925139664804 5601.62346368715 
22663.15977653631 22691.265921787708 5036.433519553073 5064.539664804469 5698.89720670391 5727.003351955307 
23192.888268156425 23221.54189944134 5049.715083798883 5078.368715083799 5781.787709497206 5810.441340782123 
22925.57653631285 22954.319553072626 5199.269273743017 5228.012290502793 5952.084916201117 5980.827932960894 
23377.56089385475 23406.404469273744 5293.823463687151 5322.667039106145 5919.2871508379885 5948.1307262569835 
22613.979888268157 22641.655865921788 5097.700558659218 5125.37653631285 5378.73407821229 5406.410055865922 
22133.98659217877 22161.528491620113 5040.768715083799 5068.3106145251395 5598.494972067039 5626.03687150838 
22615.656983240224 22643.886033519553 4932.550837988827 4960.779888268156 5781.5173184357545 5809.746368715084 
22237.882681564246 22265.48603351955 5082.234636871508 5109.8379888268155 5618.413407821229 5646.016759776537 
22723.641340782124 22751.88156424581 5093.160893854749 5121.401117318435 5370.998882681564 5399.239106145252 
22987.315083798883 23015.750837988828 5195.639106145251 5224.074860335196 5718.315083798882 5746.750837988827 
22211.15754189944 22238.811173184356 5092.034636871508 5119.688268156425 5452.637988826816 5480.291620111731 
22937.558659217877 22966.195530726258 5149.7206703910615 5178.3575418994415 5906.7597765363125 5935.3966480446925 
22384.482681564245 22412.717318435753 5055.37094972067 5083.605586592179 5780.1307262569835 5808.3653631284915 
21705.671508379888 21732.98994413408 5177.867039106145 5205.1854748603355 5612.101675977654 5639.4201117318435 
22154.511731843577 22181.835754189946 5179.031284916201 5206.35530726257 5499.198882681564 5526.522905027933 
22979.632402234638 23008.4312849162 5073.3027932960895 5102.101675977654 5873.760893854748 5902.559776536313 
22783.931843575418 22812.60782122905 5306.11061452514 5334.786592178771 6057.077094972067 6085.753072625698 
22701.307262569833 22729.396648044694 5053.497206703911 5081.586592178771 5472.27374301676 5500.36312849162 
22777.30279329609 22805.62681564246 5080.565363128491 5108.88938547486 5878.34748603352 5906.671508379888 
22607.80223463687 22635.72960893855 5146.656983240224 5174.584357541899 5716.321787709498 5744.249162011173 
22673.064804469275 22701.684916201117 4921.372067039106 4949.99217877095 5510.556424581006 5539.176536312849 
22371.46592178771 22399.505027932963 5203.426815642458 5231.46592178771 5465.315083798882 5493.354189944134 
