33093.58326693227 33122.304382470116 7961.599203187251 7990.320318725099 8347.786454183268 8376.507569721116 
32081.72828685259 32109.8 8037.708366533864 8065.780079681275 9025.00717131474 9053.078884462151 
32412.97529880478 32441.60079681275 7997.457370517928 8026.082868525897 9168.835856573705 9197.461354581674 
33096.3593625498 33124.89721115538 7761.012749003984 7789.550597609562 9041.447011952192 9069.984860557768 
32433.80717131474 32461.61593625498 7753.257370517928 7781.066135458167 8703.787250996016 8731.596015936255 
32439.705976095618 32467.363346613547 7569.363346613546 7597.020717131474 8804.849402390439 8832.506772908366 
32587.909163346612 32616.578486055776 7987.992828685259 8016.662151394422 8735.411155378486 8764.08047808765 
32370.777689243027 32398.76573705179 7822.626294820717 7850.614342629482 8805.124302788845 8833.11235059761 
33032.43505976096 33061.18406374502 7872.26374501992 7901.012749003984 8486.869322709163 8515.618326693228 
32434.85657370518 32463.035856573704 7826.434262948207 7854.613545816733 8705.505976095617 8733.685258964144 
32797.962549800795 32826.65577689243 8228.815139442231 8257.508366533864 9384.006374501992 9412.699601593626 
32825.04940239044 32853.13306772908 8033.925896414343 8062.009561752988 8634.838247011952 8662.921912350597 
33382.8812749004 33411.78964143426 7939.701992031873 7968.610358565737 9077.642231075697 9106.550597609561 
32831.454183266935 32860.10358565737 8156.625498007968 8185.274900398406 9113.179282868527 9141.828685258964 
32994.51155378486 33023.3203187251 8010.085258964144 8038.894023904382 8576.818326693226 8605.627091633467 
32466.899601593625 32495.309960159364 7849.357768924303 7877.76812749004 8851.054980079682 8879.465338645417 
32258.705179282868 32286.56573705179 7677.0 7704.860557768924 8235.74501992032 8263.605577689243 
33051.092430278884 33079.82948207171 7909.8414342629485 7938.578486055777 8826.108366533865 8854.845418326693 
32762.49641434263 32790.70358565737 7853.305179282868 7881.51235059761 7999.886852589641 8028.094023904382 
32816.020717131476 32844.562549800794 7707.941035856574 7736.482868525896 8575.769721115537 8604.31155378486 
32597.90438247012 32626.54183266932 7958.601593625498 7987.239043824701 8653.334661354582 8681.972111553785 
33056.882071713146 33085.49163346613 7799.555378486056 7828.164940239044 8942.14501992032 8970.754581673307 
33701.34581673307 33730.03505976096 7878.4175298804785 7907.106772908366 8805.899601593626 8834.588844621514 
32994.36733067729 33022.6422310757 7795.8972111553785 7824.172111553785 8637.694023904383 8665.96892430279 
32570.54422310757 32598.456573705178 8037.149800796813 8065.0621513944225 8800.619920318724 8828.532270916334 
32310.494023904383 32339.059760956174 7802.99203187251 7831.557768924303 8679.605577689243 8708.171314741036 
32106.060557768924 32134.100398406375 7732.686055776892 7760.725896414343 8355.506772908366 8383.546613545817 
33375.03346613546 33403.73466135458 7876.543426294821 7905.244621513944 8962.933864541832 8991.635059760956 
32917.92111553785 32946.74980079681 8012.26374501992 8041.092430278884 8987.510756972111 9016.339442231076 
32772.36892430279 32800.6 7923.807171314741 7952.038247011952 8789.010358565736 8817.241434262949 
32823.46613545817 32852.04382470119 7784.13545816733 7812.713147410359 8850.95219123506 8879.529880478087 
32974.71075697211 33003.34422310757 7937.180876494024 7965.814342629482 8794.037450199203 8822.670916334662 
32295.933864541832 32323.631075697213 7655.208764940239 7682.905976095618 8380.654980079682 8408.352191235059 
32738.235856573705 32766.8812749004 7870.853386454183 7899.4988047808765 8902.42310756972 8931.068525896415 
32641.741035856572 32669.844621513945 7801.498007968127 7829.601593625498 8196.804780876493 8224.908366533864 
32162.564940239045 32190.461354581672 7851.999203187251 7879.895617529881 8634.616733067729 8662.513147410358 
32394.078884462153 32422.477290836654 7944.915537848606 7973.313944223108 8682.130677290837 8710.529083665338 
32687.80717131474 32715.767330677292 7978.3768924302785 8006.337051792829 8804.54422310757 8832.504382470119 
32388.53545816733 32416.611155378487 7968.029482071714 7996.105179282868 8608.451792828686 8636.52749003984 
32246.28605577689 32274.86374501992 7887.87171314741 7916.449402390438 8978.79203187251 9007.369721115538 
32761.68924302789 32790.11155378486 7937.159362549801 7965.581673306773 8855.486055776892 8883.908366533864 
32771.78804780877 32800.54501992032 7927.1306772908365 7955.887649402391 8757.234262948206 8785.99123505976 
32447.941832669323 32476.364143426294 7651.953784860558 7680.37609561753 8751.411952191234 8779.834262948207 
32652.68764940239 32681.06215139442 7888.245418326694 7916.619920318725 8729.48047808765 8757.85498007968 
32739.68844621514 32767.8 8000.0191235059765 8028.1306772908365 8521.891633466135 8550.003187250995 
32708.058964143427 32736.485258964145 7876.469322709163 7904.895617529881 8313.138645418327 8341.564940239045 
32778.89641434263 32807.42231075697 7810.780876494024 7839.306772908367 8900.25498007968 8928.780876494024 
33414.315537848604 33443.068525896415 7873.809561752988 7902.562549800797 8939.028685258963 8967.781673306772 
32978.8374501992 33007.37529880478 7808.2956175298805 7836.833466135458 8297.375298804782 8325.913147410358 
31990.390438247014 32018.66533864542 7850.266932270916 7878.5418326693225 8358.80079681275 8387.075697211156 
