3577.51 3605.06 158.585 186.135 260.56 288.11 
3905.345 3934.245 168.145 197.045 294.345 323.245 
3903.915 3933.765 197.215 227.065 371.365 401.215 
3645.845 3673.52 213.695 241.37 355.545 383.22 
3508.225 3535.075 259.975 286.825 344.775 371.625 
3693.94 3721.915 175.59 203.565 256.79 284.765 
3621.815 3649.84 207.39 235.415 312.565 340.59 
3479.5 3507.075 164.425 192.0 247.75 275.325 
3727.055 3755.605 275.73 304.28 403.905 432.455 
3608.025 3635.775 185.4 213.15 238.025 265.775 
3633.09 3661.315 199.915 228.14 275.74 303.965 
3552.76 3581.135 162.51 190.885 304.36 332.735 
3717.435 3744.835 287.26 314.66 404.535 431.935 
3820.31 3849.035 253.485 282.21 408.56 437.285 
4038.26 4067.66 224.135 253.535 357.01 386.41 
3796.04 3825.765 240.525 270.25 404.14 433.865 
3530.155 3558.305 219.455 247.605 275.905 304.055 
3480.63 3507.68 192.355 219.405 327.73 354.78 
3802.83 3830.855 167.68 195.705 260.58 288.605 
3408.325 3435.175 182.575 209.425 310.875 337.725 
3600.4 3628.8 248.275 276.675 325.5 353.9 
3704.895 3733.57 183.525 212.2 265.295 293.97 
3606.68 3634.63 192.68 220.63 291.73 319.68 
3789.45 3817.525 264.35 292.425 285.45 313.525 
3647.945 3677.145 181.645 210.845 247.895 277.095 
3689.595 3717.595 248.485 276.485 429.395 457.395 
3845.385 3873.51 178.31 206.435 297.885 326.01 
3818.07 3846.945 194.495 223.37 401.02 429.895 
3765.04 3793.94 174.415 203.315 350.39 379.29 
3920.8 3949.975 202.7 231.875 428.75 457.925 
3599.705 3627.705 235.78 263.78 325.555 353.555 
3675.925 3704.55 167.5 196.125 331.975 360.6 
3675.135 3703.66 219.51 248.035 307.735 336.26 
3817.115 3846.29 230.04 259.215 398.815 427.99 
3492.5 3519.225 211.275 238.0 235.55 262.275 
3816.23 3845.28 223.205 252.255 312.93 341.98 
3616.71 3644.61 197.41 225.31 389.11 417.01 
3955.235 3985.16 316.11 346.035 494.885 524.81 
3841.53 3868.98 195.83 223.28 285.88 313.33 
3891.485 3919.86 251.385 279.76 369.285 397.66 
3738.72 3767.42 176.945 205.645 360.72 389.42 
3638.41 3666.485 168.935 197.01 315.06 343.135 
3761.495 3788.97 176.335 203.81 291.745 319.22 
3511.17 3539.745 188.57 217.145 304.62 333.195 
3678.12 3706.595 163.47 191.945 346.27 374.745 
3747.8 3775.975 256.075 284.25 324.0 352.175 
3828.8 3857.1 288.175 316.475 381.55 409.85 
3809.515 3837.24 209.765 237.49 271.015 298.74 
3245.79 3273.14 196.415 223.765 302.44 329.79 
3789.65 3818.075 215.825 244.25 327.25 355.675 
