15454.946875 15483.0171875 3054.18125 3082.2515625 3603.7125 3631.7828125 
15878.9796875 15907.471875 3127.45625 3155.9484375 3557.1046875 3585.596875 
15793.0265625 15821.05 3215.6125 3243.6359375 3625.4640625 3653.4875 
15939.85 15968.3421875 3171.865625 3200.3578125 3673.615625 3702.1078125 
15857.6421875 15886.071875 3188.1265625 3216.55625 3503.1109375 3531.540625 
15754.2828125 15782.5796875 2982.74375 3011.040625 3461.1734375 3489.4703125 
15666.3890625 15695.115625 3130.2015625 3158.928125 3781.6546875 3810.38125 
15594.4265625 15622.5125 3377.4890625 3405.575 3674.3015625 3702.3875 
15848.4671875 15877.00625 3081.7640625 3110.303125 3598.1234375 3626.6625 
16191.4640625 16220.159375 3163.7765625 3192.471875 3549.9953125 3578.690625 
16295.45 16324.48125 3322.215625 3351.246875 4195.028125 4224.059375 
16162.940625 16191.08125 3034.4796875 3062.6203125 3427.690625 3455.83125 
16149.6921875 16178.5125 3206.278125 3235.0984375 3978.1765625 4006.996875 
15674.6890625 15702.3765625 3147.4 3175.0875 3233.9078125 3261.5953125 
15748.1796875 15776.2109375 3247.671875 3275.703125 3578.9765625 3607.0078125 
15792.0015625 15820.0015625 3186.2125 3214.2125 3632.4390625 3660.4390625 
15769.4984375 15797.6078125 3231.0375 3259.146875 3350.8109375 3378.9203125 
15405.7609375 15434.2375 3220.675 3249.1515625 3685.7453125 3714.221875 
16127.075 16155.7 3275.465625 3304.090625 3676.16875 3704.79375 
16164.5375 16193.00625 3159.2640625 3187.7328125 3568.975 3597.44375 
16083.353125 16112.025 3022.8921875 3051.5640625 3531.86875 3560.540625 
15770.8265625 15799.1234375 3271.2171875 3299.5140625 3517.8265625 3546.1234375 
16333.8265625 16362.834375 3201.6625 3230.6703125 3504.8109375 3533.81875 
16254.925 16283.6984375 3284.8234375 3313.596875 3680.971875 3709.7453125 
15591.459375 15619.9671875 3165.615625 3194.1234375 3809.115625 3837.6234375 
15575.8890625 15604.1078125 3015.56875 3043.7875 3407.6859375 3435.9046875 
15785.4453125 15813.3515625 3324.1484375 3352.0546875 3599.2734375 3627.1796875 
15508.1515625 15536.0421875 3199.7140625 3227.6046875 3627.5734375 3655.4640625 
15864.6921875 15893.153125 3330.575 3359.0359375 3484.5984375 3513.059375 
15467.1484375 15494.984375 3295.421875 3323.2578125 3379.5703125 3407.40625 
15812.428125 15840.5453125 3204.4671875 3232.584375 3764.7875 3792.9046875 
15254.84375 15282.40625 3053.1171875 3080.6796875 3279.140625 3306.703125 
15429.1234375 15457.3109375 3270.6234375 3298.8109375 3525.0609375 3553.2484375 
15951.046875 15979.6953125 3134.0234375 3162.671875 3852.671875 3881.3203125 
15848.05625 15876.9703125 3161.6734375 3190.5875 3280.665625 3309.5796875 
15926.7625 15955.825 3171.465625 3200.528125 3789.91875 3818.98125 
16074.1328125 16102.1640625 3178.2421875 3206.2734375 4061.5078125 4089.5390625 
15829.5171875 15857.775 3138.86875 3167.1265625 3486.2515625 3514.509375 
15504.1375 15532.45 3079.8328125 3108.1453125 3391.559375 3419.871875 
15536.2921875 15564.39375 3003.8859375 3031.9875 3499.4953125 3527.596875 
16016.5546875 16045.3359375 3124.8203125 3153.6015625 3471.3203125 3500.1015625 
16108.46875 16137.296875 3315.3046875 3344.1328125 3989.15625 4017.984375 
16070.35625 16099.028125 3191.590625 3220.2625 3522.340625 3551.0125 
15602.1515625 15630.2765625 3069.128125 3097.253125 3492.9953125 3521.1203125 
15816.4921875 15845.3046875 3174.9296875 3203.7421875 3430.0390625 3458.8515625 
15668.5359375 15696.996875 3255.8171875 3284.278125 3366.4734375 3394.934375 
16001.234375 16029.890625 3202.1171875 3230.7734375 3607.3125 3635.96875 
15739.946875 15768.5328125 3165.321875 3193.9078125 3382.759375 3411.3453125 
16025.390625 16053.734375 3199.5859375 3227.9296875 3636.453125 3664.796875 
16318.2015625 16346.771875 3119.6390625 3148.209375 3648.2328125 3676.803125 
