26930.475 26958.475 6287.282692307693 6315.282692307693 6846.148076923077 6874.148076923077 
26813.695192307692 26842.3875 6085.9788461538465 6114.671153846154 7425.147115384615 7453.839423076923 
27397.075961538463 27426.051923076924 6645.715384615384 6674.691346153846 7473.845192307693 7502.821153846154 
27233.283653846152 27261.764423076922 6346.110576923077 6374.591346153846 7083.495192307692 7111.975961538462 
26782.625 26811.110576923078 6014.086538461538 6042.572115384615 7182.942307692308 7211.427884615385 
26552.616346153845 26581.140384615384 6157.236538461539 6185.760576923077 6738.577884615384 6767.101923076923 
26666.975 26695.566346153846 6238.152884615384 6266.744230769231 6819.715384615384 6848.306730769231 
26286.173076923078 26314.62019230769 6110.764423076923 6139.211538461538 6538.596153846154 6567.0432692307695 
26404.393269230768 26432.922115384616 6450.3740384615385 6478.902884615384 7120.595192307693 7149.1240384615385 
26864.28076923077 26892.992307692308 6304.751923076923 6333.463461538461 6631.819230769231 6660.530769230769 
26417.83653846154 26446.014423076922 6237.783653846154 6265.961538461538 7025.701923076923 7053.879807692308 
26837.86923076923 26866.061538461538 6243.777884615384 6271.970192307693 6620.301923076923 6648.494230769231 
27183.73269230769 27212.626923076925 6128.905769230769 6157.8 6706.309615384615 6735.203846153846 
27079.403846153848 27108.115384615383 6250.283653846154 6278.995192307692 7050.076923076923 7078.788461538462 
26487.115384615383 26515.177884615383 6156.615384615385 6184.677884615385 7076.557692307692 7104.620192307692 
27154.986538461537 27183.424038461537 6328.7509615384615 6357.1884615384615 6909.8134615384615 6938.2509615384615 
27033.125 27061.75 6425.673076923077 6454.298076923077 7093.682692307692 7122.307692307692 
26770.45 26798.690384615384 6340.613461538462 6368.8538461538465 6765.9788461538465 6794.219230769231 
26773.528846153848 26801.966346153848 6356.600961538462 6385.038461538462 7093.7307692307695 7122.1682692307695 
26880.490384615383 26908.653846153848 6144.3942307692305 6172.557692307692 7045.884615384615 7074.048076923077 
26710.05769230769 26738.346153846152 6300.927884615385 6329.216346153846 6720.346153846154 6748.634615384615 
26941.78653846154 26970.18076923077 6292.180769230769 6320.575 6785.45 6813.844230769231 
26837.625 26865.78846153846 6275.461538461538 6303.625 6897.740384615385 6925.903846153846 
26916.952884615384 26945.375961538462 6256.707692307692 6285.130769230769 6841.106730769231 6869.529807692307 
26720.975 26749.80673076923 6400.325961538461 6429.157692307693 7047.532692307693 7076.364423076923 
26801.75480769231 26830.06730769231 6136.7307692307695 6165.0432692307695 6582.158653846154 6610.471153846154 
26570.034615384615 26598.327884615384 6189.582692307692 6217.8759615384615 6782.476923076923 6810.770192307692 
26237.291346153845 26265.64230769231 6379.474038461539 6407.825 7056.685576923077 7085.036538461539 
26989.984615384616 27018.811538461538 6065.960576923077 6094.7875 6868.773076923077 6897.6 
26448.690384615384 26476.810576923075 6357.421153846154 6385.5413461538465 7056.075 7084.195192307692 
26888.465384615385 26917.061538461538 6114.258653846154 6142.854807692308 6807.301923076923 6835.898076923077 
26468.42596153846 26496.64230769231 6012.983653846154 6041.2 6760.243269230769 6788.459615384615 
27128.554807692308 27156.833653846155 6074.641346153846 6102.920192307693 7009.747115384615 7038.025961538461 
27125.04519230769 27153.790384615386 6261.324038461538 6290.069230769231 6922.372115384615 6951.117307692308 
27240.852884615386 27269.84326923077 6179.593269230769 6208.5836538461535 6889.295192307693 6918.285576923077 
26648.947115384617 26677.29326923077 6483.264423076923 6511.610576923077 7336.485576923077 7364.8317307692305 
26382.039423076923 26410.299038461537 6264.034615384616 6292.294230769231 6871.789423076923 6900.049038461539 
26571.01153846154 26599.141346153847 6178.564423076923 6206.694230769231 6920.751923076923 6948.881730769231 
26697.672115384616 26726.210576923077 6275.691346153846 6304.229807692308 6686.1240384615385 6714.6625 
26865.416346153845 26894.11346153846 6283.036538461539 6311.733653846154 7110.675961538462 7139.373076923077 
26517.176923076924 26545.518269230768 6309.128846153846 6337.470192307693 7007.128846153846 7035.470192307693 
26711.021153846155 26739.38173076923 6329.977884615385 6358.338461538461 6897.742307692308 6926.102884615385 
26499.9125 26527.946153846155 6413.388461538461 6441.422115384616 6801.066346153846 6829.1 
26711.282692307694 26739.700961538463 6195.008653846154 6223.426923076923 6462.917307692308 6491.335576923077 
27288.233653846153 27316.858653846153 6261.757692307692 6290.382692307692 6948.560576923077 6977.185576923077 
27043.833653846155 27072.410576923077 6118.141346153846 6146.718269230769 6735.564423076923 6764.141346153846 
27243.26923076923 27272.028846153848 6091.2932692307695 6120.052884615385 7105.240384615385 7134.0 
26925.078846153847 26953.75673076923 6106.992307692308 6135.670192307693 6578.126923076923 6606.804807692308 
27189.310576923075 27217.897115384614 6261.325 6289.911538461539 6821.531730769231 6850.118269230769 
26832.35 26861.422115384616 6236.095192307693 6265.167307692308 6866.119230769231 6895.191346153846 
