30563.1539748954 30591.107949790796 7284.72719665272 7312.681171548117 8065.241841004184 8093.195815899581 
30956.184937238493 30984.741422594143 7330.385774058577 7358.942259414226 8414.314644351465 8442.871129707113 
31245.819246861924 31274.346443514645 7362.417573221757 7390.944769874477 8119.915481171548 8148.442677824268 
30672.759832635984 30700.92719665272 7265.772384937239 7293.939748953975 8003.492050209205 8031.659414225942 
31525.898744769875 31554.526359832635 7327.258577405858 7355.886192468619 8155.258577405858 8183.886192468619 
31330.024267782428 31358.183263598326 7480.873640167364 7509.032635983263 8266.547280334727 8294.706276150628 
30377.583263598328 30405.851046025105 7464.8217573221755 7493.089539748954 8334.09790794979 8362.36569037657 
31167.63849372385 31196.03179916318 7457.998326359832 7486.391631799163 7539.74309623431 7568.13640167364 
31168.63849372385 31196.82259414226 7324.625941422594 7352.810041841004 8054.015062761507 8082.1991631799165 
31198.28619246862 31226.44518828452 7484.57489539749 7512.733891213389 8436.909623430962 8465.068619246862 
30702.83682008368 30731.146443514644 7264.301255230125 7292.610878661088 7982.6820083682005 8010.991631799163 
31434.271129707115 31463.09121338912 7540.710460251046 7569.530543933054 8501.689539748953 8530.509623430962 
31104.24518828452 31132.977405857742 7345.927196652719 7374.659414225942 8176.8351464435145 8205.567364016737 
30642.898744769875 30670.835983263598 7060.467782426778 7088.4050209205025 7773.229288702929 7801.166527196653 
31052.930543933053 31081.54560669456 7371.646025104603 7400.261087866109 8224.139748953974 8252.754811715482 
31314.274476987448 31342.885355648537 7564.358158995816 7592.969037656904 8489.885355648536 8518.496234309623 
30782.537238493725 30810.68368200837 7615.959832635983 7644.106276150627 7820.2652719665275 7848.411715481172 
31344.76150627615 31373.016736401674 7373.979079497908 7402.234309623431 8160.598326359833 8188.8535564853555 
30550.049372384936 30578.22092050209 7247.091213389122 7275.262761506277 8139.099581589958 8167.271129707113 
30627.653556485355 30655.917154811716 7275.339748953975 7303.603347280335 7870.385774058577 7898.649372384937 
31240.16569037657 31268.881171548117 7557.441841004184 7586.157322175733 8348.228451882846 8376.943933054394 
31162.59246861925 31191.13640167364 7198.048535564853 7226.592468619247 8465.082008368201 8493.625941422593 
31382.889539748954 31411.71380753138 7452.95230125523 7481.776569037657 8442.81841004184 8471.642677824268 
31516.066945606693 31544.828451882844 7302.598326359833 7331.359832635983 7991.234309623431 8019.995815899581 
31088.889539748954 31117.730543933056 7495.13640167364 7523.97740585774 8614.082008368201 8642.9230125523 
30974.133054393307 31002.346443514645 7474.948953974896 7503.1623430962345 8060.589121338912 8088.802510460251 
30606.926359832636 30635.114644351463 7313.742259414226 7341.930543933055 7904.1439330543935 7932.332217573222 
30764.280334728035 30792.539748953976 7386.192468619247 7414.451882845188 8289.31380753138 8317.573221757322 
30765.014225941424 30793.20669456067 7363.78410041841 7391.976569037657 7795.897071129707 7824.089539748954 
30549.62008368201 30578.389958158998 7426.569874476987 7455.339748953975 8118.101255230125 8146.871129707113 
31489.657740585775 31517.979916317992 7306.6661087866105 7334.988284518829 7935.72050209205 7964.042677824268 
30894.19330543933 30922.440167364017 7789.749790794979 7817.996652719666 8039.988284518829 8068.235146443515 
30895.116317991633 30923.233472803346 7603.438493723849 7631.555648535565 8024.7690376569035 8052.886192468619 
31072.928870292886 31101.200836820084 7336.410041841004 7364.6820083682005 8049.083682008368 8077.355648535565 
31148.266945606694 31176.877824267784 7493.2836820083685 7521.894560669456 8084.346443514644 8112.957322175732 
30717.558158995816 30745.68368200837 7315.512133891213 7343.637656903766 8132.290376569038 8160.41589958159 
30371.128870292887 30399.032635983265 7329.777405857741 7357.681171548117 8282.948953974896 8310.852719665272 
30234.735564853556 30262.572384937237 7277.446861924686 7305.2836820083685 8268.036820083682 8295.873640167363 
31351.56569037657 31379.69539748954 7587.917154811716 7616.046861924686 7839.176569037657 7867.306276150628 
31297.798326359833 31326.09539748954 7353.80669456067 7382.103765690376 8168.312970711297 8196.610041841004 
31334.28619246862 31362.696234309624 7399.298744769874 7427.708786610879 8245.938912133892 8274.348953974895 
31195.88451882845 31224.432635983263 7438.369874476987 7466.917991631799 8152.148117154812 8180.696234309624 
30862.921338912132 30891.155648535565 7240.967364016737 7269.201673640167 8090.205857740586 8118.440167364017 
30471.630962343097 30499.723012552302 7451.312970711297 7479.4050209205025 7925.743933054393 7953.835983263598 
31040.328870292888 31068.412552301255 7543.713807531381 7571.797489539749 8089.789121338912 8117.872803347281 
30883.029288702928 30911.61087866109 7299.259414225941 7327.841004184101 8342.338912133891 8370.92050209205 
30481.935564853557 30509.830962343098 7218.383263598326 7246.278661087866 7886.97740585774 7914.872803347281 
30495.466945606695 30523.224267782425 7448.102928870293 7475.860251046025 7865.328870292887 7893.08619246862 
30431.767364016738 30459.99330543933 7606.775732217573 7635.001673640168 8375.31129707113 8403.537238493724 
31460.687029288703 31489.35230125523 7286.9589958158995 7315.624267782427 8087.544769874477 8116.210041841005 
