38263.50068965517 38292.34206896552 9183.286896551725 9212.12827586207 11114.831724137932 11143.673103448276 
37743.42827586207 37771.34206896552 9411.538620689655 9439.452413793104 10082.924827586206 10110.838620689656 
38214.03448275862 38242.54482758621 9295.848275862068 9324.358620689654 10375.23448275862 10403.744827586206 
37741.723448275865 37770.175172413794 9418.175172413794 9446.626896551725 9860.268275862069 9888.72 
38348.48206896552 38377.20965517242 9721.668275862068 9750.395862068966 10685.109655172413 10713.83724137931 
38434.393103448274 38463.10344827586 9273.541379310345 9302.251724137932 10415.496551724138 10444.206896551725 
37744.11379310345 37772.33793103448 9414.53103448276 9442.755172413794 9952.762068965518 9980.986206896552 
37487.34137931035 37515.09310344828 9040.641379310346 9068.393103448276 10724.189655172413 10751.941379310345 
37747.98206896552 37775.94413793104 9542.264827586207 9570.226896551723 10054.733793103449 10082.695862068966 
37876.144827586206 37904.43448275862 9520.279310344828 9548.568965517241 10551.503448275862 10579.793103448275 
37013.96827586207 37041.75103448276 9374.595862068965 9402.378620689655 10483.857931034483 10511.640689655173 
38042.3275862069 38071.13448275862 9554.034482758621 9582.841379310345 10550.362068965518 10579.168965517241 
38016.581379310344 38044.70551724138 9722.950344827586 9751.07448275862 10362.34 10390.464137931034 
37627.715862068966 37656.105517241376 9341.953793103448 9370.343448275862 10498.108965517242 10526.498620689656 
38293.91586206896 38322.60206896552 9425.82275862069 9454.508965517241 10399.784827586207 10428.471034482758 
38411.55172413793 38440.95172413793 9469.31724137931 9498.71724137931 10408.137931034482 10437.537931034483 
38078.715172413795 38107.10137931035 9284.722068965517 9313.108275862069 10259.004827586206 10287.391034482758 
38030.49034482759 38058.72482758621 8993.193793103448 9021.428275862068 9973.090344827586 10001.324827586206 
38156.6475862069 38184.76827586207 9415.609655172413 9443.730344827587 10134.206206896552 10162.326896551724 
37872.86482758621 37901.15448275862 9539.099310344827 9567.38896551724 10265.471724137931 10293.761379310345 
37518.27379310345 37546.64275862069 9404.411724137932 9432.780689655172 10160.97724137931 10189.346206896551 
38397.90551724138 38426.612413793104 9377.64 9406.346896551724 10464.94 10493.646896551723 
37968.880689655176 37997.418620689656 9398.956551724137 9427.49448275862 10773.032413793104 10801.570344827585 
38471.64896551724 38500.31103448276 9334.593793103448 9363.255862068965 10363.483448275862 10392.145517241379 
37603.32 37631.988965517245 9585.882068965517 9614.551034482758 10020.506206896553 10049.175172413794 
37580.81448275862 37608.87310344828 9370.976551724138 9399.035172413793 10280.476551724138 10308.535172413793 
38215.25586206897 38243.42137931035 9481.886896551725 9510.052413793104 10159.64896551724 10187.81448275862 
38361.59310344828 38390.08275862069 9318.568965517241 9347.058620689655 10002.510344827586 10031.0 
37688.96068965517 37717.160689655175 9362.381379310345 9390.581379310344 10350.733103448276 10378.933103448277 
37557.61172413793 37585.449655172415 9221.76 9249.597931034483 10153.770344827586 10181.608275862069 
37536.706896551725 37564.872413793106 9334.431034482759 9362.596551724138 10192.231034482758 10220.396551724138 
38472.88413793103 38501.48413793103 9501.463448275863 9530.063448275861 10179.146206896552 10207.746206896552 
38072.51586206897 38101.0675862069 9427.374482758622 9455.92620689655 10685.564137931035 10714.115862068966 
38022.65862068965 38051.28965517241 9541.024137931034 9569.655172413793 10768.706896551725 10797.337931034483 
38586.28551724138 38615.26827586207 9390.90275862069 9419.885517241379 10319.347586206897 10348.330344827586 
37542.87310344828 37571.121379310345 9286.666206896552 9314.91448275862 10080.955862068966 10109.204137931034 
37463.06827586207 37490.98551724138 9370.571724137932 9398.488965517241 9951.633793103449 9979.551034482758 
38114.43655172414 38142.76758620689 9323.38827586207 9351.719310344828 10835.74 10864.071034482758 
38072.43655172414 38100.73310344828 9486.45724137931 9514.753793103448 10166.877931034483 10195.17448275862 
37944.706896551725 37972.74137931035 9275.941379310345 9303.975862068966 10183.858620689654 10211.893103448276 
38109.40482758621 38137.64275862069 9245.02551724138 9273.263448275862 10308.86 10337.097931034483 
38138.60896551724 38167.0675862069 9481.846896551724 9510.305517241379 10081.071034482758 10109.529655172413 
37711.14827586207 37739.16206896552 9203.155172413793 9231.168965517241 9622.3 9650.313793103449 
36814.30275862069 36842.192413793106 9225.499310344827 9253.38896551724 10172.13724137931 10200.026896551724 
38735.06827586207 38763.761379310345 9269.33724137931 9298.030344827586 10506.206206896552 10534.899310344828 
38142.20620689655 38170.544137931036 9414.22 9442.557931034482 10583.461379310345 10611.799310344828 
37381.94068965517 37410.378620689655 9357.854482758621 9386.292413793104 10402.12 10430.557931034482 
38355.255172413796 38384.13103448276 9395.73448275862 9424.610344827586 10297.544827586207 10326.420689655173 
38072.947586206894 38101.292413793104 9175.847586206897 9204.192413793104 10400.064827586208 10428.409655172414 
38258.76413793104 38287.34 9499.533103448275 9528.108965517242 10823.667586206897 10852.243448275862 
