39478.57607973422 39506.888372093024 9777.732225913622 9806.044518272425 10536.951495016612 10565.263787375416 
39252.03322259136 39279.99667774086 9856.468438538206 9884.431893687708 11082.833887043189 11110.79734219269 
39361.023255813954 39389.3122923588 9909.647840531561 9937.936877076412 10808.953488372093 10837.242524916943 
39159.05448504983 39187.6292358804 9860.895016611295 9889.46976744186 11196.685714285713 11225.260465116278 
39448.841860465116 39477.24053156146 9674.46976744186 9702.868438538206 10625.011295681063 10653.409966777408 
38597.989368770766 38626.095681063125 9914.889700996679 9942.996013289037 10636.557475083056 10664.663787375415 
38914.65448504983 38942.53820598007 9729.156146179403 9757.039867109635 10255.282392026578 10283.166112956811 
38929.18073089701 38957.31029900332 9786.586046511628 9814.71561461794 10874.665780730897 10902.79534883721 
39690.16212624585 39718.26511627907 9857.005980066446 9885.108970099667 10893.926245847177 10922.029235880398 
40308.037209302325 40336.904318936875 9907.120265780732 9935.987375415283 11073.362790697674 11102.229900332226 
40034.60132890366 40062.94352159469 9853.036544850498 9881.378737541529 10916.843853820597 10945.186046511628 
39454.649169435215 39483.02790697674 10047.895016611295 10076.273754152824 11310.69900332226 11339.077740863788 
39884.95282392026 39913.5242524917 9987.613953488371 10016.1853820598 10955.69368770764 10984.26511627907 
40506.560132890365 40535.20797342193 9893.025249169435 9921.673089700997 11530.563455149502 11559.211295681063 
39202.88239202658 39231.08837209302 9682.80265780731 9711.008637873754 10621.078405315615 10649.28438538206 
39478.335548172756 39506.634551495015 9848.860465116279 9877.159468438538 10977.860465116279 11006.159468438538 
39185.10631229236 39213.01993355482 9713.49169435216 9741.405315614618 10965.953488372093 10993.867109634552 
39551.03122923588 39579.25382059801 9898.184053156147 9926.406644518273 10645.027906976744 10673.25049833887 
39435.28504983389 39463.530897009965 9929.590697674419 9957.8365448505 10605.447840531562 10633.69368770764 
39881.69169435216 39910.3561461794 9960.223255813953 9988.887707641195 10712.28637873754 10740.950830564783 
39609.67242524917 39637.85182724253 9915.330232558139 9943.509634551496 10945.184053156147 10973.363455149502 
39716.38272425249 39744.964119601325 9517.990697674419 9546.572093023256 10608.85780730897 10637.439202657808 
40029.19601328904 40058.1196013289 9938.318936877076 9967.242524916943 11014.800664451826 11043.724252491695 
40119.19534883721 40148.052491694354 9817.846511627908 9846.70365448505 10889.776744186047 10918.63388704319 
39195.22591362126 39222.86710963455 9758.730897009968 9786.372093023256 10691.355481727574 10718.996677740864 
38983.5049833887 39011.48172757475 9601.647840531561 9629.624584717609 10639.913621262458 10667.890365448506 
39023.590033222594 39051.43720930233 9655.330897009966 9683.1780730897 10955.241196013289 10983.088372093023 
39646.34219269103 39674.950166112954 9822.774086378737 9851.382059800664 10948.637873754153 10977.24584717608 
39680.4757475083 39708.82458471761 9913.46245847176 9941.811295681064 10913.881063122924 10942.229900332226 
39601.4219269103 39629.82392026578 9934.295681063122 9962.697674418605 10990.089700996677 11018.49169435216 
39736.88372093023 39765.348837209305 9747.109634551494 9775.574750830565 10363.186046511628 10391.651162790698 
39579.64651162791 39607.73289036545 9843.035215946844 9871.121594684386 10998.194684385382 11026.281063122924 
40032.86312292359 40061.4146179402 10142.152159468438 10170.70365448505 11061.89634551495 11090.447840531562 
39343.318936877076 39372.066445182725 9686.737541528239 9715.485049833887 10942.671096345515 10971.418604651162 
39529.68438538206 39558.01993355482 9556.308970099668 9584.644518272426 10899.34219269103 10927.677740863788 
39748.558803986714 39777.09036544851 10019.528903654485 10048.06046511628 10996.495681063123 11025.027242524917 
39242.95415282392 39271.08372093023 10019.342857142858 10047.472425249169 10828.80465116279 10856.934219269104 
39584.08571428571 39612.172093023255 9744.740199335549 9772.826578073089 10602.69368770764 10630.780066445182 
39790.34950166113 39818.708305647844 9737.621926910298 9765.98073089701 11131.482392026579 11159.841196013289 
39395.75215946844 39424.04784053156 9712.914950166112 9741.210631229236 10862.10099667774 10890.396677740864 
39723.2073089701 39751.28372093023 9656.875083056479 9684.951495016612 10463.54950166113 10491.625913621263 
39439.89302325581 39468.23853820598 9880.06245847176 9908.407973421927 10638.421262458472 10666.766777408639 
39304.05514950166 39332.543521594685 9913.815946843853 9942.304318936876 10900.643189368771 10929.131561461794 
40088.919601328904 40117.58073089701 9775.650498338871 9804.311627906976 10388.025913621263 10416.68704318937 
38836.841860465116 38864.86179401993 9819.091029900332 9847.11096345515 10454.718936877076 10482.738870431893 
39270.124916943525 39298.49368770764 9766.10830564784 9794.47707641196 10699.550166112957 10727.918936877077 
40007.12093023256 40035.828571428574 9747.207308970099 9775.914950166112 10930.878405315614 10959.586046511628 
40166.473089700994 40195.18073089701 10103.267109634551 10131.974750830565 11326.263787375416 11354.971428571429 
39896.09900332226 39924.680398671095 10052.670431893688 10081.251827242524 10827.271760797343 10855.853156146179 
39264.61528239203 39293.12358803987 9873.356146179402 9901.864451827243 10771.51561461794 10800.023920265781 
