27357.199052132702 27385.943127962084 6313.909952606635 6342.654028436019 6986.587677725119 7015.331753554502 
26746.604739336493 26774.6 6254.789573459716 6282.784834123223 6783.851184834123 6811.84644549763 
27524.916587677726 27553.509004739335 6570.196208530806 6598.788625592417 6944.836018957346 6973.428436018958 
26949.199052132702 26977.459715639812 6196.914691943128 6225.175355450237 7132.748815165877 7161.009478672986 
27303.12701421801 27331.496682464454 6495.5582938388625 6523.927962085308 7098.7336492891 7127.103317535545 
26738.44549763033 26766.682464454978 6119.734597156398 6147.971563981043 7035.303317535545 7063.54028436019 
27345.96682464455 27374.578199052132 6480.21327014218 6508.824644549763 7153.5071090047395 7182.118483412322 
27139.073933649288 27167.216113744074 6151.794312796209 6179.936492890995 6854.235071090047 6882.377251184834 
26402.25971563981 26430.003791469193 6351.842654028436 6379.58672985782 6642.04644549763 6669.790521327014 
26743.30616113744 26771.48151658768 6148.3014218009475 6176.476777251185 6646.84644549763 6675.021800947868 
27437.43412322275 27465.737440758294 6631.230331753554 6659.533649289099 7184.917535545023 7213.220853080568 
26873.175355450236 26901.2654028436 6234.587677725119 6262.677725118483 6724.611374407583 6752.701421800948 
27632.825592417063 27662.038862559242 6430.588625592417 6459.801895734598 7259.512796208531 7288.726066350711 
27052.057819905214 27080.44644549763 6622.484360189574 6650.872985781991 7137.958293838862 7166.346919431279 
27225.168720379148 27253.495734597156 6391.941232227488 6420.268246445497 7071.192417061611 7099.519431279621 
26858.07962085308 26886.16492890995 6198.47298578199 6226.5582938388625 6582.027488151659 6610.112796208531 
27238.16682464455 27266.384834123222 6255.1004739336495 6283.318483412322 6888.399052132701 6916.617061611374 
27587.036018957348 27615.61421800948 6385.789573459716 6414.367772511849 6757.050236966825 6785.6284360189575 
27270.52132701422 27298.905213270144 6345.919431279621 6374.303317535545 7094.345971563981 7122.729857819905 
26954.536492890995 26982.77345971564 6259.958293838862 6288.195260663507 6667.508056872038 6695.745023696682 
26965.327014218008 26993.189573459716 6081.298578199052 6109.1611374407585 6955.90047393365 6983.763033175355 
26996.991469194312 27025.247393364927 6339.891943127962 6368.147867298579 7294.029383886256 7322.285308056872 
27820.27772511848 27849.552606635072 6548.9696682464455 6578.244549763033 7364.235071090047 7393.509952606635 
27257.63981042654 27285.990521327014 6363.654028436019 6392.004739336493 7124.895734597157 7153.246445497631 
26454.269194312797 26481.871090047392 6357.425592417062 6385.027488151659 7061.269194312797 7088.871090047393 
26975.40568720379 27003.12606635071 6399.192417061611 6426.91279620853 7294.254028436019 7321.9744075829385 
27214.563981042655 27242.530805687205 6252.881516587678 6280.8483412322275 7268.4834123222745 7296.450236966824 
27332.781042654027 27360.68625592417 6527.657819905213 6555.5630331753555 7057.449289099526 7085.354502369668 
27185.29383886256 27213.777251184834 6411.867298578199 6440.350710900474 7168.644549763033 7197.127962085308 
27451.81990521327 27480.502369668247 6617.45971563981 6646.142180094786 7568.611374407583 7597.293838862559 
26889.700473933648 26917.61990521327 6334.093838862559 6362.01327014218 7356.5772511848345 7384.496682464455 
27363.222748815166 27391.616113744076 6269.857819905214 6298.251184834123 7065.331753554502 7093.725118483412 
27092.451184834124 27120.825592417063 6342.844549763033 6371.218957345972 7021.223696682465 7049.598104265403 
27530.926066350712 27559.395260663507 6248.262559241706 6276.731753554503 7017.537440758294 7046.00663507109 
26966.644549763034 26994.3981042654 6183.763033175355 6211.5165876777255 6994.8388625592415 7022.592417061612 
26730.757345971564 26758.77156398104 6296.392417061611 6324.40663507109 6902.629383886256 6930.643601895735 
27500.79336492891 27529.25308056872 6503.357345971564 6531.817061611375 7039.3763033175355 7067.836018957346 
27743.24834123223 27771.97345971564 6684.423696682465 6713.148815165877 7187.31943127962 7216.0445497630335 
27530.65971563981 27558.81137440758 6496.517535545024 6524.669194312796 6907.631279620853 6935.782938388626 
27211.06066350711 27239.387677725117 6257.454028436019 6285.781042654028 7094.259715639811 7122.58672985782 
27717.22843601896 27746.44644549763 6522.631279620853 6551.849289099526 7066.673933649289 7095.891943127962 
26731.72037914692 26759.696682464455 6475.061611374407 6503.037914691943 7425.137440758293 7453.113744075829 
27360.89952606635 27389.42559241706 6312.036966824645 6340.5630331753555 7345.397156398104 7373.9232227488155 
27200.28625592417 27228.77440758294 6392.542180094787 6421.0303317535545 7417.978199052132 7446.466350710901 
26690.79241706161 26718.80663507109 6273.2 6301.214218009479 6754.4559241706165 6782.470142180095 
27143.483412322275 27171.540284360188 6392.023696682464 6420.080568720379 6960.123222748815 6988.18009478673 
27422.294786729857 27450.97251184834 6445.801895734598 6474.479620853081 7209.740284360189 7238.418009478673 
27608.371563981043 27637.063507109004 6590.845497630332 6619.537440758294 7171.267298578199 7199.959241706161 
27215.51279620853 27243.849289099526 6265.408530805687 6293.745023696682 7069.716587677725 7098.05308056872 
26909.69383886256 26937.968720379147 6515.670142180094 6543.945023696682 6802.418957345972 6830.6938388625595 
