35.0 76.0 28.2 69.2 30.0 71.0 
34.8 61.8 44.4 71.4 29.8 56.8 
29.0 60.0 44.2 75.2 24.0 55.0 
42.4 71.4 27.8 56.8 37.4 66.4 
20.0 48.0 40.0 68.0 15.0 43.0 
24.0 43.0 54.4 73.4 19.0 38.0 
42.0 64.0 50.6 72.6 37.0 59.0 
30.0 56.0 34.2 60.2 25.0 51.0 
36.0 64.0 53.8 81.8 31.0 59.0 
15.0 43.0 50.0 78.0 10.0 38.0 
27.0 45.0 38.6 56.6 22.0 40.0 
23.0 55.0 36.2 68.2 18.0 50.0 
29.0 55.0 45.4 71.4 24.0 50.0 
40.0 70.0 48.2 78.2 35.0 65.0 
17.0 40.0 32.4 55.4 12.0 35.0 
24.0 54.0 42.6 72.6 19.0 49.0 
37.0 69.0 38.2 70.2 32.0 64.0 
29.0 68.0 42.6 81.6 24.0 63.0 
19.0 43.0 30.0 54.0 14.0 38.0 
32.0 57.0 33.4 58.4 27.0 52.0 
43.0 73.0 54.2 84.2 38.0 68.0 
21.0 56.0 61.6 96.6 14.0 49.0 
29.0 58.0 36.8 65.8 24.0 53.0 
34.0 59.0 74.8 99.8 29.0 54.0 
28.0 49.0 38.8 59.8 23.0 44.0 
35.8 68.8 52.6 85.6 28.8 61.8 
54.4 87.4 55.2 88.2 43.4 76.4 
30.0 63.0 35.6 68.6 25.0 58.0 
27.0 54.0 43.4 70.4 22.0 49.0 
37.0 59.0 37.6 59.6 32.0 54.0 
27.0 59.0 50.0 82.0 22.0 54.0 
31.0 58.0 46.0 73.0 26.0 53.0 
28.0 54.0 26.0 52.0 23.0 49.0 
35.4 63.4 69.4 97.4 30.4 58.4 
29.0 57.0 38.4 66.4 24.0 52.0 
20.0 37.0 43.2 60.2 15.0 32.0 
31.0 62.0 44.4 75.4 26.0 57.0 
29.2 54.2 61.0 86.0 24.2 49.2 
20.0 53.0 55.0 88.0 15.0 48.0 
36.0 62.0 42.2 68.2 33.0 59.0 
19.0 43.0 60.4 84.4 14.0 38.0 
29.4 53.4 70.8 94.8 26.4 50.4 
26.0 53.0 39.8 66.8 21.0 48.0 
52.0 87.0 42.8 77.8 47.0 82.0 
24.0 47.0 53.6 76.6 19.0 42.0 
32.0 62.0 38.8 68.8 27.0 57.0 
31.8 60.8 43.6 72.6 26.8 55.8 
38.0 70.0 64.0 96.0 33.0 65.0 
19.0 45.0 30.6 56.6 14.0 40.0 
21.0 54.0 57.8 90.8 16.0 49.0 
29.0 56.0 44.6 71.6 24.0 51.0 
