16832.63088235294 16861.46911764706 3742.579411764706 3771.4176470588236 4086.380882352941 4115.219117647059 
17043.269117647058 17071.91617647059 3624.35 3652.997058823529 3894.960294117647 3923.6073529411765 
16810.522058823528 16838.860294117647 3461.625 3489.9632352941176 3661.845588235294 3690.1838235294117 
16724.232352941177 16752.74705882353 3678.166176470588 3706.6808823529414 3887.923529411765 3916.4382352941175 
16922.555882352943 16951.467647058824 3427.4823529411765 3456.394117647059 3872.070588235294 3900.9823529411765 
17148.504411764705 17176.945588235296 3358.041176470588 3386.4823529411765 3596.8426470588233 3625.2838235294116 
16587.316176470587 16615.04411764706 3388.426470588235 3416.154411764706 3786.4926470588234 3814.220588235294 
16712.983823529412 16741.373529411765 3494.535294117647 3522.925 3990.483823529412 4018.8735294117646 
16753.70588235294 16781.647058823528 3469.389705882353 3497.330882352941 3738.8382352941176 3766.779411764706 
17290.46911764706 17319.32205882353 3639.8514705882353 3668.704411764706 3834.836764705882 3863.689705882353 
17166.526470588236 17194.886764705883 3273.041176470588 3301.4014705882355 3758.2176470588233 3786.5779411764706 
16864.375 16893.08823529412 3514.1029411764707 3542.8161764705883 4059.845588235294 4088.5588235294117 
16934.308823529413 16962.617647058825 3337.25 3365.5588235294117 3872.470588235294 3900.779411764706 
16374.255882352942 16402.814705882352 3375.535294117647 3404.0941176470587 3684.285294117647 3712.8441176470587 
17118.397058823528 17147.014705882353 3412.9926470588234 3441.610294117647 3899.014705882353 3927.6323529411766 
16644.348529411764 16672.15 3549.230882352941 3577.0323529411767 4062.6426470588235 4090.4441176470586 
16944.28088235294 16972.420588235294 3502.5823529411764 3530.7220588235296 4153.280882352941 4181.420588235294 
17015.610294117647 17043.852941176472 3466.3382352941176 3494.580882352941 3798.669117647059 3826.9117647058824 
16701.82794117647 16730.11470588235 3390.1514705882355 3418.4382352941175 4080.166176470588 4108.452941176471 
16920.767647058823 16948.767647058823 3434.105882352941 3462.105882352941 3691.105882352941 3719.105882352941 
16858.767647058823 16886.723529411764 3580.3485294117645 3608.304411764706 3891.0470588235294 3919.002941176471 
16857.201470588236 16885.45882352941 3453.0470588235294 3481.304411764706 4221.642647058824 4249.9 
16600.25294117647 16628.488235294117 3392.414705882353 3420.65 3650.3411764705884 3678.576470588235 
16937.26323529412 16965.84411764706 3543.160294117647 3571.741176470588 3886.6455882352943 3915.2264705882353 
16964.41176470588 16992.095588235294 3614.779411764706 3642.4632352941176 4001.970588235294 4029.654411764706 
17143.835294117645 17172.54117647059 3659.475 3688.1808823529414 4015.0558823529414 4043.7617647058823 
17045.895588235293 17074.432352941178 3505.1529411764704 3533.689705882353 4039.425 4067.961764705882 
17317.7 17346.920588235294 3587.3176470588237 3616.538235294118 4215.361764705883 4244.582352941176 
16645.852941176472 16673.779411764706 3507.176470588235 3535.1029411764707 3799.0 3826.926470588235 
17725.170588235294 17754.90588235294 3582.9058823529413 3612.641176470588 4128.5088235294115 4158.244117647058 
17403.8 17432.667647058825 3666.336764705882 3695.204411764706 3990.814705882353 4019.6823529411763 
16968.467647058824 16996.813235294117 3553.7544117647058 3582.1 3998.1294117647058 4026.475 
16828.01323529412 16856.461764705884 3412.255882352941 3440.704411764706 3941.9691176470587 3970.4176470588236 
16881.08823529412 16909.389705882353 3712.919117647059 3741.220588235294 4078.235294117647 4106.536764705882 
16310.097058823529 16337.795588235294 3578.3985294117647 3606.0970588235296 3508.2294117647057 3535.9279411764705 
16876.230882352942 16904.113235294117 3505.804411764706 3533.6867647058825 3757.8485294117645 3785.730882352941 
16854.66911764706 16883.227941176472 3486.7573529411766 3515.3161764705883 3698.9632352941176 3727.5220588235293 
16467.335294117645 16495.1 3393.8867647058823 3421.6514705882355 3862.6588235294116 3890.423529411765 
16657.992647058825 16685.808823529413 3303.6911764705883 3331.5073529411766 3796.551470588235 3824.3676470588234 
17212.16911764706 17241.316176470587 3447.426470588235 3476.573529411765 4062.830882352941 4091.9779411764707 
16547.53382352941 16575.644117647058 3455.570588235294 3483.6808823529414 4013.6367647058823 4041.747058823529 
16858.688235294117 16886.98970588235 3397.019117647059 3425.320588235294 4050.570588235294 4078.872058823529 
16677.057352941178 16704.858823529412 3494.1676470588236 3521.9691176470587 4252.660294117647 4280.461764705882 
17090.26323529412 17119.09411764706 3522.0720588235295 3550.9029411764704 3758.8955882352943 3787.7264705882353 
16483.023529411767 16510.883823529413 3342.9867647058823 3370.8470588235296 3627.435294117647 3655.295588235294 
16449.935294117648 16477.28088235294 3464.3617647058823 3491.7073529411764 3769.5823529411764 3796.9279411764705 
16599.104411764707 16627.501470588235 3574.4058823529413 3602.8029411764705 3942.9573529411764 3971.3544117647057 
16863.679411764704 16892.532352941176 3502.4441176470586 3531.2970588235294 4136.297058823529 4165.15 
17122.477941176472 17151.25 3394.220588235294 3422.9926470588234 3865.904411764706 3894.676470588235 
16418.96617647059 16446.363235294117 3375.480882352941 3402.877941176471 3782.4220588235294 3809.8191176470586 
