29609.130472103003 29636.611158798285 7006.456652360515 7033.937339055794 7595.143347639485 7622.624034334764 
30215.133905579398 30243.5330472103 7219.271244635193 7247.670386266094 7988.245493562232 8016.644635193133 
30226.78798283262 30255.264377682404 7150.0927038626605 7178.569098712446 7716.895278969957 7745.371673819743 
29996.163948497855 30024.717596566523 7153.430042918455 7181.983690987125 7510.442918454935 7538.996566523605 
29758.042918454936 29786.175965665236 7315.643776824034 7343.776824034335 8217.360515021459 8245.493562231759 
30046.56824034335 30074.954506437767 7214.010300429184 7242.3965665236055 8029.0961373390555 8057.482403433476 
29746.551072961374 29774.598283261803 7248.42660944206 7276.4738197424895 7752.289270386266 7780.336480686696 
30515.7321888412 30544.238626609444 7371.478969957082 7399.985407725322 8247.581974248928 8276.088412017167 
29924.139055793992 29952.25922746781 7070.156223175965 7098.276394849785 7671.147639484979 7699.267811158798 
30090.22575107296 30118.938197424894 7575.6206008583695 7604.333047210301 8056.933905579399 8085.64635193133 
30308.94592274678 30336.817167381974 7380.830042918455 7408.701287553648 7972.186266094421 8000.057510729614 
30427.318454935623 30455.090987124462 7148.820600858369 7176.59313304721 7898.387124463519 7926.15965665236 
29979.77339055794 30008.271244635194 7323.155364806867 7351.65321888412 7698.756223175966 7727.254077253219 
29846.056652360516 29874.08669527897 7366.631759656652 7394.661802575108 8201.33991416309 8229.369957081544 
30179.731330472103 30208.169098712446 7136.006008583691 7164.443776824034 7803.615450643777 7832.05321888412 
30527.917596566524 30556.308154506438 7226.745922746781 7255.136480686695 7633.012017167382 7661.402575107296 
30902.87982832618 30931.420600858368 7217.4635193133045 7246.004291845494 8322.515021459227 8351.055793991416 
30964.255793991415 30992.8652360515 7212.2 7240.8094420600855 7944.534763948498 7973.144206008584 
30652.812017167384 30681.33991416309 7126.842060085837 7155.369957081545 7708.8935622317595 7737.4214592274675 
30160.136480686695 30188.278111587984 6852.3896995708155 6880.531330472103 7626.209442060086 7654.351072961374 
29755.44721030043 29783.224034334766 7192.08669527897 7219.863519313305 8197.408583690987 8225.185407725321 
30334.231759656654 30362.450643776825 7245.394849785408 7273.6137339055795 7943.111587982833 7971.3304721030045 
30046.82575107296 30075.109012875535 7233.6798283261805 7261.9630901287555 7706.958798283262 7735.242060085837 
29814.872961373392 29843.31931330472 7255.98025751073 7284.42660944206 8113.915879828326 8142.362231759656 
29953.028326180258 29981.35879828326 7194.7536480686695 7223.084120171674 8334.225751072961 8362.556223175965 
29716.842060085837 29744.567381974248 6935.0995708154505 6962.824892703863 7743.198283261802 7770.923605150215 
29846.51502145923 29874.678111587982 7268.034334763948 7296.197424892704 8566.87982832618 8595.042918454936 
30547.030901287555 30575.636051502144 7163.2497854077255 7191.8549356223175 7679.284120171674 7707.889270386266 
29968.658369098714 29996.709871244635 7177.99313304721 7206.044635193133 8137.624034334764 8165.675536480687 
30277.529613733906 30305.177682403435 7137.1347639484975 7164.782832618026 7518.684120171673 7546.332188841202 
29823.670386266094 29852.018025751073 7191.9665236051505 7220.314163090129 8188.644635193133 8216.992274678112 
30778.82660944206 30807.762231759658 7394.4317596566525 7423.367381974249 8297.13991416309 8326.075536480686 
30248.75450643777 30277.07210300429 7191.78025751073 7220.097854077253 7879.531330472103 7907.848927038626 
30261.0678111588 30289.711587982834 7383.157939914163 7411.801716738198 7996.557081545065 8025.200858369099 
30401.31330472103 30430.068669527896 7139.201716738197 7167.957081545064 7907.171673819743 7935.92703862661 
30439.39313304721 30468.00686695279 7379.856652360515 7408.4703862660945 7780.221459227468 7808.835193133047 
29680.963090128756 29708.92017167382 7149.078969957081 7177.036051502146 7904.804291845494 7932.761373390558 
30163.436051502147 30192.148497854076 7207.096995708154 7235.8094420600855 8109.448927038627 8138.161373390558 
29727.603433476394 29756.255793991415 7270.6763948497855 7299.328755364807 7827.702145922747 7856.354506437769 
30561.768240343346 30590.334763948496 7239.278969957081 7267.845493562232 8137.92703862661 8166.49356223176 
30074.777682403434 30103.185407725323 7053.7047210300425 7082.112446351931 7690.318454935622 7718.72618025751 
29498.861802575106 29526.917596566524 7230.110729613734 7258.16652360515 8195.218025751074 8223.27381974249 
30404.43175965665 30433.045493562233 7127.530472103004 7156.144206008584 8031.972532188841 8060.58626609442 
30354.724463519313 30383.12789699571 7272.531330472103 7300.934763948498 7857.878969957082 7886.282403433476 
29769.40686695279 29797.47982832618 7041.797424892704 7069.870386266094 7984.527038626609 8012.6 
29609.51931330472 29637.596566523604 6871.824034334764 6899.901287553648 7929.7639484978545 7957.841201716738 
30064.518454935624 30092.6686695279 7344.737339055794 7372.887553648069 7741.724463519314 7769.874678111588 
29898.78712446352 29927.010300429185 7215.86008583691 7244.083261802575 8086.945922746781 8115.169098712447 
30153.50643776824 30181.755364806868 6896.2360515021455 6924.484978540772 7921.064377682404 7949.31330472103 
30285.10643776824 30313.836051502145 7211.857510729614 7240.587124463519 8371.47982832618 8400.209442060086 
