11464.15625 11492.833333333334 2070.34375 2099.0208333333335 2344.53125 2373.2083333333335 
11117.68125 11145.691666666668 1864.24375 1892.2541666666666 2095.74375 2123.7541666666666 
11183.51875 11211.55 1951.4145833333334 1979.4458333333334 2200.914583333333 2228.945833333333 
11759.38125 11788.683333333332 2027.1416666666667 2056.44375 2395.860416666667 2425.1625 
11344.9125 11372.975 1944.31875 1972.38125 2073.3083333333334 2101.3708333333334 
11636.1875 11665.541666666666 2090.4270833333335 2119.78125 2172.9166666666665 2202.2708333333335 
11714.81875 11743.183333333332 1894.00625 1922.3708333333334 2333.0895833333334 2361.454166666667 
12016.835416666667 12045.522916666667 2062.85625 2091.54375 2304.1895833333333 2332.8770833333333 
11459.254166666668 11487.691666666668 2108.889583333333 2137.327083333333 2308.9625 2337.4 
11721.3875 11750.45 2178.2625 2207.325 2679.45 2708.5125 
11685.1125 11713.997916666667 2059.2166666666667 2088.102083333333 2493.008333333333 2521.89375 
11272.0875 11299.754166666668 1940.3270833333333 1967.99375 2130.2541666666666 2157.920833333333 
11303.55625 11331.420833333334 2025.4416666666666 2053.30625 2167.05625 2194.920833333333 
11408.060416666667 11436.33125 2001.20625 2029.4770833333334 2318.45625 2346.727083333333 
11570.725 11599.079166666666 1921.63125 1949.9854166666667 2326.891666666667 2355.2458333333334 
11346.389583333334 11375.139583333334 1870.3479166666666 1899.0979166666666 2166.264583333333 2195.014583333333 
11129.25625 11157.058333333332 1889.7458333333334 1917.5479166666667 2129.985416666667 2157.7875 
11675.964583333332 11704.391666666666 2095.88125 2124.3083333333334 2177.94375 2206.3708333333334 
11334.672916666666 11363.089583333332 2091.5583333333334 2119.975 2121.172916666667 2149.5895833333334 
11227.466666666667 11256.008333333333 1994.14375 2022.6854166666667 2242.383333333333 2270.925 
11707.4 11736.347916666668 1986.11875 2015.0666666666666 2529.1916666666666 2558.139583333333 
12158.98125 12188.79375 2091.91875 2121.73125 2143.647916666667 2173.460416666667 
11634.302083333334 11662.96875 2022.1354166666667 2050.8020833333335 2486.28125 2514.9479166666665 
11189.46875 11217.864583333334 1874.3541666666667 1902.75 2554.96875 2583.3645833333335 
11639.885416666666 11668.697916666666 2053.25 2082.0625 2290.65625 2319.46875 
11047.170833333334 11075.327083333334 2018.7854166666666 2046.9416666666666 2139.775 2167.93125 
11354.847916666668 11383.30625 2011.1083333333333 2039.5666666666666 2349.014583333333 2377.4729166666666 
11173.5625 11201.71875 1967.8854166666667 1996.0416666666667 2671.3958333333335 2699.5520833333335 
11547.322916666666 11575.729166666666 1930.3125 1958.71875 2155.5104166666665 2183.9166666666665 
11353.59375 11381.927083333334 1988.4479166666667 2016.78125 2074.6145833333335 2102.9479166666665 
11635.641666666666 11664.31875 2019.6625 2048.3395833333334 2465.7458333333334 2494.422916666667 
11335.504166666668 11363.233333333334 2049.858333333333 2077.5875 2413.1916666666666 2440.920833333333 
11235.514583333334 11263.3375 2020.9208333333333 2048.74375 2401.86875 2429.6916666666666 
11285.88125 11313.829166666666 1928.975 1956.9229166666667 2219.4020833333334 2247.35 
11487.9125 11516.464583333332 1866.975 1895.5270833333334 2117.0583333333334 2145.610416666667 
11906.783333333333 11936.220833333333 2193.60625 2223.04375 2391.7833333333333 2421.2208333333333 
11702.189583333333 11731.272916666667 2152.3770833333333 2181.460416666667 2352.23125 2381.3145833333333 
11608.029166666667 11636.95625 2028.9875 2057.914583333333 2561.6125 2590.539583333333 
11433.74375 11461.983333333334 1955.74375 1983.9833333333333 2267.139583333333 2295.3791666666666 
11932.614583333334 11961.65625 1922.84375 1951.8854166666667 2194.6770833333335 2223.71875 
11365.683333333332 11393.860416666666 2085.7145833333334 2113.891666666667 2327.266666666667 2355.44375 
11546.889583333334 11575.2125 1941.61875 1969.9416666666666 1994.18125 2022.5041666666666 
11402.05625 11430.379166666668 2076.2125 2104.5354166666666 2402.952083333333 2431.275 
11392.772916666667 11420.554166666667 2162.491666666667 2190.272916666667 2320.6270833333333 2348.4083333333333 
11255.547916666666 11283.204166666666 1910.475 1938.13125 2096.422916666667 2124.079166666667 
11816.758333333333 11846.414583333333 2130.675 2160.33125 2585.8625 2615.51875 
11744.966666666667 11773.675 2145.925 2174.633333333333 2402.175 2430.883333333333 
11396.414583333333 11424.445833333333 1979.8833333333334 2007.9145833333334 2267.8729166666667 2295.9041666666667 
11669.866666666667 11698.8875 2100.825 2129.8458333333333 2338.054166666667 2367.075 
11406.975 11434.954166666666 2028.1416666666667 2056.1208333333334 2412.4958333333334 2440.475 
