35229.80882352941 35258.14705882353 8421.275735294117 8449.613970588236 9482.242647058823 9510.58088235294 
35163.125 35191.61029411765 8567.558823529413 8596.04411764706 9724.904411764706 9753.389705882353 
35036.87205882353 35065.129411764705 8728.019117647058 8756.276470588235 9231.217647058824 9259.475 
36370.822794117645 36399.20147058823 8367.083823529412 8395.4625 9526.661029411765 9555.039705882353 
36526.813970588235 36555.67794117647 8735.935294117648 8764.799264705882 10203.277205882352 10232.141176470588 
35515.2294117647 35543.51985294118 8906.563970588235 8934.854411764705 9403.538235294118 9431.828676470588 
35563.40147058824 35591.05955882353 8582.258088235294 8609.916176470588 9135.739705882354 9163.397794117647 
35636.76397058823 35664.907352941176 8821.668382352942 8849.811764705883 9562.969852941176 9591.113235294117 
35500.700735294115 35529.013235294115 8566.583088235295 8594.895588235295 9365.413970588235 9393.726470588235 
34854.408088235294 34882.345588235294 8653.0 8680.9375 9767.14338235294 9795.08088235294 
35318.611764705885 35346.861764705885 8664.369117647058 8692.619117647058 9609.251470588235 9637.501470588235 
35440.10735294117 35468.12205882353 8526.978676470588 8554.99338235294 8957.239705882354 8985.254411764707 
36360.97647058823 36389.54632352941 8744.329411764706 8772.899264705882 9630.138235294118 9658.708088235295 
35708.41470588235 35736.81911764706 8846.605882352942 8875.010294117646 9698.958823529412 9727.363235294117 
35048.030147058824 35076.254411764705 8718.74705882353 8746.971323529411 9517.74338235294 9545.967647058824 
35314.73308823529 35342.73308823529 8754.222058823529 8782.222058823529 9237.196323529412 9265.196323529412 
35694.86397058824 35723.79044117647 8473.98161764706 8502.908088235294 9976.533088235294 10005.45955882353 
35436.38088235294 35464.60882352941 8918.355147058823 8946.583088235295 9511.748529411765 9539.976470588235 
36015.32720588235 36044.02573529412 8706.786764705883 8735.485294117647 9604.89338235294 9633.591911764706 
35863.91544117647 35892.89705882353 8883.014705882353 8911.996323529413 9573.216911764706 9602.198529411764 
35811.16397058823 35839.60514705882 8916.906617647059 8945.347794117648 9786.840441176471 9815.281617647059 
35389.20294117647 35417.86838235294 8736.905147058824 8765.570588235294 9106.85 9135.51544117647 
35791.35514705882 35819.61985294118 8653.461764705882 8681.726470588235 9066.788970588235 9095.053676470588 
34939.66102941176 34967.74926470588 8531.208823529412 8559.29705882353 9071.719852941176 9099.808088235293 
35528.29632352941 35556.38455882353 8770.660294117648 8798.748529411765 9159.436029411765 9187.524264705882 
35726.83602941177 35755.53455882353 8807.964705882352 8836.663235294118 9364.115441176471 9392.813970588235 
34950.12720588235 34978.263235294115 8635.597794117648 8663.733823529412 9097.391911764706 9125.527941176471 
35511.811029411765 35539.8955882353 8724.141911764706 8752.226470588235 9518.266911764706 9546.351470588235 
35423.19558823529 35451.728676470586 8494.70294117647 8523.236029411764 9792.614705882354 9821.147794117647 
35993.529411764706 36022.34926470588 8647.746323529413 8676.566176470587 9252.176470588236 9280.996323529413 
34595.40955882353 34623.31764705882 8546.909558823529 8574.817647058824 9221.666911764705 9249.575 
35519.538235294116 35548.02352941177 8737.464705882352 8765.95 9854.405882352941 9882.891176470588 
36069.5830882353 36097.86617647059 8626.509558823529 8654.792647058823 9520.4875 9548.770588235295 
35068.92352941177 35097.155147058824 8914.725 8942.956617647058 9807.416176470588 9835.647794117647 
35887.22132352941 35915.629411764705 8743.236029411764 8771.644117647058 9507.49338235294 9535.901470588235 
35208.69411764706 35236.969852941176 8672.833823529412 8701.10955882353 9446.62794117647 9474.903676470589 
35575.76176470588 35604.566911764705 8564.541176470588 8593.346323529411 9405.445588235294 9434.250735294117 
35861.888235294115 35890.347794117646 8811.693382352942 8840.152941176471 9967.954411764706 9996.413970588235 
35646.46617647059 35674.88161764706 8812.771323529412 8841.186764705883 9623.591176470589 9652.00661764706 
35192.339705882354 35220.652205882354 8880.063970588235 8908.376470588235 9540.773529411765 9569.086029411765 
35951.54632352941 35979.80735294118 8841.483823529412 8869.744852941176 9710.347794117648 9738.608823529412 
35692.780147058824 35721.004411764705 8774.24338235294 8802.467647058824 9289.294852941177 9317.519117647058 
35638.14191176471 35667.12720588235 8639.406617647059 8668.391911764706 9243.288970588235 9272.274264705882 
35412.34117647059 35440.396323529414 8540.216176470589 8568.271323529412 9380.826470588236 9408.88161764706 
36329.90294117647 36358.42867647059 8786.704411764706 8815.230147058823 9785.939705882352 9814.465441176471 
35462.657352941176 35491.333823529414 8611.061764705883 8639.738235294117 9456.04705882353 9484.723529411765 
35411.05661764706 35439.674264705885 8620.2625 8648.880147058824 9599.093382352941 9627.711029411765 
35654.705882352944 35683.257352941175 8630.503676470587 8659.055147058823 9711.963235294117 9740.514705882353 
35514.57647058823 35542.66838235294 8574.017647058823 8602.10955882353 10008.9 10036.991911764706 
35417.19852941176 35445.507352941175 8713.625 8741.933823529413 9741.676470588236 9769.985294117647 
