41361.70062893082 41389.55911949686 10453.964779874213 10481.82327044025 11135.549685534592 11163.40817610063 
41919.07421383648 41947.26603773585 10549.901257861635 10578.093081761006 11374.879245283018 11403.07106918239 
41381.42767295597 41409.21698113208 10452.566037735849 10480.35534591195 11683.283018867925 11711.072327044025 
42606.112578616354 42635.06855345912 10502.703773584906 10531.659748427674 11951.722641509434 11980.678616352201 
41810.84025157233 41839.1106918239 10236.937735849056 10265.208176100628 11065.362264150943 11093.632704402517 
41056.73081761006 41084.627044025154 10418.054716981133 10445.950943396227 11557.982389937108 11585.878616352202 
41606.0893081761 41634.12389937107 10221.42893081761 10249.463522012578 10975.101886792452 11003.136477987422 
41648.154088050316 41676.518867924526 10357.465408805032 10385.830188679245 10891.83962264151 10920.204402515723 
41426.29559748428 41454.63522012578 10057.358490566037 10085.698113207547 11489.182389937107 11517.522012578616 
41526.270440251574 41554.60691823899 10493.965408805032 10522.301886792453 10996.59748427673 11024.933962264151 
41432.22012578617 41460.443396226416 10160.204402515723 10188.427672955975 10953.415094339623 10981.638364779874 
41807.70943396226 41835.772327044026 10217.885534591194 10245.948427672956 11661.105660377358 11689.16855345912 
42491.122641509435 42519.92452830189 10480.047169811322 10508.849056603774 11855.135220125787 11883.93710691824 
41702.34716981132 41730.59245283019 10233.0106918239 10261.255974842767 11152.85031446541 11181.095597484276 
41673.36477987422 41701.58176100629 10615.01572327044 10643.232704402515 11180.67924528302 11208.896226415094 
41833.81572327044 41862.12389937107 10568.957232704402 10597.265408805031 11410.708805031447 11439.016981132076 
41604.443396226416 41632.50628930818 10412.544025157233 10440.606918238993 11551.084905660377 11579.147798742139 
41353.66289308176 41381.76352201258 10131.845283018867 10159.945911949686 11398.499371069182 11426.6 
41277.48553459119 41305.36603773585 10329.114465408806 10356.99496855346 11659.322012578616 11687.202515723271 
41996.70251572327 42025.259119496855 10489.44465408805 10518.001257861635 11276.15534591195 11304.711949685534 
42138.2106918239 42166.82389937107 10591.034591194968 10619.647798742139 11556.801886792453 11585.415094339623 
42112.53773584906 42141.36477987422 10353.981132075472 10382.808176100629 11914.003144654089 11942.830188679245 
41842.40251572327 41870.77987421383 10745.795597484277 10774.172955974842 11657.66037735849 11686.037735849057 
42111.47547169811 42139.96289308176 10425.23962264151 10453.727044025158 11394.475471698113 11422.962893081762 
41598.92327044025 41627.22515723271 10571.32893081761 10599.630817610063 11188.464150943397 11216.76603773585 
42095.65094339623 42124.10691823899 10635.028301886792 10663.48427672956 11774.506289308176 11802.962264150943 
42246.00691823899 42274.425157232705 10504.019496855346 10532.437735849056 10991.258490566037 11019.67672955975 
42042.90251572327 42071.11635220126 10633.24213836478 10661.455974842767 11451.569182389938 11479.783018867925 
41521.459748427675 41549.53836477987 10348.601257861636 10376.679874213836 11428.151572327044 11456.230188679245 
42222.393710691824 42251.12012578616 10722.75534591195 10751.48176100629 11649.815094339623 11678.541509433962 
41948.43647798742 41976.606289308176 10195.640880503144 10223.8106918239 11296.052830188679 11324.222641509434 
41135.61320754717 41163.446540880504 10501.933962264151 10529.767295597485 11417.01572327044 11444.849056603774 
41756.03773584906 41784.57547169811 10527.166666666666 10555.704402515723 11165.100628930817 11193.638364779874 
41493.96729559748 41522.12452830189 10442.303773584905 10470.461006289308 11095.753459119496 11123.9106918239 
42224.41635220126 42253.24339622642 10718.064150943395 10746.891194968553 11301.963522012578 11330.790566037736 
41739.59685534591 41767.90817610063 10625.816981132075 10654.128301886793 11644.521383647798 11672.832704402515 
42361.21509433962 42389.94465408805 10435.579874213836 10464.309433962264 11603.221383647799 11631.950943396227 
42194.15157232704 42222.824528301884 10316.25534591195 10344.928301886792 11338.75534591195 11367.428301886792 
42107.025786163525 42135.79622641509 10741.469182389937 10770.23962264151 11594.749056603774 11623.519496855346 
41867.42264150943 41896.189937106916 10591.969811320754 10620.737106918239 11576.649056603774 11605.416352201259 
41435.66477987421 41464.23081761006 10648.325157232704 10676.891194968553 11374.507547169811 11403.07358490566 
41733.56540880503 41762.043396226414 10452.669182389936 10481.14716981132 11282.911320754716 11311.3893081761 
41584.57295597484 41612.91572327044 10628.437735849056 10656.780503144653 11705.98176100629 11734.324528301886 
41614.58176100629 41642.732704402515 10441.811320754718 10469.962264150943 11828.040880503144 11856.191823899371 
41482.10188679245 41510.42264150943 10354.215094339623 10382.535849056603 10961.988679245283 10990.309433962264 
41444.14339622641 41472.55220125786 10473.272327044026 10501.681132075471 11403.124528301887 11431.533333333333 
41910.56352201258 41938.9534591195 10702.667295597485 10731.057232704403 11808.525786163522 11836.91572327044 
41507.89119496855 41536.07358490566 10335.139622641509 10363.322012578616 10952.935220125786 10981.117610062893 
41900.56037735849 41928.65157232704 10465.686163522012 10493.777358490566 11493.52893081761 11521.620125786163 
41549.12327044025 41577.293081761 10471.365408805032 10499.535220125787 10966.09182389937 10994.261635220126 
