33431.5796875 33459.93515625 8007.82578125 8036.18125 8775.525 8803.88046875 
33144.64609375 33172.68125 8002.7125 8030.74765625 8770.42734375 8798.4625 
33651.76953125 33680.08984375 8175.54296875 8203.86328125 8548.83203125 8577.15234375 
32717.64453125 32745.6015625 8091.0703125 8119.02734375 8539.35546875 8567.3125 
33305.9984375 33333.94375 8339.10390625 8367.04921875 9264.6078125 9292.553125 
32873.32421875 32901.19140625 7947.48828125 7975.35546875 8550.91015625 8578.77734375 
33829.4203125 33857.86953125 8103.26796875 8131.7171875 9038.115625 9066.56484375 
33473.440625 33501.91328125 7891.4953125 7919.96796875 8721.1046875 8749.57734375 
33019.0375 33047.46328125 7911.48671875 7939.9125 8617.13125 8645.55703125 
33477.33828125 33505.73671875 7972.61171875 8001.01015625 8541.69765625 8570.09609375 
33527.36640625 33556.2453125 8168.46015625 8197.3390625 8911.95234375 8940.83125 
32748.415625 32776.32578125 8075.90390625 8103.8140625 9140.6890625 9168.59921875 
33582.56875 33611.240625 8200.8734375 8229.5453125 8945.7953125 8974.4671875 
33215.325 33243.278125 8164.71953125 8192.67265625 9268.5671875 9296.5203125 
33772.86796875 33801.73125 8075.9109375 8104.77421875 9246.61796875 9275.48125 
32963.934375 32992.46171875 8245.11015625 8273.6375 8846.8171875 8875.34453125 
33469.2015625 33497.57265625 8185.0453125 8213.41640625 8716.2953125 8744.66640625 
33026.80625 33054.98984375 7961.92734375 7990.1109375 8886.8375 8915.02109375 
33803.9359375 33832.68984375 8119.36171875 8148.115625 8954.053125 8982.80703125 
33337.03671875 33365.71640625 8088.61484375 8117.29453125 8753.24765625 8781.92734375 
33291.95078125 33320.4390625 8090.97421875 8119.4625 8903.96640625 8932.4546875 
33885.87109375 33914.65234375 8077.66796875 8106.44921875 8824.45703125 8853.23828125 
33152.3328125 33180.5828125 8152.11796875 8180.36796875 8503.5671875 8531.8171875 
33274.9015625 33303.19453125 8259.11640625 8287.409375 9391.0578125 9419.35078125 
33113.13359375 33141.6375 8018.36015625 8046.8640625 8697.47734375 8725.98125 
33453.31953125 33481.45234375 8000.0421875 8028.175 8555.64765625 8583.78046875 
33121.5515625 33149.85625 8319.934375 8348.2390625 8823.2546875 8851.559375 
33421.06875 33449.33046875 7959.90078125 7988.1625 8541.8578125 8570.11953125 
32756.84296875 32784.7453125 8081.5265625 8109.42890625 8748.60078125 8776.503125 
33455.646875 33483.95546875 8052.1859375 8080.49453125 8979.0453125 9007.35390625 
33317.65703125 33346.3328125 7976.71171875 8005.3875 8978.66484375 9007.340625 
33370.2390625 33398.74296875 8334.00078125 8362.5046875 8741.2078125 8769.71171875 
33615.40625 33643.8125 8276.46484375 8304.87109375 9219.8046875 9248.2109375 
33179.13203125 33207.51875 8141.67890625 8170.065625 8907.38203125 8935.76875 
33226.2515625 33254.67734375 8125.11484375 8153.540625 8942.3140625 8970.73984375 
33220.8140625 33249.11484375 7997.55625 8025.85703125 9117.4390625 9145.73984375 
33717.94296875 33746.8453125 7954.15 7983.05234375 8633.81796875 8662.7203125 
32837.89140625 32865.75859375 8103.0828125 8130.95 8626.12578125 8653.99296875 
33642.38515625 33670.928125 7971.1859375 7999.72890625 9159.17421875 9187.7171875 
33012.73203125 33041.02890625 8251.70859375 8280.00546875 8847.89609375 8876.19296875 
32752.059375 32780.28984375 8068.98515625 8097.215625 9135.0359375 9163.26640625 
33190.80390625 33219.1203125 8278.6671875 8306.98359375 8979.95234375 9008.26875 
33534.78984375 33563.23125 8504.28203125 8532.7234375 8954.98515625 8983.4265625 
33249.1078125 33277.04921875 7973.1078125 8001.04921875 8824.7015625 8852.64296875 
32836.3625 32864.471875 8335.0578125 8363.1671875 8747.4796875 8775.5890625 
33297.09765625 33324.9453125 8005.0546875 8032.90234375 8978.08203125 9005.9296875 
32870.71015625 32898.70234375 8039.253125 8067.2453125 8701.29609375 8729.28828125 
34248.70859375 34277.5015625 7989.665625 8018.45859375 9082.49765625 9111.290625 
33391.40625 33419.7265625 7983.0546875 8011.375 8915.75 8944.0703125 
33653.2109375 33682.05859375 8150.5234375 8179.37109375 9422.390625 9451.23828125 
