48483.29116022099 48511.72486187845 12199.119889502763 12227.55359116022 13481.246961325967 13509.680662983425 
46904.739226519334 46932.43812154696 12148.482320441988 12176.181215469613 13437.927071823204 13465.625966850828 
47906.84585635359 47935.260220994474 12137.981215469614 12166.395580110497 13417.337569060774 13445.751933701658 
48108.686187845306 48136.796685082874 12070.70276243094 12098.813259668508 12599.98453038674 12628.09502762431 
47478.30662983425 47506.18508287293 11871.842541436465 11899.720994475138 13477.897790055249 13505.776243093922 
48077.93314917127 48106.14585635359 12186.264640883977 12214.477348066299 13083.927624309392 13112.140331491713 
48203.57458563536 48231.76243093923 12099.389502762431 12127.5773480663 13224.900552486188 13253.088397790056 
47045.30994475138 47072.96187845304 12027.146961325967 12054.798895027625 12867.31546961326 12894.967403314917 
48463.483977900556 48492.246408839776 12044.74640883978 12073.508839779006 13536.38453038674 13565.146961325967 
47639.014917127075 47667.49834254144 12223.332596685083 12251.816022099447 13214.854696132597 13243.338121546962 
48087.588950276244 48116.088950276244 12174.459116022099 12202.959116022099 13365.70497237569 13394.20497237569 
48378.34419889503 48406.59005524862 12341.896685082873 12370.142541436464 13430.167403314917 13458.413259668509 
47428.58287292818 47456.93093922652 12443.558011049723 12471.906077348067 13922.113259668507 13950.461325966851 
48286.27679558011 48314.91767955801 12110.403867403315 12139.044751381216 13159.530939226519 13188.17182320442 
46879.80662983425 46907.72651933702 12178.024861878454 12205.944751381216 13406.740331491712 13434.660220994476 
48295.28508287293 48323.950828729285 12386.630386740331 12415.296132596684 13067.881767955801 13096.547513812155 
47459.490607734806 47487.44640883978 11950.648066298343 11978.603867403315 12781.247513812155 12809.203314917127 
46880.059668508286 46907.75580110497 12266.181215469613 12293.877348066299 13068.601104972377 13096.29723756906 
47592.51546961326 47621.018232044196 12127.893922651934 12156.396685082873 13235.924309392265 13264.427071823204 
48865.318784530384 48893.94309392265 12378.208287292819 12406.832596685083 13213.81049723757 13242.434806629833 
47961.1408839779 47990.0 12326.698895027625 12355.558011049723 13214.472375690608 13243.331491712706 
48133.30276243094 48162.10386740331 12374.998895027624 12403.8 13255.87182320442 13284.672928176795 
47802.67679558011 47830.908839779004 11816.091160220994 11844.32320441989 12858.185082872928 12886.417127071823 
47496.15414364641 47524.39723756906 12232.438674033148 12260.6817679558 13341.568508287293 13369.811602209944 
47364.44861878453 47392.52596685083 12337.042541436464 12365.119889502763 13225.244198895027 13253.321546961326 
47751.5773480663 47779.87569060773 12173.574585635359 12201.872928176796 13233.792817679558 13262.091160220994 
47340.420994475135 47368.29392265193 12034.868508287293 12062.741436464088 13276.293922651934 13304.16685082873 
48102.7591160221 48131.12928176796 12175.491160220994 12203.861325966851 13108.853038674033 13137.22320441989 
48537.97403314917 48567.026519337014 12080.067955801105 12109.120441988951 13964.974033149172 13994.026519337016 
48250.32209944751 48278.855248618784 11881.424309392265 11909.957458563536 13309.255801104973 13337.788950276243 
47482.7817679558 47511.1906077348 12248.67955801105 12277.088397790056 13244.058011049723 13272.466850828729 
47629.964640883976 47658.218784530385 12152.483977900552 12180.738121546961 13321.102762430939 13349.356906077348 
48541.386740331494 48569.95027624309 12016.339779005524 12044.903314917126 13383.93370165746 13412.497237569061 
47598.97790055248 47627.37845303868 12134.533149171271 12162.93370165746 13102.54143646409 13130.941988950277 
48095.00331491713 48123.547513812155 12022.227071823205 12050.771270718233 13396.74364640884 13425.287845303867 
48512.5408839779 48541.31988950276 12248.576795580111 12277.355801104972 13813.86685082873 13842.64585635359 
47890.58121546961 47919.03149171271 12039.05635359116 12067.506629834254 12734.44861878453 12762.898895027623 
47752.43314917127 47780.480110497236 12238.703867403316 12266.750828729282 13029.488397790055 13057.535359116022 
47152.480110497236 47180.70386740332 11884.68729281768 11912.911049723756 13093.999447513812 13122.22320441989 
48598.71160220994 48627.526519337014 12097.650828729282 12126.465745856354 13267.1591160221 13295.974033149172 
47597.46574585635 47625.82762430939 12226.382872928178 12254.744751381215 13512.58729281768 13540.949171270719 
47340.32375690608 47368.49226519337 12138.67182320442 12166.840331491712 12841.373480662984 12869.541988950275 
47629.76629834254 47658.10055248619 12095.879558011049 12124.213812154696 13327.650276243094 13355.98453038674 
48253.07569060774 48281.45690607735 12384.27458563536 12412.655801104973 13722.241436464088 13750.622651933701 
48196.3320441989 48224.95635359116 12252.688397790056 12281.31270718232 13287.547513812155 13316.17182320442 
48025.81491712707 48054.05524861879 12254.629834254143 12282.870165745857 13350.058011049723 13378.298342541437 
47211.46519337017 47239.33812154696 11922.871270718231 11950.744198895027 12712.818784530387 12740.691712707183 
48317.134254143646 48345.76408839779 11932.137016574585 11960.76685082873 13967.697790055248 13996.327624309391 
47902.109944751384 47930.62099447514 12122.737016574585 12151.248066298342 13466.214917127072 13494.725966850829 
47737.73038674033 47766.014917127075 12087.528729281768 12115.813259668508 13613.365745856354 13641.650276243094 
