39049.392 39077.545333333335 9823.535333333333 9851.688666666667 10617.005333333333 10645.158666666666 
38815.72066666667 38843.34733333333 9657.984 9685.610666666667 10687.574 10715.200666666668 
39675.14 39703.433333333334 9683.323333333334 9711.616666666667 10661.313333333334 10689.606666666667 
39712.282 39740.77533333333 9777.052 9805.545333333333 10953.642 10982.135333333334 
39052.71466666667 39081.274666666664 9873.338 9901.898 10630.768 10659.328 
39385.658 39414.288 9762.481333333333 9791.111333333334 10677.144666666667 10705.774666666666 
39240.74533333333 39268.70533333333 9684.765333333333 9712.725333333334 10310.265333333333 10338.225333333334 
38635.310666666664 38663.397333333334 9601.790666666666 9629.877333333334 10615.504 10643.590666666667 
39217.532666666666 39245.586 9606.102666666668 9634.156 10673.352666666668 10701.406 
40039.602666666666 40068.632666666665 9576.742666666667 9605.772666666666 11174.789333333334 11203.819333333333 
39596.714 39625.227333333336 9943.590666666667 9972.104 10893.314 10921.827333333333 
39929.458 39957.924666666666 9718.831333333334 9747.298 10989.751333333334 11018.218 
39215.308666666664 39243.77533333333 9927.255333333333 9955.722 10565.282 10593.748666666666 
38895.274666666664 38923.39466666667 9673.378 9701.498 10569.441333333334 10597.561333333333 
39377.032 39405.68866666667 9777.588666666667 9806.245333333334 10329.032 10357.688666666667 
39509.274666666664 39537.388 9741.381333333333 9769.494666666667 10367.954666666667 10396.068 
39470.242 39498.542 9804.862 9833.162 10965.988666666666 10994.288666666667 
39980.19066666667 40008.924 9901.040666666666 9929.774 10958.170666666667 10986.904 
39570.115333333335 39598.615333333335 9882.288666666667 9910.788666666667 11262.768666666667 11291.268666666667 
38619.91066666667 38647.867333333335 9757.050666666666 9785.007333333333 10559.370666666666 10587.327333333333 
39415.25466666667 39443.54466666667 10148.124666666667 10176.414666666667 10993.548 11021.838 
39465.93066666667 39494.024 9635.107333333333 9663.200666666668 10222.484 10250.577333333333 
38541.378 38569.011333333336 9888.304666666667 9915.938 10318.891333333333 10346.524666666666 
38958.81333333333 38986.81333333333 9901.203333333333 9929.203333333333 10536.226666666667 10564.226666666667 
39255.912 39284.488666666664 9816.825333333334 9845.402 10491.245333333334 10519.822 
38460.05 38488.323333333334 9717.226666666667 9745.5 10711.336666666666 10739.61 
39273.032666666666 39301.312666666665 10039.846 10068.126 10811.712666666666 10839.992666666667 
38629.222 38657.655333333336 9897.068666666666 9925.502 10496.715333333334 10525.148666666666 
39152.327333333335 39180.350666666665 9689.497333333333 9717.520666666667 11436.580666666667 11464.604 
38847.344666666664 38875.228 9715.061333333333 9742.944666666666 10718.218 10746.101333333334 
38910.810666666664 38939.034 9685.617333333334 9713.840666666667 10649.837333333333 10678.060666666666 
39670.450666666664 39698.86066666667 9954.180666666667 9982.590666666667 10545.317333333332 10573.727333333334 
39144.26866666666 39172.64866666667 9919.312 9947.692 10453.548666666667 10481.928666666667 
38975.63 39003.87 9667.866666666667 9696.106666666667 11019.73 11047.97 
38498.482 38526.17866666667 9569.822 9597.518666666667 10258.588666666667 10286.285333333333 
39155.068666666666 39183.032 9860.282 9888.245333333334 10498.282 10526.245333333334 
38868.176666666666 38896.35 9880.756666666666 9908.93 11110.21 11138.383333333333 
39858.9 39887.51 9799.656666666666 9828.266666666666 10545.906666666666 10574.516666666666 
38859.56333333333 38887.80333333334 9856.076666666666 9884.316666666668 10580.71 10608.95 
39941.516 39970.29266666667 9635.699333333334 9664.476 10866.296 10895.072666666667 
39419.41333333333 39447.74 9553.58 9581.906666666666 10759.166666666666 10787.493333333334 
39195.30933333333 39223.686 9670.442666666666 9698.819333333333 10735.922666666667 10764.299333333332 
39265.189333333336 39293.759333333335 9863.059333333333 9891.629333333334 11153.516 11182.086 
38948.066 38976.022666666664 9585.776 9613.732666666667 10127.272666666666 10155.229333333333 
39126.986 39155.296 10015.686 10043.996 10953.466 10981.776 
38919.16733333333 38947.72066666667 10016.757333333333 10045.310666666666 10836.974 10865.527333333333 
39380.41133333333 39408.778 9792.364666666666 9820.731333333333 10675.011333333334 10703.378 
39232.469333333334 39260.696 10013.582666666667 10041.809333333333 11158.482666666667 11186.709333333334 
38985.854 39014.224 9749.677333333333 9778.047333333334 10525.107333333333 10553.477333333334 
39324.25133333333 39352.50133333333 9863.131333333333 9891.381333333333 10792.931333333334 10821.181333333334 
