43083.89723076923 43112.43569230769 10596.903384615385 10625.441846153846 12003.666461538462 12032.204923076923 
42625.49107692308 42653.703384615386 10854.992615384615 10883.204923076923 12097.37723076923 12125.589538461538 
42836.70953846154 42864.518769230766 10735.623384615385 10763.432615384616 11807.888 11835.69723076923 
42293.697846153846 42321.944 10610.590153846153 10638.836307692307 11832.642461538462 11860.888615384616 
43053.310153846156 43081.728615384614 10602.897846153846 10631.316307692308 11820.784 11849.202461538462 
42801.28492307692 42829.95569230769 10832.946461538462 10861.61723076923 11609.226461538461 11637.897230769231 
43204.81723076923 43233.512615384614 10889.601846153846 10918.29723076923 11819.380307692307 11848.075692307691 
42850.544 42879.048615384614 10863.759384615385 10892.264 11736.897846153846 11765.402461538462 
42426.77476923077 42455.196307692306 10738.497846153847 10766.919384615385 11758.950153846154 11787.371692307692 
42781.368 42810.081846153844 10687.832615384616 10716.54646153846 11598.62646153846 11627.340307692308 
42390.32369230769 42418.47446153846 10669.099076923078 10697.249846153845 11318.209846153846 11346.360615384616 
42930.56123076923 42959.28123076923 10709.773538461539 10738.493538461538 11384.92123076923 11413.64123076923 
42965.125538461536 42993.448615384616 10946.027076923077 10974.350153846153 11542.500923076923 11570.824 
42567.265846153845 42595.518153846155 10554.490461538462 10582.74276923077 11908.272 11936.524307692307 
42651.698461538464 42680.10769230769 10884.766153846154 10913.175384615384 11973.473846153845 12001.883076923077 
42444.45907692308 42472.692923076924 10652.262153846154 10680.496 11952.751384615385 11980.98523076923 
42579.336 42607.302153846154 10710.717538461538 10738.683692307692 11662.754461538461 11690.720615384615 
43174.67569230769 43203.164923076925 10837.924923076924 10866.414153846154 12311.423384615384 12339.912615384615 
42488.55076923077 42517.04923076923 10522.403076923078 10550.901538461538 11814.972307692307 11843.47076923077 
43018.43261538461 43046.71876923077 10569.808 10598.094153846154 11780.368 11808.654153846153 
43658.83446153846 43687.382153846156 10660.840615384615 10689.388307692308 12154.043692307692 12182.591384615385 
42728.72676923077 42756.979076923075 10488.292923076922 10516.54523076923 12120.36676923077 12148.619076923076 
42168.04307692307 42196.11692307692 10331.781538461539 10359.855384615385 11223.572307692308 11251.646153846154 
42362.24123076923 42390.152 10755.770461538461 10783.68123076923 11760.102769230769 11788.013538461539 
43089.656 43118.60676923077 10515.283692307692 10544.23446153846 12096.360615384616 12125.311384615385 
42329.343384615386 42357.694153846154 10688.783384615384 10717.134153846155 11249.229538461539 11277.580307692308 
43004.156307692305 43032.31630769231 10467.731692307692 10495.891692307692 11396.116307692308 11424.276307692307 
42923.22092307692 42951.984 10632.747076923077 10661.510153846153 11584.307076923076 11613.070153846154 
42603.53107692308 42631.61415384615 10666.084923076924 10694.168 11654.43876923077 11682.521846153846 
42648.03692307692 42676.13538461539 10383.107692307693 10411.206153846153 11480.427692307692 11508.526153846155 
42816.75630769231 42844.52861538462 10781.894769230768 10809.667076923077 11902.679384615385 11930.451692307692 
42407.731076923075 42435.691076923074 10538.23876923077 10566.198769230768 11553.408 11581.368 
42448.248 42476.838769230766 10721.844923076924 10750.435692307692 11745.291076923077 11773.881846153847 
42508.93723076923 42537.158769230766 10954.924923076924 10983.146461538461 11448.884923076923 11477.106461538462 
43351.84553846154 43380.43630769231 10928.100923076923 10956.691692307691 11904.83323076923 11933.424 
43154.75753846154 43183.049846153845 10683.960615384616 10712.252923076923 12004.169846153845 12032.462153846154 
42894.53661538462 42922.985846153846 10816.724307692308 10845.173538461539 11844.90276923077 11873.352 
42743.048615384614 42771.60553846154 10826.491692307693 10855.048615384616 12230.37476923077 12258.931692307693 
42437.22092307692 42465.56246153846 10773.648615384616 10801.990153846154 12025.673230769231 12054.01476923077 
42854.28184615385 42883.011076923074 10709.241846153845 10737.971076923077 12327.472615384615 12356.201846153846 
42567.552615384615 42595.57415384615 10414.023384615384 10442.044923076923 11756.232615384615 11784.254153846154 
42808.40369230769 42837.120615384614 10945.597538461538 10974.31446153846 11743.668307692307 11772.38523076923 
42926.74461538462 42954.99384615385 10934.766153846154 10963.015384615384 11723.516923076922 11751.766153846154 
43116.99138461539 43145.816 10856.200615384616 10885.02523076923 12027.271384615384 12056.096 
42273.04061538461 42300.96369230769 11110.477538461539 11138.400615384615 11593.185230769232 11621.108307692308 
42820.872615384615 42849.05723076923 10643.294153846155 10671.47876923077 11461.786461538462 11489.971076923077 
42428.131692307696 42456.19323076923 10651.704 10679.76553846154 11580.257846153847 11608.319384615384 
43027.81907692308 43055.96369230769 10606.791384615384 10634.936 11708.47446153846 11736.619076923076 
43324.63692307692 43353.015384615384 10740.129230769231 10768.507692307692 11419.870769230769 11448.24923076923 
43341.66646153846 43369.869538461535 10740.023384615384 10768.226461538461 11743.688 11771.891076923077 
