34024.04108527132 34052.262015503875 7907.9054263565895 7936.126356589148 8670.723255813953 8698.944186046512 
33731.926356589145 33760.62790697674 8347.06976744186 8375.771317829458 9139.321705426357 9168.023255813954 
33884.16279069767 33912.38759689922 8191.46511627907 8219.68992248062 8723.426356589147 8751.651162790698 
33665.17054263566 33693.79069767442 8303.852713178294 8332.472868217053 8938.0 8966.62015503876 
32716.866666666665 32744.653488372092 8086.583720930233 8114.370542635659 8869.626356589148 8897.413178294573 
33544.63953488372 33572.79457364341 8419.635658914729 8447.790697674418 9333.337209302326 9361.492248062015 
33252.01705426357 33280.106201550385 7942.067441860465 7970.1565891472865 9053.993798449612 9082.082945736434 
34263.60232558139 34292.45891472868 8329.48992248062 8358.346511627908 8692.268992248062 8721.125581395348 
33759.163565891475 33787.43488372093 8109.210077519379 8137.481395348837 9312.36511627907 9340.636434108526 
33642.93410852713 33671.68992248062 8254.833333333334 8283.589147286822 8591.89534883721 8620.651162790698 
33965.10232558139 33993.34263565891 8296.571317829457 8324.811627906976 9027.784496124032 9056.02480620155 
33289.37519379845 33317.46434108527 7993.886821705426 8021.975968992248 8797.731782945737 8825.820930232558 
33714.88372093023 33743.426356589145 8441.937984496124 8470.480620155038 9023.286821705426 9051.829457364342 
33366.653488372096 33394.75813953488 8027.075968992248 8055.180620155039 9255.878294573644 9283.982945736434 
32951.40310077519 32979.27906976744 8345.166666666666 8373.042635658914 8697.581395348838 8725.457364341086 
33130.375968992244 33158.166666666664 8310.542635658914 8338.333333333334 8689.507751937985 8717.298449612403 
33975.87054263566 34004.19224806201 8060.928682170543 8089.2503875969 8908.785271317829 8937.106976744186 
33038.76356589147 33067.02713178295 8024.527131782946 8052.790697674419 8830.019379844962 8858.282945736433 
33267.21472868217 33295.544186046514 8086.753488372093 8115.082945736434 8767.237984496123 8795.567441860465 
33442.1503875969 33470.56899224806 8039.696899224806 8068.115503875969 8675.212403100775 8703.631007751937 
33234.01395348837 33262.28139534884 8286.21937984496 8314.486821705426 9424.293023255814 9452.56046511628 
33598.478294573644 33626.31550387597 8083.26511627907 8111.102325581395 9057.52480620155 9085.362015503875 
33520.56046511628 33548.75813953488 8157.824031007752 8186.021705426357 8592.754263565892 8620.951937984497 
33447.597674418605 33476.10542635659 8084.965891472868 8113.473643410853 9517.155813953488 9545.663565891473 
33324.86046511628 33353.30620155039 8166.883720930233 8195.329457364342 9246.968992248061 9275.41472868217 
33119.02713178295 33147.01550387597 8272.267441860466 8300.255813953489 8696.903100775195 8724.891472868218 
33203.104651162794 33231.40697674418 8332.662790697674 8360.96511627907 9427.81007751938 9456.112403100775 
33657.016279069765 33685.62480620155 8101.8883720930235 8130.496899224806 9051.760465116278 9080.368992248063 
32598.772093023257 32626.55891472868 7993.198449612403 8020.98527131783 8630.671317829458 8658.458139534883 
33087.82558139535 33115.92248062015 8361.875968992248 8389.972868217053 8784.321705426357 8812.418604651162 
34332.23720930232 34360.822480620154 8175.837984496124 8204.423255813954 9062.981395348837 9091.566666666668 
33862.858914728684 33891.486821705425 8153.692248062015 8182.320155038759 8958.386046511629 8987.013953488373 
33980.62015503876 34009.666666666664 8127.906976744186 8156.953488372093 8907.68992248062 8936.736434108527 
34097.696124031005 34126.44418604651 8160.661240310077 8189.409302325582 8615.66511627907 8644.413178294573 
33174.941860465115 33202.98062015504 8142.96511627907 8171.003875968992 8759.251937984496 8787.290697674418 
33748.32325581396 33776.54806201551 8364.571317829457 8392.796124031007 8884.323255813953 8912.548062015503 
33416.357364341085 33444.566666666666 7947.241085271317 7975.450387596899 9024.504651162792 9052.713953488372 
33849.84031007752 33878.66976744186 8047.786046511628 8076.615503875969 8817.762790697674 8846.592248062016 
33679.98992248062 33708.33488372093 8232.346511627908 8260.691472868217 9364.873643410852 9393.218604651163 
33444.179069767444 33472.30310077519 8127.764341085272 8155.8883720930235 8990.60542635659 9018.729457364341 
33566.455813953486 33594.54108527132 8045.486821705426 8073.572093023256 8810.432558139535 8838.517829457365 
33483.24728682171 33511.526356589144 8073.731782945736 8102.010852713178 8912.611627906977 8940.890697674418 
33792.796899224806 33821.455813953486 8303.021705426356 8331.680620155039 9573.548837209302 9602.207751937984 
33456.410852713176 33484.67054263566 8241.279069767443 8269.538759689922 8825.945736434109 8854.20542635659 
32737.166666666668 32765.131782945737 8173.341085271318 8201.306201550387 8993.864341085271 9021.829457364342 
33324.01085271318 33351.6503875969 8015.328682170542 8042.968217054264 8991.762790697674 9019.402325581395 
33016.66976744186 33044.662015503876 8066.518604651163 8094.510852713178 8867.54573643411 8895.537984496124 
33290.999224806204 33319.8984496124 8126.797674418604 8155.696899224806 8899.053488372094 8927.952713178294 
33737.62635658915 33766.327906976745 8264.61472868217 8293.316279069768 9193.238759689923 9221.94031007752 
33266.687596899224 33294.86201550387 8261.152713178295 8289.327131782946 9207.842635658915 9236.017054263566 
