27122.994285714285 27151.394285714287 6292.818095238095 6321.218095238095 6395.546666666667 6423.946666666667 
26972.378095238095 27000.859047619047 6463.835238095238 6492.31619047619 6990.720952380952 7019.201904761905 
27169.52 27197.958095238097 6124.567619047619 6153.005714285714 7109.4628571428575 7137.900952380953 
26867.25904761905 26895.397142857142 6222.882857142858 6251.020952380953 6748.649523809524 6776.787619047619 
27193.729523809525 27221.829523809523 6175.34380952381 6203.443809523809 6661.567619047619 6689.667619047619 
26371.785714285714 26399.74761904762 6063.866666666667 6091.828571428571 6937.738095238095 6965.7 
27223.152380952382 27251.833333333332 6436.061904761905 6464.742857142857 7164.285714285715 7192.966666666666 
26850.286666666667 26878.505714285715 6343.886666666666 6372.105714285714 6950.734285714286 6978.953333333333 
26974.62761904762 27003.389523809525 6295.965714285714 6324.727619047619 7074.046666666667 7102.808571428572 
26554.338095238094 26582.609523809522 6419.542857142857 6447.814285714286 6801.557142857143 6829.828571428571 
26498.389523809525 26525.613333333335 6141.789523809523 6169.013333333333 6820.065714285714 6847.289523809523 
27247.713333333333 27276.660952380953 6417.446666666667 6446.394285714286 7024.6180952380955 7053.565714285714 
27329.01142857143 27358.135238095238 6257.754285714285 6286.878095238095 7183.925714285714 7213.049523809524 
27083.10380952381 27111.418095238096 6339.051428571429 6367.365714285715 7408.932380952381 7437.246666666667 
26787.98761904762 26816.282857142858 6327.706666666667 6356.001904761904 6781.797142857143 6810.092380952381 
26688.371428571427 26716.342857142856 6171.433333333333 6199.4047619047615 7000.142857142857 7028.114285714286 
26935.34 26963.778095238096 6409.216190476191 6437.654285714286 7197.063809523809 7225.501904761904 
26892.77142857143 26920.890476190478 6323.214285714285 6351.333333333333 6635.476190476191 6663.5952380952385 
26752.705714285716 26780.667619047617 6264.891428571428 6292.8533333333335 6814.277142857143 6842.239047619048 
27084.317142857144 27112.86 6529.555238095238 6558.098095238095 6875.231428571428 6903.774285714286 
26677.876190476192 26706.32857142857 6304.857142857143 6333.309523809524 7277.104761904762 7305.557142857143 
26776.997142857144 26804.806666666667 6286.987619047619 6314.797142857143 6819.130476190476 6846.94 
27208.29619047619 27236.762857142858 6333.624761904762 6362.091428571429 7398.934285714286 7427.400952380953 
26520.04761904762 26547.54761904762 6265.5952380952385 6293.0952380952385 6736.838095238095 6764.338095238095 
27270.874285714286 27299.01714285714 6303.898095238095 6332.040952380952 6962.68380952381 6990.826666666667 
27501.15619047619 27529.95142857143 6251.45619047619 6280.251428571429 7187.032380952381 7215.827619047619 
27148.140952380953 27176.33619047619 6444.631428571429 6472.826666666667 7010.664761904762 7038.86 
26785.88380952381 26814.798095238097 6532.407619047619 6561.321904761905 7280.407619047619 7309.321904761905 
27362.4 27390.80476190476 6312.823809523809 6341.228571428572 6765.171428571429 6793.57619047619 
26668.95238095238 26697.342857142856 6324.119047619048 6352.509523809524 7377.428571428572 7405.8190476190475 
26693.405714285713 26721.529523809524 6429.967619047619 6458.091428571429 6942.081904761905 6970.205714285714 
25899.898095238095 25927.274285714284 6149.6409523809525 6177.017142857143 6600.050476190476 6627.426666666666 
26192.210476190477 26220.24380952381 6245.310476190476 6273.34380952381 6812.6866666666665 6840.72 
26771.861904761903 26800.285714285714 6265.919047619048 6294.342857142857 7186.585714285714 7215.009523809524 
26704.558095238095 26732.434285714287 6461.767619047619 6489.64380952381 6759.529523809524 6787.405714285715 
27126.76 27154.85523809524 6252.555238095238 6280.650476190476 6782.045714285714 6810.1409523809525 
26973.701904761903 27002.09238095238 6403.806666666666 6432.197142857143 7125.797142857143 7154.187619047619 
26875.198095238095 26902.969523809523 6214.0028571428575 6241.774285714286 6790.321904761905 6818.093333333333 
27083.398095238095 27112.045714285716 6333.23619047619 6361.88380952381 7179.179047619047 7207.826666666667 
27027.540952380954 27055.77904761905 6380.5028571428575 6408.740952380952 7057.426666666666 7085.664761904762 
26951.865714285716 26980.22761904762 6350.784761904762 6379.1466666666665 7325.141904761905 7353.50380952381 
27348.826666666668 27377.44095238095 6159.055238095238 6187.6695238095235 7158.712380952381 7187.326666666667 
27157.945714285714 27186.33142857143 6319.917142857143 6348.302857142857 6963.298095238095 6991.68380952381 
26863.54 26891.649523809523 6370.625714285714 6398.735238095238 6925.654285714286 6953.76380952381 
26030.169523809524 26057.840952380953 6241.402857142857 6269.074285714286 6729.626666666667 6757.298095238095 
26558.317142857144 26586.698095238095 6317.650476190476 6346.0314285714285 6713.136190476191 6741.517142857143 
27188.58761904762 27216.859047619047 6287.259047619048 6315.530476190476 7017.6638095238095 7045.935238095238 
27153.773333333334 27182.054285714286 6191.311428571428 6219.592380952381 6782.411428571429 6810.6923809523805 
27236.52380952381 27265.361904761903 6543.009523809524 6571.847619047619 7228.92380952381 7257.761904761905 
27107.115238095237 27135.581904761904 6321.300952380952 6349.767619047619 7204.067619047619 7232.534285714286 
