52028.693908629444 52057.1228426396 13584.683756345177 13613.11269035533 14830.358883248731 14858.787817258883 
51840.503553299495 51868.9730964467 13331.006091370558 13359.475634517767 14079.24467005076 14107.714213197969 
51619.037055837565 51647.33654822335 13336.587817258884 13364.88730964467 14383.36192893401 14411.661421319797 
52303.41776649746 52331.55228426396 13272.935532994923 13301.070050761422 14308.351776649746 14336.486294416243 
52371.9883248731 52400.305583756344 13470.067005076142 13498.384263959391 14652.409644670051 14680.726903553299 
52275.94416243655 52304.28426395939 13706.510152284263 13734.850253807106 14673.51269035533 14701.852791878173 
52599.755329949236 52628.379695431475 13188.91269035533 13217.537055837563 14522.516751269035 14551.141116751269 
51917.418274111675 51945.51725888325 13077.169543147209 13105.26852791878 14932.052791878172 14960.151776649745 
51660.52893401015 51688.70152284264 13497.4730964467 13525.645685279187 14340.889340101523 14369.06192893401 
52487.65126903553 52516.29847715736 13460.110659898477 13488.757868020304 14515.87461928934 14544.521827411167 
51427.783248730964 51455.750253807106 13118.91269035533 13146.879695431471 14225.519289340102 14253.486294416243 
52701.130964467004 52729.80355329949 13547.65888324873 13576.331472081218 14482.303553299493 14510.97614213198 
53273.42893401015 53302.48223350254 13167.860406091371 13196.913705583756 15024.662436548224 15053.715736040609 
51893.137055837564 51921.03807106599 13125.406091370558 13153.307106598984 14063.908629441625 14091.809644670051 
52515.34263959391 52543.32487309645 13312.649746192894 13340.631979695432 14182.44923857868 14210.431472081218 
52711.8654822335 52740.34771573604 13337.345177664974 13365.827411167513 14498.06345177665 14526.545685279189 
53222.67512690355 53251.401015228425 13406.76649746193 13435.492385786802 14904.964467005077 14933.690355329949 
52192.24263959391 52220.232487309644 13457.745177664974 13485.73502538071 14370.506598984772 14398.496446700508 
52749.90050761421 52778.339593908626 13593.537563451777 13621.976649746193 15179.108629441624 15207.54771573604 
52270.79796954315 52299.37664974619 13335.58730964467 13364.165989847716 14591.2192893401 14619.797969543148 
51754.40355329949 51782.70812182741 13418.832487309644 13447.137055837564 15181.378172588833 15209.68274111675 
51667.553299492385 51695.75888324873 13438.637055837564 13466.842639593908 15486.065989847715 15514.27157360406 
51868.09492385787 51896.620304568525 13271.683756345177 13300.209137055837 14153.526395939087 14182.051776649747 
52043.963451776646 52072.283248730964 13527.948223350253 13556.26802030457 14778.308629441624 14806.628426395939 
52493.60050761421 52521.76294416244 13495.955837563451 13524.118274111675 14475.6461928934 14503.808629441624 
51815.69644670051 51844.04670050761 13032.76497461929 13061.115228426395 14223.44771573604 14251.797969543148 
51886.53147208122 51914.39695431472 13220.008629441625 13247.874111675126 14649.414720812183 14677.280203045686 
52287.5152284264 52315.71319796954 13280.718274111676 13308.916243654823 14525.784263959391 14553.982233502538 
51932.44365482234 51960.64416243655 13487.971573604062 13516.172081218274 14944.804060913706 14973.004568527918 
52401.60203045685 52430.340609137056 13392.78730964467 13421.525888324873 14440.95228426396 14469.690862944162 
52135.86091370558 52164.289847715736 13594.393908629441 13622.822842639594 15099.165482233502 15127.594416243655 
52504.42233502538 52532.861421319794 13740.221827411167 13768.660913705584 14749.605076142132 14778.044162436549 
51832.05989847716 51859.991370558375 13348.864467005076 13376.795939086294 14280.181725888326 14308.113197969544 
52208.401522842636 52237.030964467005 13547.094416243655 13575.72385786802 14782.437055837563 14811.066497461929 
51752.11370558375 51780.0730964467 13463.002030456853 13490.961421319797 14527.930964467005 14555.89035532995 
52234.536548223354 52263.08984771574 13592.846192893401 13621.399492385786 14748.846192893401 14777.399492385786 
52579.29086294416 52607.94314720812 13568.534517766497 13597.186802030457 14653.341624365483 14681.993908629442 
52466.75837563452 52495.16192893401 13268.16192893401 13296.565482233502 14611.580710659899 14639.984263959392 
52134.59695431472 52162.75177664975 13257.434517766498 13285.589340101524 14444.267005076143 14472.421827411168 
53246.72994923858 53275.199492385786 13063.93807106599 13092.407614213198 14597.45076142132 14625.920304568528 
52102.25939086294 52130.60710659898 13142.774619289341 13171.12233502538 14729.73147208122 14758.079187817259 
52567.47766497462 52595.89390862944 13641.391370558376 13669.807614213198 14629.751776649746 14658.168020304569 
52394.70659898477 52423.26497461929 13062.026395939087 13090.584771573604 14676.620304568529 14705.178680203046 
52697.72944162437 52726.143147208124 13320.132994923857 13348.546700507613 14739.155837563452 14767.569543147209 
51475.227411167514 51503.11065989848 13161.465989847717 13189.34923857868 14861.587817258884 14889.471065989848 
52178.93299492386 52207.07766497462 13307.105583756345 13335.250253807106 14339.166497461929 14367.311167512691 
51701.07817258883 51728.78883248731 13230.045177664975 13257.755837563453 13941.595939086294 13969.306598984771 
52314.50152284264 52342.79086294416 13381.006598984772 13409.295939086294 14426.618274111675 14454.907614213198 
51200.6116751269 51228.756345177666 13266.553299492385 13294.697969543147 14599.718274111676 14627.862944162436 
52279.300507614214 52308.064467005075 13269.518781725888 13298.282741116751 14754.077157360407 14782.84111675127 
