16834.765925925927 16863.46222222222 3412.988148148148 3441.6844444444446 4111.173333333333 4139.869629629629 
16352.668148148148 16380.17925925926 3565.868148148148 3593.3792592592595 4155.327407407407 4182.838518518519 
16815.543703703705 16844.173333333332 3499.7140740740742 3528.343703703704 4047.9066666666668 4076.5362962962963 
16804.64888888889 16833.093333333334 3461.7674074074075 3490.211851851852 3902.3155555555554 3930.76 
16704.49037037037 16732.705185185187 3239.5496296296296 3267.7644444444445 3764.645925925926 3792.8607407407408 
17016.998518518518 17045.554074074073 3402.4503703703704 3431.005925925926 3857.242962962963 3885.7985185185184 
16910.336296296296 16938.795555555556 3504.5955555555556 3533.054814814815 4052.699259259259 4081.1585185185186 
17258.282962962963 17287.105185185184 3443.868148148148 3472.69037037037 3824.5866666666666 3853.4088888888887 
16032.16 16059.96 3388.2414814814815 3416.0414814814817 3620.2266666666665 3648.0266666666666 
16862.035555555554 16890.391111111112 3397.257777777778 3425.6133333333332 3717.731851851852 3746.087407407407 
16276.191111111111 16304.131851851851 3472.3688888888887 3500.30962962963 3905.842962962963 3933.783703703704 
16752.306666666667 16780.69185185185 3577.86962962963 3606.254814814815 4064.2103703703706 4092.5955555555556 
16891.585185185184 16919.977777777778 3466.1111111111113 3494.5037037037036 3913.0592592592593 3941.4518518518516 
17206.602962962963 17235.75851851852 3411.4103703703704 3440.565925925926 3981.114074074074 4010.2696296296294 
16304.748148148148 16332.192592592593 3468.296296296296 3495.740740740741 3799.4666666666667 3826.911111111111 
16921.47111111111 16950.13037037037 3620.7674074074075 3649.4266666666667 4089.685925925926 4118.345185185185 
16533.296296296296 16561.444444444445 3283.17037037037 3311.3185185185184 3844.074074074074 3872.222222222222 
16592.18666666667 16619.994074074075 3437.4385185185183 3465.245925925926 3870.342222222222 3898.1496296296295 
16353.268148148149 16380.897777777778 3441.1644444444446 3468.794074074074 3850.4903703703703 3878.12 
16773.825185185186 16802.26962962963 3683.114074074074 3711.5585185185187 3929.254814814815 3957.699259259259 
16249.345185185186 16276.76 3598.9525925925927 3626.3674074074074 3994.034074074074 4021.448888888889 
16708.745185185184 16737.33777777778 3357.922962962963 3386.5155555555557 3907.774814814815 3936.3674074074074 
16506.002962962964 16534.173333333332 3450.0992592592593 3478.2696296296294 3751.7585185185185 3779.928888888889 
16578.98222222222 16607.382222222222 3423.0266666666666 3451.4266666666667 4119.537777777778 4147.937777777778 
16559.962962962964 16587.785185185185 3341.6222222222223 3369.4444444444443 3588.607407407407 3616.4296296296297 
17041.668148148146 17071.105185185184 3428.179259259259 3457.6162962962962 3967.4088888888887 3996.8459259259257 
16691.902222222223 16720.346666666668 3435.2725925925924 3463.7170370370372 3692.294814814815 3720.739259259259 
16404.496296296296 16432.140740740742 3451.659259259259 3479.303703703704 3784.637037037037 3812.2814814814815 
16830.318518518518 16859.11111111111 3499.185185185185 3527.9777777777776 3817.2444444444445 3846.037037037037 
17034.197037037036 17062.96 3377.5007407407406 3406.263703703704 3691.8933333333334 3720.656296296296 
17005.562962962962 17033.903703703705 3606.866666666667 3635.2074074074076 3670.133333333333 3698.474074074074 
16702.737777777777 16730.893333333333 3410.611851851852 3438.7674074074075 3809.7525925925925 3837.908148148148 
16708.847407407407 16736.773333333334 3423.0474074074073 3450.9733333333334 3765.002962962963 3792.928888888889 
16842.204444444444 16871.019259259258 3512.9822222222224 3541.797037037037 3698.211851851852 3727.0266666666666 
17378.386666666665 17407.17925925926 3567.794074074074 3596.5866666666666 4225.712592592593 4254.505185185185 
16678.09925925926 16706.625185185185 3456.054814814815 3484.5807407407406 4055.1585185185186 4083.6844444444446 
16386.475555555557 16414.49777777778 3211.3274074074075 3239.34962962963 3900.0533333333333 3928.0755555555556 
16853.63703703704 16882.014814814815 3420.8962962962964 3449.274074074074 3611.733333333333 3640.1111111111113 
16745.85185185185 16774.6 3581.088888888889 3609.837037037037 4001.8888888888887 4030.637037037037 
16728.623703703703 16756.786666666667 3544.4533333333334 3572.6162962962962 3905.0903703703702 3933.2533333333336 
17283.265185185184 17312.324444444443 3465.605925925926 3494.6651851851852 4081.08 4110.139259259259 
16740.134814814814 16768.46814814815 3424.771851851852 3453.1051851851853 3723.5496296296296 3751.882962962963 
16908.515555555554 16937.204444444444 3563.9822222222224 3592.6711111111113 4055.16 4083.8488888888887 
16742.786666666667 16771.157037037035 3495.831111111111 3524.2014814814816 3905.031111111111 3933.4014814814814 
16547.383703703705 16575.257777777777 3519.1985185185185 3547.0725925925926 3892.768888888889 3920.642962962963 
16562.955555555556 16591.71851851852 3371.5037037037036 3400.266666666667 3736.3703703703704 3765.133333333333 
17293.906666666666 17323.447407407406 3669.04 3698.5807407407406 4116.743703703703 4146.2844444444445 
16708.792592592592 16737.074074074073 3373.2074074074076 3401.488888888889 3731.703703703704 3759.9851851851854 
16727.102222222224 16755.894814814816 3527.30962962963 3556.1022222222223 4055.0651851851853 4083.8577777777778 
16521.89185185185 16549.914074074073 3451.8103703703705 3479.8325925925924 3666.491851851852 3694.514074074074 
