9845.77619047619 9874.55 1494.192857142857 1522.9666666666667 1692.395238095238 1721.1690476190477 
9743.52380952381 9771.666666666666 1563.3690476190477 1591.5119047619048 1848.1904761904761 1876.3333333333333 
9665.645238095238 9694.169047619047 1502.2047619047619 1530.7285714285715 1749.9309523809525 1778.4547619047619 
9695.433333333332 9724.028571428571 1585.2785714285715 1613.8738095238095 1895.3857142857144 1923.9809523809524 
9678.47619047619 9705.952380952382 1412.107142857143 1439.5833333333333 1691.904761904762 1719.3809523809523 
9738.752380952381 9767.514285714286 1545.0142857142857 1573.7761904761905 1817.3714285714286 1846.1333333333334 
10157.545238095237 10186.90238095238 1717.5690476190475 1746.9261904761904 1965.902380952381 1995.259523809524 
9377.930952380952 9405.59761904762 1332.6809523809525 1360.347619047619 1774.3833333333334 1802.05 
10006.735714285714 10036.057142857142 1605.259523809524 1634.5809523809523 1936.807142857143 1966.1285714285714 
9885.138095238095 9913.852380952381 1449.6857142857143 1478.4 1920.4476190476191 1949.1619047619047 
9714.092857142858 9742.67619047619 1524.3904761904762 1552.9738095238095 1791.6166666666666 1820.2 
9864.664285714285 9892.67619047619 1457.3904761904762 1485.402380952381 1692.1166666666666 1720.1285714285714 
9651.038095238095 9679.061904761904 1601.8357142857142 1629.8595238095238 1671.9190476190477 1699.942857142857 
9763.016666666666 9791.219047619048 1558.7428571428572 1586.945238095238 1911.4214285714286 1939.6238095238095 
9360.983333333334 9388.328571428572 1515.7571428571428 1543.102380952381 1642.2928571428572 1669.6380952380953 
9380.55238095238 9408.492857142857 1655.4571428571428 1683.397619047619 1788.4571428571428 1816.397619047619 
9867.314285714287 9895.85 1487.7309523809524 1516.2666666666667 1636.5285714285715 1665.0642857142857 
9961.530952380952 9990.519047619047 1497.4595238095237 1526.4476190476191 2106.054761904762 2135.042857142857 
9696.271428571428 9724.72380952381 1524.7833333333333 1553.2357142857143 1877.1761904761904 1905.6285714285714 
9547.638095238095 9575.12619047619 1688.2095238095237 1715.6976190476191 1885.9 1913.3880952380953 
9577.740476190476 9606.240476190476 1481.6095238095238 1510.1095238095238 1725.4785714285715 1753.9785714285715 
9792.62380952381 9820.492857142857 1446.7071428571428 1474.5761904761905 1732.4809523809524 1760.35 
9402.378571428571 9430.640476190476 1616.104761904762 1644.3666666666666 1782.259523809524 1810.5214285714285 
9738.230952380953 9766.004761904762 1613.5166666666667 1641.2904761904763 1899.8023809523809 1927.5761904761905 
9664.102380952381 9692.352380952381 1620.304761904762 1648.554761904762 1859.7214285714285 1887.9714285714285 
9545.035714285714 9572.869047619048 1614.75 1642.5833333333333 1795.392857142857 1823.2261904761904 
9712.07142857143 9740.42857142857 1611.452380952381 1639.8095238095239 1683.6666666666667 1712.0238095238096 
10078.609523809524 10107.359523809524 1663.2285714285715 1691.9785714285715 1657.4666666666667 1686.2166666666667 
9634.6 9662.897619047619 1601.2428571428572 1629.5404761904763 1659.5285714285715 1687.8261904761905 
9707.357142857143 9735.690476190477 1538.4642857142858 1566.797619047619 2008.2857142857142 2036.6190476190477 
9925.87380952381 9953.87380952381 1565.2547619047618 1593.2547619047618 1992.1595238095238 2020.1595238095238 
9764.340476190477 9792.852380952381 1410.9238095238095 1439.4357142857143 1656.3166666666666 1684.8285714285714 
9726.704761904763 9754.55 1659.8357142857142 1687.6809523809525 1666.0857142857142 1693.9309523809525 
9832.07380952381 9861.133333333333 1595.9785714285715 1625.0380952380951 2093.0261904761905 2122.0857142857144 
9804.269047619047 9832.042857142857 1460.0666666666666 1487.8404761904762 2031.9833333333333 2059.7571428571428 
9931.645238095238 9960.383333333333 1493.8714285714286 1522.6095238095238 1802.502380952381 1831.240476190476 
9597.878571428571 9625.985714285714 1597.1285714285714 1625.2357142857143 1773.0452380952381 1801.152380952381 
9494.752380952381 9522.585714285715 1512.240476190476 1540.0738095238096 1790.6571428571428 1818.490476190476 
9314.207142857143 9341.35 1481.1833333333334 1508.3261904761905 1654.7547619047618 1681.897619047619 
9660.640476190476 9689.47380952381 1342.854761904762 1371.6880952380952 1611.1642857142858 1639.997619047619 
9569.590476190477 9597.37619047619 1520.0309523809524 1547.8166666666666 1830.7095238095237 1858.4952380952382 
10173.864285714286 10202.840476190477 1437.9119047619047 1466.8880952380953 1929.7452380952382 1958.7214285714285 
9900.378571428571 9928.854761904762 1498.1404761904762 1526.6166666666666 1757.0690476190475 1785.5452380952381 
9871.838095238096 9900.230952380953 1560.3619047619047 1588.7547619047618 1729.7428571428572 1758.1357142857144 
9420.014285714286 9447.371428571429 1478.002380952381 1505.3595238095238 1894.3 1921.6571428571428 
9832.819047619048 9860.961904761905 1708.497619047619 1736.6404761904762 1898.4619047619049 1926.604761904762 
10033.278571428571 10061.933333333332 1527.397619047619 1556.0523809523809 1801.9928571428572 1830.647619047619 
9838.65 9867.280952380952 1386.7809523809524 1415.4119047619047 1549.3880952380953 1578.0190476190476 
10300.419047619047 10329.919047619047 1575.6571428571428 1605.1571428571428 1742.3238095238096 1771.8238095238096 
9536.938095238096 9564.783333333333 1424.902380952381 1452.747619047619 1837.2952380952381 1865.1404761904762 
