26093.225615763546 26121.693596059114 6063.614778325124 6092.08275862069 6385.457142857143 6413.92512315271 
26103.852216748768 26132.211822660098 5881.674876847291 5910.0344827586205 6751.896551724138 6780.256157635468 
26574.697536945812 26603.42660098522 6103.958620689656 6132.687684729064 7159.23448275862 7187.96354679803 
26228.896551724138 26257.20197044335 6050.453201970443 6078.758620689655 6648.448275862069 6676.753694581281 
26678.827586206895 26707.50246305419 6128.985221674877 6157.660098522168 6634.9605911330045 6663.635467980295 
25916.302463054188 25944.839408866996 5840.543842364532 5869.08078817734 6590.08078817734 6618.617733990148 
26351.225615763546 26379.875862068966 6116.9940886699505 6145.644334975369 6391.792118226601 6420.442364532019 
26137.047290640396 26165.677832512316 6217.264039408867 6245.894581280788 7192.687684729064 7221.318226600985 
26441.75763546798 26470.36354679803 5940.343842364532 5968.949753694581 6964.314285714286 6992.920197044335 
26359.28472906404 26387.417733990147 6053.673891625615 6081.806896551724 6444.67881773399 6472.811822660098 
25493.44236453202 25521.329064039408 5815.964532019704 5843.851231527094 6630.422660098522 6658.309359605912 
26231.53300492611 26259.42463054187 6083.434482758621 6111.326108374385 6524.0009852216745 6551.892610837438 
26075.995073891627 26104.029556650246 5855.6551724137935 5883.689655172414 6830.8078817733995 6858.84236453202 
25672.35960591133 25700.60591133005 5876.743842364532 5904.990147783251 6286.295566502463 6314.541871921182 
25991.019704433496 26019.34975369458 5918.6502463054185 5946.980295566503 6930.610837438424 6958.940886699507 
25730.248275862068 25758.63251231527 6099.494581280788 6127.87881773399 6821.72118226601 6850.105418719212 
26384.82266009852 26412.837438423645 6055.911330049261 6083.926108374384 6584.334975369458 6612.3497536945815 
25881.26305418719 25909.617733990148 6035.327093596059 6063.681773399015 6583.5931034482755 6611.947783251231 
25778.262068965516 25806.661083743842 5986.774384236453 6015.173399014779 6853.892610837438 6882.291625615763 
26771.48472906404 26800.80985221675 5873.573399014778 5902.8985221674875 6536.888669950739 6566.213793103449 
25765.07093596059 25793.208866995075 5962.233497536946 5990.371428571429 6628.149753694582 6656.287684729064 
25900.039408866996 25928.0 6017.64039408867 6045.600985221675 6210.546798029557 6238.507389162562 
25989.891625615764 26018.1921182266 5897.137931034483 5925.43842364532 6938.9605911330045 6967.261083743842 
26227.04236453202 26255.308374384236 5897.323152709359 5925.589162561576 6333.382266009852 6361.648275862069 
26094.77142857143 26122.904433497537 5991.7960591133005 6019.929064039409 6319.131034482759 6347.264039408867 
25860.816748768473 25889.29950738916 5894.141871921182 5922.624630541872 6569.343842364532 6597.826600985221 
26818.626600985222 26847.27684729064 6003.217733990148 6031.867980295567 6636.473891625616 6665.124137931034 
26384.67881773399 26413.457142857143 5941.964532019704 5970.742857142857 6648.289655172413 6677.0679802955665 
26023.51527093596 26051.68275862069 6004.229556650246 6032.397044334975 6746.938916256157 6775.106403940887 
26724.730049261085 26753.754679802954 6097.444334975369 6126.4689655172415 6911.956650246306 6940.981280788177 
25964.10147783251 25991.97339901478 5974.062068965517 6001.933990147783 6509.140886699507 6537.012807881773 
25960.54975369458 25988.56945812808 6016.416748768473 6044.436453201971 6296.2492610837435 6324.268965517242 
25973.725123152708 26002.271921182266 5902.626600985222 5931.173399014779 6641.217733990148 6669.764532019704 
26046.988177339903 26075.564532019704 6133.776354679803 6162.352709359606 6726.027586206897 6754.603940886699 
26229.120197044336 26257.258128078818 6079.031527093596 6107.169458128079 6705.430541871921 6733.568472906404 
25985.670935960592 26013.863054187193 6014.0009852216745 6042.193103448276 6708.335960591133 6736.528078817734 
26167.308374384236 26195.845320197044 6026.411822660099 6054.9487684729065 6995.855172413793 7024.392118226601 
26321.66699507389 26349.63251231527 5907.76551724138 5935.731034482758 6769.258128078818 6797.223645320197 
26086.743842364533 26115.477832512315 6022.300492610838 6051.0344827586205 6631.92118226601 6660.6551724137935 
25718.166502463053 25746.338916256158 6007.964532019704 6036.136945812808 6544.7625615763545 6572.934975369458 
26663.66699507389 26692.31724137931 6011.770443349754 6040.420689655172 6687.228571428572 6715.87881773399 
26445.050246305418 26473.464039408867 6036.375369458128 6064.789162561577 6874.828571428571 6903.24236453202 
25578.19802955665 25606.133990147784 6119.9960591133 6147.9320197044335 6520.360591133005 6548.296551724138 
25920.2078817734 25948.335960591132 6146.094581280789 6174.222660098522 6689.473891625616 6717.60197044335 
27037.94778325123 27066.73103448276 5993.0512315270935 6021.834482758621 6721.992118226601 6750.775369458128 
26046.306403940886 26074.178325123154 6148.9320197044335 6176.8039408867 6384.784236453202 6412.656157635468 
26433.457142857143 26462.02857142857 6112.9940886699505 6141.565517241379 6657.708374384237 6686.279802955665 
26081.577339901476 26110.079802955664 5901.296551724138 5929.799014778325 6773.523152709359 6802.025615763547 
25689.02660098522 25717.56354679803 6045.731034482758 6074.267980295566 7118.627586206897 7147.164532019704 
25984.88866995074 26013.66699507389 5888.760591133005 5917.538916256158 6748.607881773399 6777.386206896552 
