35423.64671532847 35451.70145985401 8887.50802919708 8915.562773722628 9513.690510948905 9541.745255474452 
35995.13868613139 36023.37226277372 8856.094890510949 8884.328467153284 9666.554744525547 9694.788321167884 
35128.62773722628 35156.70802919708 8774.693430656935 8802.773722627737 9774.43795620438 9802.518248175182 
35438.15693430657 35466.22627737226 8872.244525547445 8900.313868613139 9372.018248175182 9400.087591240876 
36052.34233576642 36080.71094890511 8725.816788321168 8754.185401459854 9525.9700729927 9554.338686131387 
35556.45693430657 35584.66861313869 8692.285401459854 8720.49708029197 9788.077372262775 9816.289051094891 
36105.13430656934 36133.57226277372 8699.338686131387 8727.776642335766 9485.849635036497 9514.287591240876 
35153.55182481752 35181.482481751824 8887.033576642336 8914.964233576642 9323.172262773722 9351.10291970803 
35553.727737226276 35582.08540145985 8737.709489051094 8766.067153284672 9863.713138686131 9892.070802919709 
35748.59124087591 35776.653284671534 8875.20802919708 8903.2700729927 10056.737226277372 10084.799270072992 
35481.92554744526 35510.261313868614 8676.750364963504 8705.08613138686 9308.239416058394 9336.575182481753 
36340.084671532844 36368.493430656934 8865.661313868613 8894.070072992701 9719.50802919708 9747.916788321168 
35571.73503649635 35600.023357664235 8797.771532846715 8826.059854014598 9476.172992700729 9504.461313868613 
35771.60145985401 35800.0102189781 8821.375182481752 8849.78394160584 9695.645255474452 9724.05401459854 
35866.4299270073 35894.77299270073 8828.827737226278 8857.170802919709 9966.429927007299 9994.77299270073 
35492.0905109489 35520.07226277372 8922.207299270072 8950.18905109489 9509.032116788321 9537.01386861314 
36137.40291970803 36165.88467153285 8977.96496350365 9006.446715328468 9462.658394160584 9491.140145985402 
35896.01897810219 35924.43138686132 9014.989781021897 9043.402189781022 9583.150364963503 9611.562773722628 
35942.8 35971.150364963505 8673.48613138686 8701.836496350365 9450.792700729928 9479.14306569343 
35677.153284671534 35705.33211678832 8945.890510948906 8974.069343065694 9611.07299270073 9639.251824817518 
35808.79854014599 35837.28759124088 8868.097810218978 8896.586861313868 9351.12700729927 9379.61605839416 
36460.17372262774 36489.053284671536 8677.903649635036 8706.783211678832 9517.918248175183 9546.797810218977 
35869.68759124087 35898.09635036496 8785.888321167884 8814.29708029197 9668.198540145986 9696.607299270074 
35691.27591240876 35719.18832116788 8724.418248175183 8752.330656934306 9294.385401459855 9322.297810218977 
35441.75109489051 35469.645255474454 9035.41897810219 9063.313138686131 9359.670802919709 9387.56496350365 
35471.75109489051 35499.871532846715 8844.17810218978 8872.298540145985 9676.40802919708 9704.528467153285 
36188.96715328467 36217.53284671533 8741.7299270073 8770.295620437957 9402.996350364963 9431.56204379562 
36009.86934306569 36038.49708029197 8574.796350364964 8603.42408759124 9751.613868613138 9780.241605839416 
35797.94744525547 35825.943795620435 8614.031386861314 8642.027737226277 9554.494890510949 9582.491240875912 
36070.97883211679 36099.37664233577 8671.734306569344 8700.132116788322 9368.314598540146 9396.712408759124 
36906.72846715328 36935.83795620438 8755.732116788322 8784.841605839416 9757.56788321168 9786.677372262773 
36094.01167883212 36122.39489051095 8676.964233576642 8705.347445255475 9580.829197080291 9609.212408759124 
36127.16204379562 36155.40656934307 8762.019708029196 8790.264233576643 9512.096350364964 9540.340875912409 
35398.32554744525 35426.672262773725 8761.420437956205 8789.76715328467 9392.31094890511 9420.657664233577 
34537.4897810219 34564.924087591244 8694.296350364964 8721.730656934307 9355.876642335767 9383.31094890511 
35938.49124087591 35966.74671532847 8758.54598540146 8786.801459854014 9289.476642335767 9317.732116788322 
35616.41313868613 35644.4605839416 8804.256204379562 8832.303649635036 9696.113868613138 9724.161313868613 
35706.788321167885 35735.11678832117 8729.540145985402 8757.868613138686 9633.61313868613 9661.941605839416 
35739.91386861314 35767.99781021898 8472.844525547445 8500.928467153284 9396.643795620437 9424.727737226278 
35747.42481751825 35775.75328467153 8799.3700729927 8827.698540145986 9390.461313868613 9418.789781021898 
36130.03284671533 36158.32116788321 8901.88686131387 8930.175182481751 9803.529197080292 9831.817518248175 
35510.73503649635 35538.66569343066 8547.523357664233 8575.45401459854 9353.391970802919 9381.322627737227 
36229.79708029197 36258.194890510946 8873.508759124088 8901.906569343066 9300.534306569343 9328.93211678832 
35197.31313868613 35225.25474452555 8818.108759124088 8846.050364963503 9552.342335766423 9580.28394160584 
36047.75620437956 36075.971532846714 8649.223357664234 8677.438686131387 9410.018978102189 9438.234306569344 
35441.97445255474 35470.062043795624 8775.773722627737 8803.861313868612 9884.003649635037 9912.091240875912 
35430.937956204376 35459.277372262775 8760.116788321167 8788.456204379561 9976.324817518249 10004.664233576643 
35965.6102189781 35993.85839416058 8908.504379562044 8936.752554744526 9506.960583941605 9535.208759124087 
35497.88102189781 35525.66569343066 8730.567153284672 8758.351824817519 9487.961313868613 9515.74598540146 
35343.128467153285 35370.92773722628 8877.840145985401 8905.639416058395 9743.661313868613 9771.460583941605 
