44807.2005882353 44835.42705882353 11204.350588235295 11232.57705882353 12480.188823529412 12508.415294117647 
44795.54294117647 44824.08117647059 11282.566470588235 11311.104705882353 12532.272352941176 12560.810588235294 
44807.53764705882 44835.71705882353 11377.67294117647 11405.852352941176 12030.649411764705 12058.828823529411 
44354.571176470585 44382.93294117647 11188.559411764705 11216.921176470589 12465.147647058824 12493.509411764706 
44898.818823529415 44927.248235294115 11285.730588235294 11314.16 12229.21294117647 12257.642352941177 
44780.60117647059 44808.501176470585 11390.01294117647 11417.91294117647 12206.183529411765 12234.083529411764 
45936.30823529412 45965.22882352941 11574.47 11603.390588235294 12771.608235294118 12800.528823529412 
45288.34 45316.85176470588 11371.972352941177 11400.484117647058 11990.622352941176 12019.13411764706 
45165.87764705882 45194.28058823529 11402.31 11430.71294117647 12254.56 12282.96294117647 
45092.97823529412 45121.181176470585 11121.89 11150.09294117647 12365.519411764706 12393.722352941177 
44189.022941176474 44216.96411764706 11319.840588235294 11347.781764705882 12137.234705882353 12165.175882352942 
45012.21882352941 45040.80117647059 11322.874705882354 11351.45705882353 12384.518823529412 12413.101176470589 
44668.46529411765 44696.806470588235 11415.153529411764 11443.494705882353 12030.824117647058 12059.165294117647 
44623.483529411766 44651.68058823529 10998.371764705882 11026.568823529411 12147.607058823529 12175.80411764706 
44807.62235294118 44836.05176470588 11134.54 11162.969411764705 12324.404705882353 12352.834117647059 
44711.931764705885 44739.81411764706 11034.731764705883 11062.61411764706 12070.808235294118 12098.690588235295 
44709.461764705884 44737.60588235294 11350.894117647058 11379.038235294118 12379.29705882353 12407.441176470587 
44972.92058823529 45001.23529411765 11483.29705882353 11511.611764705882 12235.402941176471 12263.717647058824 
45032.20647058824 45060.541764705886 11136.947647058823 11165.28294117647 12329.259411764706 12357.594705882353 
43832.88176470588 43860.946470588235 11398.57 11426.634705882352 11890.222941176471 11918.287647058823 
45273.87764705882 45302.37764705882 11329.618823529412 11358.118823529412 12218.177647058823 12246.677647058823 
45177.52470588235 45205.821764705885 11110.977647058824 11139.274705882353 11881.30705882353 11909.604117647059 
45065.279411764706 45093.77647058824 11252.564705882352 11281.061764705883 12139.085294117647 12167.582352941177 
44821.11352941176 44849.48411764706 11272.481176470588 11300.851764705882 13042.913529411764 13071.28411764706 
44648.40411764706 44676.818823529415 11000.830588235294 11029.245294117647 12234.498235294117 12262.91294117647 
45168.27176470588 45197.03647058824 11438.00705882353 11466.771764705882 12328.636470588235 12357.401176470588 
45035.159411764704 45063.60058823529 11277.78 11306.221176470588 12196.471176470588 12224.912352941177 
44406.949411764705 44435.41411764706 11054.764117647059 11083.22882352941 12293.572941176471 12322.037647058823 
45235.69411764706 45264.14411764706 11416.038235294118 11444.488235294117 12496.617647058823 12525.067647058824 
45110.90588235294 45139.23823529412 11402.75 11431.082352941177 12896.617647058823 12924.95 
45753.65117647059 45782.18058823529 11333.527647058823 11362.05705882353 12356.986470588236 12385.515882352942 
44383.69 44411.79882352941 11219.94588235294 11248.054705882352 12638.754705882353 12666.863529411765 
45084.403529411764 45112.87705882353 11082.288823529412 11110.762352941176 12203.250588235294 12231.724117647058 
44953.79823529412 44982.224705882356 11246.354117647059 11274.780588235295 12284.521764705882 12312.948235294118 
44683.89529411765 44711.91 11292.754117647059 11320.768823529412 12516.318823529411 12544.333529411764 
45002.099411764706 45030.73764705882 11136.628823529412 11165.267058823529 12285.91705882353 12314.555294117647 
44876.88352941177 44905.06294117647 11420.11294117647 11448.292352941176 12242.86 12271.039411764707 
44830.89705882353 44859.45 11478.802941176471 11507.355882352942 12110.585294117647 12139.138235294118 
44729.565882352945 44758.14235294118 11456.189411764706 11484.765882352942 12528.242352941177 12556.818823529411 
44859.23235294117 44887.50294117647 11184.097058823529 11212.367647058823 12731.508823529412 12759.779411764706 
45625.70352941177 45654.36235294118 11455.688823529412 11484.347647058823 12327.062352941177 12355.721176470588 
44916.3 44944.80588235294 11111.623529411765 11140.129411764707 12502.3 12530.80588235294 
45358.041764705886 45386.71529411765 11553.965294117646 11582.638823529413 12299.63 12328.303529411765 
45416.33882352941 45444.84470588235 11480.938823529412 11509.444705882353 12751.774117647059 12780.28 
45302.657058823526 45331.230588235296 11230.833529411764 11259.40705882353 12186.515882352942 12215.089411764706 
44388.434117647055 44416.39 11244.078235294117 11272.03411764706 12273.951764705882 12301.907647058824 
45123.13470588235 45151.99058823529 11339.584705882353 11368.440588235295 12385.411176470589 12414.267058823529 
45375.77823529412 45404.37235294118 11289.19 11317.78411764706 12762.519411764706 12791.113529411765 
44807.84764705882 44835.87117647059 11083.765294117647 11111.788823529412 12091.988823529411 12120.012352941176 
44338.047647058826 44365.84176470588 11152.688823529412 11180.482941176471 12161.459411764707 12189.253529411764 
