21939.334104046244 21967.016184971097 5016.605780346821 5044.287861271676 5592.819653179191 5620.501734104047 
21854.020809248555 21881.90520231214 4972.760693641619 5000.645086705203 5521.876300578035 5549.760693641619 
21829.64971098266 21857.846242774565 4935.597687861272 4963.794219653179 5087.354913294797 5115.551445086705 
22348.056647398844 22376.53063583815 4950.709826589596 4979.183815028901 5544.547976878613 5573.021965317919 
22000.685549132948 22029.373410404623 4792.304046242774 4820.991907514451 5473.2 5501.887861271676 
21830.521387283236 21858.654335260115 4668.949132947977 4697.082080924855 5323.070520231214 5351.203468208092 
21183.03352601156 21210.94104046243 4833.836994219653 4861.74450867052 5473.2242774566475 5501.1317919075145 
22201.702890173412 22230.211560693642 4888.564161849711 4917.072832369942 5545.91676300578 5574.425433526011 
22412.982658959536 22441.543352601155 4925.953757225434 4954.514450867052 5559.323699421965 5587.884393063584 
22117.048554913294 22145.031213872833 4884.990751445087 4912.973410404625 5183.51676300578 5211.499421965318 
22091.495953757225 22120.189595375723 4874.31098265896 4903.004624277457 5336.542196531792 5365.235838150289 
22042.59075144509 22070.769942196534 4738.642774566474 4766.821965317919 5390.850867052023 5419.0300578034685 
21769.17225433526 21796.865895953757 4948.628901734104 4976.322543352601 5269.836994219653 5297.53063583815 
21352.79768786127 21380.86705202312 4640.728323699422 4668.797687861272 5489.601156069364 5517.670520231214 
22026.536416184972 22054.946820809248 5042.195375722544 5070.605780346821 5476.484393063583 5504.894797687862 
21660.939884393065 21689.176878612718 4827.801156069364 4856.038150289018 5295.465895953757 5323.70289017341 
21472.230057803466 21500.050867052025 4695.160693641618 4722.981502890173 5501.657803468208 5529.478612716763 
21602.48323699422 21630.41965317919 4932.1595375722545 4960.095953757225 5428.48901734104 5456.425433526011 
22357.5387283237 22385.972254335262 4987.642774566474 5016.0763005780345 5373.949132947977 5402.382658959537 
21754.015028901733 21781.77225433526 5062.147976878613 5089.9052023121385 5613.8820809248555 5641.639306358382 
22086.212716763006 22115.270520231214 5126.120231213873 5155.178034682081 5837.790751445087 5866.848554913295 
22122.9387283237 22151.406936416184 4940.1179190751445 4968.58612716763 5230.008092485549 5258.476300578035 
22065.13063583815 22093.737572254337 4960.205780346821 4988.8127167630055 5464.893641618497 5493.500578034682 
21370.557225433527 21397.834682080924 4724.291329479769 4751.568786127167 5101.73063583815 5129.008092485549 
21866.77803468208 21895.015028901733 4688.072832369942 4716.309826589595 5455.41965317919 5483.656647398844 
21758.349132947977 21785.776878612716 4918.424277456647 4945.852023121387 5275.44161849711 5302.869364161849 
22267.260115606936 22295.861271676302 5190.57225433526 5219.1734104046245 5523.751445086706 5552.35260115607 
21990.574566473988 22018.56878612717 4697.077456647399 4725.0716763005785 5191.655491329479 5219.649710982659 
21710.153757225435 21738.27514450867 4754.593063583815 4782.714450867052 5359.731791907515 5387.853179190752 
21962.295953757224 21990.532947976877 4852.608092485549 4880.845086705202 5208.267052023121 5236.504046242774 
21948.784971098266 21976.81387283237 4915.397687861272 4943.426589595376 5230.073988439306 5258.102890173411 
21663.15838150289 21691.29132947977 4921.892485549133 4950.0254335260115 5104.100578034682 5132.233526011561 
22086.12485549133 22114.529479768786 4898.275144508671 4926.679768786127 5344.038150289018 5372.442774566474 
22415.997687861272 22445.18843930636 4951.038150289018 4980.228901734104 5308.3387283237 5337.529479768786 
21992.806936416186 22020.945664739884 4842.91676300578 4871.05549132948 5408.361849710983 5436.500578034682 
21446.262427745663 21474.123699421965 4816.51676300578 4844.378034682081 5471.967630057803 5499.828901734104 
22268.017341040464 22296.43930635838 4936.485549132948 4964.907514450867 5715.606936416185 5744.028901734104 
21720.359537572254 21748.238150289017 4852.376878612717 4880.25549132948 5737.139884393064 5765.018497109827 
22115.108670520232 22143.82543352601 4635.322543352601 4664.0393063583815 5589.126011560694 5617.842774566474 
21820.165317919076 21848.384971098265 5029.714450867052 5057.934104046243 5313.327167630057 5341.546820809249 
21794.567630057805 21822.68323699422 4929.729479768786 4957.845086705202 5212.018497109827 5240.134104046243 
22189.028901734106 22217.682080924857 5028.323699421965 5056.976878612717 5398.005780346821 5426.658959537573 
22120.780346820808 22149.023121387283 4990.624277456647 5018.867052023122 5592.49710982659 5620.739884393063 
21976.839306358383 22005.232369942198 4767.209248554913 4795.602312138728 5469.873988439306 5498.267052023121 
22352.739884393064 22382.017341040464 5071.208092485549 5100.485549132948 6033.196531791908 6062.473988439307 
22335.679768786125 22364.373410404623 4948.390751445087 4977.084393063584 5624.0901734104045 5652.783815028902 
21696.345664739885 21724.339884393063 4763.767630057803 4791.7618497109825 5053.8774566473985 5081.871676300578 
21977.282080924855 22005.60578034682 4979.9699421965315 5008.2936416184975 5643.680924855491 5672.004624277457 
22360.54219653179 22388.802312138727 4962.2936416184975 4990.553757225433 5287.033526011561 5315.2936416184975 
21736.16647398844 21764.420809248553 4830.9699421965315 4859.2242774566475 5284.391907514451 5312.646242774566 
