30675.08205128205 30703.72735042735 7109.932478632479 7138.577777777778 8132.090598290598 8160.735897435898 
30415.735042735043 30444.53846153846 7211.974358974359 7240.777777777777 7561.538461538462 7590.34188034188 
30084.5547008547 30112.95641025641 7215.439316239316 7243.841025641025 7964.563247863248 7992.964957264957 
30524.665811965813 30553.276923076923 7420.652991452991 7449.264102564102 8000.802564102564 8029.413675213676 
30179.342735042734 30208.039316239316 7422.483760683761 7451.180341880342 8124.590598290598 8153.28717948718 
30266.452136752137 30294.601709401708 7270.7 7298.849572649573 7992.041880341881 8020.191452991453 
30648.82222222222 30677.493162393162 7229.51452991453 7258.18547008547 8611.377777777778 8640.048717948717 
30711.282905982906 30739.915384615386 7155.718803418804 7184.351282051282 8017.38547008547 8046.0179487179485 
30099.21623931624 30127.468376068377 7128.57094017094 7156.823076923077 7669.703418803419 7697.955555555555 
29950.01452991453 29978.00170940171 7177.211111111111 7205.19829059829 8018.057264957265 8046.044444444445 
30310.735897435898 30339.21452991453 7162.953846153846 7191.432478632479 8024.103418803419 8052.582051282051 
30670.360683760682 30699.02735042735 7304.373504273504 7333.040170940171 7831.4632478632475 7860.1299145299145 
30386.87948717949 30415.011965811966 7159.161538461539 7187.294017094017 8187.811111111111 8215.94358974359 
30279.09658119658 30307.562393162392 7348.831623931624 7377.297435897436 7997.498290598291 8025.964102564102 
30354.610256410255 30382.815384615384 7286.430769230769 7314.635897435897 7759.413675213676 7787.6188034188035 
30344.535042735042 30372.68888888889 7246.723076923077 7274.876923076923 7926.808547008547 7954.962393162393 
29826.49658119658 29854.54358974359 7361.419658119658 7389.466666666666 8025.761538461538 8053.808547008547 
30274.042735042734 30302.26923076923 7154.32905982906 7182.555555555556 7548.4358974358975 7576.6623931623935 
30358.275213675213 30386.48888888889 7287.886324786325 7316.1 8299.531623931623 8327.7452991453 
30081.41794871795 30109.952136752137 7267.003418803419 7295.537606837607 7758.665811965812 7787.2 
30019.334188034187 30047.710256410257 7248.983760683761 7277.359829059829 8095.077777777778 8123.453846153846 
30554.960683760684 30583.742735042735 7410.276923076923 7439.058974358974 7897.969230769231 7926.751282051282 
30420.7547008547 30449.117948717947 7104.447008547008 7132.810256410256 7955.310256410256 7983.6735042735045 
30501.402564102566 30530.32564102564 7292.705982905983 7321.62905982906 8034.87264957265 8063.795726495727 
30438.099145299144 30466.658974358976 6991.966666666666 7020.526495726495 7966.894017094017 7995.453846153846 
30580.468376068377 30609.041025641025 7244.515384615384 7273.088034188034 7719.288888888889 7747.861538461539 
30478.135042735044 30507.075213675213 7308.989743589744 7337.929914529915 8195.545299145298 8224.48547008547 
29700.050427350427 29728.157264957266 7103.426495726496 7131.533333333334 7837.811111111111 7865.917948717949 
30046.81111111111 30074.82393162393 7157.7854700854705 7185.798290598291 8060.87094017094 8088.883760683761 
29349.87948717949 29377.77264957265 7250.298290598291 7278.191452991453 8161.751282051282 8189.644444444444 
29686.573504273503 29714.26153846154 7123.304273504274 7150.992307692308 7803.402564102564 7831.090598290598 
30654.466666666667 30683.13760683761 7295.210256410256 7323.8811965811965 8105.252991452991 8133.923931623932 
30712.066666666666 30740.417094017095 7248.994017094017 7277.344444444445 7919.246153846154 7947.596581196582 
30349.04188034188 30376.896581196583 7145.554700854701 7173.409401709402 7607.195726495726 7635.0504273504275 
30045.619658119656 30074.19230769231 7243.089743589743 7271.6623931623935 8125.876068376068 8154.448717948718 
30420.823076923076 30449.233333333334 7399.447008547008 7427.857264957265 8189.395726495726 8217.805982905982 
30230.522222222222 30258.710256410257 7345.970940170941 7374.158974358975 7969.770085470085 7997.958119658119 
30303.121367521366 30331.446153846155 7161.241025641026 7189.565811965812 8150.488888888889 8178.813675213675 
30373.090598290597 30401.197435897437 7197.329914529914 7225.436752136752 8479.107692307693 8507.21452991453 
30133.215384615385 30161.373504273502 7361.262393162393 7389.420512820513 8085.352136752137 8113.510256410256 
30021.462393162394 30049.88547008547 7243.962393162393 7272.38547008547 8351.21452991453 8379.637606837607 
30446.26153846154 30474.492307692308 7084.5478632478635 7112.778632478632 7937.663247863248 7965.894017094017 
31333.329914529913 31362.12905982906 7305.035042735043 7333.834188034188 8216.748717948718 8245.547863247863 
30871.757264957265 30900.731623931624 7251.223076923077 7280.197435897436 8023.697435897436 8052.671794871795 
30043.382051282053 30071.70683760684 7185.668376068376 7213.9931623931625 7835.664102564103 7863.988888888889 
30267.73247863248 30295.69829059829 7212.736752136752 7240.702564102564 7802.41623931624 7830.382051282051 
29650.60598290598 29679.21282051282 7231.435042735043 7260.041880341881 7665.5888888888885 7694.195726495726 
30721.617948717947 30750.38717948718 7103.664957264958 7132.434188034188 8312.113675213675 8340.882905982906 
29657.694871794873 29685.58376068376 7305.1435897435895 7333.032478632479 7911.096581196582 7938.98547008547 
29787.061538461538 29815.005982905983 7110.155555555555 7138.1 8045.411965811966 8073.3564102564105 
