3531.892307692308 3560.3282051282054 186.07179487179488 214.5076923076923 336.4307692307692 364.8666666666667 
3910.8 3940.3897435897434 195.05641025641026 224.64615384615385 272.7230769230769 302.3128205128205 
3533.5692307692307 3561.979487179487 202.33846153846153 230.74871794871794 334.4153846153846 362.825641025641 
3592.6615384615384 3621.353846153846 187.55897435897435 216.25128205128206 292.94358974358977 321.63589743589745 
3795.005128205128 3823.774358974359 261.85128205128206 290.62051282051283 382.46666666666664 411.2358974358974 
3526.358974358974 3555.051282051282 151.10256410256412 179.7948717948718 271.61538461538464 300.3076923076923 
3699.6974358974358 3729.825641025641 215.23589743589744 245.36410256410255 320.03076923076924 350.1589743589744 
3762.1897435897436 3790.4461538461537 256.44615384615383 284.7025641025641 296.7282051282051 324.9846153846154 
3541.2051282051284 3570.102564102564 261.94871794871796 290.84615384615387 303.53846153846155 332.43589743589746 
3487.523076923077 3515.497435897436 190.6 218.57435897435897 300.16410256410256 328.1384615384615 
3404.5435897435896 3432.825641025641 194.00512820512822 222.2871794871795 305.03076923076924 333.3128205128205 
3837.651282051282 3866.369230769231 218.95897435897436 247.6769230769231 479.8820512820513 508.6 
3497.220512820513 3525.5538461538463 251.66153846153847 279.9948717948718 337.65641025641025 365.98974358974357 
3407.3435897435897 3434.651282051282 204.4205128205128 231.72820512820513 229.93333333333334 257.24102564102566 
3295.769230769231 3323.4358974358975 182.5897435897436 210.25641025641025 348.6666666666667 376.3333333333333 
3356.405128205128 3383.482051282051 163.35384615384615 190.43076923076924 230.02051282051283 257.0974358974359 
3603.8871794871793 3632.451282051282 161.88717948717948 190.45128205128205 336.9384615384615 365.5025641025641 
3291.374358974359 3320.0153846153844 177.4 206.04102564102564 316.16923076923075 344.8102564102564 
3718.276923076923 3746.251282051282 181.63589743589745 209.6102564102564 330.96923076923076 358.94358974358977 
3334.728205128205 3362.471794871795 191.8820512820513 219.62564102564102 317.3179487179487 345.0615384615385 
3784.9538461538464 3814.0307692307692 184.56923076923076 213.64615384615385 274.46666666666664 303.54358974358973 
3494.7897435897435 3522.7128205128206 193.27692307692308 221.2 238.86666666666667 266.7897435897436 
3607.4153846153845 3634.620512820513 172.2871794871795 199.4923076923077 244.56923076923076 271.77435897435896 
3707.6923076923076 3735.5384615384614 239.33333333333334 267.1794871794872 266.12820512820514 293.97435897435895 
3644.85641025641 3673.2410256410258 172.85641025641024 201.24102564102563 242.83076923076922 271.2153846153846 
3583.2820512820513 3612.051282051282 261.46153846153845 290.2307692307692 359.71794871794873 388.4871794871795 
3541.641025641026 3569.5897435897436 170.89743589743588 198.84615384615384 226.5897435897436 254.53846153846155 
3445.4461538461537 3472.9333333333334 201.85641025641024 229.34358974358975 269.574358974359 297.0615384615385 
3403.3282051282054 3431.353846153846 272.7128205128205 300.73846153846154 337.04615384615386 365.07179487179485 
3378.517948717949 3406.2358974358976 198.97948717948717 226.6974358974359 317.7230769230769 345.44102564102565 
3477.297435897436 3503.502564102564 143.86153846153846 170.06666666666666 293.83589743589744 320.04102564102567 
3427.6358974358973 3456.251282051282 229.25128205128206 257.8666666666667 292.5846153846154 321.2 
3531.7128205128206 3559.4307692307693 291.7897435897436 319.5076923076923 376.0051282051282 403.7230769230769 
3573.251282051282 3600.8410256410257 206.43589743589743 234.02564102564102 347.22564102564104 374.81538461538463 
3419.0666666666666 3447.1692307692306 250.75897435897437 278.8615384615385 367.5025641025641 395.6051282051282 
3566.1692307692306 3595.1692307692306 183.75897435897437 212.75897435897437 225.7846153846154 254.7846153846154 
3388.0307692307692 3415.517948717949 185.62051282051283 213.1076923076923 240.36410256410255 267.85128205128206 
3726.348717948718 3755.14358974359 273.374358974359 302.16923076923075 427.9641025641026 456.75897435897434 
3495.769230769231 3523.5128205128203 225.51282051282053 253.25641025641025 284.3076923076923 312.05128205128204 
3748.651282051282 3778.523076923077 231.90769230769232 261.7794871794872 326.1128205128205 355.9846153846154 
3508.3076923076924 3536.025641025641 166.56410256410257 194.28205128205127 249.30769230769232 277.02564102564105 
3657.251282051282 3687.123076923077 145.43076923076924 175.3025641025641 229.73846153846154 259.6102564102564 
3762.6717948717946 3790.9282051282053 185.72307692307692 213.97948717948717 290.2871794871795 318.54358974358973 
3427.348717948718 3455.8102564102564 237.5025641025641 265.9641025641026 388.8102564102564 417.2717948717949 
3439.405128205128 3468.174358974359 205.84102564102565 234.6102564102564 250.8153846153846 279.5846153846154 
3547.174358974359 3575.251282051282 230.35384615384615 258.4307692307692 317.4051282051282 345.48205128205126 
3619.5641025641025 3648.4358974358975 179.41538461538462 208.2871794871795 298.46153846153845 327.3333333333333 
3443.3230769230768 3470.605128205128 183.52820512820512 210.81025641025641 304.6820512820513 331.9641025641026 
3771.1641025641024 3799.625641025641 198.4205128205128 226.8820512820513 344.2153846153846 372.67692307692306 
3577.005128205128 3605.9282051282053 237.2871794871795 266.2102564102564 283.33846153846156 312.26153846153846 
