38754.37491525424 38782.94440677966 10086.046101694916 10114.615593220338 10740.710508474576 10769.28 
38509.80677966102 38538.17288135593 9574.033898305084 9602.4 10030.332203389831 10058.698305084747 
38167.96203389831 38196.50101694915 9409.301016949152 9437.84 10964.243389830508 10992.782372881356 
38502.71050847458 38531.18847457627 9411.63593220339 9440.113898305084 10252.463050847458 10280.941016949153 
38804.45220338983 38832.56406779661 9321.692881355932 9349.804745762713 10504.333559322034 10532.445423728814 
38617.53152542373 38645.93830508475 9483.955254237288 9512.362033898306 10520.077288135593 10548.48406779661 
38409.69627118644 38437.77084745763 9442.692881355932 9470.767457627118 10293.401355932203 10321.47593220339 
38689.510508474574 38717.900338983054 9608.446101694915 9636.83593220339 10773.005423728813 10801.395254237288 
38635.20677966101 38663.779661016946 9627.674576271187 9656.247457627118 10174.633898305085 10203.206779661017 
38345.246779661014 38373.806101694914 9546.636610169491 9575.195932203389 10430.782372881356 10459.341694915254 
38832.411525423726 38860.77423728813 9517.821694915254 9546.184406779661 10414.56406779661 10442.926779661017 
38876.14644067796 38904.59389830509 9690.085423728813 9718.532881355932 10029.743050847457 10058.190508474576 
37940.13220338983 37968.220338983054 9434.498305084746 9462.586440677966 10575.152542372882 10603.240677966101 
38372.332881355935 38400.505762711866 9375.034576271186 9403.207457627119 10408.607457627118 10436.780338983051 
38388.1206779661 38416.43593220339 9539.276610169492 9567.591864406779 10618.252881355933 10646.568135593221 
38180.32610169492 38208.40406779661 9414.417627118644 9442.49559322034 10510.437966101696 10538.51593220339 
38520.226440677965 38548.44 9633.812881355932 9662.026440677966 10380.202711864407 10408.416271186441 
38826.09491525424 38854.779661016946 9455.566101694916 9484.250847457628 10688.694915254237 10717.379661016948 
38501.08474576271 38529.5593220339 9435.294915254237 9463.769491525423 10717.562711864406 10746.037288135592 
38410.49152542373 38438.40677966102 9501.210169491525 9529.125423728814 10562.108474576271 10590.02372881356 
39607.36406779661 39636.18779661017 9805.791186440678 9834.614915254237 11081.381016949152 11110.204745762712 
38941.21966101695 38969.73491525424 9401.517966101695 9430.033220338983 10445.101016949153 10473.61627118644 
38853.7593220339 38882.06779661017 9737.488135593221 9765.796610169491 10810.915254237289 10839.22372881356 
38710.409491525425 38738.57898305085 9665.053559322034 9693.223050847457 10877.823050847457 10905.992542372882 
38797.42711864407 38825.78644067796 9541.908474576272 9570.26779661017 10601.64745762712 10630.006779661016 
39319.59525423729 39348.69016949153 9809.57152542373 9838.666440677966 10829.34779661017 10858.442711864407 
39114.42033898305 39142.75593220339 9640.0 9668.33559322034 10554.871186440678 10583.206779661017 
38349.89762711865 38378.17559322034 9708.84 9737.117966101694 10463.053559322034 10491.33152542373 
38835.49559322034 38863.86169491526 9460.02779661017 9488.393898305085 10382.53627118644 10410.902372881355 
39229.970847457625 39258.594576271185 9594.058983050847 9622.682711864407 11066.89627118644 11095.52 
38915.07186440678 38943.31593220339 9731.570169491526 9759.814237288136 10504.817627118644 10533.061694915254 
37816.012881355935 37844.3213559322 9643.626440677966 9671.934915254238 10181.901016949152 10210.209491525424 
38765.79593220339 38793.806101694914 9514.304406779662 9542.314576271187 10063.378983050847 10091.389152542373 
38319.16813559322 38347.5613559322 9497.625762711865 9526.018983050848 10349.096949152543 10377.490169491526 
39006.97152542373 39035.276610169494 9530.371525423729 9558.676610169492 10455.496949152543 10483.802033898304 
38416.51118644068 38444.83322033898 9370.046779661017 9398.368813559322 10570.412881355933 10598.734915254237 
39111.06644067797 39139.47322033898 9800.256271186441 9828.663050847457 10309.700338983052 10338.107118644068 
38784.71796610169 38813.365423728814 9598.623050847458 9627.270508474576 10525.975593220339 10554.623050847458 
38990.9986440678 39019.513898305086 9476.090169491525 9504.605423728814 10661.76813559322 10690.283389830509 
39347.419661016946 39376.14847457627 9494.517966101695 9523.246779661016 10705.111186440678 10733.84 
38595.85491525424 38624.14644067796 9751.553220338983 9779.844745762712 11170.834576271187 11199.126101694916 
38206.10101694915 38234.250169491526 9573.548474576271 9601.697627118645 10517.378983050847 10545.52813559322 
38615.44406779661 38643.97627118644 9582.277966101696 9610.810169491526 10810.823728813559 10839.35593220339 
38627.50847457627 38655.55254237288 9494.877966101694 9522.922033898305 10337.362711864407 10365.406779661016 
38133.42440677966 38161.54983050848 9504.919322033898 9533.044745762712 10294.288813559322 10322.414237288136 
38910.82440677966 38939.126101694914 9553.02779661017 9581.329491525425 10408.563389830508 10436.865084745763 
38814.50915254237 38842.817627118646 9664.80745762712 9693.11593220339 10293.33966101695 10321.648135593221 
39418.71796610169 39447.012881355935 9437.88745762712 9466.182372881356 10381.392542372882 10409.687457627118 
38816.07593220339 38844.486101694914 9473.408135593221 9501.818305084746 10625.63186440678 10654.042033898306 
38862.92406779661 38891.15457627118 9780.439322033899 9808.669830508474 10479.578305084746 10507.808813559323 
