6043.313793103448 6071.331034482759 610.0896551724138 638.1068965517242 745.9 773.9172413793103 
6205.110344827586 6234.2827586206895 689.1448275862069 718.3172413793103 998.5241379310345 1027.6965517241379 
5837.572413793104 5865.055172413793 629.1586206896552 656.6413793103449 782.4 809.8827586206896 
5985.641379310345 6013.296551724138 609.1413793103449 636.7965517241379 934.6068965517242 962.2620689655172 
6107.313793103448 6135.744827586207 681.451724137931 709.8827586206896 858.1413793103449 886.5724137931035 
6038.017241379311 6066.5344827586205 699.3620689655172 727.8793103448276 814.3275862068965 842.8448275862069 
5707.2793103448275 5734.141379310345 610.2275862068966 637.0896551724138 695.4862068965517 722.3482758620689 
5936.372413793103 5964.493103448276 617.2689655172413 645.3896551724138 901.751724137931 929.8724137931034 
6234.762068965517 6263.693103448276 573.7965517241379 602.7275862068966 811.0034482758621 839.9344827586207 
6101.458620689656 6129.2172413793105 689.6827586206897 717.4413793103448 774.8379310344827 802.596551724138 
6091.396551724138 6120.068965517241 731.4137931034483 760.0862068965517 941.948275862069 970.6206896551724 
6574.5 6603.3448275862065 740.2413793103449 769.0862068965517 816.5689655172414 845.4137931034483 
6059.0344827586205 6087.672413793103 598.4310344827586 627.0689655172414 745.5862068965517 774.2241379310345 
6121.0965517241375 6148.2172413793105 693.3379310344827 720.4586206896552 756.7172413793104 783.8379310344827 
6304.420689655172 6333.110344827586 682.9896551724138 711.6793103448276 876.7310344827587 905.4206896551724 
6076.610344827586 6105.731034482758 724.9379310344827 754.0586206896552 927.403448275862 956.5241379310345 
6350.472413793103 6379.955172413793 647.351724137931 676.8344827586207 903.5758620689655 933.0586206896552 
5812.755172413793 5840.858620689655 602.9103448275862 631.0137931034483 908.6517241379311 936.755172413793 
6345.731034482758 6375.0931034482755 747.9551724137931 777.3172413793103 1060.2137931034483 1089.5758620689655 
6095.786206896551 6124.510344827586 728.803448275862 757.5275862068966 848.2 876.9241379310345 
6174.410344827586 6202.272413793104 748.4448275862069 776.3068965517241 995.2034482758621 1023.0655172413793 
6223.562068965517 6251.73448275862 672.0793103448276 700.251724137931 783.1137931034483 811.2862068965517 
6147.134482758621 6175.996551724138 632.8758620689655 661.7379310344828 914.6862068965518 943.548275862069 
6141.368965517241 6169.506896551724 556.903448275862 585.0413793103448 766.6103448275862 794.748275862069 
5915.137931034483 5942.431034482759 648.0 675.2931034482758 784.3103448275862 811.6034482758621 
6051.18275862069 6079.5965517241375 641.3896551724138 669.803448275862 1060.7689655172414 1089.1827586206896 
6035.196551724138 6062.351724137931 576.7137931034483 603.8689655172413 763.8172413793103 790.9724137931034 
6231.137931034483 6259.310344827586 628.8275862068965 657.0 842.1724137931035 870.3448275862069 
6346.61724137931 6375.08275862069 673.0310344827586 701.4965517241379 776.8586206896551 805.3241379310344 
6025.955172413793 6054.31724137931 650.1310344827587 678.4931034482759 934.851724137931 963.2137931034483 
6255.31724137931 6284.8 603.7310344827587 633.2137931034483 767.4896551724138 796.9724137931034 
6358.544827586207 6387.027586206897 582.1137931034483 610.596551724138 887.5103448275862 915.9931034482759 
6215.368965517241 6244.127586206897 682.6103448275862 711.3689655172413 847.9206896551724 876.6793103448276 
6306.5965517241375 6335.355172413793 641.9586206896552 670.7172413793104 974.7 1003.4586206896552 
6497.772413793104 6527.0310344827585 659.4275862068965 688.6862068965518 912.6344827586207 941.8931034482758 
6441.672413793103 6471.189655172414 683.5862068965517 713.1034482758621 872.4310344827586 901.948275862069 
5886.158620689655 5914.124137931034 708.8655172413793 736.8310344827586 991.5034482758621 1019.4689655172414 
6165.189655172414 6193.862068965517 654.4827586206897 683.1551724137931 642.5 671.1724137931035 
6012.124137931034 6039.9 678.2620689655172 706.0379310344828 873.4 901.1758620689656 
5994.868965517241 6021.81724137931 620.6793103448276 647.6275862068966 685.9724137931034 712.9206896551724 
5865.548275862069 5892.565517241379 516.8758620689655 543.8931034482758 648.4103448275862 675.4275862068965 
5983.834482758621 6012.213793103449 684.6448275862069 713.0241379310345 897.8689655172413 926.248275862069 
5783.272413793104 5810.910344827586 565.7896551724137 593.4275862068965 903.4448275862069 931.0827586206897 
6178.689655172414 6206.362068965517 763.6034482758621 791.2758620689655 936.9655172413793 964.6379310344828 
5981.955172413793 6009.627586206897 580.8689655172413 608.5413793103448 849.3 876.9724137931034 
6402.134482758621 6431.2206896551725 718.1172413793104 747.2034482758621 820.1344827586207 849.2206896551725 
6479.38275862069 6507.434482758621 557.3137931034482 585.3655172413793 822.0379310344828 850.0896551724138 
6392.755172413793 6421.6 713.3931034482758 742.2379310344828 857.8586206896551 886.7034482758621 
6156.355172413793 6184.0965517241375 618.5793103448276 646.3206896551724 825.5620689655173 853.303448275862 
6252.08275862069 6281.013793103448 716.3413793103448 745.2724137931034 905.4620689655172 934.3931034482758 
