26233.88823529412 26262.040196078433 6183.746078431373 6211.898039215686 6964.770588235294 6992.922549019608 
26128.132352941175 26156.254901960783 6200.367647058823 6228.490196078431 6576.03431372549 6604.156862745098 
26743.15588235294 26771.881372549018 6201.945098039216 6230.670588235294 6926.273529411765 6954.999019607843 
25606.816666666666 25634.944117647057 5986.502941176471 6014.630392156862 6613.689215686274 6641.816666666667 
25436.182352941178 25463.569607843136 6180.76568627451 6208.15294117647 6497.123529411765 6524.510784313726 
25741.332352941175 25769.695098039214 6147.204901960784 6175.567647058823 6724.253921568627 6752.616666666667 
25963.12254901961 25991.225490196077 6119.2107843137255 6147.313725490196 7046.328431372549 7074.431372549019 
26370.288235294116 26398.6068627451 6319.273529411765 6347.5921568627455 6998.896078431372 7027.214705882353 
26660.601960784315 26689.44019607843 6382.003921568627 6410.8421568627455 7074.827450980392 7103.665686274509 
25764.071568627453 25791.895098039215 6156.669607843137 6184.493137254902 6822.924509803922 6850.748039215686 
26142.773529411767 26171.479411764707 5924.302941176471 5953.0088235294115 6367.88137254902 6396.5872549019605 
26082.538235294116 26110.999019607843 6068.739215686274 6097.2 6353.518627450981 6381.979411764706 
25871.789215686276 25899.87745098039 6109.245098039216 6137.333333333333 6602.328431372549 6630.416666666667 
26288.63823529412 26317.451960784314 6099.65294117647 6128.466666666666 6564.795098039216 6593.608823529412 
26352.1431372549 26380.706862745097 6131.250980392157 6159.814705882353 6770.417647058824 6798.981372549019 
26142.00294117647 26169.998039215687 6106.8901960784315 6134.885294117647 6949.483333333334 6977.478431372549 
26400.78137254902 26429.467647058824 6058.894117647059 6087.580392156863 6877.869607843138 6906.555882352941 
26103.449019607844 26131.75294117647 5832.051960784313 5860.355882352941 6620.576470588236 6648.880392156862 
25872.676470588234 25900.700980392157 6062.049019607844 6090.073529411765 6394.470588235294 6422.495098039216 
26481.154901960785 26509.33137254902 6040.267647058824 6068.444117647059 6737.086274509804 6765.262745098039 
26043.736274509803 26071.63823529412 6111.927450980392 6139.829411764706 6613.030392156863 6640.932352941177 
26060.995098039217 26089.514705882353 6117.029411764706 6145.549019607844 7257.671568627451 7286.191176470588 
26828.761764705883 26857.242156862743 6115.251960784314 6143.732352941176 6652.408823529412 6680.889215686275 
26358.74705882353 26387.457843137254 6263.13431372549 6291.845098039215 6611.178431372549 6639.889215686275 
26859.48725490196 26888.242156862743 6108.546078431373 6137.300980392157 6935.732352941176 6964.487254901961 
26163.642156862745 26192.063725490196 6172.338235294118 6200.759803921569 6538.181372549019 6566.60294117647 
26945.150980392158 26974.116666666665 6406.111764705883 6435.077450980392 7050.503921568627 7079.469607843137 
26520.21568627451 26548.867647058825 6284.857843137255 6313.509803921569 6998.754901960784 7027.406862745098 
26265.90882352941 26294.046078431373 5981.702941176471 6009.840196078431 6595.56568627451 6623.702941176471 
26275.62745098039 26303.92156862745 6024.818627450981 6053.112745098039 6815.166666666667 6843.4607843137255 
26064.456862745097 26092.814705882352 6137.422549019608 6165.780392156863 6887.280392156863 6915.638235294117 
25916.330392156862 25944.644117647058 6275.869607843138 6304.183333333333 6409.555882352941 6437.869607843138 
26310.788235294116 26339.07254901961 6028.224509803921 6056.5088235294115 6836.807843137255 6865.0921568627455 
26382.50294117647 26410.92450980392 6110.983333333334 6139.404901960785 6514.885294117647 6543.306862745098 
26462.61470588235 26490.938235294117 6241.952941176471 6270.2764705882355 6677.075490196078 6705.399019607843 
26292.899019607845 26321.722549019607 6120.251960784314 6149.075490196078 7061.41862745098 7090.242156862745 
26019.936274509804 26048.313725490196 6113.970588235294 6142.348039215686 6843.89705882353 6872.274509803921 
26249.296078431373 26277.71274509804 6039.452941176471 6067.869607843138 6647.874509803922 6676.291176470589 
26020.033333333333 26047.739215686273 5787.126470588235 5814.832352941176 6186.474509803921 6214.180392156863 
26246.967647058824 26275.82549019608 6057.271568627451 6086.129411764706 6781.987254901961 6810.845098039215 
26416.814705882352 26445.15294117647 6193.90294117647 6222.2411764705885 6592.040196078431 6620.378431372549 
26780.26568627451 26809.079411764706 6057.226470588235 6086.040196078431 6838.804901960784 6867.61862745098 
26111.139215686275 26138.982352941177 5994.967647058824 6022.810784313726 6383.090196078431 6410.933333333333 
24983.016666666666 25010.055882352943 6064.1098039215685 6091.149019607843 6398.0264705882355 6425.06568627451 
26210.929411764704 26239.042156862746 5944.233333333334 5972.346078431373 7061.11568627451 7089.228431372549 
26231.472549019607 26259.761764705883 6220.864705882353 6249.153921568627 6710.854901960784 6739.144117647059 
26092.236274509803 26120.33431372549 6126.020588235294 6154.11862745098 6487.667647058824 6515.76568627451 
26593.561764705883 26621.855882352942 6123.7235294117645 6152.017647058824 7173.248039215686 7201.542156862745 
26663.108823529412 26691.55 6112.045098039216 6140.4862745098035 6889.804901960784 6918.246078431373 
26186.503921568627 26214.503921568627 6200.616666666667 6228.616666666667 6535.396078431372 6563.396078431372 
