43785.572023809524 43813.97678571429 11006.295238095237 11034.7 12069.21488095238 12097.619642857142 
44205.71666666667 44233.600595238095 10992.041071428572 11019.925 12076.686904761904 12104.570833333333 
44822.69761904762 44851.45952380952 11026.647023809524 11055.408928571429 12753.370238095238 12782.132142857143 
43960.95416666667 43988.983928571426 10958.290476190476 10986.320238095239 11618.430357142857 11646.460119047619 
44443.195238095235 44471.52857142857 11115.701190476191 11144.034523809523 12020.635714285714 12048.969047619048 
43820.72261904762 43848.77023809524 11166.555952380952 11194.603571428572 12031.686904761904 12059.734523809524 
44132.19940476191 44160.419642857145 11068.0 11096.220238095239 11588.71130952381 11616.931547619048 
44659.43630952381 44687.79047619048 11168.227976190476 11196.582142857143 12258.608928571428 12286.963095238096 
43586.29940476191 43614.11190476191 11027.522619047619 11055.335119047619 12313.347023809523 12341.159523809523 
44154.87976190476 44183.10595238095 11191.492857142857 11219.719047619048 11986.094047619048 12014.320238095239 
44756.733928571426 44785.06428571429 10982.230952380953 11010.56130952381 12154.448214285714 12182.778571428571 
44509.314880952385 44537.62142857143 10882.957738095238 10911.264285714286 11791.124404761904 11819.430952380952 
43791.72261904762 43819.788095238095 11257.186904761904 11285.252380952381 11757.258333333333 11785.32380952381 
44496.67380952381 44524.94464285715 11268.685714285713 11296.956547619047 12304.245238095238 12332.516071428572 
43645.17380952381 43673.58154761905 11147.703571428572 11176.111309523809 12282.929761904761 12311.3375 
44005.35654761905 44033.627380952385 10888.127380952381 10916.398214285715 12457.951785714286 12486.22261904762 
44661.11011904762 44690.03273809524 11330.151785714286 11359.074404761905 12285.806547619048 12314.729166666666 
44371.26547619048 44399.65535714286 11130.857738095237 11159.247619047619 12504.854761904762 12533.244642857142 
43937.326785714286 43965.564880952385 10914.380357142858 10942.618452380952 11591.618452380952 11619.856547619047 
43971.54345238095 43999.98095238095 11054.266666666666 11082.704166666666 11881.091071428571 11909.528571428571 
44041.572023809524 44070.30416666667 11217.825 11246.557142857142 12210.6375 12239.369642857142 
44114.629166666666 44142.992261904765 11104.548809523809 11132.911904761904 12201.516071428572 12229.879166666668 
44097.93869047619 44126.10833333333 10987.269047619047 11015.43869047619 11949.331547619047 11977.50119047619 
44219.69047619047 44248.17857142857 11187.592261904761 11216.080357142857 11809.470238095239 11837.958333333334 
43957.822023809524 43985.77738095238 10999.833928571428 11027.789285714285 12114.518452380953 12142.47380952381 
44351.43095238095 44379.725595238095 11132.142261904763 11160.436904761904 12250.175 12278.469642857142 
44640.554761904765 44669.12619047619 11224.658928571429 11253.230357142857 12090.477380952381 12119.048809523809 
44532.96011904762 44561.32916666667 11052.317261904762 11080.68630952381 12120.460119047619 12148.829166666666 
44120.1125 44148.38333333333 11213.820833333333 11242.091666666667 12010.969642857142 12039.240476190476 
44405.681547619046 44434.19047619047 11208.229166666666 11236.738095238095 12000.193452380952 12028.702380952382 
44122.284523809525 44150.844047619044 11135.781547619048 11164.341071428571 12271.463095238096 12300.022619047619 
43990.9125 44019.43630952381 11191.56130952381 11220.085119047619 12197.001785714287 12225.525595238096 
44620.99107142857 44649.181547619046 11113.967261904761 11142.157738095239 12627.88392857143 12656.074404761905 
44133.374404761904 44161.951785714286 11160.7375 11189.314880952381 12182.779166666667 12211.356547619047 
44913.68928571429 44942.32619047619 11247.924404761905 11276.56130952381 12851.528571428571 12880.165476190476 
43544.84642857143 43573.343452380956 11191.56369047619 11220.060714285713 11959.667857142857 11988.164880952381 
44758.70297619048 44787.399404761905 11117.083928571428 11145.780357142858 12682.33988095238 12711.03630952381 
44201.402976190475 44229.816666666666 11075.530952380952 11103.944642857143 11829.801785714286 11858.215476190477 
43852.76369047619 43881.010714285716 11192.019642857143 11220.266666666666 12826.704166666666 12854.951190476191 
43664.48035714286 43692.777976190475 11187.82261904762 11216.120238095238 12442.9625 12471.26011904762 
44151.99107142857 44180.32142857143 10851.672619047618 10880.002976190477 11584.205357142857 11612.535714285714 
44398.49464285714 44427.24464285714 10957.429166666667 10986.179166666667 12253.530357142858 12282.280357142858 
44051.15773809524 44079.46726190476 10921.529761904761 10949.839285714286 12144.306547619048 12172.61607142857 
44149.74464285714 44177.85178571429 11158.444047619048 11186.55119047619 12011.822023809524 12039.929166666667 
44057.995833333334 44086.13869047619 11000.736904761905 11028.879761904762 12020.876785714287 12049.019642857143 
43555.14345238095 43583.35773809524 11011.705952380953 11039.920238095237 11706.220833333333 11734.435119047619 
45051.04047619048 45079.48690476191 11154.138690476191 11182.585119047619 12068.165476190476 12096.611904761905 
44997.35952380952 45025.788095238095 11326.529166666667 11354.957738095238 13025.490476190476 13053.919047619047 
44151.850595238095 44180.02321428571 11217.9875 11246.16011904762 12120.481547619047 12148.654166666667 
43814.82619047619 43843.073214285716 10868.665476190476 10896.9125 12282.504761904762 12310.751785714287 
