10122.931818181818 10150.897727272728 1723.6931818181818 1751.659090909091 1740.2727272727273 1768.2386363636363 
10357.502272727274 10385.695454545454 1604.1840909090909 1632.3772727272728 1690.6386363636364 1718.831818181818 
10701.493181818181 10730.356818181817 1718.0954545454545 1746.959090909091 2025.584090909091 2054.447727272727 
9964.722727272727 9992.256818181819 1674.0181818181818 1701.5522727272728 1809.6772727272728 1837.2113636363636 
10131.197727272727 10159.493181818181 1674.9477272727272 1703.2431818181817 1803.2886363636364 1831.584090909091 
9939.040909090909 9966.631818181819 1727.1545454545455 1754.7454545454545 2247.9727272727273 2275.5636363636363 
10148.13409090909 10176.202272727272 1654.7022727272727 1682.7704545454546 2135.2704545454544 2163.3386363636364 
10601.002272727274 10630.445454545454 1623.5704545454546 1653.0136363636364 2077.934090909091 2107.3772727272726 
10314.979545454546 10343.729545454546 1526.775 1555.525 1898.365909090909 1927.115909090909 
9993.856818181817 10021.606818181817 1720.7318181818182 1748.4818181818182 2090.3113636363637 2118.0613636363637 
10037.23409090909 10065.177272727273 1787.6886363636363 1815.6318181818183 2122.0977272727273 2150.0409090909093 
10416.406818181818 10444.713636363636 1555.2818181818182 1583.5886363636364 1971.5886363636364 1999.8954545454546 
10367.552272727273 10395.7 1688.7795454545455 1716.9272727272728 1903.1886363636363 1931.3363636363636 
10266.972727272727 10295.154545454545 1435.5068181818183 1463.6886363636363 1985.0181818181818 2013.2 
10278.275 10306.99090909091 1694.0022727272728 1722.7181818181818 1918.0022727272728 1946.7181818181818 
10630.559090909092 10659.4 1808.7977272727273 1837.6386363636364 2067.672727272727 2096.5136363636366 
10097.406818181818 10125.895454545454 1766.0659090909091 1794.5545454545454 1814.3613636363636 1842.85 
9991.902272727273 10019.527272727273 1628.459090909091 1656.084090909091 1884.3568181818182 1911.9818181818182 
10493.529545454545 10522.2 1770.665909090909 1799.3363636363636 1943.575 1972.2454545454545 
10064.668181818182 10092.906818181818 1635.9977272727272 1664.2363636363636 1865.8954545454546 1894.134090909091 
10563.072727272727 10591.572727272727 1715.6636363636364 1744.1636363636364 1962.5045454545455 1991.0045454545455 
10753.59090909091 10782.727272727272 1783.375 1812.5113636363637 2003.8181818181818 2032.9545454545455 
10513.936363636363 10542.879545454545 1788.05 1816.9931818181817 1947.55 1976.4931818181817 
10287.679545454546 10316.190909090908 1823.043181818182 1851.5545454545454 2158.565909090909 2187.077272727273 
10302.945454545454 10331.843181818182 1613.6272727272728 1642.525 1883.3545454545454 1912.2522727272728 
9662.331818181818 9689.934090909092 1598.3545454545454 1625.956818181818 1868.6272727272728 1896.2295454545454 
10261.636363636364 10289.647727272728 1684.1931818181818 1712.2045454545455 2169.4545454545455 2197.465909090909 
10529.581818181818 10557.718181818182 1910.240909090909 1938.3772727272728 1973.2863636363636 2001.4227272727273 
10149.411363636364 10177.354545454546 1602.4227272727273 1630.365909090909 1771.615909090909 1799.5590909090909 
10227.729545454546 10255.831818181818 1686.1045454545454 1714.206818181818 1846.206818181818 1874.3090909090909 
10294.38409090909 10322.281818181818 1690.0545454545454 1717.9522727272727 1903.793181818182 1931.6909090909091 
10336.981818181817 10365.572727272727 1790.425 1819.0159090909092 1928.1409090909092 1956.7318181818182 
10491.875 10520.602272727272 1582.6704545454545 1611.3977272727273 1863.5113636363637 1892.2386363636363 
10348.077272727272 10376.645454545454 1855.293181818182 1883.8613636363636 2088.1227272727274 2116.690909090909 
10077.920454545454 10105.761363636364 1574.8863636363637 1602.7272727272727 2058.3977272727275 2086.2386363636365 
10397.302272727273 10425.540909090909 1843.4386363636363 1871.6772727272728 2050.8704545454543 2079.109090909091 
10563.668181818182 10592.418181818182 1766.9295454545454 1795.6795454545454 2056.4636363636364 2085.2136363636364 
10357.493181818181 10385.618181818181 1668.3795454545455 1696.5045454545455 1954.8113636363637 1982.9363636363637 
9990.322727272727 10017.959090909091 1616.5159090909092 1644.1522727272727 1720.7318181818182 1748.3681818181817 
10220.006818181819 10248.631818181819 1733.1204545454545 1761.7454545454545 1952.9613636363636 1981.5863636363636 
10397.904545454545 10425.802272727273 1712.4272727272728 1740.325 1951.1318181818183 1979.0295454545455 
10528.575 10557.006818181819 1644.075 1672.5068181818183 1943.4386363636363 1971.8704545454545 
10436.693181818182 10465.28409090909 1723.625 1752.215909090909 2079.8295454545455 2108.4204545454545 
10107.763636363636 10135.627272727274 1748.6954545454546 1776.5590909090909 1945.6954545454546 1973.5590909090909 
10660.111363636364 10688.577272727272 1764.509090909091 1792.975 1995.6568181818182 2024.1227272727272 
10279.352272727272 10307.056818181818 1621.7727272727273 1649.4772727272727 2047.7386363636363 2075.443181818182 
10064.643181818183 10092.711363636363 1631.6090909090908 1659.6772727272728 1937.7568181818183 1965.825 
9667.945454545454 9694.922727272728 1740.5136363636364 1767.490909090909 2111.0363636363636 2138.0136363636366 
10272.39090909091 10301.425 1684.1636363636364 1713.1977272727272 2014.6409090909092 2043.675 
10540.761363636364 10569.40909090909 1776.2272727272727 1804.875 2022.3977272727273 2051.0454545454545 
