21653.426900584796 21681.842105263157 4856.19298245614 4884.608187134503 5471.736842105263 5500.152046783625 
21573.736842105263 21601.590643274852 4791.994152046784 4819.847953216375 5492.0935672514615 5519.9473684210525 
21751.425730994153 21779.823391812864 4801.39649122807 4829.794152046784 5546.20350877193 5574.601169590644 
21812.527485380117 21840.81403508772 4658.106432748538 4686.39298245614 5418.112280701755 5446.398830409356 
21392.759064327485 21421.051461988303 4840.2444444444445 4868.5368421052635 5340.273684210526 5368.566081871345 
21202.129824561405 21230.31111111111 4954.509941520468 4982.691228070175 5236.498245614035 5264.679532163743 
21603.215204678363 21631.60116959064 4820.759064327485 4849.145029239766 5034.20350877193 5062.58947368421 
22107.48538011696 22135.719298245614 4821.567251461988 4849.801169590643 5529.456140350877 5557.690058479532 
21454.419883040937 21482.31461988304 4985.998830409357 5013.893567251462 5339.34970760234 5367.2444444444445 
21923.997660818713 21952.629239766084 4731.816374269006 4760.447953216374 5421.371929824561 5450.00350877193 
21325.066666666666 21353.247953216374 4722.938011695906 4751.119298245614 5336.429239766082 5364.61052631579 
21650.11461988304 21677.9567251462 4807.828070175438 4835.670175438597 5415.430409356725 5443.272514619883 
21646.693567251463 21675.07953216374 4728.611695906433 4756.9976608187135 5472.149707602339 5500.53567251462 
21320.61169590643 21348.962573099416 4963.646783625731 4991.9976608187135 5513.529824561403 5541.880701754386 
20852.847953216373 20880.333333333332 4667.602339181287 4695.087719298245 5083.4269005847955 5110.912280701755 
22068.05730994152 22096.46081871345 4754.870175438597 4783.273684210526 5468.54269005848 5496.946198830409 
21602.402339181288 21631.256140350877 4863.530994152046 4892.384795321637 5325.659649122807 5354.5134502923975 
22063.49590643275 22091.969590643275 4783.390643274854 4811.86432748538 5278.612865497076 5307.086549707602 
21289.750877192982 21317.7567251462 4762.873684210526 4790.879532163743 5161.300584795322 5189.306432748538 
22182.209356725147 22210.57192982456 4882.624561403509 4910.987134502924 5390.67134502924 5419.033918128655 
21336.66432748538 21364.418713450294 4980.945029239766 5008.699415204678 5360.00350877193 5387.757894736842 
21662.145029239768 21690.326315789473 4985.811695906433 5013.99298245614 5503.811695906433 5531.99298245614 
22044.966081871346 22073.70292397661 4646.2760233918125 4675.012865497076 5595.954385964912 5624.691228070175 
21143.2783625731 21170.82222222222 4650.4771929824565 4678.021052631579 5229.646783625731 5257.190643274854 
21702.5649122807 21730.225730994152 4746.249122807018 4773.909941520468 5288.40701754386 5316.06783625731 
22135.828070175437 22164.436257309942 4774.617543859649 4803.225730994152 5352.1847953216375 5380.792982456141 
21825.164912280703 21853.626900584797 4725.849122807018 4754.311111111111 5297.790643274854 5326.252631578947 
22193.48187134503 22222.294736842105 4722.364912280702 4751.177777777778 5647.476023391813 5676.288888888889 
21929.09707602339 21957.97426900585 4854.541520467837 4883.418713450293 5392.670175438597 5421.547368421053 
21196.65730994152 21224.598830409355 4753.850292397661 4781.791812865497 5126.019883040935 5153.961403508772 
21714.82222222222 21742.77543859649 4760.038596491228 4787.991812865497 5484.699415204678 5512.652631578947 
21446.893567251464 21475.7649122807 4984.817543859649 5013.688888888889 5376.957894736842 5405.829239766082 
22477.108771929823 22506.44210526316 4764.8923976608185 4794.225730994152 5438.529824561403 5467.863157894737 
22304.777777777777 22333.80701754386 4909.421052631579 4938.450292397661 5338.888888888889 5367.918128654971 
21457.530994152046 21486.004678362573 4872.829239766082 4901.302923976608 5182.776608187134 5211.250292397661 
21548.54269005848 21577.098245614034 5083.261988304093 5111.817543859649 5480.52514619883 5509.080701754386 
21293.646783625732 21321.798830409356 4732.956725146199 4761.108771929825 5050.483040935673 5078.635087719298 
21639.22807017544 21667.444444444445 4853.783625730995 4882.0 5284.0526315789475 5312.269005847953 
21583.962573099416 21612.225730994152 4753.611695906433 4781.87485380117 5528.3309941520465 5556.594152046784 
21326.727485380117 21354.984795321638 4881.581286549707 4909.838596491228 5088.12514619883 5116.382456140351 
22165.55789473684 22194.031578947368 4688.283040935673 4716.756725146199 5609.470175438597 5637.943859649123 
21382.748538011696 21411.187134502925 4844.204678362573 4872.643274853801 5279.105263157895 5307.543859649123 
21642.204678362574 21670.573099415204 4869.4269005847955 4897.795321637427 5253.356725146199 5281.725146198831 
21444.302923976607 21472.484210526316 4848.092397660818 4876.273684210526 5508.425730994152 5536.60701754386 
22005.527485380117 22034.077192982455 4966.024561403508 4994.574269005848 5458.141520467836 5486.691228070175 
22186.123976608185 22215.05380116959 4803.615204678363 4832.545029239766 5176.66783625731 5205.597660818714 
22168.353216374268 22197.458479532164 4771.616374269006 4800.721637426901 5690.569590643275 5719.67485380117 
21570.92046783626 21599.201169590644 4840.873684210526 4869.154385964912 5488.3766081871345 5516.657309941521 
21776.320467836256 21804.887719298247 4795.560233918129 4824.127485380117 5360.501754385965 5389.069005847953 
21697.900584795323 21726.473684210527 4892.672514619883 4921.245614035088 5563.5321637426905 5592.105263157895 
