25984.756435643565 26013.281188118814 6118.018811881188 6146.543564356436 6814.845544554455 6843.370297029703 
26174.657425742575 26203.167326732673 5859.469306930693 5887.979207920792 6372.528712871287 6401.038613861386 
25736.61485148515 25764.659405940594 5909.40693069307 5937.451485148515 6735.951485148515 6763.9960396039605 
26070.566336633663 26098.482178217822 5959.056435643564 5986.972277227723 6679.318811881188 6707.234653465346 
26104.8 26133.69603960396 5851.760396039604 5880.656435643565 6507.681188118812 6536.5772277227725 
26031.963366336633 26060.235643564356 6112.106930693069 6140.379207920792 6699.616831683168 6727.889108910891 
25679.071287128714 25707.40792079208 5879.00198019802 5907.338613861386 6440.784158415841 6469.120792079208 
26088.363366336634 26116.368316831682 6176.511881188118 6204.516831683169 6625.234653465346 6653.239603960396 
26367.013861386138 26396.137623762377 5999.6871287128715 6028.810891089109 6830.2910891089105 6859.414851485149 
26092.4 26121.09801980198 5850.810891089109 5879.508910891089 6546.786138613861 6575.484158415841 
26025.039603960395 26053.420792079207 5869.6435643564355 5898.024752475248 7092.059405940594 7120.440594059406 
26283.958415841586 26312.785148514853 6147.106930693069 6175.933663366337 6819.493069306931 6848.3198019801985 
25497.50792079208 25525.532673267327 6140.775247524753 6168.8 6467.00297029703 6495.027722772277 
26296.536633663367 26325.22475247525 6059.719801980198 6088.4079207920795 6936.061386138614 6964.749504950495 
24972.680198019803 25000.353465346536 6179.4227722772275 6207.09603960396 6342.739603960396 6370.412871287129 
26050.291089108912 26078.49900990099 6066.939603960396 6095.147524752475 6814.627722772278 6842.835643564356 
26124.457425742574 26152.99702970297 6068.289108910891 6096.828712871287 6425.2 6453.739603960396 
25424.20594059406 25452.18118811881 5992.39900990099 6020.374257425742 6366.8 6394.775247524753 
25878.239603960395 25906.338613861386 6037.477227722772 6065.576237623763 6902.140594059406 6930.239603960396 
25939.864356435643 25968.20594059406 5924.314851485148 5952.656435643565 6269.141584158416 6297.483168316831 
25281.754455445545 25309.853465346536 5892.89801980198 5920.99702970297 6484.140594059406 6512.239603960396 
25514.7099009901 25542.76930693069 5951.462376237624 5979.521782178218 6638.640594059406 6666.7 
25678.59108910891 25707.140594059405 6082.328712871287 6110.8782178217825 6750.234653465346 6778.784158415841 
25649.019801980197 25677.534653465347 5954.504950495049 5983.019801980198 6523.089108910891 6551.60396039604 
24986.864356435643 25014.864356435643 5917.849504950495 5945.849504950495 6892.8049504950495 6920.8049504950495 
25891.71584158416 25919.953465346534 6146.626732673268 6174.8643564356435 6864.20099009901 6892.438613861386 
25614.657425742575 25642.59801980198 6017.380198019802 6045.320792079208 6707.90495049505 6735.845544554455 
25749.01485148515 25777.18316831683 5919.514851485149 5947.683168316832 6864.460396039604 6892.6287128712875 
26026.37821782178 26054.536633663367 5959.1356435643565 5987.294059405941 6575.853465346535 6604.011881188118 
26576.558415841584 26605.464356435645 6081.2613861386135 6110.167326732673 6675.192079207921 6704.098019801981 
25932.635643564357 25960.967326732673 5882.630693069307 5910.962376237624 6740.863366336634 6769.1950495049505 
25277.30792079208 25304.941584158416 6096.892079207921 6124.5257425742575 6660.030693069307 6687.664356435644 
26193.263366336632 26222.768316831683 6059.961386138614 6089.466336633664 6591.807920792079 6621.3128712871285 
25770.342574257425 25798.609900990097 6156.392079207921 6184.659405940594 6703.788118811881 6732.0554455445545 
26386.80495049505 26415.418811881187 6026.50297029703 6055.116831683168 6532.814851485148 6561.428712871287 
25637.354455445544 25665.126732673267 5756.829702970297 5784.60198019802 6064.3049504950495 6092.0772277227725 
25461.30396039604 25489.868316831682 6198.873267326732 6227.4376237623765 6615.719801980198 6644.284158415841 
25953.39702970297 25981.609900990097 6222.827722772277 6251.0405940594055 6601.901980198019 6630.114851485148 
25875.291089108912 25903.672277227724 6021.820792079208 6050.20198019802 6874.429702970297 6902.810891089109 
26413.76930693069 26442.01683168317 5916.60594059406 5944.853465346535 6345.521782178218 6373.769306930693 
26227.30396039604 26255.843564356437 6045.764356435644 6074.30396039604 6838.145544554455 6866.685148514852 
26272.19207920792 26300.68712871287 5989.177227722772 6017.672277227723 6465.132673267327 6493.627722772278 
25488.684158415843 25516.6198019802 6001.0405940594055 6028.976237623762 6585.654455445545 6613.590099009901 
26207.68316831683 26236.059405940596 5909.950495049505 5938.3267326732675 6848.6435643564355 6877.019801980198 
25528.91188118812 25557.218811881186 6061.530693069307 6089.837623762376 6691.139603960396 6719.446534653465 
25567.831683168315 25596.371287128713 6089.40594059406 6117.945544554455 6788.0990099009905 6816.638613861386 
25967.941584158416 25995.99108910891 5906.189108910891 5934.2386138613865 6494.159405940594 6522.2089108910895 
25911.4900990099 25939.519801980197 6026.351485148515 6054.381188118812 6349.420792079208 6377.450495049505 
26205.246534653466 26234.083168316833 6270.706930693069 6299.543564356436 6654.7316831683165 6683.568316831683 
26379.19306930693 26407.935643564357 6031.346534653465 6060.089108910891 6556.30198019802 6585.044554455446 
