28086.519090909092 28114.905454545453 6559.887272727273 6588.273636363637 6970.891818181818 6999.278181818182 
28310.92818181818 28339.264545454545 6736.646363636363 6764.982727272727 7652.400909090909 7680.737272727272 
28396.36090909091 28424.46090909091 6412.5881818181815 6440.688181818182 7267.97 7296.07 
28019.257272727275 28047.352727272726 6726.057272727273 6754.152727272727 7275.639090909091 7303.734545454546 
28702.392727272727 28731.30181818182 6629.1336363636365 6658.0427272727275 7554.347272727273 7583.256363636364 
28252.28181818182 28280.30909090909 6634.409090909091 6662.436363636363 7544.509090909091 7572.536363636364 
29008.446363636365 29037.596363636363 6852.723636363637 6881.873636363636 7961.573636363636 7990.723636363637 
29119.076363636363 29147.476363636364 6752.862727272727 6781.262727272728 7726.14 7754.54 
28036.825454545455 28064.74818181818 6744.757272727273 6772.68 7168.270909090909 7196.193636363636 
28179.10818181818 28206.999090909092 6751.571818181818 6779.4627272727275 7286.3718181818185 7314.262727272728 
27989.32181818182 28017.735454545455 6669.844545454545 6698.258181818182 7401.6218181818185 7430.035454545455 
28452.03181818182 28480.427272727273 6758.2 6786.595454545454 7245.731818181818 7274.127272727273 
27787.146363636362 27814.91 6744.932727272727 6772.6963636363635 7004.282727272727 7032.046363636364 
27427.134545454544 27454.843636363636 6551.216363636364 6578.925454545454 7333.989090909091 7361.698181818182 
28365.435454545455 28393.794545454544 6796.253636363636 6824.612727272727 7512.19 7540.549090909091 
27798.425454545453 27826.23 6713.348181818182 6741.152727272727 7348.225454545454 7376.03 
28364.02909090909 28392.851818181818 6768.5654545454545 6797.388181818182 7357.510909090909 7386.333636363636 
28929.80909090909 28958.177272727273 6533.359090909091 6561.727272727273 7207.472727272727 7235.840909090909 
28171.88 28199.63 6649.520909090909 6677.270909090909 7126.898181818182 7154.648181818182 
28698.475454545456 28727.143636363635 6843.58 6872.248181818181 7753.575454545455 7782.243636363636 
28561.603636363638 28589.735454545455 6854.817272727273 6882.949090909091 7288.485454545455 7316.617272727272 
27963.462727272727 27991.526363636363 6816.012727272728 6844.076363636364 7583.726363636363 7611.79 
28578.926363636365 28607.40818181818 6601.349090909091 6629.830909090909 7872.717272727273 7901.199090909091 
29011.2 29039.81818181818 6852.713636363636 6881.331818181819 7687.6 7716.218181818182 
27953.105454545454 27981.078181818182 6930.691818181818 6958.664545454545 7117.478181818182 7145.450909090909 
27932.55181818182 27960.09727272727 6759.106363636363 6786.651818181818 6811.397272727273 6838.942727272727 
27937.464545454546 27965.62818181818 6536.555454545454 6564.7190909090905 7632.773636363637 7660.937272727273 
28517.78181818182 28546.30909090909 6696.077272727272 6724.604545454546 7347.881818181818 7376.409090909091 
27914.15090909091 27942.064545454545 6602.737272727272 6630.650909090909 7176.769090909091 7204.682727272727 
28119.696363636365 28148.11909090909 6785.519090909091 6813.941818181818 7340.505454545455 7368.928181818182 
28727.483636363635 28756.183636363636 6723.0654545454545 6751.765454545454 7376.1563636363635 7404.856363636363 
28219.348181818183 28247.507272727275 6446.78 6474.939090909091 7451.293636363636 7479.452727272727 
28342.111818181816 28370.225454545456 6808.5027272727275 6836.6163636363635 6850.975454545454 6879.089090909091 
28337.938181818183 28366.242727272725 6716.424545454545 6744.729090909091 7327.2472727272725 7355.551818181818 
28742.713636363635 28771.163636363635 6654.731818181818 6683.181818181818 7560.368181818182 7588.818181818182 
28491.903636363637 28519.971818181817 6853.235454545455 6881.3036363636365 7158.930909090909 7186.999090909091 
27836.384545454544 27864.648181818182 6735.134545454545 6763.398181818182 7117.020909090909 7145.284545454546 
28599.192727272726 28627.988181818182 6557.033636363636 6585.829090909091 7429.829090909091 7458.624545454545 
28436.846363636363 28464.973636363637 6647.214545454545 6675.341818181818 7415.419090909091 7443.546363636364 
28024.78818181818 28052.82 6888.606363636363 6916.638181818182 7082.897272727273 7110.9290909090905 
28134.29090909091 28162.55 6591.945454545455 6620.204545454545 7070.572727272727 7098.831818181819 
28687.156363636364 28715.54727272727 6518.751818181819 6547.142727272727 7079.010909090909 7107.401818181818 
28379.160909090908 28407.388181818184 6609.842727272728 6638.07 7335.17 7363.397272727273 
28284.586363636365 28312.904545454545 6628.363636363636 6656.681818181818 7284.85 7313.168181818181 
27924.97909090909 27952.62909090909 6686.17 6713.82 7270.097272727273 7297.7472727272725 
28536.43090909091 28565.326363636363 6701.185454545454 6730.080909090909 7792.74 7821.635454545454 
28999.185454545455 29027.721818181817 6886.217272727273 6914.753636363636 7403.849090909091 7432.385454545454 
28141.499090909092 28169.876363636362 6501.817272727273 6530.194545454546 7611.071818181818 7639.449090909091 
28849.727272727272 28878.6 6810.095454545454 6838.968181818182 7297.090909090909 7325.963636363636 
28621.862727272728 28650.11727272727 6587.721818181818 6615.976363636363 7188.226363636363 7216.480909090909 
