18766.323376623375 18793.933766233768 4158.537662337662 4186.148051948052 4744.492207792207 4772.102597402597 
19551.581818181818 19580.146753246754 4236.672727272728 4265.237662337662 4579.244155844156 4607.809090909091 
19478.737662337662 19507.003896103895 4338.763636363637 4367.02987012987 4600.348051948052 4628.614285714286 
19339.087012987013 19367.580519480518 4263.561038961039 4292.054545454545 4628.71038961039 4657.203896103896 
19100.725974025972 19128.589610389612 4198.1675324675325 4226.0311688311685 4623.544155844156 4651.407792207792 
18881.31818181818 18909.032467532466 4297.603896103896 4325.318181818182 4480.331168831169 4508.045454545455 
19104.624675324674 19133.092207792208 4227.228571428572 4255.6961038961035 4937.806493506493 4966.274025974026 
19480.694805194806 19508.909090909092 4167.837662337663 4196.051948051948 4655.538961038961 4683.7532467532465 
19167.2987012987 19195.584415584417 4227.409090909091 4255.694805194805 4707.207792207792 4735.493506493506 
19666.77012987013 19695.562337662337 4353.815584415584 4382.607792207792 4807.393506493507 4836.185714285714 
19498.566233766232 19527.455844155844 4256.6961038961035 4285.585714285714 4581.189610389611 4610.079220779221 
18986.33896103896 19014.31948051948 4165.287012987013 4193.267532467533 4910.248051948052 4938.228571428572 
19273.74025974026 19302.155844155845 4235.876623376624 4264.292207792208 4646.025974025974 4674.441558441558 
19314.092207792208 19342.254545454547 4021.631168831169 4049.7935064935064 4529.91038961039 4558.072727272727 
19814.758441558442 19843.583116883117 4373.414285714286 4402.238961038961 4589.836363636364 4618.661038961039 
19289.194805194806 19317.077922077922 4086.883116883117 4114.766233766234 4315.038961038961 4342.922077922078 
19336.157142857144 19364.514285714286 4252.579220779221 4280.936363636363 4555.5597402597405 4583.916883116883 
19300.580519480518 19328.996103896105 4017.2818181818184 4045.6974025974027 4593.515584415584 4621.931168831169 
19761.716883116882 19790.418181818182 4018.1974025974027 4046.8987012987013 4656.703896103896 4685.405194805195 
19306.385714285716 19335.11948051948 4171.574025974026 4200.307792207792 4537.541558441559 4566.275324675325 
19720.61038961039 19749.214285714286 4152.909090909091 4181.512987012987 4818.493506493506 4847.097402597403 
19385.974025974025 19414.55844155844 4092.8246753246754 4121.409090909091 4337.948051948052 4366.532467532467 
19300.420779220778 19328.732467532467 4269.264935064935 4297.5766233766235 4761.58961038961 4789.901298701298 
19553.28961038961 19581.432467532468 4113.711688311689 4141.854545454546 4841.120779220779 4869.263636363637 
18857.412987012987 18885.36103896104 4017.614285714286 4045.5623376623375 4516.075324675325 4544.023376623377 
19237.748051948052 19266.33246753247 4104.176623376623 4132.761038961039 4724.8 4753.384415584415 
19319.2 19348.063636363637 4058.4207792207794 4087.2844155844155 4663.745454545455 4692.609090909091 
19932.664935064935 19961.294805194804 4197.859740259741 4226.489610389611 4620.444155844156 4649.074025974026 
19057.14025974026 19085.224675324676 4109.848051948052 4137.932467532468 4465.867532467532 4493.951948051948 
19045.251948051948 19073.284415584414 4073.8493506493505 4101.881818181818 4462.433766233767 4490.466233766234 
19644.797402597404 19673.84935064935 4280.82987012987 4309.881818181818 4585.381818181818 4614.433766233767 
19617.555844155842 19645.945454545454 4132.484415584416 4160.874025974026 4750.945454545455 4779.335064935065 
19395.785714285714 19424.272727272728 4204.383116883117 4232.87012987013 4808.564935064935 4837.051948051948 
19557.7987012987 19586.18181818182 4192.525974025974 4220.909090909091 5054.357142857143 5082.74025974026 
19865.525974025975 19894.70779220779 4186.032467532467 4215.214285714285 4533.175324675325 4562.357142857143 
19327.748051948052 19356.248051948052 4100.377922077922 4128.877922077922 4595.046753246753 4623.546753246753 
19502.683116883116 19531.202597402596 4211.8 4240.319480519481 4686.748051948052 4715.267532467533 
19262.446753246753 19290.914285714287 4037.557142857143 4066.024675324675 4600.407792207792 4628.875324675325 
19332.67012987013 19361.014285714286 4160.222077922078 4188.566233766233 4574.020779220779 4602.364935064935 
19098.53116883117 19126.693506493506 4153.550649350649 4181.712987012987 4635.414285714286 4663.5766233766235 
19464.425974025973 19492.484415584415 4153.938961038961 4181.9974025974025 4600.062337662338 4628.120779220779 
19834.79220779221 19863.409090909092 4203.75974025974 4232.376623376624 4664.142857142857 4692.75974025974 
20103.277922077923 20131.9987012987 4130.687012987013 4159.407792207792 4882.057142857143 4910.777922077922 
19345.064935064936 19373.324675324675 3993.8311688311687 4022.090909090909 4702.701298701299 4730.961038961039 
19370.935064935064 19399.37012987013 4160.0 4188.435064935065 4397.116883116883 4425.551948051948 
19053.225974025972 19081.336363636365 4113.122077922078 4141.232467532467 4470.057142857143 4498.1675324675325 
19118.355844155845 19146.66103896104 4061.3103896103894 4089.6155844155846 4322.368831168831 4350.674025974026 
19088.63246753247 19116.82077922078 4106.21038961039 4134.398701298701 4588.515584415584 4616.703896103896 
19330.454545454544 19358.948051948053 4028.811688311688 4057.305194805195 4612.363636363636 4640.857142857143 
19012.82987012987 19040.044155844156 4233.492207792207 4260.706493506494 4681.128571428571 4708.342857142857 
