5495.388235294117 5523.6627450980395 473.15294117647056 501.42745098039217 574.9764705882353 603.2509803921569 
4957.450980392156 4985.313725490196 585.6274509803922 613.4901960784314 702.4901960784314 730.3529411764706 
4760.470588235294 4788.0 383.078431372549 410.6078431372549 490.01960784313724 517.5490196078431 
5423.9254901960785 5453.062745098039 470.278431372549 499.4156862745098 610.3372549019608 639.4745098039216 
5144.156862745098 5172.254901960784 475.3921568627451 503.4901960784314 539.7843137254902 567.8823529411765 
5227.7764705882355 5255.207843137255 391.58039215686273 419.01176470588234 621.913725490196 649.3450980392157 
5273.694117647059 5302.439215686274 414.4392156862745 443.1843137254902 531.7529411764706 560.4980392156863 
5408.105882352941 5436.086274509804 624.9098039215686 652.8901960784314 817.9686274509804 845.9490196078432 
5390.992156862745 5419.305882352941 517.521568627451 545.8352941176471 932.9725490196079 961.2862745098039 
5182.129411764706 5209.717647058824 373.5098039215686 401.0980392156863 537.521568627451 565.1098039215686 
5185.2235294117645 5214.321568627451 528.8901960784314 557.9882352941177 715.3607843137255 744.4588235294118 
5247.019607843137 5275.137254901961 456.5686274509804 484.6862745098039 531.3529411764706 559.4705882352941 
5542.956862745098 5572.839215686275 540.6235294117647 570.5058823529412 675.8 705.6823529411764 
5337.64705882353 5365.921568627451 534.3921568627451 562.6666666666666 522.1764705882352 550.4509803921569 
5297.584313725491 5324.937254901961 447.66274509803924 475.0156862745098 524.8980392156863 552.2509803921569 
5328.01568627451 5356.564705882353 523.4078431372549 551.9568627450981 608.1921568627452 636.7411764705882 
5297.5921568627455 5325.317647058823 432.82745098039214 460.5529411764706 562.8666666666667 590.5921568627451 
4991.070588235294 5017.835294117647 406.9921568627451 433.75686274509803 642.0313725490196 668.7960784313725 
5218.274509803921 5246.882352941177 441.2352941176471 469.84313725490193 682.0980392156863 710.7058823529412 
5196.050980392157 5225.501960784314 395.2274509803922 424.678431372549 729.4039215686274 758.8549019607843 
5187.38431372549 5215.658823529412 480.3843137254902 508.6588235294118 615.0509803921568 643.3254901960785 
5577.61568627451 5606.96862745098 465.41960784313727 494.7725490196078 602.6941176470589 632.0470588235294 
5325.105882352941 5353.537254901961 452.3607843137255 480.7921568627451 681.086274509804 709.5176470588235 
5311.717647058824 5339.913725490196 412.58039215686273 440.77647058823527 470.36470588235295 498.5607843137255 
5041.431372549019 5068.392156862745 296.4901960784314 323.45098039215685 467.29411764705884 494.2549019607843 
5221.133333333333 5250.01568627451 453.5450980392157 482.42745098039217 738.643137254902 767.5254901960784 
5322.780392156863 5351.545098039216 520.4470588235295 549.2117647058824 741.1921568627452 769.9568627450981 
5230.2 5257.474509803921 383.2392156862745 410.51372549019607 638.964705882353 666.2392156862745 
5540.619607843138 5570.247058823529 458.79607843137256 488.4235294117647 714.4823529411765 744.1098039215686 
5230.0392156862745 5257.901960784314 430.11764705882354 457.98039215686276 523.6274509803922 551.4901960784314 
5455.533333333334 5485.239215686274 626.5529411764705 656.2588235294118 890.2980392156862 920.0039215686274 
5028.176470588235 5056.882352941177 395.1764705882353 423.88235294117646 433.6470588235294 462.3529411764706 
5058.219607843137 5085.905882352941 491.4549019607843 519.1411764705882 602.8274509803922 630.5137254901961 
5263.423529411764 5291.874509803922 467.3843137254902 495.83529411764704 619.443137254902 647.8941176470588 
5261.062745098039 5289.160784313725 426.69019607843137 454.78823529411767 556.7294117647059 584.8274509803922 
4932.003921568627 4959.043137254902 394.2 421.2392156862745 653.3960784313725 680.435294117647 
5529.862745098039 5558.137254901961 440.3921568627451 468.6666666666667 910.4313725490196 938.7058823529412 
5320.023529411765 5348.905882352941 508.2392156862745 537.121568627451 864.0823529411765 892.964705882353 
4823.83137254902 4851.007843137255 452.8313725490196 480.0078431372549 414.5176470588235 441.6941176470588 
5024.996078431373 5053.01568627451 460.0352941176471 488.0549019607843 575.878431372549 603.8980392156863 
5180.976470588235 5208.839215686275 525.8980392156863 553.7607843137255 621.1921568627452 649.0549019607843 
5247.21568627451 5275.941176470588 463.05882352941177 491.7843137254902 656.6078431372549 685.3333333333334 
4930.458823529411 4959.517647058824 393.41960784313727 422.47843137254904 571.6156862745098 600.6745098039215 
5391.749019607843 5421.435294117647 602.3960784313725 632.0823529411765 742.9450980392157 772.6313725490196 
5261.658823529412 5289.756862745098 324.75686274509803 352.85490196078433 456.3843137254902 484.4823529411765 
5165.498039215686 5193.694117647059 422.7529411764706 450.9490196078431 604.4196078431372 632.6156862745098 
4923.9254901960785 4951.435294117647 429.43529411764706 456.9450980392157 529.8666666666667 557.3764705882353 
5070.603921568628 5098.4078431372545 588.4549019607844 616.2588235294118 740.0745098039216 767.878431372549 
5428.007843137255 5457.007843137255 451.0078431372549 480.0078431372549 777.9098039215686 806.9098039215686 
5171.305882352941 5200.129411764706 451.2470588235294 480.0705882352941 524.9725490196079 553.7960784313725 
