10507.978021978022 10536.142857142857 1819.9120879120878 1848.076923076923 1903.3736263736264 1931.5384615384614 
10706.654945054945 10735.281318681318 1722.2043956043956 1750.8307692307692 2204.2263736263735 2232.852747252747 
10636.162637362637 10664.437362637362 1753.4373626373626 1781.712087912088 2308.5692307692307 2336.843956043956 
10696.430769230768 10724.694505494506 1727.09010989011 1755.3538461538462 2085.276923076923 2113.540659340659 
10907.327472527473 10936.184615384615 1865.9978021978022 1894.8549450549451 2047.2725274725274 2076.1296703296703 
10903.503296703297 10931.810989010988 1687.90989010989 1716.2175824175824 1895.9318681318682 1924.2395604395604 
10795.27032967033 10824.017582417582 2034.446153846154 2063.1934065934065 2179.610989010989 2208.3582417582415 
10532.107692307693 10559.942857142858 1706.90989010989 1734.745054945055 2043.9868131868132 2071.821978021978 
10649.745054945055 10678.085714285715 1849.1516483516484 1877.4923076923078 2132.459340659341 2160.8 
10629.982417582418 10657.806593406593 1704.7736263736265 1732.5978021978021 1970.6967032967034 1998.520879120879 
10704.204395604396 10732.116483516484 1930.0065934065933 1957.9186813186814 1986.0395604395605 2013.9516483516484 
10587.10989010989 10615.351648351649 1799.0549450549452 1827.2967032967033 2091.4065934065934 2119.6483516483518 
10759.268131868132 10787.872527472528 1853.1912087912087 1881.7956043956044 2208.4879120879123 2237.0923076923077 
10557.826373626374 10586.87032967033 1890.6725274725275 1919.7164835164835 2199.5956043956044 2228.6395604395602 
10475.362637362638 10502.956043956045 1599.7582417582419 1627.3516483516485 2059.923076923077 2087.5164835164837 
10523.276923076923 10551.573626373627 1906.287912087912 1934.5846153846153 2256.606593406593 2284.9032967032967 
10364.540659340659 10392.1010989011 1882.5956043956044 1910.156043956044 1913.4747252747252 1941.0351648351648 
10643.156043956044 10671.386813186813 1866.7274725274726 1894.9582417582417 2142.024175824176 2170.254945054945 
10409.468131868132 10437.556043956043 1789.0835164835164 1817.1714285714286 1981.0395604395605 2009.1274725274725 
10666.14065934066 10694.261538461538 1892.712087912088 1920.832967032967 2003.778021978022 2031.8989010989012 
10220.048351648351 10247.96043956044 1746.1912087912087 1774.1032967032968 1942.7186813186813 1970.6307692307691 
10685.595604395605 10714.243956043956 1784.2769230769231 1812.9252747252747 2354.7054945054947 2383.353846153846 
10745.8 10775.041758241758 1890.0417582417583 1919.2835164835165 2160.3824175824175 2189.624175824176 
10598.136263736264 10626.432967032966 1760.7736263736265 1789.0703296703298 2256.8945054945057 2285.1912087912087 
10841.054945054944 10869.263736263736 1844.043956043956 1872.2527472527472 1990.8021978021977 2019.010989010989 
10464.27032967033 10492.03956043956 1823.1384615384616 1850.9076923076923 2159.468131868132 2187.237362637363 
10803.49010989011 10832.523076923077 2025.589010989011 2054.621978021978 2269.567032967033 2298.6 
10913.432967032966 10942.531868131868 1939.5868131868133 1968.6857142857143 2025.1142857142856 2054.213186813187 
10611.171428571428 10638.995604395604 1890.4351648351649 1918.2593406593408 2250.632967032967 2278.457142857143 
10423.846153846154 10452.362637362638 1980.0 2008.5164835164835 2227.5714285714284 2256.087912087912 
10712.34065934066 10741.296703296703 1858.1538461538462 1887.10989010989 2244.5494505494507 2273.5054945054944 
10910.874725274725 10939.281318681318 1881.7428571428572 1910.1494505494506 2251.698901098901 2280.1054945054943 
10649.986813186813 10677.78901098901 1610.701098901099 1638.5032967032967 1910.942857142857 1938.745054945055 
10008.12087912088 10035.516483516483 1845.2857142857142 1872.6813186813188 2007.956043956044 2035.3516483516485 
11002.920879120878 11031.657142857142 1661.2505494505494 1689.9868131868132 2055.876923076923 2084.613186813187 
10476.096703296704 10503.887912087912 1771.4593406593406 1799.2505494505494 1997.4703296703296 2025.2615384615385 
10799.624175824176 10827.558241758241 1757.6571428571428 1785.5912087912088 1898.2505494505494 1926.1846153846154 
10861.927472527472 10890.048351648351 1759.8395604395605 1787.9604395604395 2211.0153846153844 2239.1362637362636 
10257.676923076922 10285.907692307692 1684.3802197802197 1712.610989010989 2166.391208791209 2194.621978021978 
10954.167032967032 10982.628571428571 1840.5186813186813 1868.9802197802198 2320.0461538461536 2348.507692307692 
10565.2989010989 10593.364835164835 2022.5956043956044 2050.6615384615384 2061.573626373626 2089.6395604395602 
10879.492307692308 10907.865934065934 1883.5362637362637 1911.90989010989 2157.613186813187 2185.9868131868134 
10883.556043956043 10912.050549450549 1897.0725274725276 1925.567032967033 1868.0285714285715 1896.5230769230768 
10769.353846153846 10797.727472527473 1790.331868131868 1818.7054945054945 2169.254945054945 2197.6285714285714 
10463.004395604396 10491.08131868132 1751.6747252747252 1779.7516483516483 1877.7186813186813 1905.7956043956044 
10797.448351648352 10826.096703296704 1666.5912087912088 1695.2395604395604 2137.393406593407 2166.041758241758 
10749.775824175824 10777.984615384616 1789.1384615384616 1817.3472527472527 2092.2483516483517 2120.457142857143 
10696.810989010988 10725.272527472527 1882.5142857142857 1910.975824175824 2064.0527472527474 2092.5142857142855 
10776.78021978022 10805.45054945055 1714.076923076923 1742.7472527472528 2014.6153846153845 2043.2857142857142 
10921.694505494506 10950.32087912088 1952.4637362637363 1981.09010989011 2133.2659340659343 2161.892307692308 
