4255.528888888889 4283.995555555555 194.4622222222222 222.92888888888888 499.7288888888889 528.1955555555555 
4442.648888888889 4471.604444444444 249.80444444444444 278.76 465.73777777777775 494.6933333333333 
4493.8133333333335 4522.1466666666665 349.9688888888889 378.3022222222222 420.3688888888889 448.70222222222225 
4435.36 4463.76 342.8933333333333 371.29333333333335 550.76 579.16 
4463.546666666667 4491.991111111111 309.88 338.32444444444445 481.48 509.9244444444444 
4374.626666666667 4402.96 324.76 353.0933333333333 407.2711111111111 435.6044444444444 
4101.684444444444 4128.684444444444 334.59555555555556 361.59555555555556 447.88444444444445 474.88444444444445 
4485.982222222222 4514.893333333333 256.1822222222222 285.0933333333333 501.73777777777775 530.6488888888889 
4595.168888888889 4623.013333333333 341.14666666666665 368.99111111111114 443.0133333333333 470.85777777777776 
4352.217777777778 4379.928888888889 339.12888888888887 366.84 432.24 459.9511111111111 
4426.022222222222 4453.933333333333 214.75555555555556 242.66666666666666 366.5777777777778 394.4888888888889 
4430.115555555555 4458.0488888888885 360.6933333333333 388.62666666666667 566.76 594.6933333333334 
4260.928888888889 4288.2844444444445 231.21777777777777 258.5733333333333 340.37333333333333 367.7288888888889 
4347.124444444445 4375.257777777778 288.5022222222222 316.6355555555556 489.5022222222222 517.6355555555556 
4687.431111111111 4714.8533333333335 296.4977777777778 323.92 429.4977777777778 456.92 
4421.6 4450.555555555556 334.6 363.55555555555554 339.1777777777778 368.1333333333333 
4434.293333333333 4462.982222222222 344.31555555555553 373.00444444444446 446.9377777777778 475.62666666666667 
4583.8533333333335 4613.675555555556 314.09777777777776 343.92 533.0755555555555 562.8977777777778 
4483.524444444444 4512.168888888889 364.65777777777777 393.3022222222222 512.3022222222222 540.9466666666667 
4110.897777777778 4139.053333333333 252.0311111111111 280.18666666666667 451.4088888888889 479.56444444444446 
4688.808888888889 4717.808888888889 310.67555555555555 339.67555555555555 448.43111111111114 477.43111111111114 
4121.351111111111 4149.395555555556 253.54666666666665 281.5911111111111 358.79555555555555 386.84 
4025.8755555555554 4053.92 303.72 331.76444444444445 377.09777777777776 405.14222222222224 
4599.022222222222 4627.311111111111 361.3777777777778 389.6666666666667 468.3333333333333 496.6222222222222 
4497.4 4526.555555555556 289.35555555555555 318.5111111111111 439.8666666666667 469.02222222222224 
4436.937777777778 4464.115555555555 217.91555555555556 245.09333333333333 441.2711111111111 468.4488888888889 
4021.84 4049.64 359.37333333333333 387.17333333333335 415.64 443.44 
4226.742222222222 4254.142222222222 259.72 287.12 411.1644444444444 438.56444444444446 
4456.182222222223 4485.2266666666665 272.80444444444447 301.8488888888889 439.1377777777778 468.1822222222222 
4427.32 4454.697777777777 310.8311111111111 338.2088888888889 510.72 538.0977777777778 
4410.488888888889 4438.6 210.46666666666667 238.57777777777778 468.68888888888887 496.8 
4454.386666666666 4483.164444444445 254.87555555555556 283.6533333333333 391.12 419.8977777777778 
4281.9511111111115 4310.928888888889 295.1511111111111 324.12888888888887 404.9066666666667 433.88444444444445 
4212.493333333333 4239.826666666667 316.24888888888887 343.58222222222224 380.16 407.49333333333334 
4570.564444444444 4599.053333333333 201.67555555555555 230.16444444444446 387.6977777777778 416.18666666666667 
4274.515555555556 4302.515555555556 226.76 254.76 417.4266666666667 445.4266666666667 
4423.444444444444 4451.288888888889 275.06666666666666 302.9111111111111 432.1777777777778 460.02222222222224 
4367.822222222222 4396.288888888889 321.73333333333335 350.2 409.84444444444443 438.31111111111113 
4728.004444444445 4756.693333333334 344.87111111111113 373.56 617.4044444444445 646.0933333333334 
4510.72 4537.897777777778 263.09777777777776 290.27555555555557 407.05333333333334 434.2311111111111 
4096.488888888889 4123.0888888888885 221.57777777777778 248.17777777777778 403.0888888888889 429.68888888888887 
4110.466666666666 4137.866666666667 253.37777777777777 280.77777777777777 385.8666666666667 413.26666666666665 
4156.977777777778 4184.888888888889 286.02222222222224 313.93333333333334 488.68888888888887 516.6 
4392.235555555556 4421.057777777778 316.90222222222224 345.72444444444443 457.94666666666666 486.7688888888889 
4125.751111111111 4152.906666666667 290.70666666666665 317.8622222222222 408.84 435.99555555555554 
4642.68 4672.28 277.41333333333336 307.0133333333333 451.32444444444445 480.9244444444444 
4363.346666666666 4391.013333333333 357.72444444444443 385.3911111111111 465.0577777777778 492.72444444444443 
4423.6577777777775 4453.48 309.6355555555556 339.4577777777778 457.28 487.1022222222222 
4230.3422222222225 4258.386666666666 296.8088888888889 324.85333333333335 413.1644444444444 441.2088888888889 
4468.1466666666665 4496.546666666667 264.1688888888889 292.56888888888886 451.5911111111111 479.99111111111114 
