46579.6939481268 46608.18097982709 11608.604610951008 11637.091642651298 12899.299135446687 12927.786167146975 
45689.276657060516 45717.77809798271 11647.547550432277 11676.048991354466 12526.21902017291 12554.720461095101 
44252.58501440922 44280.023054755045 11306.07204610951 11333.510086455331 12182.265129682997 12209.703170028819 
45989.219596541785 46017.74409221902 11449.271469740634 11477.795965417867 12982.306051873198 13010.830547550433 
46068.6939481268 46097.26455331412 11471.544092219021 11500.11469740634 12810.633429394813 12839.204034582133 
45788.83515850144 45817.402881844384 11584.359654178674 11612.927377521613 12554.32507204611 12582.892795389049 
45328.092219020175 45356.23631123919 11492.28242074928 11520.426512968299 12872.389048991354 12900.533141210375 
46110.69452449568 46139.44956772334 11580.487031700288 11609.242074927954 13057.971181556197 13086.726224783863 
45751.12795389049 45779.68703170029 11447.580403458212 11476.139481268012 12741.586167146974 12770.145244956773 
45304.24726224784 45332.26455331412 11626.567146974063 11654.584438040345 12214.348126801153 12242.365417867435 
46487.37060518732 46515.906628242075 11306.36195965418 11334.897982708933 12338.86628242075 12367.402305475503 
46069.48069164265 46097.63342939481 11649.774639769452 11677.927377521613 12506.497982708934 12534.650720461095 
45993.077233429394 46021.35389048991 11584.319308357348 11612.595965417868 12811.83515850144 12840.111815561959 
46215.09913544668 46243.603458213256 11750.024207492796 11778.528530259366 12906.433429394812 12934.937752161382 
46995.75504322766 47024.64553314121 11800.216138328531 11829.106628242074 13190.305475504323 13219.195965417868 
45765.76772334294 45794.102017291065 11439.021325648415 11467.355619596541 12783.2 12811.534293948127 
45425.18097982709 45453.32219020173 11770.080115273775 11798.221325648416 12087.985014409222 12116.126224783862 
46020.522766570604 46048.63227665706 11496.358501440922 11524.468011527377 12827.153890489913 12855.263400576368 
45228.30432276657 45256.34178674351 11803.08818443804 11831.125648414985 12525.177521613832 12553.214985590777 
46335.46051873199 46363.884149855905 11587.910086455331 11616.333717579251 13079.071469740635 13107.495100864553 
46198.135446685876 46226.55043227666 11749.42363112392 11777.838616714698 12937.959654178674 12966.374639769452 
45628.218443804035 45656.56426512968 11460.195389048991 11488.54121037464 12572.809221902018 12601.155043227665 
45529.119308357345 45557.453602305475 11501.035734870316 11529.370028818445 12475.283573487031 12503.617867435158 
45709.050144092216 45737.024207492796 11280.053025936599 11308.027089337176 12286.13083573487 12314.104899135447 
45166.493371757926 45194.721037463976 11304.836311239193 11333.063976945245 12656.767146974064 12684.994812680116 
45822.2795389049 45850.68587896253 11504.244956772334 11532.65129682997 12126.841498559077 12155.247838616715 
45746.296253602304 45774.42305475504 11546.581556195966 11574.708357348703 12561.515273775216 12589.642074927953 
45897.10720461095 45925.764265129685 11201.654755043228 11230.31181556196 12583.46167146974 12612.118731988472 
45695.10432276657 45723.438616714695 11639.986167146973 11668.320461095102 13063.141786743516 13091.476080691642 
45306.76368876081 45335.302593659944 11397.668587896254 11426.207492795389 12153.014409221902 12181.553314121038 
45713.0386167147 45741.30951008645 11627.456484149856 11655.727377521614 12710.799423631124 12739.070317002881 
44533.6265129683 44561.27492795389 11218.48242074928 11246.13083573487 12542.99538904899 12570.643804034582 
45041.85129682997 45070.05590778098 11327.960806916426 11356.165417867434 12429.116426512968 12457.321037463977 
46391.99884726225 46420.782708933715 11797.359077809799 11826.142939481268 12992.122766570605 13020.906628242075 
45310.87492795389 45338.98731988473 11659.08530259366 11687.197694524495 12872.278386167147 12900.390778097983 
45475.1757925072 45503.27377521614 11463.314121037463 11491.412103746397 12721.195965417868 12749.2939481268 
45083.940057636886 45111.95734870317 11420.516426512968 11448.53371757925 12377.706628242075 12405.723919308357 
45920.75273775216 45949.159077809796 11753.8795389049 11782.285878962535 12531.049567723343 12559.455907780979 
46286.76484149856 46315.73890489914 11554.099135446686 11583.073198847262 12872.635158501442 12901.609221902017 
45125.08414985591 45153.27723342939 11634.951585014409 11663.144668587896 12129.842074927954 12158.035158501441 
45718.14639769452 45746.76599423631 11728.273198847262 11756.892795389049 12453.319308357348 12481.938904899136 
46076.724495677234 46104.943515850144 11564.378674351585 11592.597694524497 12661.384438040346 12689.603458213256 
45637.4409221902 45665.443804034585 11451.164265129682 11479.167146974063 12755.167146974063 12783.170028818444 
46140.014409221905 46168.29682997118 11654.694524495677 11682.976945244956 12807.752161383285 12836.034582132565 
46441.12219020173 46469.76195965418 11385.427665706053 11414.067435158502 12819.989625360231 12848.62939481268 
46166.4242074928 46195.08126801153 11581.222478386167 11609.8795389049 12628.32334293948 12656.980403458214 
46018.3469740634 46046.891642651295 11678.926224783861 11707.470893371757 12832.874351585015 12861.41902017291 
45228.275504322766 45256.168876080694 11475.042074927955 11502.935446685879 12318.72795389049 12346.621325648415 
45446.40461095101 45474.62074927954 11438.712968299711 11466.929106628242 12779.300864553314 12807.517002881845 
45655.41037463977 45684.10778097983 11507.55446685879 11536.251873198848 13207.591930835735 13236.289337175793 
