3218.3621621621623 3247.254054054054 148.9837837837838 177.87567567567567 226.06486486486486 254.95675675675676 
3292.9243243243245 3321.951351351351 133.24864864864864 162.27567567567567 351.8162162162162 380.84324324324325 
2988.3675675675677 3016.2594594594593 155.23243243243243 183.12432432432433 239.8 267.6918918918919 
3352.4540540540543 3381.697297297297 178.2108108108108 207.45405405405404 270.31891891891894 299.56216216216217 
3486.627027027027 3514.8432432432433 150.2216216216216 178.43783783783783 176.05945945945945 204.27567567567567 
3127.9135135135134 3155.7513513513513 207.42702702702704 235.26486486486488 268.75135135135133 296.5891891891892 
3513.6378378378377 3542.6378378378377 138.17837837837837 167.17837837837837 208.8 237.8 
3477.6648648648647 3506.0162162162164 172.5027027027027 200.85405405405405 304.1783783783784 332.52972972972975 
3463.2 3491.3621621621623 154.07567567567568 182.23783783783784 261.71351351351353 289.87567567567567 
3444.4540540540543 3472.5891891891893 162.3189189189189 190.45405405405404 173.72432432432433 201.85945945945946 
3331.935135135135 3361.2864864864864 171.3945945945946 200.74594594594595 305.9081081081081 335.25945945945944 
3315.1135135135137 3342.7081081081083 176.70810810810812 204.3027027027027 268.76216216216216 296.35675675675674 
3367.789189189189 3397.1405405405403 168.1135135135135 197.46486486486486 237.54594594594596 266.8972972972973 
3457.1027027027026 3486.4 173.67027027027027 202.96756756756756 332.6972972972973 361.9945945945946 
2954.0 2980.108108108108 182.43243243243242 208.54054054054055 220.94594594594594 247.05405405405406 
3358.9675675675676 3387.318918918919 175.96756756756756 204.3189189189189 402.9945945945946 431.34594594594597 
3229.389189189189 3256.7945945945944 127.7945945945946 155.2 153.68648648648647 181.0918918918919 
3171.389189189189 3199.6324324324323 230.1945945945946 258.43783783783783 301.1459459459459 329.3891891891892 
3087.027027027027 3114.5945945945946 166.1891891891892 193.75675675675674 224.72972972972974 252.2972972972973 
3353.837837837838 3383.5675675675675 166.48648648648648 196.21621621621622 248.45945945945945 278.18918918918916 
3157.2864864864864 3185.0162162162164 159.85405405405405 187.5837837837838 214.61081081081082 242.34054054054053 
2985.6378378378377 3012.6378378378377 128.9081081081081 155.9081081081081 258.25945945945944 285.25945945945944 
3479.0162162162164 3507.1243243243243 177.0972972972973 205.2054054054054 282.07027027027027 310.1783783783784 
3205.3783783783783 3234.5405405405404 197.51351351351352 226.67567567567568 245.24324324324326 274.4054054054054 
3108.8216216216215 3136.443243243243 194.55135135135134 222.17297297297299 261.6054054054054 289.227027027027 
3323.891891891892 3352.4054054054054 124.63243243243244 153.14594594594595 202.13513513513513 230.64864864864865 
3220.5945945945946 3247.864864864865 188.54054054054055 215.8108108108108 225.1081081081081 252.3783783783784 
3256.9405405405405 3284.7513513513513 178.4 206.2108108108108 279.1297297297297 306.94054054054055 
3246.4054054054054 3273.4054054054054 158.0 185.0 258.7567567567568 285.7567567567568 
3264.951351351351 3292.3567567567566 131.70810810810812 159.1135135135135 269.8972972972973 297.3027027027027 
3187.556756756757 3214.4216216216214 181.52972972972972 208.3945945945946 237.5837837837838 264.44864864864866 
3227.7405405405407 3255.0108108108107 176.4972972972973 203.76756756756757 284.9027027027027 312.17297297297296 
2828.718918918919 2855.9891891891893 163.5837837837838 190.85405405405405 282.15135135135137 309.4216216216216 
3400.6216216216217 3428.7027027027025 215.97297297297297 244.05405405405406 298.27027027027026 326.35135135135135 
3681.8216216216215 3710.9027027027028 132.0918918918919 161.17297297297299 270.4432432432432 299.5243243243243 
3408.281081081081 3437.3351351351353 200.11891891891892 229.17297297297299 261.71351351351353 290.76756756756754 
3116.956756756757 3144.118918918919 178.06486486486486 205.22702702702702 223.4162162162162 250.57837837837837 
3354.210810810811 3382.5891891891893 155.6972972972973 184.07567567567568 228.7783783783784 257.15675675675675 
3136.5675675675675 3164.4864864864867 163.75675675675674 191.67567567567568 287.35135135135135 315.27027027027026 
3687.2918918918917 3716.508108108108 217.9945945945946 247.2108108108108 359.9675675675676 389.1837837837838 
3213.324324324324 3242.0 135.94594594594594 164.6216216216216 277.8378378378378 306.5135135135135 
3306.2432432432433 3334.4054054054054 132.2972972972973 160.45945945945945 204.16216216216216 232.32432432432432 
3333.5675675675675 3361.972972972973 143.56756756756758 171.97297297297297 255.8108108108108 284.2162162162162 
3283.5945945945946 3312.7567567567567 181.13513513513513 210.2972972972973 293.6756756756757 322.8378378378378 
3445.675675675676 3474.864864864865 111.43243243243244 140.6216216216216 241.27027027027026 270.4594594594595 
3177.0162162162164 3205.745945945946 156.5837837837838 185.31351351351353 325.15135135135137 353.8810810810811 
3010.745945945946 3039.691891891892 166.69189189189188 195.63783783783785 221.36756756756756 250.31351351351353 
3552.183783783784 3582.2918918918917 184.85945945945946 214.96756756756756 334.2648648648649 364.37297297297295 
3199.3783783783783 3229.027027027027 182.13513513513513 211.78378378378378 283.18918918918916 312.8378378378378 
3257.837837837838 3287.5675675675675 139.59459459459458 169.32432432432432 209.48648648648648 239.21621621621622 
