37958.63680555556 37987.06736111111 9284.945833333333 9313.37638888889 10655.435416666667 10683.865972222222 
38010.41388888889 38038.768055555556 9209.920833333334 9238.275 10559.615277777777 10587.969444444445 
37587.211805555555 37615.07986111111 9546.916666666666 9574.784722222223 10114.572916666666 10142.440972222223 
37775.032638888886 37803.40069444444 9423.50486111111 9451.872916666667 10512.303472222222 10540.671527777778 
37775.677777777775 37803.924305555556 9181.882638888888 9210.129166666668 10091.219444444445 10119.465972222222 
37949.09305555555 37977.638194444444 9398.863888888889 9427.409027777778 10386.231944444444 10414.777083333332 
37692.14722222222 37720.50486111111 9146.84513888889 9175.202777777778 10070.355555555556 10098.713194444445 
37793.86041666667 37822.22152777778 9080.794444444444 9109.155555555555 10206.429861111112 10234.790972222223 
37957.15833333333 37985.32847222222 9424.220833333333 9452.390972222222 10106.068055555555 10134.238194444444 
38017.36597222222 38045.86597222222 9243.546527777778 9272.046527777778 10536.699305555556 10565.199305555556 
37002.38055555556 37030.60625 9131.77638888889 9160.002083333333 10169.394444444444 10197.62013888889 
37498.73541666667 37526.93680555555 9282.874305555555 9311.075694444444 10411.429861111112 10439.63125 
37050.09305555555 37078.183333333334 9332.499305555555 9360.589583333332 9978.4125 10006.502777777778 
37730.03611111111 37758.30347222222 9386.216666666667 9414.484027777778 10216.695833333333 10244.963194444445 
37813.240277777775 37841.629166666666 9365.893055555556 9394.281944444445 9914.8375 9943.226388888888 
38031.67083333333 38060.15 9438.427777777777 9466.906944444445 10104.643055555556 10133.122222222222 
37405.475694444445 37433.72222222222 9259.888888888889 9288.135416666666 10102.600694444445 10130.847222222223 
37589.38402777778 37617.51597222222 9265.446527777778 9293.578472222222 10097.91875 10126.050694444444 
37713.506944444445 37742.20486111111 9239.902777777777 9268.600694444445 10102.034722222223 10130.732638888889 
37100.53402777778 37128.64166666667 9267.586111111112 9295.69375 10290.825694444444 10318.933333333332 
38197.58125 38226.07777777778 9293.921527777778 9322.418055555556 10099.984027777778 10128.480555555556 
38277.82152777778 38306.69652777778 9338.599305555555 9367.474305555555 10280.897916666667 10309.772916666667 
37725.24513888889 37753.66180555556 9316.943055555555 9345.359722222222 10261.640972222222 10290.05763888889 
38039.290972222225 38067.950694444444 9364.804861111112 9393.464583333332 10587.665972222223 10616.325694444444 
36916.87569444445 36944.82361111111 9222.768055555556 9250.715972222222 9480.667361111111 9508.615277777777 
37778.74444444444 37807.23402777778 9718.765277777778 9747.25486111111 10822.279166666667 10850.76875 
37723.802777777775 37752.22638888889 9206.490277777777 9234.913888888888 11147.615277777777 11176.038888888888 
37642.73055555556 37671.26180555556 9089.279166666667 9117.810416666667 10084.2375 10112.76875 
38091.45277777778 38120.1125 9058.78611111111 9087.445833333333 10585.91111111111 10614.570833333333 
38382.475694444445 38411.09027777778 9473.6875 9502.302083333334 10073.621527777777 10102.236111111111 
37922.9875 37951.41458333333 9485.265277777778 9513.69236111111 10133.806944444445 10162.234027777778 
38352.001388888886 38380.65416666667 9476.37638888889 9505.029166666667 10329.09861111111 10357.75138888889 
37585.82430555556 37613.89722222222 9038.50138888889 9066.574305555556 10019.734027777778 10047.806944444445 
37379.07013888889 37407.2125 9185.136111111111 9213.278472222222 10214.778472222222 10242.920833333334 
37567.96041666667 37596.52638888889 9395.550694444444 9424.116666666667 10302.877083333333 10331.443055555555 
37617.345138888886 37645.71666666667 9037.08125 9065.452777777778 10030.886805555556 10059.258333333333 
37241.90347222222 37270.00069444445 9415.320138888888 9443.417361111111 10241.077083333334 10269.174305555556 
37932.365277777775 37960.59097222222 9403.028472222222 9431.254166666668 10167.893055555556 10196.11875 
37660.816666666666 37688.92083333333 9580.042361111111 9608.146527777777 10699.601388888888 10727.705555555556 
37305.677083333336 37333.78472222222 9061.284722222223 9089.392361111111 10089.461805555555 10117.569444444445 
38613.580555555556 38642.13263888889 9157.455555555556 9186.007638888888 10029.684722222222 10058.236805555556 
37532.58888888889 37560.436111111114 9312.66875 9340.515972222222 10469.95 10497.797222222222 
37864.67013888889 37893.006944444445 9294.572916666666 9322.909722222223 10154.107638888889 10182.444444444445 
37339.78333333333 37367.86666666667 9397.46736111111 9425.550694444444 10021.130555555555 10049.21388888889 
37664.756944444445 37693.12847222222 9457.041666666666 9485.413194444445 10006.270833333334 10034.642361111111 
37543.933333333334 37572.20763888889 9192.766666666666 9221.040972222223 10318.329166666666 10346.603472222223 
37299.7375 37327.69930555556 9134.466666666667 9162.428472222222 10133.43888888889 10161.400694444445 
37516.5125 37545.17569444444 9445.314583333333 9473.977777777778 10348.470833333333 10377.134027777778 
37743.20694444444 37771.72083333333 9295.74861111111 9324.2625 10183.99861111111 10212.5125 
37984.35763888889 38012.78125 9308.260416666666 9336.684027777777 10134.392361111111 10162.815972222223 
