38006.976109215015 38034.819112627985 9421.027303754267 9448.870307167235 10330.48805460751 10358.331058020478 
38619.18361774744 38647.535153583616 9544.139249146758 9572.490784982936 10473.698976109215 10502.050511945392 
37749.692150170646 37777.57610921502 9615.105119453925 9642.989078498293 10197.14266211604 10225.02662116041 
38780.10375426621 38808.56109215017 9435.47576791809 9463.933105802047 10312.61228668942 10341.069624573378 
38104.41706484641 38132.703754266215 9628.21228668942 9656.498976109215 10762.802730375426 10791.089419795222 
38054.10034129693 38082.24368600683 9560.421160409556 9588.564505119453 10274.916040955632 10303.059385665529 
38835.847781569966 38864.74880546075 9446.260750853242 9475.161774744027 10617.782935153584 10646.683959044369 
38088.02662116041 38115.88668941979 9475.852559726962 9503.712627986348 10016.289419795221 10044.149488054607 
38287.56518771331 38315.82457337884 9593.452559726962 9621.711945392492 10496.933788395905 10525.193174061433 
38488.69283276451 38517.03412969283 9683.935153583618 9712.276450511945 10697.324232081912 10725.665529010239 
39543.135153583615 39572.268259385666 9488.790443686006 9517.923549488054 10659.056655290102 10688.18976109215 
37943.082593856656 37971.4409556314 9718.031399317406 9746.38976109215 10544.096245733788 10572.454607508533 
38319.96655290102 38348.55699658703 9564.638907849829 9593.229351535836 10642.77542662116 10671.365870307167 
38524.707167235494 38553.34880546075 9466.464846416382 9495.106484641638 10329.215699658704 10357.85733788396 
38357.322866894196 38385.445733788394 9556.862116040955 9584.984982935153 10374.234129692833 10402.35699658703 
38701.67781569966 38730.10443686007 9471.2409556314 9499.66757679181 10704.309215017065 10732.735836177475 
39262.22798634812 39290.80819112628 9580.473720136519 9609.053924914675 10791.01638225256 10819.596587030717 
38411.40409556314 38439.643003412966 9685.65324232082 9713.892150170648 10807.632764505119 10835.87167235495 
37511.54129692833 37539.85529010239 9492.025938566552 9520.339931740615 10095.906484641639 10124.2204778157 
38508.54470989761 38537.12150170648 9359.780204778157 9388.35699658703 10611.660750853242 10640.237542662117 
38520.28600682594 38548.709215017065 9513.910580204778 9542.333788395905 10565.71604095563 10594.139249146758 
38258.347440273035 38287.241638225256 9492.69215017065 9521.586348122866 10403.784300341296 10432.678498293515 
38654.445733788394 38683.0566552901 9456.933788395905 9485.544709897611 10693.206825938567 10721.817747440273 
38589.25938566553 38617.853242320816 9367.665529010239 9396.25938566553 10273.965870307167 10302.559726962458 
38413.48464163823 38441.98293515358 9481.825938566553 9510.324232081912 10205.071672354949 10233.569965870307 
38607.88327645051 38636.501023890785 9555.63071672355 9584.248464163822 10695.675085324232 10724.292832764506 
38519.09624573379 38547.15085324232 9292.840273037542 9320.894880546075 10439.591126279864 10467.645733788397 
37328.679180887375 37356.631399317404 9303.829351535836 9331.78156996587 10164.552901023892 10192.505119453925 
38421.366552901025 38449.8409556314 9559.250511945393 9587.724914675768 10453.335836177474 10481.81023890785 
38743.92627986348 38772.83071672355 9512.47576791809 9541.380204778157 10350.113993174062 10379.01843003413 
38588.924914675765 38617.21843003413 9604.14675767918 9632.440273037542 10535.16723549488 10563.460750853243 
38335.605460750856 38364.212969283275 9466.113993174062 9494.721501706485 10801.035494880545 10829.64300341297 
37950.924914675765 37979.25255972696 9353.767918088737 9382.095563139932 10292.334470989761 10320.662116040956 
38136.83890784983 38165.26894197952 9539.41228668942 9567.842320819113 10760.835494880546 10789.26552901024 
39172.60273037542 39201.57542662116 9668.500341296929 9697.473037542662 10715.732423208192 10744.705119453925 
38594.817064846415 38623.41433447099 9330.144709897611 9358.741979522185 10354.881911262799 10383.479180887372 
38155.27508532423 38183.548122866894 9365.61638225256 9393.889419795221 10428.206825938567 10456.479863481229 
38141.14402730375 38169.2156996587 9715.662798634812 9743.73447098976 10052.027986348123 10080.099658703071 
37832.63071672355 37860.419112627984 9382.903754266212 9410.69215017065 10276.286006825938 10304.074402730375 
38566.61774744027 38595.058020477816 9389.242320819112 9417.682593856654 10468.013651877132 10496.453924914676 
38381.031399317406 38409.256655290104 9378.584300341297 9406.809556313992 10073.021160409557 10101.246416382253 
37628.15017064846 37656.05460750853 9558.51194539249 9586.416382252559 10758.774744027303 10786.679180887371 
38229.99385665529 38258.14402730375 9456.324914675768 9484.475085324231 10217.778839590444 10245.929010238908 
37737.051877133104 37765.01433447099 9669.925597269625 9697.888054607509 10815.615017064847 10843.577474402731 
39039.27508532423 39068.07030716723 9650.244368600683 9679.039590443686 10427.537883959045 10456.333105802049 
38151.25187713311 38179.794539249146 9538.77747440273 9567.32013651877 10492.845733788396 10521.388395904436 
38340.46075085324 38369.11604095563 9579.870307167235 9608.525597269625 10221.658703071673 10250.31399317406 
38347.26689419795 38375.62525597269 9387.625255972696 9415.98361774744 10051.147440273038 10079.50580204778 
38484.631399317404 38513.06484641638 9636.34470989761 9664.778156996586 10154.798634812287 10183.232081911263 
38891.64846416382 38920.05119453925 9407.156996587031 9435.559726962458 10469.501706484642 10497.904436860068 
