29797.451082251082 29825.814718614718 6861.9099567099565 6890.2735930735935 7463.827705627706 7492.191341991342 
29720.399134199135 29749.083116883117 7288.420779220779 7317.104761904762 7809.477056277056 7838.161038961039 
29823.464069264068 29851.390476190478 7008.706493506494 7036.6329004329 7874.368831168831 7902.295238095238 
30248.159307359307 30276.635497835498 7179.67012987013 7208.14632034632 7993.748051948052 8022.224242424242 
29802.677056277058 29830.97142857143 7157.490909090909 7185.785281385281 8315.910822510823 8344.205194805194 
29781.25108225108 29809.982683982686 7156.324675324675 7185.056277056277 8057.082251082251 8085.8138528138525 
29386.213852813853 29414.4 7263.668398268398 7291.854545454546 7873.317748917749 7901.503896103896 
30149.603463203464 30178.088311688312 7221.508225108225 7249.993073593074 7909.3307359307355 7937.815584415584 
30088.33593073593 30117.03722943723 7055.045887445887 7083.747186147186 7365.985281385281 7394.68658008658 
29908.836363636365 29937.37748917749 7050.013852813853 7078.554978354979 8068.580952380952 8097.122077922078 
29521.085714285713 29549.37575757576 7027.505627705627 7055.795670995671 7671.098701298702 7699.388744588745 
30146.72813852814 30175.230303030305 6856.316883116883 6884.8190476190475 7324.472727272727 7352.974891774892 
29336.05108225108 29364.36277056277 7073.947186147187 7102.258874458875 7814.748051948052 7843.0597402597405 
29728.58354978355 29756.8 7109.375757575757 7137.592207792208 7698.648484848485 7726.864935064935 
30570.642424242425 30599.607792207793 7340.010389610389 7368.975757575758 8164.586147186147 8193.551515151516 
29814.328138528137 29842.180952380953 7024.449350649351 7052.3021645021645 7559.2415584415585 7587.094372294372 
30228.154978354978 30256.678787878787 7033.202597402597 7061.7264069264065 7980.505627705627 8009.0294372294375 
29712.68831168831 29740.796536796537 7134.0952380952385 7162.203463203463 7501.2467532467535 7529.354978354978 
29780.68658008658 29808.90303030303 7267.084848484848 7295.301298701299 7539.695238095238 7567.9116883116885 
30174.369696969698 30203.48658008658 7232.387012987013 7261.503896103896 8203.361038961039 8232.477922077922 
30237.822510822512 30266.666666666668 7227.1861471861475 7256.030303030303 7950.103896103896 7978.948051948052 
29756.371428571427 29784.561904761904 7130.042424242424 7158.2329004329 7911.025108225108 7939.215584415584 
30038.993073593072 30067.122943722945 7188.534199134199 7216.664069264069 7809.274458874459 7837.404329004329 
30288.715151515153 30317.572294372294 7443.888311688312 7472.745454545455 8339.316883116882 8368.174025974025 
30243.765367965367 30272.038095238095 7432.687445887446 7460.960173160173 7791.97748917749 7820.250216450217 
29878.367965367965 29906.8354978355 7067.285714285715 7095.7532467532465 8065.636363636364 8094.103896103896 
29832.48398268398 29860.639826839826 6992.250216450217 7020.40606060606 7921.752380952381 7949.908225108225 
29802.683982683982 29831.411255411254 7154.069264069264 7182.796536796537 7696.134199134199 7724.861471861472 
30604.4303030303 30633.499567099567 7351.65974025974 7380.729004329004 8041.464935064935 8070.534199134199 
30145.33246753247 30174.055411255413 7190.462337662338 7219.185281385281 7795.14632034632 7823.869264069264 
29888.351515151517 29916.72380952381 7181.02251082251 7209.3948051948055 7730.45974025974 7758.832034632034 
30050.219913419915 30078.700432900434 7151.23722943723 7179.717748917749 8347.860606060605 8376.341125541125 
29916.10735930736 29944.440692640692 7046.592207792208 7074.925541125541 8258.137662337662 8286.470995670996 
30238.95670995671 30267.25974025974 7139.108225108225 7167.411255411255 7470.56277056277 7498.865800865801 
29466.755844155843 29494.51341991342 6866.024242424242 6893.781818181818 7302.976623376623 7330.734199134199 
29538.39826839827 29566.121212121212 7255.181818181818 7282.9047619047615 7857.761904761905 7885.484848484848 
30005.515151515152 30033.493506493505 7206.645021645022 7234.623376623376 7735.640692640693 7763.619047619048 
29612.194805194806 29640.203463203463 6902.034632034632 6930.04329004329 7826.025974025974 7854.034632034632 
30211.48658008658 30239.958441558443 7271.438961038961 7299.910822510822 8107.092640692641 8135.564502164502 
30033.2987012987 30061.52380952381 6971.770562770563 6999.995670995671 7899.675324675325 7927.900432900433 
29824.524675324676 29853.182683982683 7182.165367965368 7210.823376623377 7746.710822510822 7775.368831168831 
29441.01038961039 29469.31341991342 7215.889177489177 7244.192207792208 7871.577489177489 7899.880519480519 
30101.61212121212 30129.932467532468 7209.65974025974 7237.980086580086 7678.638095238095 7706.958441558441 
30059.589610389612 30087.645887445888 7070.89696969697 7098.953246753247 7475.888311688312 7503.944588744589 
30157.614718614717 30186.034632034633 7239.948051948052 7268.367965367966 8039.168831168831 8067.588744588745 
29549.126406926407 29577.425108225107 6957.645887445888 6985.944588744589 7607.754112554113 7636.052813852813 
29951.846753246755 29980.59134199134 7266.288311688311 7295.0329004329005 7791.634632034632 7820.379220779221 
30001.658874458873 30029.780086580085 7106.6675324675325 7134.7887445887445 7357.567965367965 7385.689177489177 
29126.25974025974 29153.878787878788 7130.142857142857 7157.761904761905 7794.454545454545 7822.073593073593 
29810.353246753246 29838.877056277055 7292.465800865801 7320.989610389611 7814.305627705628 7842.829437229438 
