35339.275836431225 35367.26840148699 8531.506319702603 8559.498884758365 9343.309293680297 9371.30185873606 
35391.666171003715 35420.27211895911 8648.866914498141 8677.472862453531 9566.539776951673 9595.145724907063 
34918.371747211895 34946.40148698885 8471.64312267658 8499.672862453532 8965.364312267659 8993.39405204461 
34975.6156133829 35004.17695167286 8381.742007434945 8410.303345724908 9264.79405204461 9293.355390334573 
35751.33308550186 35780.02081784387 8563.017100371748 8591.704832713755 8842.660223048328 8871.347955390334 
34927.19925650558 34955.600743494426 8571.883271375465 8600.284758364312 9584.154646840148 9612.556133828997 
35001.231970260225 35029.28401486989 8601.358364312267 8629.410408921933 9333.622304832714 9361.674349442379 
35350.601486988846 35379.09219330855 8576.02156133829 8604.512267657992 9404.872862453532 9433.363568773235 
35005.65278810409 35033.59330855019 8691.786617100372 8719.727137546468 9551.9687732342 9579.909293680297 
35137.04089219331 35165.74721189591 8648.832713754648 8677.53903345725 9174.211895910781 9202.918215613383 
34969.6468401487 34997.91449814126 8647.46468401487 8675.732342007435 9522.899628252788 9551.167286245352 
35526.8 35555.959851301115 8621.376208178439 8650.536059479555 9879.971003717472 9909.130855018588 
35041.93903345725 35070.25501858736 8783.61933085502 8811.93531598513 9656.21784386617 9684.533828996282 
35023.48698884758 35051.87732342007 8462.271375464685 8490.661710037175 9293.14869888476 9321.53903345725 
34163.94795539034 34191.60223048327 8588.717472118959 8616.371747211895 8860.828996282527 8888.483271375464 
34912.74275092937 34941.12936802974 8592.333828996283 8620.720446096655 9146.880297397769 9175.266914498141 
35266.852044609666 35294.997026022305 8451.997026022305 8480.142007434944 9115.487732342008 9143.632713754647 
34999.62007434944 35028.02527881041 8326.385873605948 8354.791078066915 9033.103345724907 9061.508550185874 
34072.873605947956 34100.617100371746 8644.71375464684 8672.457249070632 9144.096654275092 9171.840148698884 
35037.01635687732 35065.42899628253 8477.85278810409 8506.265427509294 9346.878810408922 9375.291449814127 
35073.83345724907 35102.00446096654 8655.807434944238 8683.97843866171 9468.543494423791 9496.714498141264 
35579.24163568773 35607.71003717472 8573.85130111524 8602.31970260223 9491.289962825278 9519.758364312267 
35158.90557620818 35187.72342007435 8625.68624535316 8654.50408921933 9659.593308550186 9688.411152416356 
34487.53680297398 34515.18364312268 8541.789591078066 8569.436431226766 9225.808178438661 9253.455018587361 
34876.4185873606 34904.623048327136 8860.953903345724 8889.158364312269 9193.336802973978 9221.54126394052 
35095.805204460965 35124.57100371747 8569.961338289962 8598.727137546468 9742.93159851301 9771.697397769516 
35219.6780669145 35247.92342007435 8473.235687732342 8501.481040892193 9502.56654275093 9530.811895910781 
34760.97695167286 34789.02527881041 8745.24089219331 8773.289219330854 9665.218587360594 9693.266914498141 
35308.11895910781 35336.71747211896 8356.014869888475 8384.613382899628 9075.50557620818 9104.10408921933 
35209.10780669145 35237.420074349444 8617.687732342007 8646.0 9324.122676579926 9352.434944237919 
35283.495167286244 35311.78513011152 8675.454275092938 8703.744237918216 9414.963568773233 9443.253531598513 
35256.323420074346 35284.50185873606 8582.048327137547 8610.226765799256 9049.03345724907 9077.211895910781 
35027.69962825279 35055.8 8433.718215613382 8461.818587360594 9100.647583643122 9128.747955390334 
34534.01710037175 34562.243866171004 8504.890706319702 8533.11747211896 9107.61189591078 9135.838661710037 
35318.168029739776 35346.48029739777 8485.900371747211 8514.212639405205 9598.186617100371 9626.498884758365 
35738.01189591078 35766.8780669145 8517.138289962826 8546.004460966542 9443.733085501859 9472.599256505577 
34738.04758364312 34766.281784386614 8532.489962825279 8560.724163568773 9257.382156133828 9285.616356877323 
35365.43866171004 35394.07063197026 8548.03345724907 8576.665427509293 9231.717472118959 9260.349442379182 
35606.028996282526 35634.430483271375 8657.746468401487 8686.147955390334 9747.653531598513 9776.05501858736 
35588.90408921933 35617.28698884758 8535.510037174721 8563.892936802975 9252.55092936803 9280.933828996283 
34872.73828996283 34900.61933085502 8530.719702602231 8558.600743494424 9230.095167286245 9257.97620817844 
34879.312267657995 34907.47583643123 8525.810408921932 8553.973977695166 9347.828996282527 9375.992565055762 
35880.36356877323 35909.147955390334 8737.281784386618 8766.066171003717 9442.649814126395 9471.434200743495 
34997.29814126394 35025.19776951673 8329.40594795539 8357.305576208179 9504.677323420074 9532.576951672863 
35301.89888475837 35330.27063197026 8438.367286245353 8466.739033457248 9359.456505576209 9387.828252788104 
35160.291449814125 35188.78587360595 8617.373234200744 8645.867657992565 9545.447583643123 9573.942007434944 
35438.677323420074 35467.569516728625 8470.469144981413 8499.361338289962 9715.000743494424 9743.892936802975 
34996.15092936803 35024.452044609665 8543.25501858736 8571.556133828997 9291.641635687733 9319.942750929367 
36082.79776951673 36111.72342007435 8698.154646840148 8727.08029739777 9735.143494423792 9764.069144981413 
35492.130111524166 35520.4312267658 8600.527881040893 8628.828996282527 9647.472118959107 9675.773234200744 
