53289.905263157896 53318.140852130324 13613.088220551379 13641.32380952381 14876.534335839598 14904.76992481203 
53221.554887218044 53249.91077694236 13571.715288220552 13600.071177944863 15219.517293233082 15247.873182957394 
52601.112781954886 52629.057644110275 13709.31829573935 13737.263157894737 14830.63909774436 14858.58395989975 
52708.857142857145 52737.3007518797 13754.822055137845 13783.2656641604 15123.546365914786 15151.989974937344 
53380.329824561406 53408.85864661654 13698.136842105263 13726.6656641604 14725.294736842105 14753.823558897244 
52727.269172932334 52755.43709273183 13408.113784461153 13436.281704260651 14512.770426065163 14540.938345864663 
52358.33533834587 52386.47067669173 13439.330325814537 13467.465664160402 14867.35037593985 14895.485714285714 
53443.36591478697 53472.057644110275 13577.335839598998 13606.027568922305 14984.180451127819 15012.872180451128 
53213.41403508772 53241.82756892231 13455.424060150375 13483.837593984963 14547.997994987469 14576.411528822055 
52459.17092731829 52487.386466165415 13403.32380952381 13431.539348370927 15114.556892230576 15142.772431077694 
52643.584962406014 52671.542355889724 13756.537343358395 13784.494736842105 14661.91328320802 14689.87067669173 
52828.52631578947 52856.709273182954 13641.796992481202 13669.979949874687 14986.31829573935 15014.501253132832 
52649.95338345865 52678.27418546366 13465.830576441103 13494.151378446115 15116.412030075187 15144.7328320802 
51989.413032581455 52017.36040100251 13522.307769423558 13550.255137844611 14839.921804511278 14867.869172932331 
52349.05914786967 52377.06165413534 13433.259649122807 13461.262155388471 14720.710776942356 14748.71328320802 
52150.606516290725 52178.59899749373 13503.629072681704 13531.621553884712 14930.744360902256 14958.736842105263 
52958.82055137845 52986.82556390978 13519.85313283208 13547.858145363409 14592.963408521304 14620.968421052632 
53741.368922305766 53769.97293233083 13881.867669172932 13910.471679197995 15062.303759398495 15090.907769423558 
53307.636591478695 53336.19047619047 13601.338345864662 13629.89223057644 14898.496240601504 14927.050125313282 
53063.977944862156 53092.20350877193 13758.99298245614 13787.218546365915 15562.286215538847 15590.511779448621 
52683.29724310777 52711.50025062657 13390.252130325815 13418.455137844612 14777.234586466166 14805.437593984963 
52579.130325814534 52607.42857142857 13570.914786967418 13599.213032581454 15370.325814536342 15398.624060150376 
53272.770426065166 53301.05864661654 13608.938345864663 13637.22656641604 14783.635087719298 14811.923308270676 
53040.379448621556 53068.70275689223 13526.339348370928 13554.662656641603 15116.25664160401 15144.579949874687 
53351.88771929825 53380.471679197995 13436.348872180452 13464.9328320802 14779.439097744362 14808.02305764411 
52453.650626566414 52481.76340852131 13534.397493734336 13562.510275689223 14720.31478696742 14748.427568922305 
53444.87619047619 53473.1343358396 13325.21954887218 13353.47769423559 15219.78596491228 15248.044110275689 
52950.90626566416 52979.1619047619 13606.575438596492 13634.831077694236 14828.618045112782 14856.873684210526 
52812.09573934837 52840.27368421053 13554.454135338347 13582.632080200501 14466.32380952381 14494.501754385965 
51888.31278195489 51916.5984962406 13587.002005012531 13615.287719298245 15250.756390977444 15279.042105263157 
52792.13634085213 52820.18145363408 13663.482205513785 13691.527318295739 14990.264160401002 15018.309273182957 
52306.62305764411 52334.64812030075 13584.35739348371 13612.38245614035 14509.537844611528 14537.562907268171 
52796.57944862155 52825.20350877193 13440.02305764411 13468.647117794486 14013.534335839598 14042.158395989974 
53228.839598997496 53257.21303258145 13505.984962406015 13534.358395989975 14857.483709273183 14885.857142857143 
52491.264160401006 52519.23408521303 13507.833082706768 13535.803007518796 15196.008521303258 15223.978446115289 
52552.66215538847 52581.09072681704 13378.90275689223 13407.331328320803 14965.381453634085 14993.810025062656 
53137.2686716792 53165.69974937343 13645.454135338347 13673.885213032581 15024.880200501253 15053.311278195488 
53522.76741854637 53551.11328320802 13399.1007518797 13427.446616541354 14933.165914786967 14961.511779448621 
52746.09373433584 52774.57493734336 13664.647619047619 13693.128822055138 14752.31679197995 14780.797994987468 
52380.95187969925 52409.18997493734 13372.215037593985 13400.45313283208 14944.668671679197 14972.906766917293 
52889.39799498747 52917.93934837093 13435.92932330827 13464.47067669173 15009.575939849625 15038.117293233083 
52902.34085213033 52930.76441102757 13633.243107769424 13661.666666666666 14504.90977443609 14533.333333333334 
52810.070175438595 52838.2305764411 13439.36090225564 13467.521303258145 15133.010025062656 15161.170426065162 
53042.982957393484 53070.98796992481 13355.358897243108 13383.363909774436 14185.556892230576 14213.561904761904 
53461.064661654134 53490.064661654134 13672.896741854636 13701.896741854636 14616.871679197995 14645.871679197995 
52918.53984962406 52946.99097744361 13564.168922305764 13592.620050125313 14644.772932330827 14673.224060150376 
53159.606516290725 53187.98746867168 13512.380952380952 13540.761904761905 15099.794486215538 15128.17543859649 
52759.34486215539 52788.04912280702 13688.693233082708 13717.397493734336 15631.853634085213 15660.557894736841 
53534.01052631579 53562.50927318296 13386.253634085213 13414.752380952381 15104.794987468671 15133.293734335839 
53086.478696741855 53115.07769423559 13979.87969924812 14008.478696741855 15516.631578947368 15545.230576441103 
