40790.82524271845 40819.22977346279 10124.85436893204 10153.258899676375 10748.504854368932 10776.90938511327 
41025.508737864075 41054.02977346278 10123.33074433657 10151.851779935276 11075.589644012945 11104.110679611651 
40677.60388349515 40705.92427184466 10286.97928802589 10315.299676375405 10871.678317152104 10899.998705501617 
40892.015533980586 40921.002588996766 10582.044660194175 10611.031715210356 11326.769579288026 11355.756634304207 
41533.47961165049 41562.35339805825 10154.651132686084 10183.52491909385 11370.906796116506 11399.780582524272 
40686.83818770226 40715.36245954692 10150.336569579287 10178.860841423948 11349.883495145632 11378.40776699029 
40524.37993527508 40552.920388349514 10123.234304207119 10151.774757281553 10811.93009708738 10840.470550161812 
40086.29514563107 40114.44401294499 10149.045954692556 10177.194822006473 11153.463430420712 11181.612297734628 
40586.17216828479 40614.04919093851 9917.557281553398 9945.43430420712 10802.913268608414 10830.790291262136 
40864.835598705504 40893.51844660194 10017.877669902913 10046.560517799353 11079.783818770227 11108.466666666667 
40708.52233009709 40736.96245954693 10022.091909385113 10050.532038834952 11046.55792880259 11074.998058252428 
40099.84595469256 40127.64207119741 10163.043365695792 10190.839482200647 11231.803883495146 11259.6 
40657.814886731394 40686.66278317152 10126.568932038836 10155.416828478965 11443.695145631067 11472.543042071198 
41303.168284789645 41331.679611650485 10197.686084142395 10226.197411003237 11404.53074433657 11433.042071197411 
40618.35469255663 40646.73009708738 9993.387055016181 10021.762459546926 10852.765695792881 10881.141100323624 
40809.73462783171 40838.145631067964 10208.857605177993 10237.268608414239 11112.37216828479 11140.783171521036 
40170.857605178 40199.47896440129 10127.31715210356 10155.93851132686 11005.812297734628 11034.433656957928 
40692.17411003236 40720.97022653722 10195.918446601941 10224.714563106796 11317.788996763755 11346.585113268608 
39939.31132686084 39967.51521035599 9976.198058252427 10004.401941747572 11812.110679611651 11840.314563106796 
40103.85501618123 40131.86148867314 9916.971521035599 9944.977993527507 10949.502265372168 10977.508737864078 
40693.305501618124 40721.37346278317 10271.133980582525 10299.201941747573 10766.014239482201 10794.08220064725 
39861.4 39889.7139158576 9847.46148867314 9875.775404530745 11178.309385113269 11206.623300970874 
40152.75404530744 40181.1359223301 9946.699029126214 9975.080906148867 11277.935275080907 11306.31715210356 
40684.542394822005 40712.96957928802 10403.432362459547 10431.859546925567 10980.319093851132 11008.746278317152 
40274.06925566343 40302.62912621359 10042.234304207119 10070.794174757282 11090.564401294498 11119.124271844661 
40422.555339805825 40450.86278317152 9899.086084142395 9927.393527508091 11126.228478964402 11154.535922330097 
40411.497087378644 40440.40970873786 10249.759223300971 10278.671844660194 11196.471197411003 11225.383818770226 
40101.66148867314 40129.75210355987 9878.464077669903 9906.554692556634 10718.719741100324 10746.810355987054 
39955.74822006473 39983.92297734628 9959.32427184466 9987.499029126213 10833.64142394822 10861.816181229773 
40667.38122977346 40695.792233009706 9907.46213592233 9935.873139158575 11489.721035598706 11518.132038834952 
40521.764401294495 40550.14627831715 10246.521682847897 10274.90355987055 11148.874433656958 11177.256310679611 
40454.70291262136 40483.09449838188 9930.321035598705 9958.712621359224 11252.227184466019 11280.618770226538 
40580.94433656958 40609.27443365696 10399.132038834952 10427.46213592233 11047.478317152103 11075.808414239482 
41287.660841423945 41316.39223300971 10221.133333333333 10249.864724919094 11097.081553398059 11125.812944983818 
40175.38899676375 40203.52815533981 9946.54433656958 9974.683495145631 11067.47637540453 11095.615533980583 
40827.59935275081 40856.09449838188 10016.53139158576 10045.026537216829 11331.414886731392 11359.910032362459 
40709.60647249191 40737.87184466019 10140.036893203884 10168.30226537217 11241.506148867315 11269.771521035598 
39976.63171521036 40004.73851132686 10226.382524271845 10254.48932038835 11583.308090614886 11611.414886731392 
40371.82588996764 40400.33398058252 10125.57993527508 10154.088025889967 11055.473139158576 11083.981229773462 
40767.11132686084 40795.946278317155 10177.44142394822 10206.27637540453 11244.842718446602 11273.677669902912 
41207.570873786404 41236.632362459546 10399.062783171521 10428.124271844661 11051.690614886731 11080.752103559871 
40987.53333333333 41016.00582524272 10004.73074433657 10033.203236245954 11000.377993527509 11028.850485436893 
41144.794174757284 41173.74563106796 10147.616181229774 10176.567637540453 11387.91067961165 11416.86213592233 
39921.53203883495 39949.50938511327 9855.256957928803 9883.234304207119 10656.350809061489 10684.328155339806 
40718.97216828479 40747.21812297735 10252.8071197411 10281.053074433657 10809.409061488674 10837.65501618123 
40712.88284789644 40741.46860841424 10175.429773462783 10204.015533980582 10956.290614886731 10984.87637540453 
40341.00776699029 40369.166343042074 10224.07572815534 10252.234304207119 10899.321682847896 10927.480258899677 
41566.62006472492 41595.645954692554 10071.849838187702 10100.875728155339 11212.66213592233 11241.688025889967 
40640.29644012945 40668.833656957926 10157.83365695793 10186.370873786407 11707.885436893204 11736.422653721684 
40711.63300970874 40740.157281553395 10276.798058252427 10305.322330097088 11648.218770226536 11676.743042071197 
