24287.617894736843 24316.002105263156 5546.396842105263 5574.781052631579 6070.8915789473685 6099.275789473684 
24897.244210526314 24926.07052631579 5723.023157894737 5751.84947368421 6452.823157894737 6481.6494736842105 
23929.488421052632 23957.746315789474 5594.146315789474 5622.404210526316 6178.056842105263 6206.314736842105 
23938.043157894735 23965.76947368421 5464.08 5491.806315789474 5816.653684210526 5844.38 
24155.22 24183.72 5656.741052631579 5685.241052631579 6084.041052631579 6112.541052631579 
24160.56842105263 24189.042105263157 5670.721052631579 5699.194736842105 6348.58947368421 6377.063157894737 
24037.52736842105 24065.043157894735 5600.19052631579 5627.706315789474 5935.285263157894 5962.801052631579 
24557.05157894737 24586.135789473683 5718.572631578947 5747.656842105263 6389.872631578947 6418.956842105264 
24081.790526315788 24110.25894736842 5491.96947368421 5520.437894736842 6232.369473684211 6260.837894736842 
24438.24842105263 24466.727368421052 5497.932631578948 5526.411578947368 6136.46947368421 6164.948421052632 
24342.64210526316 24371.05789473684 5546.847368421053 5575.263157894737 6242.1578947368425 6270.573684210526 
23711.110526315788 23738.84736842105 5551.736842105263 5579.473684210527 6124.331578947368 6152.0684210526315 
23798.466315789472 23826.513684210528 5517.945263157895 5545.992631578947 5878.4557894736845 5906.503157894736 
23892.18 23920.232631578947 5569.38 5597.432631578948 6244.022105263158 6272.074736842105 
24435.443157894737 24463.943157894737 5370.569473684211 5399.069473684211 6249.643157894737 6278.143157894737 
23773.672631578946 23801.651578947367 5355.862105263158 5383.841052631579 6150.462105263158 6178.441052631579 
23980.07789473684 24008.151578947367 5527.062105263158 5555.135789473684 6390.825263157894 6418.898947368421 
24314.115789473683 24342.042105263157 5231.005263157895 5258.9315789473685 6144.1894736842105 6172.115789473684 
24436.147368421054 24465.27894736842 5750.152631578947 5779.284210526316 6211.38947368421 6240.521052631579 
23838.862105263157 23866.39894736842 5523.741052631579 5551.277894736842 6053.304210526316 6080.841052631579 
23975.182105263157 24003.26105263158 5555.6978947368425 5583.776842105263 5939.750526315789 5967.829473684211 
24231.275789473686 24259.10210526316 5636.1652631578945 5663.991578947368 5989.8021052631575 6017.628421052632 
23946.25894736842 23974.216842105263 5709.211578947368 5737.169473684211 6429.374736842105 6457.332631578947 
24434.55157894737 24463.15684210526 5833.30947368421 5861.914736842105 6646.088421052632 6674.693684210526 
24434.838947368422 24463.38105263158 5493.444210526316 5521.986315789473 6146.344210526316 6174.886315789474 
24645.80947368421 24674.37789473684 5614.841052631579 5643.409473684211 6190.630526315789 6219.198947368421 
23966.387368421052 23994.745263157896 5248.355789473684 5276.7136842105265 6035.218947368421 6063.5768421052635 
24410.12210526316 24438.83263157895 5588.6168421052635 5617.327368421053 6464.058947368421 6492.76947368421 
25017.912631578947 25046.817894736843 5437.107368421052 5466.012631578948 6514.2705263157895 6543.175789473684 
24281.056842105263 24308.96210526316 5538.935789473684 5566.841052631579 6141.351578947369 6169.256842105263 
24089.95894736842 24118.264210526315 5348.069473684211 5376.374736842105 5898.222105263158 5926.527368421052 
24420.862105263157 24449.246315789474 5592.709473684211 5621.093684210527 6354.03052631579 6382.414736842105 
24266.02 24294.135789473683 5669.12 5697.235789473684 6020.841052631579 6048.956842105264 
24413.89894736842 24442.24105263158 5383.067368421052 5411.409473684211 6416.467368421053 6444.80947368421 
24260.24 24289.171578947367 5526.803157894737 5555.734736842105 6119.4715789473685 6148.403157894737 
24759.685263157895 24788.506315789473 5585.08 5613.901052631579 6541.158947368421 6569.98 
23700.56947368421 23728.69052631579 5560.495789473684 5588.6168421052635 6206.043157894736 6234.164210526315 
24868.21789473684 24896.838947368422 5635.633684210527 5664.254736842106 6085.575789473684 6114.196842105263 
23988.415789473685 24016.6 5820.873684210526 5849.057894736842 6244.7947368421055 6272.978947368421 
24244.351578947368 24272.62 5529.572631578947 5557.841052631579 6310.7621052631575 6339.03052631579 
24345.932631578948 24374.222105263158 5722.327368421053 5750.6168421052635 6282.68 6310.96947368421 
24276.735789473685 24305.47263157895 5521.777894736842 5550.514736842105 6192.22 6220.956842105264 
24183.457894736843 24211.626315789475 5666.789473684211 5694.957894736842 6228.942105263158 6257.11052631579 
23927.405263157896 23955.236842105263 5365.3263157894735 5393.1578947368425 5806.9 5834.731578947369 
23638.323157894738 23666.365263157895 5563.533684210526 5591.575789473684 5834.765263157895 5862.807368421053 
24023.176842105262 24051.476842105265 5545.087368421053 5573.387368421053 5951.04 5979.34 
24072.616842105264 24100.301052631577 5478.516842105263 5506.201052631579 6106.395789473684 6134.08 
24227.342105263157 24255.947368421053 5586.836842105263 5615.442105263158 6155.078947368421 6183.684210526316 
24406.662105263156 24434.862105263157 5476.483157894737 5504.683157894737 6010.577894736842 6038.777894736842 
24000.333684210527 24028.623157894737 5569.254736842106 5597.5442105263155 6318.2705263157895 6346.56 
