29381.32052401747 29409.543231441046 6971.468995633188 6999.691703056768 7484.661135371179 7512.883842794759 
28841.30655021834 28869.15807860262 7058.214847161572 7086.066375545852 7559.031441048035 7586.882969432314 
29308.142358078603 29336.015720524018 6937.806113537118 6965.6794759825325 7783.570305676856 7811.4436681222705 
30092.97729257642 30121.715283842794 6891.553711790393 6920.291703056769 8190.894323144104 8219.63231441048 
29860.23231441048 29888.65152838428 7203.070742358079 7231.489956331878 7834.11441048035 7862.533624454149 
29730.332751091704 29758.411353711792 6957.236681222707 6985.315283842795 7628.459388646288 7656.537991266376 
29634.45152838428 29662.9711790393 7069.075982532751 7097.595633187773 7889.364192139738 7917.883842794759 
29778.739737991265 29807.15458515284 6916.115283842795 6944.530131004367 7863.145851528384 7891.560698689957 
29576.432314410482 29605.144104803494 7292.912663755458 7321.624454148472 7965.606986899564 7994.318777292577 
30382.337991266377 30410.905676855895 6933.381659388646 6961.949344978166 7542.324890829695 7570.892576419214 
30489.806113537117 30518.91965065502 7053.01135371179 7082.124890829695 7927.749344978166 7956.86288209607 
29659.905676855895 29687.910043668122 7003.870742358079 7031.875109170305 7641.717903930131 7669.722270742358 
29195.15633187773 29223.326637554586 6985.221834061135 7013.392139737991 8104.278602620087 8132.448908296943 
29406.058515283843 29433.796506550218 6996.626200873362 7024.364192139738 7595.442794759825 7623.180786026201 
29718.804366812226 29747.41572052402 7161.503056768559 7190.11441048035 7904.310917030568 7932.922270742358 
28961.262008733625 28989.08733624454 6890.25327510917 6918.078602620088 7739.336244541485 7767.161572052401 
30017.600873362444 30046.186026200874 6883.570305676856 6912.1554585152835 7856.819213973799 7885.404366812227 
29448.62270742358 29476.657641921396 6812.465502183406 6840.500436681223 7642.076855895197 7670.1117903930135 
29440.934497816594 29469.318777292578 7259.323144104804 7287.707423580786 7828.039301310044 7856.423580786026 
29907.92576419214 29936.423580786028 6943.620087336245 6972.117903930131 7647.117903930131 7675.615720524018 
29790.56331877729 29818.707423580785 7357.445414847161 7385.589519650655 7861.956331877729 7890.100436681223 
29165.1903930131 29193.618340611352 6992.229694323144 7020.657641921397 7623.07248908297 7651.500436681223 
30148.32227074236 30177.27860262009 6852.523144104804 6881.479475982533 7844.099563318778 7873.055895196507 
30241.054148471616 30269.416593886464 7054.98864628821 7083.351091703057 7799.678602620087 7828.041048034935 
29552.54410480349 29580.613973799125 7167.487336244541 7195.557205240175 7898.941484716157 7927.01135371179 
29171.392139737993 29200.073362445415 7177.675982532751 7206.357205240175 7709.876855895196 7738.55807860262 
29347.06637554585 29375.079475982533 7113.236681222707 7141.249781659389 7698.110043668123 7726.123144104804 
29979.58253275109 30008.324890829696 7162.285589519651 7191.027947598253 7641.3685589519655 7670.110917030568 
29447.78253275109 29475.642794759824 6827.402620087336 6855.26288209607 7607.568558951965 7635.428820960698 
30128.51004366812 30156.999126637555 6916.30480349345 6944.793886462882 8089.2829694323145 8117.772052401747 
29788.51965065502 29817.318777292578 7126.3100436681225 7155.109170305677 7818.611353711791 7847.410480349345 
29515.960698689956 29543.991266375546 7156.545851528384 7184.576419213974 7441.301310043668 7469.331877729258 
28933.036681222708 28960.910043668122 6894.547598253275 6922.42096069869 7587.2244541484715 7615.097816593887 
29516.825327510916 29545.021834061135 6921.633187772925 6949.829694323144 8095.580786026201 8123.777292576419 
29906.897816593886 29935.74061135371 7121.557205240175 7150.4 7683.522270742358 7712.365065502184 
29318.195633187774 29346.501310043666 7272.789519650655 7301.095196506551 7733.213100436681 7761.5187772925765 
29745.275109170307 29773.98689956332 6960.703056768559 6989.414847161572 7664.886462882096 7693.5982532751095 
29988.68558951965 30017.078602620088 6993.5021834061135 7021.89519650655 7895.327510917031 7923.720524017467 
28884.537991266374 28912.60349344978 7041.476855895196 7069.542358078603 7893.284716157205 7921.350218340612 
29086.38864628821 29114.567685589518 6897.703056768559 6925.882096069869 7896.864628820961 7925.043668122271 
30119.5231441048 30148.086462882096 6988.103930131005 7016.667248908297 7652.138864628821 7680.702183406113 
30262.108296943232 30291.27423580786 6909.820087336245 6938.986026200873 7964.191266375546 7993.357205240175 
29355.917030567685 29383.842794759825 7018.698689956332 7046.624454148472 7607.458515283843 7635.384279475982 
29960.23231441048 29989.005240174673 6840.974672489083 6869.747598253275 7855.7650655021835 7884.537991266376 
30025.61659388646 30054.717030567685 7149.254148471616 7178.354585152839 7699.297816593887 7728.398253275109 
29783.17379912664 29811.93362445415 7118.112663755459 7146.87248908297 8083.457641921397 8112.217467248908 
29810.917030567685 29839.489082969434 6969.532751091703 6998.10480349345 8034.397379912663 8062.96943231441 
29336.254148471617 29364.420087336246 6901.738864628821 6929.904803493449 7541.751965065502 7569.917903930131 
29695.994759825327 29724.17379912664 6706.344104803494 6734.523144104804 7533.466375545851 7561.645414847161 
29783.195633187774 29811.684716157204 7209.514410480349 7238.003493449782 7663.55807860262 7692.047161572053 
