52433.09007633588 52461.25038167939 13489.291094147582 13517.451399491094 14109.515012722646 14137.675318066158 
52903.38880407125 52932.02239185751 13378.592366412213 13407.225954198473 14211.778117048347 14240.411704834605 
52569.84732824427 52598.063613231556 13240.198473282442 13268.41475826972 14521.956743002545 14550.173027989822 
51991.48346055979 52020.068702290075 13573.137404580153 13601.722646310433 14894.167938931298 14922.753180661577 
52028.700254452924 52056.860559796434 13247.990330788803 13276.150636132315 14326.183715012723 14354.344020356235 
51675.23358778626 51703.546564885495 13159.14961832061 13187.462595419847 14516.895165394402 14545.208142493639 
52723.099236641225 52751.49618320611 13451.885496183206 13480.282442748092 14659.57506361323 14687.972010178117 
52242.127226463104 52270.770992366415 13414.737913486006 13443.381679389313 14325.066157760813 14353.709923664122 
53038.19389312977 53066.76386768448 13369.578117048346 13398.148091603054 15201.081933842239 15229.651908396947 
52246.70229007633 52275.076335877864 13334.335877862595 13362.709923664122 14299.127226463104 14327.501272264632 
51949.46921119593 51977.5048346056 13521.660050890585 13549.695674300254 14108.316539440204 14136.352162849873 
51692.54961832061 51720.67684478372 13345.442748091604 13373.569974554708 14533.259541984733 14561.386768447837 
52427.001526717555 52455.64020356234 13087.240712468194 13115.879389312977 14379.283969465649 14407.922646310433 
52102.42798982188 52130.53740458015 13342.534860050891 13370.64427480916 14654.415267175573 14682.524681933843 
52404.75572519084 52433.310432569975 13165.508905852417 13194.063613231552 14221.959287531807 14250.513994910942 
51686.90381679389 51715.13027989822 13340.29058524173 13368.517048346055 14242.845292620865 14271.07175572519 
52785.29262086514 52814.185750636134 13312.223918575064 13341.117048346056 14638.170483460559 14667.063613231552 
52252.66921119593 52280.814249363866 13340.867684478371 13369.01272264631 14448.381679389313 14476.526717557252 
52412.155216284984 52440.763358778626 13517.409669211196 13546.017811704834 14368.921119592875 14397.529262086515 
51359.262086514 51387.32569974555 13317.519083969466 13345.582697201018 14668.068702290077 14696.132315521629 
52545.56030534351 52573.99796437659 13587.519592875318 13615.957251908398 14919.12010178117 14947.557760814248 
53005.53944020356 53034.025445292624 13448.6844783715 13477.170483460559 14385.272264631043 14413.758269720101 
52760.07888040713 52788.46819338422 13095.221374045801 13123.610687022901 15285.501272264632 15313.89058524173 
52183.75572519084 52211.994910941474 13333.124681933843 13361.363867684478 14485.905852417303 14514.145038167939 
52245.86564885496 52273.99541984733 13515.468702290076 13543.598473282444 14275.878371501272 14304.008142493638 
52126.49872773537 52154.37659033079 13211.79389312977 13239.67175572519 14604.516539440203 14632.394402035623 
51577.61424936387 51605.37506361323 13268.403053435115 13296.163867684478 14283.535368956744 14311.296183206106 
52323.79440203562 52352.125190839695 13216.542493638677 13244.873282442748 14263.05903307888 14291.38982188295 
52188.62544529262 52216.99694656488 13207.414249363868 13235.785750636132 14155.187786259541 14183.559287531807 
52623.95114503817 52652.51603053435 13229.836641221375 13258.401526717556 14620.61017811705 14649.175063613231 
52150.116539440205 52178.31501272265 13386.948600508906 13415.147073791348 14102.806106870228 14131.004580152672 
52610.413231552164 52639.15368956743 13169.581170483461 13198.321628498728 14532.217302798983 14560.95776081425 
52153.086005089055 52181.460050890586 13395.017302798982 13423.39134860051 14723.108905852418 14751.482951653945 
53000.73587786259 53029.09720101781 12975.440712468193 13003.80203562341 14417.858015267175 14446.219338422392 
51855.11195928753 51882.916030534354 13023.13486005089 13050.93893129771 14475.847328244276 14503.651399491095 
52068.60203562341 52096.90737913486 13227.449363867685 13255.754707379136 14357.713994910942 14386.019338422391 
51569.229007633585 51597.64376590331 13465.229007633588 13493.643765903307 14758.167938931298 14786.582697201018 
52895.804580152675 52924.60101781171 13606.468702290076 13635.26513994911 14525.898727735368 14554.695165394402 
51903.7272264631 51932.21323155216 13272.951145038169 13301.437150127227 14870.991857506362 14899.47786259542 
52417.34910941476 52446.028498727734 13391.010687022901 13419.690076335877 14906.980152671757 14935.659541984733 
52391.780661577606 52420.32519083969 13332.480407124682 13361.024936386768 14300.398982188295 14328.943511450381 
51973.08854961832 52001.414249363865 13183.26921119593 13211.594910941476 14584.89262086514 14613.218320610687 
52306.776081424934 52335.201017811705 13539.65903307888 13568.08396946565 14782.229007633588 14810.653944020356 
52070.75572519084 52098.99236641221 13237.519083969466 13265.75572519084 14637.358778625954 14665.595419847328 
52146.40865139949 52174.96335877862 13098.434096692112 13126.988804071247 14627.393384223918 14655.948091603053 
52798.70788804071 52827.45852417303 13263.855470737913 13292.60610687023 14213.081933842239 14241.832569974555 
51690.89465648855 51719.26106870229 13026.258524173028 13054.624936386768 14445.09058524173 14473.45699745547 
52381.37709923664 52409.87073791349 13600.282951653944 13628.776590330788 14408.534860050891 14437.028498727735 
52427.48346055979 52456.127226463104 13360.162849872773 13388.806615776082 14888.539440203562 14917.18320610687 
52162.53282442748 52190.4844783715 13071.62951653944 13099.581170483461 14600.143511450382 14628.095165394401 
