40220.43868852459 40248.943606557375 9970.973114754099 9999.478032786885 10509.314098360655 10537.819016393443 
40491.02163934426 40519.67081967213 9798.136393442623 9826.785573770492 10914.218360655737 10942.867540983607 
39944.04983606558 39972.4793442623 10046.062950819673 10074.492459016394 11087.790819672131 11116.220327868852 
39826.92 39855.10032786885 9839.565901639344 9867.746229508197 10777.703606557377 10805.883934426229 
39092.79081967213 39120.40393442623 9958.276065573771 9985.88918032787 10776.466229508196 10804.079344262294 
39763.40131147541 39791.55868852459 9786.378360655737 9814.535737704919 10834.15213114754 10862.309508196722 
40243.22098360656 40271.4931147541 9892.998032786885 9921.270163934427 10913.748852459017 10942.020983606557 
40362.65049180328 40391.39475409836 9769.529180327869 9798.27344262295 11104.050491803278 11132.79475409836 
39824.59213114754 39853.008524590165 9961.365901639345 9989.782295081966 10471.526557377048 10499.942950819672 
40178.0 40206.22295081967 9693.47868852459 9721.701639344263 10831.87213114754 10860.095081967213 
40159.601967213115 40187.67737704918 9893.477377049181 9921.552786885246 11127.001967213115 11155.07737704918 
39654.689836065576 39682.76196721311 9947.830819672132 9975.902950819673 10614.581639344262 10642.653770491803 
39671.095081967214 39699.07213114754 9947.442622950819 9975.419672131147 10790.986885245902 10818.963934426229 
39727.649836065575 39755.87606557377 9842.072786885246 9870.299016393443 10918.158032786885 10946.384262295081 
40309.13573770492 40337.719344262296 9850.093114754098 9878.676721311476 10548.988196721311 10577.571803278688 
40089.62950819672 40118.17049180328 10005.455737704919 10033.996721311476 11561.11475409836 11589.655737704918 
39809.18819672131 39837.44393442623 9913.676721311476 9941.932459016394 10793.702950819672 10821.95868852459 
40107.640655737705 40136.00459016393 10048.80131147541 10077.165245901639 11319.624262295081 11347.988196721311 
40433.753442622954 40462.484590163935 9927.196065573771 9955.927213114754 11006.222295081967 11034.953442622951 
40385.190819672134 40413.89901639344 10016.053114754099 10044.76131147541 10521.469508196722 10550.177704918033 
40442.17180327869 40470.91934426229 9978.857049180328 10007.604590163934 10799.007868852459 10827.755409836065 
40157.15081967213 40185.81639344263 10158.04918032787 10186.71475409836 11204.183606557377 11232.849180327868 
40521.824918032784 40550.660983606555 10169.929836065574 10198.765901639345 11334.40524590164 11363.241311475409 
39343.01245901639 39371.28459016394 10220.966557377049 10249.23868852459 10745.468196721311 10773.740327868853 
40136.0137704918 40164.80393442623 10128.272786885245 10157.062950819673 11057.754754098361 11086.544918032787 
39812.33639344262 39840.765901639345 10101.264262295083 10129.693770491804 10832.359344262295 10860.788852459016 
39846.50885245902 39874.49573770492 9950.508852459016 9978.495737704918 10839.207213114754 10867.194098360656 
39604.396721311474 39632.75081967213 9925.737704918032 9954.091803278689 10982.295081967213 11010.64918032787 
40109.66819672131 40138.025573770494 10141.228852459017 10169.586229508197 10920.582950819673 10948.940327868853 
39581.39540983606 39609.4806557377 9981.179016393442 10009.264262295083 10985.588852459017 11013.674098360656 
39849.19147540983 39877.49967213115 9983.306229508196 10011.614426229507 11157.870163934425 11186.178360655738 
40011.630163934424 40040.16786885246 9781.990819672132 9810.528524590163 11232.413770491803 11260.951475409836 
39459.06426229508 39487.02163934426 9918.179016393442 9946.136393442623 10746.123278688525 10774.080655737705 
39580.17049180328 39608.61967213115 10219.04262295082 10247.491803278688 10848.711475409837 10877.160655737705 
40319.64131147541 40348.07409836066 10050.851147540983 10079.28393442623 10958.64131147541 10987.074098360656 
39485.201967213114 39513.44131147541 10065.43475409836 10093.674098360656 11059.84131147541 11088.080655737705 
40901.12524590164 40929.61704918033 9825.764590163935 9854.256393442623 11292.590819672132 11321.08262295082 
40282.15147540984 40310.33836065574 9949.331803278688 9977.51868852459 11515.079344262294 11543.266229508197 
40129.97573770492 40158.493770491805 9849.759344262295 9878.27737704918 11134.883934426229 11163.401967213114 
41284.306885245904 41313.136393442626 10132.342950819671 10161.172459016394 11572.992131147541 11601.821639344262 
40211.89770491803 40240.35672131147 9623.035409836066 9651.494426229508 10588.92393442623 10617.382950819672 
40273.737704918036 40302.24262295082 9988.055737704917 10016.560655737705 10781.104918032786 10809.609836065574 
39713.891147540984 39741.96327868853 9824.641967213114 9852.714098360655 10714.694426229507 10742.76655737705 
39965.77245901639 39994.3462295082 10155.788852459016 10184.362622950819 11030.575737704918 11059.14950819672 
40121.85049180328 40150.52590163935 10033.12918032787 10061.804590163934 10770.548852459016 10799.224262295082 
40008.680655737706 40036.89049180328 9933.549508196722 9961.759344262295 10516.44786885246 10544.657704918032 
40423.21508196721 40452.00196721312 10042.631475409837 10071.418360655738 10843.736393442623 10872.523278688524 
40485.17573770492 40513.97573770492 10070.379016393443 10099.179016393442 10870.542950819672 10899.342950819671 
40010.207868852456 40038.4668852459 9925.034098360657 9953.293114754098 11627.063606557376 11655.32262295082 
40043.45114754098 40072.087213114755 9871.359344262295 9899.995409836065 10980.96262295082 11009.59868852459 
