48363.48306010929 48391.96120218579 12305.42568306011 12333.903825136613 13370.67431693989 13399.152459016394 
48483.56830601093 48511.94535519126 12372.204918032787 12400.581967213115 13327.814207650274 13356.191256830602 
48696.55519125683 48724.84207650273 12280.172677595629 12308.45956284153 13416.866666666667 13445.153551912568 
48497.40765027322 48525.67540983607 12257.634426229508 12285.902185792349 13924.533333333333 13952.801092896176 
47998.48852459016 48026.698907103826 12463.218032786885 12491.428415300546 13876.106010928961 13904.316393442623 
48250.853551912565 48278.90546448087 12254.307103825136 12282.359016393442 12703.318032786885 12731.36994535519 
48459.082513661204 48487.63442622951 12523.626229508196 12552.178142076502 14256.913114754097 14285.465027322405 
48516.21092896175 48544.51147540984 12417.945901639345 12446.246448087431 13417.609836065574 13445.91038251366 
48334.23169398907 48362.53224043716 11986.983060109289 12015.283606557377 12891.160655737705 12919.461202185792 
48447.07377049181 48475.39617486339 12177.308743169398 12205.631147540984 13171.784153005465 13200.106557377048 
49056.365027322405 49084.810382513664 12399.51256830601 12427.957923497268 13958.24480874317 13986.690163934427 
48802.64207650273 48831.262295081964 12196.502732240437 12225.122950819672 13748.46174863388 13777.081967213115 
48175.67978142077 48204.08415300547 12227.914754098361 12256.31912568306 13310.428415300546 13338.832786885247 
49053.403825136615 49082.17978142077 12224.207103825136 12252.983060109289 14111.584153005464 14140.360109289617 
48367.23551912569 48395.33387978142 12133.467759562842 12161.566120218578 13227.481420765027 13255.579781420765 
49019.43715846995 49048.071038251364 12289.010928961749 12317.644808743169 13775.77049180328 13804.4043715847 
48564.843715847 48593.31092896175 12222.690710382514 12251.157923497267 13339.554098360655 13368.02131147541 
48297.96010928962 48326.14043715847 12616.591256830601 12644.771584699454 13328.648633879782 13356.828961748633 
48152.10109289618 48180.39071038251 12197.180327868853 12225.469945355191 13446.991803278688 13475.281420765028 
47695.41803278688 47723.51912568306 12225.715846994535 12253.81693989071 13452.72950819672 13480.830601092895 
48950.64043715847 48979.09945355191 12345.017486338798 12373.476502732241 14025.08306010929 14053.542076502732 
47909.03387978142 47937.23606557377 12537.60218579235 12565.8043715847 13571.613114754098 13599.815300546448 
48171.881967213114 48200.25355191257 12488.562295081967 12516.933879781422 13628.00218579235 13656.373770491804 
48152.44754098361 48180.504918032784 12315.125136612021 12343.182513661202 13927.58961748634 13955.646994535518 
48682.03169398907 48710.27759562842 12147.575409836065 12175.821311475409 13494.201092896175 13522.44699453552 
48333.46174863388 48362.37704918033 12228.718579234972 12257.63387978142 13428.024590163934 13456.939890710382 
48520.65245901639 48549.29726775956 12345.537704918033 12374.182513661202 13389.395628415301 13418.04043715847 
47903.62677595628 47931.72240437158 11936.391803278688 11964.48743169399 13963.184153005464 13991.279781420764 
48650.90218579235 48679.42131147541 12410.301092896176 12438.820218579234 13916.836612021858 13945.355737704918 
47979.85737704918 48007.977595628414 12478.862841530055 12506.983060109289 13839.81912568306 13867.939344262295 
48888.64699453552 48916.71256830601 12368.988524590164 12397.054098360655 13120.756284153005 13148.821857923498 
48790.66284153005 48819.132786885246 12280.668306010928 12309.138251366121 13101.914207650274 13130.384153005465 
48436.902732240436 48465.28797814208 12462.878142076503 12491.263387978142 12897.307103825136 12925.692349726776 
47789.38524590164 47817.448087431694 12149.967213114754 12178.030054644809 13829.13387978142 13857.196721311475 
48119.04808743169 48147.151912568304 12337.351366120218 12365.455191256831 13721.140983606558 13749.24480874317 
48633.2868852459 48661.67759562842 12622.303278688525 12650.693989071038 13599.101092896175 13627.491803278688 
48491.579234972676 48519.89071038251 12370.939890710382 12399.25136612022 13428.91256830601 13457.224043715847 
48747.774863387975 48776.3868852459 12484.037158469946 12512.64918032787 14035.28306010929 14063.895081967214 
48486.004918032784 48514.54590163934 12414.701639344263 12443.24262295082 13586.185245901639 13614.726229508196 
49179.122404371585 49207.73442622951 12255.565027322404 12284.177049180327 13402.67431693989 13431.286338797814 
47876.76557377049 47904.71639344262 12267.079781420765 12295.030601092896 13207.273770491804 13235.224590163934 
47998.992349726774 48027.0306010929 12076.75737704918 12104.7956284153 13772.068852459017 13800.107103825136 
48959.15355191257 48987.492349726774 12135.432240437158 12163.771038251367 13268.579781420765 13296.918579234973 
48691.389071038255 48719.96830601093 12019.673224043716 12048.252459016394 13223.143169398907 13251.722404371585 
48447.401639344265 48476.07650273224 12355.724043715847 12384.398907103825 13819.691256830602 13848.36612021858 
48394.274863387975 48422.57540983606 12263.804918032787 12292.105464480874 13690.559016393443 13718.85956284153 
48496.29508196721 48524.64207650273 12443.800546448087 12472.147540983606 13965.355191256831 13993.70218579235 
48771.402732240436 48799.93278688525 12247.861748633879 12276.391803278688 13537.34262295082 13565.87267759563 
48768.47431693989 48797.124590163934 12151.321311475409 12179.971584699453 13381.321311475409 13409.971584699453 
49068.911475409834 49097.528961748634 12408.007103825137 12436.624590163934 13276.452459016393 13305.069945355192 
