9773.416470588236 9800.957647058824 1502.1458823529413 1529.6870588235295 1499.0517647058823 1526.5929411764705 
9524.957647058824 9552.99294117647 1603.5929411764705 1631.6282352941178 1966.169411764706 1994.204705882353 
9717.176470588236 9745.423529411764 1643.8823529411766 1672.129411764706 1905.8235294117646 1934.070588235294 
9848.811764705883 9876.64705882353 1517.6705882352942 1545.5058823529412 1419.9529411764706 1447.7882352941176 
9652.496470588236 9680.802352941177 1500.6611764705883 1528.9670588235294 1814.0376470588235 1842.3435294117646 
9742.62588235294 9770.096470588236 1572.9788235294118 1600.449411764706 1787.0141176470588 1814.484705882353 
9938.042352941176 9966.889411764705 1838.995294117647 1867.8423529411764 1892.524705882353 1921.3717647058822 
9910.235294117647 9938.364705882354 1597.0470588235294 1625.1764705882354 1761.6823529411765 1789.8117647058823 
10114.6 10143.517647058823 1741.5411764705882 1770.4588235294118 2183.435294117647 2212.3529411764707 
9883.068235294118 9911.350588235295 1600.3858823529413 1628.6682352941177 1768.3741176470587 1796.6564705882354 
9825.609411764706 9853.538823529412 1527.0682352941176 1554.9976470588235 1872.1623529411766 1900.0917647058823 
10181.491764705883 10210.797647058824 1687.28 1716.585882352941 1924.7976470588235 1954.1035294117646 
9498.905882352941 9526.835294117647 1526.7058823529412 1554.6352941176472 1623.9058823529413 1651.835294117647 
9564.04 9591.663529411764 1545.4870588235294 1573.110588235294 1576.0282352941176 1603.6517647058824 
10143.828235294117 10172.981176470588 1563.0635294117646 1592.2164705882353 1954.8988235294119 1984.0517647058823 
9967.268235294117 9995.32705882353 1578.7270588235294 1606.7858823529411 1738.174117647059 1766.2329411764706 
9403.32705882353 9430.938823529412 1555.4917647058824 1583.1035294117646 1777.0329411764706 1804.644705882353 
9658.489411764705 9686.524705882353 1510.2188235294118 1538.2541176470588 1871.9835294117647 1900.0188235294117 
10030.091764705883 10058.38588235294 1591.48 1619.7741176470588 1832.1270588235295 1860.4211764705883 
9583.211764705882 9611.658823529411 1536.5176470588235 1564.964705882353 1879.9058823529413 1908.3529411764705 
10173.261176470589 10201.367058823529 1539.9082352941177 1568.0141176470588 1704.9435294117648 1733.0494117647058 
10008.632941176471 10037.197647058823 1664.1035294117646 1692.6682352941177 1982.6917647058824 2011.2564705882353 
9903.475294117647 9931.557647058824 1577.1223529411764 1605.204705882353 1864.2635294117647 1892.345882352941 
10206.324705882353 10235.348235294117 1549.1011764705881 1578.1247058823528 1955.9129411764707 1984.9364705882354 
10190.97882352941 10219.496470588236 1681.2964705882353 1709.8141176470588 2219.9317647058824 2248.449411764706 
9860.564705882352 9889.682352941176 1605.5294117647059 1634.6470588235295 1932.0588235294117 1961.1764705882354 
10167.576470588236 10196.30588235294 1621.9764705882353 1650.7058823529412 1739.5176470588235 1768.2470588235294 
9255.59294117647 9282.498823529411 1480.2282352941177 1507.134117647059 1665.6282352941178 1692.5341176470588 
9784.188235294117 9811.764705882353 1859.835294117647 1887.4117647058824 1970.764705882353 1998.3411764705882 
9744.84 9773.54588235294 1662.110588235294 1690.8164705882352 1898.7811764705882 1927.4870588235294 
9767.536470588235 9795.56 1563.8541176470587 1591.8776470588236 1799.7129411764706 1827.7364705882353 
10218.369411764706 10246.651764705883 1723.8752941176472 1752.1576470588236 1906.075294117647 1934.3576470588234 
9536.176470588236 9563.364705882354 1470.4 1497.5882352941176 1756.4705882352941 1783.6588235294118 
9908.404705882353 9937.251764705883 1511.9929411764706 1540.84 1741.7105882352942 1770.5576470588235 
9748.369411764706 9776.24 1733.5694117647058 1761.44 1974.004705882353 2001.8752941176472 
10137.216470588235 10166.54588235294 1572.6282352941178 1601.9576470588236 1873.0164705882353 1902.345882352941 
9611.416470588236 9639.392941176471 1540.3576470588234 1568.3341176470587 1857.64 1885.6164705882352 
10071.423529411764 10100.235294117647 1471.129411764706 1499.9411764705883 1815.1764705882354 1843.9882352941177 
9878.802352941177 9907.378823529412 1694.755294117647 1723.3317647058823 1913.7082352941177 1942.284705882353 
10114.24705882353 10142.8 1737.235294117647 1765.7882352941176 2198.4470588235295 2227.0 
9904.242352941177 9933.00705882353 1745.830588235294 1774.595294117647 1905.8541176470587 1934.6188235294117 
9742.484705882353 9770.790588235293 1556.92 1585.2258823529412 1805.3670588235293 1833.6729411764707 
10286.322352941177 10314.875294117646 1624.9576470588236 1653.510588235294 1849.8870588235295 1878.44 
9867.12 9895.072941176471 1768.3788235294119 1796.3317647058823 1922.1905882352942 1950.1435294117648 
9813.665882352941 9841.56 1487.9011764705883 1515.795294117647 1725.795294117647 1753.689411764706 
10059.64 10088.357647058823 1645.3694117647058 1674.0870588235293 1912.804705882353 1941.5223529411765 
9711.094117647059 9739.188235294117 1610.8 1638.894117647059 1990.6352941176472 2018.729411764706 
9924.32705882353 9953.315294117647 1558.9035294117648 1587.8917647058825 1970.1270588235295 1999.115294117647 
9705.649411764705 9734.61411764706 1725.9670588235294 1754.9317647058824 2063.661176470588 2092.625882352941 
9857.783529411765 9886.395294117647 1513.689411764706 1542.3011764705882 1603.0658823529411 1631.6776470588236 
