8816.970666666666 8846.197333333334 1186.144 1215.3706666666667 1417.7306666666666 1446.9573333333333 
8264.357333333333 8292.224 1089.1573333333333 1117.024 1285.7573333333332 1313.624 
8890.933333333332 8920.44 1318.4 1347.9066666666668 1438.5733333333333 1468.08 
8627.370666666666 8656.250666666667 1287.824 1316.704 1325.6773333333333 1354.5573333333334 
8814.778666666667 8844.018666666667 1155.6586666666667 1184.8986666666667 1239.3253333333334 1268.5653333333332 
8398.04 8425.973333333333 1264.08 1292.0133333333333 1466.2133333333334 1494.1466666666668 
8482.338666666667 8510.565333333334 1124.0853333333334 1152.312 1312.2986666666666 1340.5253333333333 
8451.394666666667 8479.328 1222.328 1250.2613333333334 1546.368 1574.3013333333333 
8560.277333333333 8589.437333333333 1354.704 1383.864 1505.4906666666666 1534.6506666666667 
8206.642666666667 8235.229333333333 1242.176 1270.7626666666667 1557.0826666666667 1585.6693333333333 
8561.349333333334 8589.509333333333 1291.6693333333333 1319.8293333333334 1588.1093333333333 1616.2693333333334 
8440.92 8469.746666666666 1241.2133333333334 1270.04 1421.7333333333333 1450.56 
8421.381333333333 8449.088 1182.8746666666666 1210.5813333333333 1476.4346666666668 1504.1413333333333 
8357.653333333334 8386.44 1288.0933333333332 1316.88 1411.8 1440.5866666666666 
8182.984 8210.597333333333 1208.5973333333334 1236.2106666666666 1491.9306666666666 1519.544 
8418.576 8446.322666666667 1230.096 1257.8426666666667 1625.7893333333334 1653.536 
8404.042666666666 8432.176 1148.1226666666666 1176.256 1584.696 1612.8293333333334 
8697.122666666666 8725.549333333332 1142.1226666666666 1170.5493333333334 1452.6826666666666 1481.1093333333333 
8260.861333333334 8288.874666666667 1256.168 1284.1813333333334 1440.128 1468.1413333333333 
8769.274666666666 8798.328 1211.5013333333334 1240.5546666666667 1516.9413333333334 1545.9946666666667 
8909.538666666667 8939.458666666667 1223.6586666666667 1253.5786666666668 1520.752 1550.672 
8638.552 8667.325333333334 1141.0453333333332 1169.8186666666666 1396.1653333333334 1424.9386666666667 
8224.573333333334 8252.226666666667 1135.36 1163.0133333333333 1320.5866666666666 1348.24 
8893.712 8922.832 1357.3253333333334 1386.4453333333333 1746.6053333333334 1775.7253333333333 
8758.677333333333 8787.650666666666 1233.0906666666667 1262.064 1460.6906666666666 1489.664 
8331.533333333333 8359.813333333334 1015.8133333333334 1044.0933333333332 1156.7733333333333 1185.0533333333333 
8326.64 8354.24 1111.8933333333334 1139.4933333333333 1435.1333333333334 1462.7333333333333 
8257.864 8286.477333333334 1105.4773333333333 1134.0906666666667 1298.5973333333334 1327.2106666666666 
8643.869333333334 8672.069333333333 1201.936 1230.136 1449.6693333333333 1477.8693333333333 
8186.501333333334 8213.381333333333 1030.2746666666667 1057.1546666666666 1356.328 1383.208 
8721.349333333334 8749.509333333333 1357.776 1385.936 1568.4026666666666 1596.5626666666667 
8193.722666666667 8222.189333333334 1148.8826666666666 1177.3493333333333 1384.7493333333334 1413.216 
8671.402666666667 8700.016 1186.216 1214.8293333333334 1541.0693333333334 1569.6826666666666 
8679.565333333334 8707.818666666666 1158.4986666666666 1186.752 1445.1786666666667 1473.432 
8519.832 8547.885333333334 1216.872 1244.9253333333334 1534.512 1562.5653333333332 
8768.066666666668 8796.72 1245.72 1274.3733333333332 1521.68 1550.3333333333333 
8333.08 8361.293333333333 1286.04 1314.2533333333333 1630.0 1658.2133333333334 
8479.912 8508.418666666666 1134.0453333333332 1162.552 1468.5386666666666 1497.0453333333332 
8415.512 8443.778666666667 1095.152 1123.4186666666667 1238.752 1267.0186666666666 
8394.093333333334 8421.893333333333 1185.8666666666666 1213.6666666666667 1357.8933333333334 1385.6933333333334 
8820.421333333334 8848.341333333334 1241.4346666666668 1269.3546666666666 1604.6746666666666 1632.5946666666666 
8424.197333333334 8452.570666666667 1164.6506666666667 1193.024 1405.9973333333332 1434.3706666666667 
8416.621333333333 8444.688 1202.1546666666666 1230.2213333333334 1449.008 1477.0746666666666 
8343.146666666667 8370.213333333333 1206.4133333333334 1233.48 1337.08 1364.1466666666668 
8694.578666666666 8723.685333333333 1208.4186666666667 1237.5253333333333 1406.272 1435.3786666666667 
8289.258666666667 8317.898666666666 1135.0853333333334 1163.7253333333333 1338.3386666666668 1366.9786666666666 
8573.277333333333 8602.050666666666 1278.3973333333333 1307.1706666666666 1605.6906666666666 1634.464 
8484.986666666666 8513.6 1037.48 1066.0933333333332 1453.2666666666667 1481.88 
8239.517333333333 8267.890666666666 1140.2906666666668 1168.664 1308.6506666666667 1337.024 
7969.794666666667 7997.501333333334 1203.7546666666667 1231.4613333333334 1396.448 1424.1546666666666 
