27586.857407407406 27614.81574074074 6274.394444444444 6302.352777777778 7063.940740740741 7091.899074074074 
27272.175 27300.225925925926 6415.332407407407 6443.383333333333 6960.7861111111115 6988.837037037037 
27635.57962962963 27663.667592592592 6446.584259259259 6474.672222222222 6923.792592592593 6951.8805555555555 
27437.044444444444 27465.109259259258 6247.780555555555 6275.845370370371 7211.8592592592595 7239.924074074074 
27925.878703703704 27954.374074074072 6407.596296296297 6436.091666666666 7735.545370370371 7764.040740740741 
27625.566666666666 27653.844444444443 6513.298148148148 6541.575925925926 7583.15 7611.427777777778 
27343.883333333335 27371.55462962963 6420.0268518518515 6447.698148148148 7154.457407407407 7182.128703703704 
28177.34537037037 28205.83148148148 6403.831481481481 6432.3175925925925 7513.419444444445 7541.905555555555 
27471.139814814815 27499.056481481482 6609.778703703703 6637.69537037037 7860.306481481482 7888.2231481481485 
27222.45648148148 27250.183333333334 6446.521296296296 6474.248148148148 7264.502777777778 7292.22962962963 
27623.732407407406 27652.158333333333 6535.144444444444 6563.57037037037 7470.084259259259 7498.510185185185 
27823.858333333334 27852.27037037037 6624.085185185185 6652.497222222222 7251.78425925926 7280.196296296296 
27878.52314814815 27906.824074074073 6575.111111111111 6603.412037037037 7105.6712962962965 7133.972222222223 
27821.86388888889 27850.09537037037 6490.174074074074 6518.405555555555 7470.076851851852 7498.308333333333 
27383.421296296296 27411.439814814814 6523.064814814815 6551.083333333333 7008.689814814815 7036.708333333333 
27830.472222222223 27858.462962962964 6361.37962962963 6389.37037037037 6969.898148148148 6997.888888888889 
27717.32037037037 27745.274074074074 6540.82037037037 6568.774074074074 6992.375925925926 7020.329629629629 
27637.01388888889 27664.87962962963 6642.009259259259 6669.875 7250.652777777777 7278.518518518518 
27992.36388888889 28020.299074074075 6433.794444444445 6461.72962962963 7403.326851851852 7431.262037037037 
27649.49537037037 27677.958333333332 6793.009259259259 6821.472222222223 7695.615740740741 7724.0787037037035 
27478.734259259258 27506.910185185185 6416.780555555555 6444.956481481481 7394.280555555555 7422.456481481481 
28293.328703703704 28321.958333333332 6625.652777777777 6654.282407407408 6968.319444444444 6996.949074074074 
27759.08611111111 27786.975 6405.049074074074 6432.937962962963 6733.900925925926 6761.789814814815 
27923.037962962964 27951.70925925926 6607.968518518518 6636.639814814815 7649.537962962963 7678.209259259259 
28149.672222222223 28178.31574074074 6573.496296296296 6602.139814814815 7271.607407407408 7300.250925925926 
28514.039814814816 28542.12777777778 6498.822222222222 6526.910185185186 7116.391666666666 7144.47962962963 
27394.108333333334 27422.256481481483 6516.612962962963 6544.761111111111 7148.302777777778 7176.450925925926 
28000.980555555554 28029.230555555554 6507.137962962963 6535.387962962963 7514.387962962963 7542.637962962963 
27672.63703703704 27700.632407407407 6622.928703703704 6650.924074074074 7529.757407407407 7557.752777777778 
28292.714814814815 28321.640740740742 6495.849074074074 6524.775 7650.927777777778 7679.853703703704 
27896.35 27924.743518518517 6633.9425925925925 6662.336111111111 7529.285185185186 7557.678703703704 
27575.350925925926 27603.587037037036 6518.633333333333 6546.8694444444445 7093.156481481482 7121.392592592592 
27699.271296296298 27727.22037037037 6385.308333333333 6413.257407407407 7141.336111111111 7169.285185185186 
28023.610185185185 28051.966666666667 6757.837037037037 6786.193518518518 7440.962037037037 7469.318518518518 
28346.338888888888 28375.232407407406 6505.9638888888885 6534.857407407408 7358.783333333334 7387.676851851852 
28090.292592592592 28118.67685185185 6458.399074074074 6486.783333333334 7439.0888888888885 7467.4731481481485 
28061.901851851853 28090.276851851853 6555.665740740741 6584.040740740741 6939.438888888889 6967.813888888889 
27831.05 27859.610185185185 6248.471296296297 6277.031481481482 7701.290740740741 7729.850925925926 
28109.28148148148 28137.693518518518 6555.633333333333 6584.045370370371 7141.55 7169.962037037037 
28170.32962962963 28199.06574074074 6622.139814814815 6650.875925925926 7429.635185185185 7458.371296296296 
27495.14351851852 27523.319444444445 6537.458333333333 6565.634259259259 7263.930555555556 7292.106481481482 
28294.234259259258 28322.812962962962 6588.035185185186 6616.613888888889 7313.530555555555 7342.1092592592595 
27903.59259259259 27931.574074074073 6528.4537037037035 6556.435185185185 7017.305555555556 7045.287037037037 
28013.285185185185 28041.84537037037 6728.7342592592595 6757.294444444445 7493.1092592592595 7521.669444444445 
27588.133333333335 27615.855555555554 6475.309259259259 6503.031481481482 7082.55 7110.272222222222 
27885.27314814815 27913.833333333332 6627.657407407408 6656.217592592592 7142.180555555556 7170.740740740741 
27839.67962962963 27867.716666666667 6615.906481481482 6643.943518518518 7094.207407407407 7122.2444444444445 
27907.080555555556 27935.140740740742 6524.474074074074 6552.53425925926 6834.117592592593 6862.177777777778 
27792.810185185186 27820.86574074074 6587.694444444444 6615.75 7249.560185185185 7277.615740740741 
27957.042592592592 27985.58425925926 6662.07037037037 6690.612037037037 7206.274074074074 7234.815740740741 
