1429.1739130434783 1458.391304347826 88.78260869565217 118.0 117.30434782608695 146.52173913043478 
1296.1652173913044 1322.9478260869564 90.94782608695652 117.7304347826087 129.49565217391304 156.27826086956523 
1310.9217391304348 1340.4 86.6608695652174 116.13913043478261 120.82608695652173 150.30434782608697 
1681.5478260869565 1710.5478260869565 78.89565217391305 107.89565217391305 102.98260869565217 131.98260869565217 
1333.3304347826088 1361.4608695652173 86.4608695652174 114.59130434782608 117.11304347826086 145.24347826086955 
1451.8260869565217 1480.6521739130435 82.0 110.82608695652173 95.02608695652174 123.85217391304347 
1404.7043478260869 1432.791304347826 80.31304347826087 108.4 99.72173913043478 127.80869565217391 
1414.3565217391304 1442.1391304347826 87.05217391304348 114.83478260869565 109.85217391304347 137.63478260869564 
1199.182608695652 1225.4434782608696 83.05217391304348 109.31304347826087 100.94782608695652 127.20869565217392 
1211.3217391304347 1239.3652173913044 88.88695652173914 116.9304347826087 102.44347826086957 130.48695652173913 
1495.408695652174 1523.408695652174 86.45217391304348 114.45217391304348 111.8 139.8 
1678.7391304347825 1709.4347826086957 84.26086956521739 114.95652173913044 113.21739130434783 143.91304347826087 
962.0434782608696 987.8695652173913 73.4608695652174 99.28695652173913 99.82608695652173 125.65217391304348 
1421.1391304347826 1448.878260869565 90.4 118.13913043478261 94.00869565217391 121.74782608695652 
1427.3217391304347 1454.8 85.9304347826087 113.40869565217392 141.9391304347826 169.41739130434783 
1395.4 1423.1391304347826 96.18260869565218 123.92173913043479 119.86086956521739 147.6 
1390.391304347826 1418.0 84.45217391304348 112.06086956521739 99.6 127.20869565217392 
1227.8 1254.2782608695652 86.62608695652175 113.10434782608695 107.42608695652174 133.90434782608696 
1232.2521739130434 1259.5565217391304 82.64347826086957 109.94782608695652 114.83478260869565 142.1391304347826 
1696.4434782608696 1725.095652173913 93.87826086956522 122.5304347826087 109.59130434782608 138.24347826086955 
1496.713043478261 1526.5826086956522 82.66956521739131 112.5391304347826 119.2695652173913 149.1391304347826 
1654.495652173913 1683.6695652173912 96.11304347826086 125.28695652173913 127.14782608695653 156.3217391304348 
1229.7043478260869 1255.6173913043478 89.4 115.31304347826087 112.88695652173914 138.8 
1587.4695652173914 1615.7739130434782 74.51304347826087 102.81739130434782 104.55652173913043 132.8608695652174 
1256.208695652174 1282.5565217391304 94.12173913043478 120.4695652173913 153.6 179.94782608695652 
1505.2260869565218 1534.3565217391304 84.09565217391304 113.22608695652174 110.79130434782608 139.9217391304348 
1417.9652173913043 1447.5304347826086 100.13913043478261 129.70434782608694 129.97391304347826 159.5391304347826 
1565.4521739130435 1595.408695652174 81.40869565217392 111.36521739130434 114.54782608695652 144.50434782608696 
1326.182608695652 1353.6608695652174 86.6608695652174 114.13913043478261 103.00869565217391 130.48695652173913 
1443.208695652174 1472.6869565217391 87.3391304347826 116.81739130434782 128.4695652173913 157.94782608695652 
1285.9217391304348 1314.095652173913 80.48695652173913 108.6608695652174 116.29565217391304 144.4695652173913 
1408.2 1436.895652173913 84.63478260869566 113.33043478260869 115.12173913043478 143.81739130434784 
1322.5565217391304 1350.0782608695652 81.94782608695652 109.4695652173913 134.0086956521739 161.5304347826087 
1501.3391304347826 1529.5565217391304 80.61739130434782 108.83478260869565 114.37391304347825 142.59130434782608 
1297.5652173913043 1326.1739130434783 77.43478260869566 106.04347826086956 112.56521739130434 141.17391304347825 
1199.2695652173913 1227.3565217391304 95.6 123.68695652173913 114.4608695652174 142.54782608695652 
1638.486956521739 1668.7043478260869 88.09565217391304 118.31304347826087 146.10434782608695 176.3217391304348 
1414.1913043478262 1441.9739130434782 93.70434782608696 121.48695652173913 92.91304347826087 120.69565217391305 
1482.2 1511.504347826087 85.02608695652174 114.33043478260869 97.92173913043479 127.22608695652174 
1334.7826086956522 1361.7391304347825 82.47826086956522 109.43478260869566 110.96521739130435 137.9217391304348 
1417.5391304347827 1446.2782608695652 78.66956521739131 107.40869565217392 101.73913043478261 130.47826086956522 
1497.1304347826087 1526.1304347826087 78.69565217391305 107.69565217391305 115.38260869565218 144.38260869565218 
1326.4173913043478 1354.8521739130435 76.89565217391305 105.33043478260869 131.8521739130435 160.28695652173914 
1508.9739130434782 1537.408695652174 90.07826086956521 118.51304347826087 121.33043478260869 149.76521739130436 
1471.0521739130436 1501.2260869565218 73.83478260869565 104.00869565217391 96.22608695652174 126.4 
1535.9739130434782 1562.8869565217392 81.49565217391304 108.40869565217392 104.27826086956522 131.19130434782608 
1367.0521739130436 1395.5739130434783 91.22608695652174 119.74782608695652 116.78260869565217 145.30434782608697 
1430.5739130434783 1458.0086956521739 81.13913043478261 108.57391304347826 119.92173913043479 147.35652173913044 
1205.5652173913043 1232.2608695652175 88.65217391304348 115.34782608695652 105.5304347826087 132.22608695652173 
1802.6434782608696 1831.9478260869564 77.7304347826087 107.03478260869565 103.69565217391305 133.0 
