38481.03129251701 38509.49727891156 9562.08231292517 9590.548299319727 10446.330612244898 10474.796598639456 
38932.37619047619 38961.049659863944 9471.675510204082 9500.348979591838 10375.648299319728 10404.321768707483 
38762.87482993197 38791.51768707483 9599.34081632653 9627.983673469387 10704.140136054422 10732.78299319728 
39065.30544217687 39093.92789115646 9571.465306122449 9600.08775510204 10611.271428571428 10639.89387755102 
38423.20136054422 38451.51768707483 9694.12993197279 9722.446258503402 10730.793197278912 10759.109523809524 
38461.47891156463 38490.08775510204 9600.99931972789 9629.608163265306 10502.281632653061 10530.890476190476 
38793.331972789114 38821.44761904762 9695.345578231292 9723.461224489796 10586.236734693877 10614.352380952381 
38743.28707482993 38771.79047619048 9663.202040816326 9691.705442176872 10607.872108843538 10636.375510204081 
38626.75714285715 38654.63469387755 9474.709523809524 9502.587074829931 10457.083673469388 10484.961224489796 
38505.06394557823 38532.98911564626 9531.431292517007 9559.356462585034 10297.247619047619 10325.172789115646 
38497.02857142857 38525.53537414966 9494.909523809523 9523.416326530612 10348.375510204081 10376.88231292517 
38939.0156462585 38967.893197278914 9562.124489795919 9591.002040816327 10244.321768707483 10273.199319727892 
39082.62448979592 39111.063265306126 9472.94761904762 9501.386394557823 10258.005442176871 10286.444217687074 
38303.49455782313 38331.780272108845 9577.144217687075 9605.429931972789 10456.548979591837 10484.83469387755 
38152.6462585034 38181.04081632653 9590.761904761905 9619.156462585033 10322.020408163266 10350.414965986394 
38383.86326530612 38412.03333333333 9518.257823129252 9546.427891156463 10854.992517006804 10883.162585034013 
38245.1843537415 38273.578911564626 9563.439455782313 9591.834013605443 10564.524489795918 10592.919047619047 
38473.26666666667 38501.19863945578 9667.984353741496 9695.916326530612 10014.620408163266 10042.55238095238 
38499.99115646259 38528.24965986395 9447.634013605442 9475.892517006803 10050.671428571428 10078.929931972789 
39216.28707482993 39244.936734693874 9540.68163265306 9569.331292517007 10872.46394557823 10901.113605442177 
38600.58843537415 38628.962585034016 9435.510204081633 9463.884353741496 10164.887755102041 10193.261904761905 
37745.808163265305 37773.6619047619 9736.434013605442 9764.287755102041 9743.488435374149 9771.342176870749 
38676.99931972789 38705.421088435374 9512.890476190476 9541.31224489796 10041.665986394557 10070.08775510204 
38405.71836734694 38433.91904761905 9331.806802721088 9360.007482993196 9950.133333333333 9978.334013605443 
38076.13809523809 38104.345578231296 9523.019047619047 9551.226530612244 10470.648299319728 10498.855782312925 
38242.67278911565 38270.897278911565 9542.533333333333 9570.757823129252 10389.128571428571 10417.35306122449 
38550.80340136054 38579.79319727891 9370.932653061225 9399.922448979592 10341.939455782313 10370.92925170068 
37694.31904761905 37721.71020408163 9244.220408163264 9271.61156462585 10316.924489795918 10344.315646258503 
38173.89591836735 38202.50476190476 9660.453741496598 9689.062585034013 10179.902721088436 10208.511564625851 
38809.41972789116 38837.96734693878 9573.872108843538 9602.419727891156 10098.596598639455 10127.144217687075 
37885.08367346939 37913.3387755102 9652.046258503402 9680.301360544217 10330.906802721089 10359.161904761904 
38627.38027210884 38655.44489795918 9489.93469387755 9517.99931972789 10708.155782312926 10736.220408163264 
38283.0231292517 38311.56734693878 9481.097959183673 9509.642176870748 10467.80544217687 10496.349659863945 
38372.63265306123 38400.95238095238 9584.091836734693 9612.41156462585 10816.054421768707 10844.374149659863 
38340.08911564626 38368.36462585034 9506.38843537415 9534.663945578232 10643.755782312925 10672.031292517007 
38740.4081632653 38769.04081632653 9293.69387755102 9322.326530612245 10738.095238095239 10766.727891156463 
38427.695238095235 38455.3925170068 9520.555782312926 9548.25306122449 10238.171428571428 10265.868707482994 
38578.08163265306 38606.448979591834 9578.836734693878 9607.204081632653 10468.00680272109 10496.374149659863 
38125.01156462585 38153.215646258504 9499.542176870747 9527.7462585034 10140.025170068027 10168.22925170068 
38750.84761904762 38779.4156462585 9738.214965986395 9766.78299319728 10385.024489795918 10413.592517006802 
38275.13265306123 38303.65646258504 9343.051020408164 9371.574829931973 10331.316326530612 10359.840136054421 
38912.603401360546 38940.933333333334 9446.878911564625 9475.208843537415 10313.814285714287 10342.144217687075 
38287.23945578231 38315.586394557824 9412.361904761905 9440.708843537415 10082.232653061224 10110.579591836735 
38391.049659863944 38419.240136054425 9596.590476190477 9624.780952380952 10603.825170068027 10632.015646258504 
38205.437414965985 38233.38979591837 9366.828571428572 9394.780952380952 10648.621088435375 10676.573469387755 
38961.87006802721 38990.4074829932 9703.52993197279 9732.067346938775 10426.686394557822 10455.22380952381 
39230.14829931973 39258.913605442176 9709.804761904761 9738.570068027211 11168.01224489796 11196.777551020408 
38739.4306122449 38767.78775510204 9905.18231292517 9933.539455782313 11019.934013605442 11048.291156462585 
38337.48911564626 38365.78163265306 9557.244217687075 9585.536734693878 10745.849659863945 10774.142176870748 
38301.396598639454 38329.331972789114 9513.995238095238 9541.930612244898 10257.437414965987 10285.372789115647 
