9700.412048192771 9728.95421686747 1544.0385542168674 1572.5807228915662 1665.267469879518 1693.809638554217 
9812.139759036145 9840.18795180723 1441.5373493975903 1469.5855421686747 1666.5373493975903 1694.5855421686747 
9733.342168674699 9762.040963855421 1473.24578313253 1501.944578313253 1773.065060240964 1801.7638554216867 
9557.139759036145 9585.127710843373 1502.9590361445782 1530.9469879518072 1704.9590361445782 1732.9469879518072 
9761.578313253012 9790.373493975903 1629.686746987952 1658.4819277108434 1831.2771084337348 1860.0722891566265 
9843.44578313253 9872.180722891566 1573.710843373494 1602.44578313253 2025.9638554216867 2054.6987951807228 
9579.532530120481 9607.869879518072 1539.7855421686747 1568.122891566265 1823.6409638554217 1851.978313253012 
9834.58313253012 9863.089156626505 1566.6554216867469 1595.1614457831324 1832.9084337349398 1861.4144578313253 
10011.344578313254 10040.440963855423 1597.2722891566266 1626.368674698795 1872.4168674698794 1901.5132530120482 
9289.103614457832 9317.151807228916 1414.910843373494 1442.9590361445782 1744.1277108433735 1772.1759036144579 
9834.173493975904 9863.161445783133 1399.9686746987952 1428.9566265060241 1780.3060240963855 1809.2939759036144 
9575.2 9603.826506024096 1591.8024096385543 1620.4289156626505 1818.2 1846.8265060240965 
9513.98313253012 9542.489156626507 1442.1036144578313 1470.6096385542169 1674.1397590361446 1702.6457831325301 
10025.889156626507 10054.467469879519 1467.612048192771 1496.190361445783 1715.322891566265 1743.9012048192772 
9340.807228915663 9368.638554216868 1561.1927710843374 1589.0240963855422 1755.9759036144578 1783.8072289156626 
9843.142168674698 9871.816867469879 1562.8530120481928 1591.5277108433736 1883.9253012048193 1912.6 
9767.780722891566 9796.03373493976 1506.6361445783132 1534.889156626506 1603.5036144578314 1631.756626506024 
9354.932530120483 9382.498795180723 1451.8722891566265 1479.4385542168675 1817.7156626506023 1845.2819277108433 
9614.096385542169 9642.855421686747 1532.1686746987953 1560.9277108433735 1897.2409638554218 1926.0 
9316.15421686747 9344.997590361445 1413.8409638554217 1442.6843373493975 1679.9734939759037 1708.8168674698795 
9406.204819277109 9434.674698795181 1587.55421686747 1616.0240963855422 2058.265060240964 2086.734939759036 
9216.66265060241 9245.144578313253 1493.8313253012047 1522.313253012048 2035.686746987952 2064.1686746987953 
9564.626506024097 9592.87951807229 1472.4698795180723 1500.7228915662652 1873.578313253012 1901.8313253012047 
9119.551807228916 9146.877108433735 1408.6722891566264 1435.9975903614459 1727.6843373493975 1755.009638554217 
9722.98313253012 9750.87469879518 1587.4048192771083 1615.2963855421688 1839.4048192771083 1867.2963855421688 
9590.768674698795 9618.04578313253 1587.6963855421686 1614.9734939759037 1822.612048192771 1849.889156626506 
9526.809638554218 9555.002409638555 1668.267469879518 1696.4602409638553 1769.110843373494 1797.3036144578314 
9682.479518072289 9710.455421686747 1552.9734939759037 1580.9493975903615 1696.2506024096385 1724.2265060240964 
9564.650602409638 9592.397590361446 1678.289156626506 1706.0361445783133 1750.4698795180723 1778.2168674698796 
9864.537349397591 9893.055421686748 1698.4650602409638 1726.9831325301204 1841.8265060240965 1870.3445783132531 
9491.151807228916 9520.055421686748 1446.3807228915662 1475.2843373493977 1712.922891566265 1741.8265060240965 
9736.41686746988 9764.802409638554 1684.5614457831325 1712.9469879518072 2023.1518072289157 2051.5373493975903 
9827.21204819277 9856.537349397591 1536.7301204819278 1566.055421686747 2201.3204819277107 2230.64578313253 
9600.4 9628.990361445783 1456.6048192771084 1485.1951807228916 1730.7253012048193 1759.3156626506025 
9562.202409638554 9591.178313253013 1500.3951807228916 1529.3710843373494 1821.3710843373494 1850.3469879518073 
10073.734939759037 10102.602409638554 1497.0963855421687 1525.9638554216867 1896.6626506024097 1925.5301204819277 
9562.766265060241 9590.946987951807 1493.2602409638555 1521.4409638554216 1694.1518072289157 1722.332530120482 
9524.178313253013 9552.37108433735 1459.732530120482 1487.9253012048193 1654.9614457831326 1683.1542168674698 
9694.67951807229 9724.257831325302 1512.8602409638554 1542.4385542168675 1881.9927710843374 1911.5710843373495 
9379.77108433735 9407.855421686747 1472.0602409638554 1500.144578313253 1889.4698795180723 1917.55421686747 
9717.12530120482 9746.13734939759 1555.3060240963855 1584.3180722891566 2024.8240963855421 2053.8361445783135 
9246.551807228916 9274.021686746988 1441.9614457831326 1469.4313253012049 1810.8048192771084 1838.2746987951807 
9399.339759036144 9427.592771084337 1473.701204819277 1501.9542168674698 1758.990361445783 1787.243373493976 
9346.387951807228 9374.761445783133 1577.3638554216868 1605.7373493975904 1976.7855421686747 2005.1590361445783 
9814.47469879518 9843.607228915662 1547.2578313253011 1576.3903614457831 1822.0289156626507 1851.1614457831324 
9931.597590361445 9961.163855421686 1704.0795180722891 1733.6457831325301 1932.7903614457832 1962.356626506024 
9596.236144578314 9623.886746987951 1491.187951807229 1518.8385542168676 1765.1638554216868 1792.8144578313254 
9688.674698795181 9717.253012048193 1583.879518072289 1612.4578313253012 1914.301204819277 1942.879518072289 
9517.202409638554 9545.142168674698 1443.5879518072288 1471.5277108433736 1766.0337349397591 1793.9734939759037 
9450.95421686747 9478.96626506024 1547.5927710843373 1575.6048192771084 1834.0265060240963 1862.0385542168674 
