17916.629577464788 17945.249295774647 3941.1225352112674 3969.7422535211267 4173.643661971831 4202.26338028169 
17829.450704225354 17857.549295774646 3659.8521126760565 3687.950704225352 3931.0985915492956 3959.1971830985917 
17486.115492957746 17514.52394366197 3739.4535211267607 3767.861971830986 3744.5098591549295 3772.9183098591548 
18045.256338028168 18073.88309859155 3613.925352112676 3642.5521126760564 4273.861971830986 4302.488732394366 
17391.115492957746 17418.4323943662 3892.129577464789 3919.4464788732394 4393.143661971831 4420.460563380282 
17933.190140845072 17961.570422535213 3701.8098591549297 3730.1901408450703 4359.767605633803 4388.147887323944 
17825.254929577466 17853.959154929576 3709.592957746479 3738.2971830985916 4000.6492957746477 4029.3535211267604 
18170.249295774647 18199.115492957746 3748.467605633803 3777.3338028169014 4536.2915492957745 4565.157746478873 
17211.774647887323 17239.74647887324 3808.6197183098593 3836.5915492957747 4223.239436619719 4251.211267605634 
17873.918309859157 17902.735211267605 3700.1647887323943 3728.981690140845 3949.3549295774646 3978.1718309859157 
17797.484507042253 17825.942253521127 3694.3084507042254 3722.7661971830985 4481.259154929578 4509.716901408451 
17510.30563380282 17538.108450704225 3866.1154929577465 3893.9183098591548 4483.911267605634 4511.714084507043 
17747.271830985916 17776.18732394366 3620.9408450704227 3649.856338028169 4054.567605633803 4083.483098591549 
17899.232394366198 17927.950704225354 3780.887323943662 3809.605633802817 4604.049295774648 4632.767605633803 
17405.678873239438 17434.115492957746 3533.1084507042256 3561.545070422535 4285.002816901409 4313.439436619718 
17489.1 17517.311267605633 3732.7408450704224 3760.9521126760565 4110.029577464788 4138.240845070422 
17231.51690140845 17259.664788732396 3702.411267605634 3730.5591549295773 3970.0239436619718 3998.1718309859157 
17755.27323943662 17783.569014084507 3827.723943661972 3856.019718309859 4450.681690140845 4478.9774647887325 
17347.18591549296 17375.171830985917 3720.7915492957745 3748.7774647887322 4539.397183098592 4567.383098591549 
18006.535211267605 18035.528169014084 3810.2535211267605 3839.2464788732395 4415.732394366197 4444.725352112676 
17890.34225352113 17919.391549295775 3772.785915492958 3801.8352112676057 4338.398591549296 4367.447887323944 
18094.847887323944 18123.671830985917 3736.538028169014 3765.361971830986 4429.298591549295 4458.122535211268 
17239.533802816903 17267.857746478872 3519.787323943662 3548.1112676056337 3937.8295774647886 3966.1535211267606 
18076.840845070423 18105.840845070423 3668.9394366197184 3697.9394366197184 4555.207042253521 4584.207042253521 
17357.888732394367 17385.691549295774 3634.311267605634 3662.114084507042 4025.494366197183 4053.2971830985916 
17872.249295774647 17900.9323943662 3723.361971830986 3752.045070422535 4528.82676056338 4557.5098591549295 
17985.13661971831 18013.847887323944 3820.7422535211267 3849.4535211267607 4276.404225352113 4305.115492957746 
17509.388732394367 17537.7338028169 3899.430985915493 3927.776056338028 4296.290140845071 4324.635211267606 
18211.874647887325 18240.578873239436 3790.592957746479 3819.2971830985916 4677.198591549296 4705.902816901408 
17659.661971830985 17687.443661971833 3671.6830985915494 3699.4647887323945 4136.69014084507 4164.471830985915 
17777.32676056338 17805.622535211267 3707.8760563380283 3736.1718309859157 3871.9042253521125 3900.2 
18189.381690140846 18218.03661971831 3887.2338028169015 3915.8887323943663 4321.043661971831 4349.698591549296 
17693.750704225353 17722.23661971831 3649.983098591549 3678.469014084507 4395.342253521127 4423.828169014085 
17368.481690140845 17396.31267605634 3576.2 3604.030985915493 4268.129577464789 4295.960563380282 
17082.20704225352 17109.995774647887 3752.925352112676 3780.714084507042 4256.164788732394 4283.95352112676 
17401.51971830986 17430.104225352112 3810.5408450704226 3839.125352112676 4322.576056338028 4351.160563380282 
17601.259154929576 17629.97746478873 3822.3295774647886 3851.0478873239435 4343.216901408451 4371.935211267606 
18208.816901408452 18237.62676056338 3864.169014084507 3892.978873239437 4185.0 4213.80985915493 
17654.767605633802 17682.88028169014 3575.4154929577467 3603.5281690140846 3898.93661971831 3927.049295774648 
17661.391549295775 17689.42676056338 3836.454929577465 3864.4901408450705 4596.138028169014 4624.17323943662 
17575.835211267604 17603.835211267604 3823.849295774648 3851.849295774648 3766.074647887324 3794.074647887324 
17846.18591549296 17874.76338028169 3720.0028169014086 3748.580281690141 3825.3549295774646 3853.932394366197 
17823.822535211268 17851.794366197184 3834.456338028169 3862.4281690140847 3943.230985915493 3971.2028169014084 
17612.36338028169 17640.588732394368 3733.4760563380282 3761.701408450704 4020.785915492958 4049.0112676056337 
17702.48028169014 17730.515492957747 3651.2901408450703 3679.3253521126762 3924.114084507042 3952.1492957746477 
17476.84929577465 17505.257746478874 3697.1239436619717 3725.532394366197 4430.17323943662 4458.581690140845 
17661.41690140845 17689.628169014086 3690.0225352112675 3718.2338028169015 4362.867605633803 4391.078873239437 
17688.181690140846 17716.71690140845 3678.27323943662 3706.8084507042254 4277.632394366197 4306.167605633803 
17418.35352112676 17446.65633802817 3767.6845070422537 3795.987323943662 4231.339436619718 4259.642253521127 
17316.745070422534 17344.787323943663 3811.019718309859 3839.061971830986 4331.561971830986 4359.604225352113 
