24599.643523316063 24628.34300518135 5793.840414507772 5822.539896373057 6439.3481865284975 6468.047668393782 
24904.744041450776 24933.329533678756 5681.417616580311 5710.003108808291 6781.661139896373 6810.246632124352 
24805.99792746114 24834.04974093264 5773.712953367875 5801.764766839378 6310.9461139896375 6338.99792746114 
24654.82694300518 24682.863212435233 5619.723316062176 5647.759585492228 6184.044559585493 6212.080829015544 
24973.545077720206 25001.814507772022 5471.467357512954 5499.736787564767 6144.00621761658 6172.2756476683935 
25021.2103626943 25049.78549222798 5698.80621761658 5727.381347150259 6624.500518134715 6653.075647668394 
24762.040414507774 24790.154404145076 5753.543005181347 5781.6569948186525 6279.620725388601 6307.734715025907 
24556.958549222796 24584.80829015544 5587.4352331606215 5615.284974093264 5594.943005181347 5622.79274611399 
24362.99378238342 24391.5792746114 5710.030051813472 5738.61554404145 6133.133678756477 6161.719170984456 
24874.36994818653 24902.82590673575 5610.173056994819 5638.629015544041 5908.986528497409 5937.442487046632 
24072.312953367877 24100.21968911917 5730.19896373057 5758.1056994818655 6126.048704663212 6153.955440414507 
24299.640414507772 24328.122279792748 5511.40207253886 5539.8839378238345 6329.9150259067355 6358.39689119171 
24639.446632124353 24668.04766839378 5815.146113989637 5843.747150259067 6070.280829015544 6098.881865284974 
24835.43523316062 24863.518134715025 5633.746113989638 5661.829015544042 5790.870466321244 5818.953367875648 
24704.97512953368 24733.4103626943 5622.887046632124 5651.3222797927465 6219.498445595855 6247.933678756477 
24889.659067357512 24917.747150259067 5671.539896373057 5699.627979274612 6305.612435233161 6333.700518134715 
24355.134715025906 24383.43523316062 5676.279792746114 5704.580310880829 6473.015544041451 6501.316062176165 
24895.483937823836 24924.183419689118 5609.934715025906 5638.634196891192 6267.8103626943 6296.509844559586 
24740.087046632125 24768.18031088083 5725.517098445596 5753.6103626943 6048.527461139896 6076.620725388601 
24677.107772020725 24705.63626943005 5960.444559585492 5988.973056994819 6106.6777202072535 6135.20621761658 
24792.642487046633 24820.99481865285 5840.865284974093 5869.217616580311 6485.756476683938 6514.108808290155 
24765.495336787564 24793.77512953368 5519.127461139897 5547.40725388601 6113.821761658031 6142.101554404145 
25184.723316062176 25212.77512953368 5794.236269430052 5822.288082901555 6420.966839378239 6449.018652849741 
24785.107772020725 24813.066321243525 5633.7658031088085 5661.7243523316065 6396.055958549223 6424.014507772021 
24504.442487046632 24532.36994818653 5569.219689119171 5597.1471502590675 5929.79481865285 5957.722279792746 
24388.946113989638 24417.19481865285 5639.412435233161 5667.661139896373 6541.8735751295335 6570.122279792746 
24472.320207253884 24500.299481865284 5937.7036269430055 5965.682901554404 6513.6103626943 6541.589637305699 
24667.519170984455 24695.887046632124 5704.192746113989 5732.560621761658 6370.446632124353 6398.814507772021 
24065.556476683938 24093.359585492228 5637.696373056995 5665.499481865285 6362.577202072539 6390.380310880829 
24560.230051813473 24588.572020725387 5592.437305699482 5620.779274611399 5780.991709844559 5809.333678756477 
24996.466321243523 25024.82901554404 5658.243523316062 5686.606217616581 6155.176165803109 6183.538860103627 
24745.506735751296 24773.864248704664 5744.185492227979 5772.543005181347 6287.543005181347 6315.900518134715 
24786.867357512954 24815.986528497408 5843.841450777202 5872.960621761658 6661.535751295337 6690.654922279793 
24940.22279792746 24968.844559585494 5605.948186528497 5634.569948186529 6246.963730569948 6275.58549222798 
24390.43523316062 24418.63730569948 5599.4715025906735 5627.673575129534 6855.79792746114 6884.0 
24572.548186528496 24600.59481865285 5828.444559585492 5856.491191709844 6463.631088082901 6491.6777202072535 
25375.85388601036 25404.377202072537 5613.294300518135 5641.817616580311 6128.978238341969 6157.501554404145 
24491.37409326425 24519.741968911916 5519.80414507772 5548.172020725388 6321.534715025907 6349.902590673575 
24852.968911917098 24881.40932642487 5700.150259067357 5728.59067357513 6045.274611398963 6073.715025906736 
24571.509844559587 24599.8103626943 5609.468393782384 5637.768911917098 6495.846632124352 6524.1471502590675 
25008.184455958548 25036.904663212434 5720.490155440414 5749.210362694301 6101.526424870466 6130.246632124352 
24446.2414507772 24474.624870466323 5615.966839378239 5644.350259067358 6484.256994818653 6512.640414507772 
25017.728497409327 25046.02901554404 5756.795854922279 5785.096373056995 6271.412435233161 6299.712953367875 
24702.61554404145 24731.21139896373 5663.315025906736 5691.910880829016 6236.641450777202 6265.237305699482 
24781.21658031088 24809.444559585492 5533.822797927462 5562.050777202073 6009.460103626943 6037.6880829015545 
24772.60310880829 24801.297409326424 5442.064248704663 5470.758549222798 6357.447668393783 6386.1419689119175 
24261.82590673575 24289.945077720207 5795.338860103627 5823.458031088083 6162.888082901554 6191.00725388601 
24317.61243523316 24345.503626943006 5507.830051813471 5535.721243523316 6132.456994818653 6160.3481865284975 
24697.261139896375 24725.110880829016 5708.888082901554 5736.737823834197 6128.913989637305 6156.763730569948 
24939.350259067356 24967.738860103625 5646.132642487047 5674.521243523316 5995.293264248705 6023.681865284974 
