24199.43068783069 24228.34074074074 5596.028571428571 5624.938624338624 6344.949206349206 6373.8592592592595 
23925.619047619046 23953.544973544973 5521.8994708994705 5549.825396825397 6083.8359788359785 6111.761904761905 
23656.57037037037 23684.66560846561 5458.512169312169 5486.607407407408 5993.316402116402 6021.411640211641 
24158.01164021164 24186.85291005291 5682.59365079365 5711.434920634921 6141.985185185185 6170.826455026455 
24167.34074074074 24195.954497354498 5424.208465608465 5452.822222222222 6265.6 6294.213756613756 
24830.044444444444 24858.801058201057 5496.822222222222 5525.578835978836 6137.277248677248 6166.033862433863 
24333.18941798942 24361.66560846561 5633.083597883598 5661.559788359788 6506.25291005291 6534.729100529101 
24230.118518518517 24258.986243386244 5544.372486772487 5573.240211640212 6206.748148148148 6235.615873015873 
23934.961904761905 23963.237037037037 5368.469841269842 5396.744973544974 6011.496296296296 6039.771428571428 
23866.256084656085 23894.213756613757 5394.975661375662 5422.933333333333 6163.975661375662 6191.933333333333 
24540.056084656084 24568.934391534392 5459.066666666667 5487.944973544973 5999.627513227513 6028.50582010582 
23500.812698412698 23528.601058201057 5375.828571428571 5403.616931216931 5989.7386243386245 6017.526984126984 
24363.01164021164 24391.81058201058 5568.731216931217 5597.530158730158 6260.614814814815 6289.413756613757 
24186.855026455025 24214.66455026455 5552.918518518519 5580.728042328043 6408.786243386244 6436.595767195768 
23986.555555555555 24014.89417989418 5425.507936507936 5453.846560846561 6087.005291005291 6115.343915343916 
24167.738624338625 24195.9291005291 5462.780952380952 5490.971428571429 6377.130158730159 6405.320634920635 
24107.097354497353 24135.23492063492 5422.801058201058 5450.938624338624 6101.0603174603175 6129.197883597883 
23793.71111111111 23821.875132275134 5375.901587301587 5404.065608465608 5781.801058201058 5809.965079365079 
24542.751322751323 24571.402116402118 5633.481481481482 5662.132275132275 5960.41798941799 5989.068783068783 
24551.571428571428 24580.0582010582 5686.492063492064 5714.978835978836 6245.650793650793 6274.137566137566 
24247.986243386244 24276.5417989418 5744.525925925926 5773.081481481481 6675.949206349206 6704.504761904762 
24473.51216931217 24501.893121693123 5457.660317460318 5486.04126984127 6194.998941798942 6223.379894179894 
24465.337566137565 24493.755555555555 5712.51746031746 5740.93544973545 5783.543915343916 5811.961904761904 
24085.02857142857 24113.187301587302 5573.457142857143 5601.615873015873 5978.081481481481 6006.240211640212 
23931.237037037037 23959.385185185187 5563.30582010582 5591.453968253968 5971.496296296296 5999.644444444444 
24444.737566137566 24473.91216931217 5598.277248677248 5627.451851851852 6007.208465608465 6036.383068783069 
23507.11746031746 23534.916402116403 5547.530158730158 5575.3291005291 5866.265608465608 5894.06455026455 
24751.71851851852 24780.813756613756 5663.744973544974 5692.840211640211 6383.692063492063 6412.787301587302 
24337.013756613756 24365.61693121693 5382.299470899471 5410.902645502645 5792.97671957672 5821.579894179894 
24333.397883597885 24362.112169312168 5395.302645502646 5424.016931216931 6160.292063492064 6189.006349206349 
24532.954497354498 24561.425396825398 5561.171428571429 5589.642328042328 6597.351322751323 6625.822222222222 
23545.161904761906 23572.97671957672 5349.664550264551 5377.479365079365 6081.601058201059 6109.415873015873 
23822.838095238094 23851.044444444444 5577.065608465608 5605.271957671957 5878.801058201058 5907.007407407407 
23861.0708994709 23888.980952380953 5607.2613756613755 5635.171428571429 5971.086772486772 5998.996825396825 
23964.980952380953 23993.525925925926 5383.795767195767 5412.34074074074 6090.986243386244 6119.5312169312165 
23716.61058201058 23744.716402116403 5290.430687830688 5318.536507936508 5753.187301587302 5781.293121693122 
23748.50052910053 23776.283597883597 5740.061375661376 5767.844444444445 6081.415873015873 6109.198941798942 
24657.274074074074 24686.162962962964 5576.332275132275 5605.221164021164 6035.522751322751 6064.411640211641 
24108.033862433862 24136.425396825398 5612.467724867724 5640.8592592592595 6010.9915343915345 6039.383068783069 
24368.208465608466 24396.986243386244 5496.34074074074 5525.118518518519 6294.499470899471 6323.277248677248 
24148.985185185185 24177.382010582012 5398.821164021164 5427.217989417989 6348.069841269841 6376.466666666666 
24430.139682539684 24458.853968253967 5276.9227513227515 5305.637037037037 6254.843386243386 6283.557671957672 
24189.13121693122 24217.40634920635 5411.136507936508 5439.411640211641 6191.528042328042 6219.803174603175 
24450.79365079365 24479.439153439154 5413.820105820106 5442.465608465608 6101.708994708994 6130.354497354498 
24244.538624338624 24272.686772486773 5569.274074074074 5597.422222222222 6075.8878306878305 6104.035978835979 
24260.09417989418 24288.87724867725 5637.078306878307 5665.861375661376 6267.051851851852 6295.83492063492 
23936.75343915344 23964.451851851853 5425.007407407407 5452.70582010582 5841.425396825397 5869.1238095238095 
24367.038095238095 24396.091005291004 5798.053968253968 5827.106878306879 6136.440211640212 6165.493121693122 
23992.43597883598 24020.86455026455 5533.372486772487 5561.801058201058 6043.637037037037 6072.065608465608 
24433.19365079365 24462.204232804233 5820.458201058201 5849.4687830687835 6518.564021164021 6547.574603174603 
