28746.88520179372 28775.149775784754 6947.127354260089 6975.3919282511215 7646.961434977578 7675.22600896861 
28122.554260089688 28150.473542600896 6769.702242152466 6797.6215246636775 7523.410762331839 7551.330044843049 
29268.69865470852 29297.097757847532 6677.662780269058 6706.0618834080715 7354.317488789237 7382.716591928252 
28867.119282511212 28895.652914798207 6973.460089686098 7001.993721973095 7141.8322869955155 7170.365919282512 
28611.758744394618 28639.942600896862 6744.444843049328 6772.628699551569 7425.718385650224 7453.902242152466 
28129.45739910314 28157.143497757846 6776.766816143498 6804.452914798207 7406.645739910314 7434.331838565023 
28907.54798206278 28935.82600896861 6727.7452914798205 6756.02331838565 6954.709417040359 6982.987443946188 
28471.37130044843 28499.851121076234 6881.034977578475 6909.514798206278 7425.142600896861 7453.622421524664 
28514.96322869955 28542.981165919282 6883.102242152467 6911.1201793721975 7448.447533632287 7476.465470852018 
29308.591031390133 29337.28609865471 6798.8825112107625 6827.577578475336 7758.6134529147985 7787.308520179372 
29255.121076233183 29283.775784753365 6820.044843049327 6848.699551569507 7287.654708520179 7316.309417040358 
29211.546188340806 29240.277130044844 6876.492376681615 6905.223318385651 7349.129147982063 7377.860089686099 
28848.897757847535 28877.193721973093 6642.543497757848 6670.839461883408 7692.794618834081 7721.090582959641 
28207.430493273543 28234.847533632288 6503.47533632287 6530.892376681614 7557.542600896861 7584.959641255606 
28523.252914798206 28551.764125560538 6949.898654708521 6978.409865470852 7520.880717488789 7549.3919282511215 
29235.12735426009 29263.629596412557 6961.643049327355 6990.145291479821 7517.1677130044845 7545.669955156951 
28866.01793721973 28894.237668161433 6711.273542600897 6739.493273542601 7526.130044843049 7554.349775784754 
28033.95067264574 28062.35874439462 6745.641255605381 6774.04932735426 7385.946188340808 7414.354260089686 
28743.09686098655 28771.55874439462 6720.52735426009 6748.989237668162 7591.917488789238 7620.37937219731 
28498.181165919283 28526.432286995514 6742.163228699552 6770.414349775785 7049.925560538117 7078.17668161435 
28277.0466367713 28305.44125560538 6832.611659192825 6861.006278026905 6972.638565022422 7001.033183856503 
28544.155156950674 28572.02062780269 6741.182062780269 6769.047533632287 7704.769506726458 7732.634977578476 
29052.04215246637 29080.5668161435 6789.060089686099 6817.584753363229 7760.010762331838 7788.535426008969 
28591.686098654707 28620.026905829596 6796.094170403588 6824.434977578475 7200.802690582959 7229.143497757847 
29162.861883408073 29191.368609865473 6746.305829596413 6774.812556053812 7382.857399103139 7411.364125560538 
28503.61076233184 28531.67802690583 6908.539013452915 6936.606278026906 7852.225112107623 7880.292376681615 
28324.772197309416 28353.26995515695 7111.6107623318385 7140.108520179372 7718.310313901346 7746.808071748879 
28912.367713004485 28940.529147982063 6734.134529147982 6762.29596412556 7330.892376681614 7359.053811659192 
28543.32466367713 28571.5533632287 6731.288789237668 6759.517488789238 7460.844843049327 7489.073542600897 
29356.638565022422 29385.347085201793 6705.365022421524 6734.073542600897 7464.5713004484305 7493.279820627803 
28886.567713004486 28914.55874439462 6712.119282511211 6740.110313901345 7313.056502242152 7341.047533632287 
28754.79820627803 28783.600896860986 6877.013452914798 6905.816143497758 7668.14798206278 7696.95067264574 
28857.211659192824 28886.02331838565 6910.97399103139 6939.785650224215 7337.933632286996 7366.7452914798205 
29947.91390134529 29976.904932735426 6853.967713004485 6882.958744394618 7398.626905829597 7427.617937219731 
28216.540807174886 28244.729147982063 6665.679820627803 6693.868161434978 7259.307623318386 7287.495964125561 
28859.39013452915 28887.856502242154 6897.744394618834 6926.210762331839 7409.358744394619 7437.825112107624 
28468.30134529148 28496.570403587444 6840.637668161435 6868.906726457399 7528.26995515695 7556.539013452915 
29014.700448430493 29043.13542600897 6792.162331838565 6820.59730941704 6987.243049327354 7015.67802690583 
28745.852914798208 28774.624215246637 6961.870852017937 6990.642152466367 7462.000896860986 7490.772197309417 
28745.016143497756 28773.155156950674 7036.141704035875 7064.280717488789 7621.6215246636775 7649.760538116592 
29081.84125560538 29110.747085201794 6991.29865470852 7020.2044843049325 7809.047533632287 7837.953363228699 
28890.19461883408 28918.61614349776 6761.185650224215 6789.607174887892 7405.4367713004485 7433.858295964125 
29772.36591928251 29801.581165919284 6999.661883408072 7028.877130044843 7930.433183856502 7959.648430493274 
29383.432286995514 29411.871748878923 6858.687892376682 6887.127354260089 7280.486098654708 7308.925560538117 
28046.27264573991 28073.967713004484 7055.236771300449 7082.931838565022 7673.165022421525 7700.860089686099 
28608.107623318385 28636.45739910314 6827.421524663677 6855.77130044843 7804.730941704036 7833.08071748879 
28638.96860986547 28667.65919282511 6937.905829596412 6966.596412556054 7564.336322869955 7593.026905829596 
29547.580269058297 29576.777578475336 6746.055605381166 6775.252914798206 7739.530941704036 7768.728251121076 
29017.03049327354 29045.447533632287 6878.519282511211 6906.936322869955 7658.694170403587 7687.111210762332 
27945.746188340807 27973.481614349777 6840.4367713004485 6868.172197309417 7293.580269058296 7321.315695067265 
