49286.44064171123 49314.97807486631 12627.451336898395 12655.988770053476 13754.258823529412 13782.796256684493 
48873.92352941177 48901.97165775401 12398.017112299465 12426.065240641712 13382.201604278074 13410.249732620321 
49526.51764705883 49555.17272727273 12700.58449197861 12729.239572192513 14370.170053475937 14398.82513368984 
49175.42941176471 49203.835828877 12373.057754010695 12401.464171122994 13518.12459893048 13546.531016042782 
50379.73262032086 50408.41978609626 12586.585561497326 12615.272727272728 13908.449197860962 13937.136363636364 
49083.629411764705 49111.97967914439 12728.67486631016 12757.02513368984 14224.538502673797 14252.888770053476 
49717.04385026738 49745.59197860963 12624.779144385027 12653.327272727272 14071.589304812835 14100.13743315508 
49513.434759358286 49541.88395721925 12611.702139037434 12640.151336898396 13814.290374331551 13842.739572192513 
49721.185561497325 49749.565240641714 12555.704278074867 12584.08395721925 13793.222994652406 13821.602673796791 
49306.83689839572 49335.20320855615 12579.901069518717 12608.267379679144 13668.430481283422 13696.79679144385 
49743.6486631016 49772.145989304816 12491.365240641711 12519.86256684492 14176.552406417113 14205.04973262032 
48949.34545454545 48977.414973262035 12257.433689839572 12285.50320855615 13224.76256684492 13252.832085561497 
49449.3770053476 49477.52406417112 12678.946524064171 12707.0935828877 13700.51604278075 13728.663101604277 
49644.80748663101 49673.27807486631 12482.973262032085 12511.44385026738 13640.0 13668.470588235294 
49079.39090909091 49107.58877005347 12534.695721925134 12562.8935828877 13854.695721925134 13882.8935828877 
49466.72139037433 49495.004812834224 12420.852406417112 12449.135828877006 14150.01550802139 14178.298930481284 
49961.850267379676 49990.45989304813 12652.609625668449 12681.2192513369 13677.737967914438 13706.347593582888 
49576.7449197861 49605.39197860962 12926.54973262032 12955.19679144385 14747.017647058823 14775.664705882353 
49944.195721925134 49972.8935828877 12356.61550802139 12385.313368983958 13827.87486631016 13856.572727272727 
49779.66524064171 49807.98609625668 12507.49679144385 12535.817647058824 13268.986096256684 13297.306951871658 
49592.348128342244 49621.107486631015 12699.69037433155 12728.44973262032 13907.652941176471 13936.41229946524 
48973.550802139034 49001.86898395722 12619.724598930481 12648.042780748663 13957.288770053476 13985.606951871658 
49601.04973262032 49629.67540106952 12770.58449197861 12799.210160427807 14066.38128342246 14095.006951871657 
49977.601069518714 50006.23743315508 12754.88449197861 12783.520855614974 13755.472727272727 13784.10909090909 
49729.314438502675 49757.830481283425 12382.15935828877 12410.675401069519 13668.132620320855 13696.648663101605 
49405.63262032086 49434.05240641711 12777.38128342246 12805.801069518717 14254.472192513369 14282.891978609625 
49756.82139037433 49785.364171122994 12778.78128342246 12807.324064171124 13920.201069518716 13948.74385026738 
49349.00962566845 49377.33315508021 12767.32513368984 12795.648663101605 13422.608556149733 13450.932085561497 
49123.4871657754 49151.92834224599 12390.185026737969 12418.626203208556 13889.647593582888 13918.088770053477 
49775.89304812834 49804.55614973262 12809.978609625668 12838.641711229946 14060.989304812834 14089.652406417112 
49496.10320855615 49524.73689839572 12719.581818181818 12748.21550802139 13806.670053475937 13835.303743315508 
49432.96524064171 49461.05614973262 12561.264705882353 12589.355614973261 13825.109625668449 13853.200534759359 
49077.10213903743 49105.27860962567 12515.532620320855 12543.709090909091 13815.348128342246 13843.524598930482 
48913.56203208556 48941.53262032085 12658.270588235295 12686.241176470588 13281.214438502673 13309.185026737969 
49472.017112299465 49500.281818181815 12609.82192513369 12638.086631016044 13501.503743315508 13529.768449197862 
49381.59679144385 49409.65294117647 12616.901604278075 12644.957754010695 13373.869518716578 13401.925668449197 
49743.96524064171 49772.478609625665 12549.419786096256 12577.933155080214 14239.92780748663 14268.441176470587 
48961.46577540107 48989.76524064171 12595.877540106952 12624.177005347594 13394.513903743316 13422.813368983958 
49849.685561497325 49878.32994652406 12490.1 12518.744385026737 13369.824598930481 13398.468983957218 
49101.617112299464 49129.62245989305 12531.512834224599 12559.518181818183 13968.88449197861 13996.889839572192 
49093.400534759356 49121.69732620321 12496.841711229947 12525.138502673797 14046.325668449197 14074.622459893048 
49747.514973262034 49775.830481283425 12667.188770053475 12695.504278074866 14344.851871657755 14373.167379679144 
48849.34919786096 48877.378609625666 12602.43743315508 12630.466844919785 13560.589839572192 13588.619251336899 
50450.48983957219 50479.28395721925 12794.7064171123 12823.500534759358 14238.00320855615 14266.797326203208 
49027.55187165776 49055.725668449195 12564.608021390375 12592.781818181818 13362.466310160427 13390.640106951872 
49161.420855614975 49189.43155080214 12678.367379679145 12706.37807486631 13426.057219251337 13454.067914438503 
48773.336363636365 48801.055614973266 12424.445989304813 12452.16524064171 13697.379144385026 13725.098395721925 
49597.01604278075 49625.55614973262 12507.700534759359 12536.24064171123 14047.663101604277 14076.20320855615 
49578.34919786096 49606.442780748665 12782.258288770054 12810.351871657755 13607.199465240641 13635.293048128342 
49726.05828877005 49754.71604278075 12738.451336898395 12767.10909090909 13678.53422459893 13707.191978609626 
