43843.32552552553 43871.70990990991 11273.304504504504 11301.68888888889 12107.28048048048 12135.664864864864 
43680.688888888886 43708.83603603604 11184.256456456456 11212.403603603603 12006.643843843844 12034.79099099099 
44443.80600600601 44472.373573573575 10734.286486486486 10762.854054054054 12471.262462462462 12499.83003003003 
43201.84624624625 43229.92132132132 11267.882282282282 11295.957357357358 12160.347747747748 12188.422822822822 
44182.58378378378 44211.09129129129 11079.947147147148 11108.454654654655 12099.13933933934 12127.646846846847 
43782.63183183183 43811.02822822823 11170.184384384384 11198.580780780781 12261.721921921922 12290.118318318318 
43956.52192192192 43984.96636636637 11130.81921921922 11159.263663663663 12118.915315315315 12147.35975975976 
43953.7015015015 43982.26906906907 10883.070870870872 10911.638438438438 11881.62042042042 11910.187987987989 
43446.31411411412 43474.65345345345 11008.93873873874 11037.278078078078 11722.076876876878 11750.416216216216 
43746.15195195195 43774.54234234234 11053.01081081081 11081.4012012012 12375.776576576576 12404.166966966966 
43843.0024024024 43871.53693693694 11283.368768768769 11311.903303303303 12255.888288288288 12284.422822822822 
43283.92552552553 43312.024624624624 11014.102702702703 11042.201801801803 12226.222822822823 12254.321921921923 
44246.43543543544 44274.67567567567 10778.015015015015 10806.255255255255 11666.408408408408 11694.648648648648 
44301.90810810811 44330.52372372372 10910.556756756756 10939.172372372372 12448.163363363363 12476.778978978979 
43643.5015015015 43671.516516516516 10918.312312312311 10946.327327327328 12185.984984984985 12214.0 
43326.14474474474 43354.04264264264 10909.324924924926 10937.222822822823 11857.799399399399 11885.697297297298 
43390.953753753754 43419.05885885886 11212.587387387388 11240.692492492493 11958.097897897898 11986.203003003004 
44458.16216216216 44486.55255255255 11172.12012012012 11200.51051051051 11666.447447447448 11694.837837837838 
43819.19039039039 43847.331531531534 10898.193393393394 10926.334534534535 11996.532732732732 12024.673873873873 
43417.965765765766 43445.914714714716 11042.178978978978 11070.127927927928 11991.644444444444 12019.593393393394 
44430.097297297296 44458.97717717718 11138.700900900902 11167.580780780781 12436.028228228228 12464.908108108108 
44469.80540540541 44498.2948948949 11055.312912912914 11083.802402402402 12269.916516516516 12298.406006006006 
43813.95255255255 43842.16576576576 10877.108708708709 10905.321921921923 11744.153753753753 11772.366966966967 
44032.607207207206 44060.922522522524 11094.378978978979 11122.694294294295 12088.06966966967 12116.384984984985 
44166.43963963964 44194.85105105105 10911.07927927928 10939.49069069069 12253.103303303304 12281.514714714715 
43406.17117117117 43434.27027027027 10803.426426426426 10831.525525525525 11423.507507507507 11451.606606606607 
43719.526126126126 43747.61321321321 10981.94954954955 11010.036636636636 11741.973573573574 11770.06066066066 
43683.749549549546 43712.1009009009 11205.44924924925 11233.8006006006 12417.980780780781 12446.332132132133 
43507.454654654655 43535.63483483483 10919.673873873873 10947.854054054054 11289.505705705706 11317.685885885885 
43743.11111111111 43771.237237237234 10741.216216216217 10769.342342342343 12458.381381381381 12486.507507507507 
44913.51951951952 44942.43243243243 11333.225225225226 11362.138138138138 12387.24024024024 12416.153153153153 
43798.333333333336 43826.78378378379 11127.507507507507 11155.957957957959 12134.504504504504 12162.954954954956 
43852.08048048048 43880.59399399399 10843.738138138138 10872.251651651652 11800.666066066065 11829.179579579579 
43959.158558558556 43987.422822822824 10854.53093093093 10882.795195195195 11442.272672672672 11470.536936936936 
44207.28768768769 44235.813213213216 11205.56996996997 11234.095495495496 11949.837237237238 11978.362762762763 
44010.884084084086 44039.343543543546 10953.058258258257 10981.517717717717 11972.508708708709 12000.968168168169 
44088.535135135135 44116.92552552553 11060.36996996997 11088.76036036036 12465.607207207207 12493.997597597598 
43877.56036036036 43905.84564564565 11043.572372372373 11071.857657657658 11866.854654654655 11895.13993993994 
43786.92012012012 43815.02222222222 11202.848048048048 11230.95015015015 11842.68888888889 11870.79099099099 
43795.46966966967 43824.01921921922 11263.088288288289 11291.637837837838 12149.340540540541 12177.89009009009 
43948.19459459459 43976.65105105105 10737.596996996997 10766.053453453453 11981.885285285285 12010.341741741742 
44662.32972972973 44691.11351351351 10969.593993993994 10998.377777777778 12176.723123123124 12205.506906906907 
43756.341741741744 43785.21261261261 11102.398798798798 11131.26966966967 12495.485885885886 12524.356756756757 
43339.077477477476 43366.91831831832 10834.335735735736 10862.176576576576 11873.236636636637 11901.077477477478 
43508.51351351351 43536.97297297297 11098.336336336337 11126.795795795795 12023.495495495496 12051.954954954956 
43336.5021021021 43364.841441441444 11109.126726726727 11137.466066066067 12192.85945945946 12221.1987987988 
43638.33453453454 43666.44264264264 10845.700900900902 10873.809009009008 11653.941141141142 11682.049249249249 
44833.54414414414 44862.496096096096 11225.820420420421 11254.772372372372 12240.808408408408 12269.76036036036 
43437.74414414414 43466.026426426426 10864.062462462462 10892.344744744745 11933.320720720722 11961.603003003003 
43389.52252252252 43417.342342342345 10916.015015015015 10943.834834834835 11647.261261261261 11675.081081081082 
