16139.10923076923 16166.80153846154 3153.3246153846153 3181.016923076923 3687.3707692307694 3715.063076923077 
16037.343076923076 16065.696923076923 3344.050769230769 3372.404615384615 3507.266153846154 3535.62 
15949.14153846154 15976.872307692307 3335.633846153846 3363.3646153846153 3601.833846153846 3629.5646153846155 
16007.243076923078 16035.658461538462 3375.6815384615384 3404.0969230769233 3792.2584615384617 3820.673846153846 
15956.841538461538 15985.049230769231 3176.056923076923 3204.2646153846154 3364.087692307692 3392.2953846153846 
15990.123076923077 16017.861538461539 3256.7153846153847 3284.4538461538464 3589.507692307692 3617.246153846154 
15734.78 15762.68 3273.68 3301.58 3499.98 3527.88 
16207.572307692308 16236.803076923077 3221.556923076923 3250.7876923076924 3634.08 3663.3107692307694 
15575.475384615385 15603.175384615384 3179.236923076923 3206.936923076923 3464.952307692308 3492.6523076923077 
16231.76 16260.629230769231 3220.3907692307694 3249.26 3655.606153846154 3684.4753846153844 
15823.913846153846 15852.144615384615 3432.8523076923075 3461.083076923077 3813.36 3841.590769230769 
16132.812307692308 16161.843076923076 3225.5892307692307 3254.62 4089.8430769230768 4118.873846153846 
15743.187692307692 15771.110769230769 3200.7415384615383 3228.6646153846154 3628.5107692307693 3656.433846153846 
15830.306153846153 15858.39076923077 3164.983076923077 3193.067692307692 3774.5061538461537 3802.590769230769 
16145.72 16174.181538461538 3369.250769230769 3397.7123076923076 3761.3353846153846 3789.796923076923 
15929.789230769231 15958.443076923077 3385.666153846154 3414.32 3913.389230769231 3942.043076923077 
15941.155384615384 15968.916923076924 3189.9938461538463 3217.7553846153846 3431.14 3458.9015384615386 
15509.363076923077 15537.616923076923 2944.04 2972.293846153846 3468.3476923076923 3496.6015384615384 
15484.22153846154 15511.813846153846 3131.7523076923076 3159.3446153846153 3502.729230769231 3530.3215384615382 
16057.826153846154 16086.44923076923 3312.0723076923077 3340.6953846153847 3704.5646153846155 3733.1876923076925 
15991.13076923077 16018.984615384616 3158.476923076923 3186.3307692307694 3663.7615384615383 3691.6153846153848 
16062.201538461539 16090.486153846154 3328.9861538461537 3357.270769230769 3706.1246153846155 3734.409230769231 
15682.678461538462 15711.355384615385 3347.386153846154 3376.063076923077 3829.463076923077 3858.14 
15782.095384615384 15810.24923076923 3154.5492307692307 3182.703076923077 3400.956923076923 3429.110769230769 
15978.876923076923 16006.638461538461 3272.3076923076924 3300.0692307692307 3728.076923076923 3755.8384615384616 
16007.564615384616 16035.926153846154 3294.833846153846 3323.1953846153847 3861.58 3889.9415384615386 
16457.21230769231 16486.004615384616 3230.3507692307694 3259.143076923077 3679.673846153846 3708.4661538461537 
16435.555384615385 16464.593846153846 3226.54 3255.5784615384614 3710.8015384615383 3739.84 
16180.493846153846 16209.055384615385 3478.24 3506.8015384615383 3797.909230769231 3826.4707692307693 
15652.961538461539 15680.853846153846 3271.3307692307694 3299.223076923077 3696.4692307692308 3724.3615384615387 
15825.695384615385 15854.18 3505.9261538461537 3534.4107692307693 3729.0646153846155 3757.5492307692307 
16485.795384615383 16514.78 3342.126153846154 3371.110769230769 3803.0415384615385 3832.0261538461536 
15810.938461538462 15838.853846153846 3045.3615384615387 3073.276923076923 3548.7384615384617 3576.653846153846 
16211.950769230769 16240.266153846154 3299.296923076923 3327.6123076923077 3711.6123076923077 3739.9276923076923 
16506.706153846153 16535.32923076923 3416.190769230769 3444.813846153846 4231.983076923077 4260.606153846154 
16094.898461538462 16123.613846153847 3374.4061538461538 3403.1215384615384 3923.1753846153847 3951.8907692307694 
16232.09076923077 16260.26 3223.3446153846153 3251.5138461538463 3294.075384615385 3322.2446153846154 
16142.518461538462 16170.441538461539 3276.949230769231 3304.872307692308 3685.226153846154 3713.1492307692306 
16022.735384615384 16051.289230769231 3105.2353846153846 3133.789230769231 3483.6584615384613 3512.2123076923076 
16061.873846153847 16090.012307692308 3291.050769230769 3319.1892307692306 3543.273846153846 3571.412307692308 
16127.149230769232 16154.733846153846 3031.087692307692 3058.6723076923076 3468.7184615384617 3496.303076923077 
15695.798461538461 15723.467692307693 3306.16 3333.829230769231 3655.075384615385 3682.7446153846154 
16129.94 16158.17076923077 3137.663076923077 3165.893846153846 3841.9707692307693 3870.2015384615383 
16139.247692307692 16167.14 3291.8246153846153 3319.716923076923 3579.016923076923 3606.909230769231 
16043.738461538462 16072.2 3378.0846153846155 3406.5461538461536 3883.0307692307692 3911.492307692308 
16229.261538461538 16257.684615384615 3317.276923076923 3345.7 3752.769230769231 3781.1923076923076 
15694.484615384616 15722.653846153846 3240.976923076923 3269.146153846154 3603.5153846153844 3631.6846153846154 
16253.272307692308 16281.541538461539 3208.2646153846154 3236.5338461538463 3996.826153846154 4025.095384615385 
15926.603076923077 15954.756923076922 3256.5261538461536 3284.68 3764.633846153846 3792.7876923076924 
16474.22923076923 16503.006153846152 3152.7676923076924 3181.5446153846156 3704.1215384615384 3732.8984615384616 
