40756.085806451614 40784.624516129035 10323.356774193548 10351.895483870967 11235.07935483871 11263.61806451613 
40510.393548387096 40538.27096774193 9882.429032258064 9910.306451612903 10766.329032258065 10794.206451612903 
40872.00258064516 40900.36064516129 10146.628387096775 10174.986451612904 11247.725161290322 11276.083225806451 
40106.70451612903 40134.68193548387 9878.720645161291 9906.69806451613 10615.498064516129 10643.475483870967 
40705.45935483871 40734.06903225806 9962.430322580645 9991.04 10980.904516129032 11009.514193548388 
41057.18 41085.45741935484 9966.699354838709 9994.976774193548 10804.005806451612 10832.283225806452 
40742.44774193548 40770.86709677419 9759.79935483871 9788.21870967742 11223.144516129032 11251.563870967742 
40640.31741935484 40668.765806451614 10080.414193548388 10108.862580645162 10967.981935483871 10996.430322580645 
40384.584516129034 40412.81032258065 10154.790967741936 10183.01677419355 11204.52 11232.745806451612 
40847.25032258064 40875.75677419355 10255.43741935484 10283.943870967742 11002.96 11031.466451612903 
40810.96838709677 40839.10709677419 10196.83935483871 10224.978064516128 11383.729677419355 11411.868387096774 
41225.22064516129 41253.869032258066 10319.346451612902 10347.994838709677 11441.581935483871 11470.230322580644 
41342.88903225806 41371.40838709677 10231.605161290323 10260.124516129032 11326.637419354838 11355.156774193549 
40156.36580645161 40184.07870967742 9793.62064516129 9821.333548387096 10880.57870967742 10908.291612903226 
41612.59225806451 41641.79225806452 10138.147096774193 10167.347096774194 11370.089032258065 11399.289032258064 
40315.12322580645 40342.84258064516 9971.374838709677 9999.094193548388 10635.336129032257 10663.055483870969 
40572.26516129032 40600.53935483871 9896.65870967742 9924.932903225807 11038.123225806452 11066.397419354838 
40531.033548387095 40559.15612903226 9963.762580645162 9991.885161290322 11129.065806451614 11157.188387096774 
41699.16451612903 41727.93225806452 10079.054838709677 10107.822580645161 11194.448387096774 11223.216129032258 
41399.61806451613 41428.35032258064 10125.363225806452 10154.095483870968 11098.03741935484 11126.769677419356 
41023.82 41052.223225806454 10071.439354838709 10099.842580645161 11269.271612903225 11297.674838709678 
41367.69483870968 41396.30129032258 9988.294838709677 10016.901290322581 11387.985161290322 11416.591612903227 
40642.47483870968 40670.91032258065 10077.63935483871 10106.074838709677 11192.294193548387 11220.729677419355 
41113.99419354839 41142.19096774194 9978.394193548387 10006.590967741935 11158.207096774193 11186.403870967742 
41489.2064516129 41517.651612903224 10024.783870967742 10053.229032258065 10881.94193548387 10910.387096774193 
40627.76516129032 40656.15870967742 10240.60064516129 10268.994193548388 11360.061935483871 11388.455483870968 
40904.945806451615 40933.278064516126 10449.071612903226 10477.403870967742 11640.590967741935 11668.923225806451 
40484.23935483871 40512.52322580645 10302.210322580646 10330.494193548388 11041.690967741935 11069.974838709677 
40578.70903225806 40607.073548387096 10064.141290322581 10092.505806451612 11232.205806451613 11260.570322580645 
40761.38580645161 40789.77935483871 10321.19870967742 10349.592258064516 11304.36 11332.753548387096 
40603.32129032258 40631.33741935484 10095.53741935484 10123.553548387097 11485.57935483871 11513.595483870968 
41564.84258064516 41593.64580645161 10324.407096774194 10353.210322580646 10894.545806451613 10923.349032258064 
40445.52193548387 40473.91870967742 10100.918709677419 10129.315483870967 11149.334838709678 11177.731612903226 
40851.14967741936 40879.552903225805 10225.333548387096 10253.736774193549 10727.51741935484 10755.92064516129 
40924.11096774194 40952.68516129032 10295.491612903226 10324.065806451614 11068.56258064516 11097.136774193548 
41274.91612903226 41303.50322580645 9996.816129032259 10025.40322580645 10725.825806451612 10754.412903225806 
41131.62516129032 41160.07677419355 10028.447741935484 10056.89935483871 10820.167096774194 10848.61870967742 
40864.97806451613 40893.19096774194 10048.510322580645 10076.723225806452 11019.049032258064 11047.261935483872 
40529.55677419355 40557.708387096776 10186.30193548387 10214.453548387097 11126.266451612903 11154.418064516129 
41293.54709677419 41321.99548387097 10175.29870967742 10203.747096774194 11470.753548387096 11499.20193548387 
41617.66322580645 41646.21806451613 10068.26 10096.814838709677 10918.314838709677 10946.869677419354 
40876.03677419355 40904.35935483871 9977.694838709678 10006.01741935484 11060.230322580644 11088.552903225807 
40563.94322580645 40592.24 10026.859354838709 10055.156129032259 10505.536774193548 10533.833548387096 
40984.448387096774 41012.75806451613 10014.251612903226 10042.561290322581 10873.564516129032 10901.874193548387 
40384.5535483871 40412.83096774194 10150.637419354838 10178.914838709677 11143.450322580646 11171.727741935483 
41006.444516129035 41034.83806451613 10214.486451612904 10242.88 11299.296129032258 11327.689677419356 
40821.93548387097 40850.08064516129 9924.88064516129 9953.025806451613 11165.05806451613 11193.203225806452 
40942.9735483871 40971.350967741935 10121.163870967743 10149.54129032258 11302.309032258065 11330.686451612903 
40838.86 40867.27935483871 10388.330967741935 10416.750322580645 11280.124516129032 11308.543870967742 
41335.23612903226 41364.084516129034 10330.884516129032 10359.732903225806 10954.390967741936 10983.23935483871 
