42433.00062695925 42461.5053291536 10532.630721003135 10561.135423197493 11964.89090909091 11993.395611285267 
42220.84137931035 42249.0670846395 10763.640752351097 10791.866457680251 11839.521630094045 11867.747335423197 
42557.10909090909 42586.052664576804 10514.78934169279 10543.732915360502 11550.466457680252 11579.410031347963 
42465.779937304076 42494.25956112853 10607.695297805643 10636.174921630094 11243.833228840125 11272.312852664576 
41618.32476489028 41646.52539184953 10498.898432601882 10527.09905956113 11240.378056426332 11268.57868338558 
41814.75987460815 41843.267711598746 10393.239498432602 10421.747335423197 11669.61567398119 11698.123510971787 
42093.6131661442 42121.91410658307 10350.124137931034 10378.425078369906 11449.327899686521 11477.628840125391 
41948.12476489028 41976.73918495298 10613.099686520376 10641.714106583073 11614.516614420063 11643.131034482758 
42751.88338557994 42780.86457680251 10545.651410658307 10574.632601880878 11465.673354231974 11494.654545454545 
42273.286520376176 42301.28338557994 10526.452664576802 10554.449529780564 11357.916614420063 11385.913479623825 
41456.107836990595 41484.24263322884 10575.214420062695 10603.34921630094 11659.803761755486 11687.93855799373 
42166.194984326015 42194.63699059561 10745.947335423198 10774.38934169279 11780.505329153604 11808.947335423198 
41330.683385579934 41359.009404388715 10898.90909090909 10927.235109717869 11073.796238244515 11102.122257053292 
40628.59749216301 40656.1617554859 10130.27460815047 10157.838871473354 11016.79498432602 11044.359247648903 
41894.15360501567 41922.335423197495 10259.645768025079 10287.827586206897 12126.163009404389 12154.344827586207 
41709.91222570533 41737.99373040752 10306.598746081505 10334.680250783698 11194.442006269592 11222.523510971787 
41839.31536050157 41867.87021943574 10640.249529780564 10668.804388714734 11454.923510971787 11483.478369905955 
41527.51159874608 41555.22946708464 10366.46144200627 10394.179310344827 11116.298432601881 11144.016300940439 
41535.04576802508 41563.45329153605 10403.90156739812 10432.309090909092 11845.243260188088 11873.65078369906 
41374.65454545455 41402.651410658305 10318.16551724138 10346.162382445142 11447.547962382445 11475.544827586207 
41770.22382445141 41798.120376175546 10312.50909090909 10340.405642633228 11097.694043887148 11125.590595611286 
41498.09717868338 41526.08777429467 10357.921630094044 10385.91222570533 11214.896551724138 11242.887147335423 
41790.51786833856 41818.69655172414 10640.865830721003 10669.044514106583 11305.304702194357 11333.483385579937 
41857.8934169279 41885.89028213166 10285.006269592477 10313.003134796238 11288.172413793103 11316.169278996866 
41330.546081504704 41358.57429467085 10326.705956112854 10354.734169278996 10902.141692789968 10930.169905956112 
42282.37617554859 42311.009404388715 10345.884012539185 10374.51724137931 11452.222570532915 11480.855799373041 
41745.052664576804 41773.44451410658 10582.12789968652 10610.5197492163 11147.964890282132 11176.356739811912 
41661.904702194355 41690.41567398119 10666.503448275862 10695.014420062696 11607.907836990596 11636.41880877743 
41264.99310344827 41293.07147335423 10421.911598746081 10449.989968652038 11547.855172413792 11575.93354231975 
41756.652037617554 41784.89028213166 10356.630094043887 10384.868338557993 11165.46394984326 11193.702194357367 
41828.88777429467 41856.941065830724 10598.828213166144 10626.881504702194 11338.76551724138 11366.818808777429 
41243.49843260188 41271.32288401254 10661.711598746082 10689.53605015674 11679.282131661443 11707.1065830721 
42079.45141065831 42107.79623824451 10404.081504702195 10432.426332288402 11575.962382445141 11604.307210031347 
41606.77931034483 41635.102194357365 10669.939184952978 10698.262068965518 11663.873354231975 11692.196238244514 
42351.04764890282 42379.737304075235 10695.821943573668 10724.511598746081 11354.04764890282 11382.737304075235 
42260.79561128527 42289.10595611285 10343.2 10371.510344827586 12012.435109717868 12040.745454545455 
41901.85579937304 41930.150470219436 10642.131661442007 10670.426332288402 11891.282131661443 11919.576802507838 
41748.65956112853 41776.8131661442 10351.878996865204 10380.032601880877 11051.358620689654 11079.51222570533 
42327.36300940439 42355.977429467086 10527.225078369906 10555.839498432602 11310.814420062696 11339.428840125393 
41397.255172413796 41425.06081504702 10422.054545454546 10449.860188087774 11462.944827586207 11490.750470219436 
42060.85893416928 42089.194357366774 10541.736677115987 10570.07210031348 11615.238244514107 11643.573667711598 
42087.88840125392 42116.39623824452 10413.44012539185 10441.947962382445 11374.079623824451 11402.587460815046 
41752.206896551725 41780.4263322884 10505.115987460815 10533.335423197492 11670.529780564264 11698.749216300941 
42166.70282131661 42195.09780564263 10494.320376175549 10522.715360501568 11729.840752351098 11758.235736677116 
41870.37868338558 41898.90846394984 10394.830094043888 10423.35987460815 11543.152978056427 11571.68275862069 
41067.194984326015 41094.95047021944 10297.812539184953 10325.56802507837 11281.624451410658 11309.379937304075 
42161.44952978056 42190.12978056426 10468.157993730407 10496.838244514107 11668.556112852664 11697.236363636364 
42713.545454545456 42742.47648902822 10582.76802507837 10611.699059561128 11889.122257053292 11918.05329153605 
42106.2934169279 42134.89843260188 10417.575548589342 10446.180564263323 11154.434482758621 11183.039498432601 
41472.75862068965 41500.843260188085 10477.968652037618 10506.05329153605 11426.191222570533 11454.275862068966 
