13815.89827586207 13843.570689655173 2589.018965517241 2616.691379310345 3012.1741379310347 3039.846551724138 
14080.646551724138 14108.172413793103 2740.4137931034484 2767.939655172414 2857.8706896551726 2885.396551724138 
14161.8 14190.222413793104 2660.6103448275862 2689.0327586206895 3083.937931034483 3112.3603448275862 
14553.446551724139 14582.506896551724 2815.8775862068965 2844.937931034483 3217.981034482759 3247.041379310345 
14174.422413793103 14203.120689655172 2803.7844827586205 2832.4827586206898 3128.75 3157.448275862069 
13478.044827586207 13505.656896551724 2670.2603448275863 2697.8724137931035 3093.9758620689654 3121.5879310344826 
13528.772413793104 13556.910344827586 2788.9103448275864 2817.0482758620687 2887.496551724138 2915.634482758621 
14063.972413793104 14091.972413793104 2698.696551724138 2726.696551724138 3082.1448275862067 3110.1448275862067 
14528.679310344827 14557.593103448276 2700.6793103448276 2729.593103448276 3181.213793103448 3210.1275862068965 
14208.593103448276 14236.308620689655 2794.455172413793 2822.1706896551723 3030.093103448276 3057.808620689655 
14258.408620689655 14287.787931034483 2883.244827586207 2912.6241379310345 3241.8741379310345 3271.253448275862 
14438.610344827586 14466.877586206896 2662.9120689655174 2691.1793103448276 2670.6448275862067 2698.9120689655174 
14345.470689655172 14374.479310344828 2846.1689655172413 2875.1775862068966 3382.1258620689655 3411.134482758621 
14176.787931034483 14205.934482758621 2700.787931034483 2729.9344827586206 3346.253448275862 3375.4 
13742.9 13771.210344827587 2785.555172413793 2813.865517241379 3138.003448275862 3166.3137931034485 
14048.794827586207 14076.691379310345 2538.5275862068966 2566.4241379310347 3014.4327586206896 3042.3293103448277 
14183.279310344828 14211.805172413793 2758.4 2786.9258620689657 3119.710344827586 3148.2362068965517 
14005.646551724138 14033.405172413793 2771.655172413793 2799.4137931034484 3151.5775862068967 3179.3362068965516 
13807.075862068965 13835.394827586208 2654.4896551724137 2682.808620689655 3156.351724137931 3184.6706896551723 
14082.541379310345 14110.963793103449 2895.851724137931 2924.2741379310346 3367.4724137931034 3395.8948275862067 
14043.0 14071.310344827587 2640.6724137931033 2668.9827586206898 2993.4655172413795 3021.7758620689656 
14289.068965517241 14317.629310344828 2866.5344827586205 2895.094827586207 2993.4655172413795 3022.0258620689656 
13958.043103448275 13986.198275862069 2601.5862068965516 2629.7413793103447 2901.043103448276 2929.198275862069 
13927.294827586207 13954.518965517242 2776.096551724138 2803.3206896551724 3080.518965517241 3107.743103448276 
14109.972413793104 14138.541379310345 2520.558620689655 2549.1275862068965 3008.955172413793 3037.5241379310346 
14025.437931034483 14053.343103448276 2687.851724137931 2715.756896551724 3053.9896551724137 3081.8948275862067 
14381.212068965517 14409.686206896551 2755.7810344827585 2784.255172413793 3236.0741379310343 3264.5482758620687 
14564.777586206896 14594.16551724138 2628.294827586207 2657.6827586206896 3306.4672413793105 3335.8551724137933 
13945.120689655172 13973.284482758621 2692.155172413793 2720.3189655172414 3345.0862068965516 3373.25 
14173.805172413793 14202.71896551724 2861.943103448276 2890.8568965517243 3204.5637931034485 3233.4775862068964 
14168.7 14196.312068965517 2701.018965517241 2728.6310344827584 3340.562068965517 3368.1741379310347 
14063.770689655172 14092.296551724137 2724.4344827586206 2752.960344827586 2997.6844827586206 3026.210344827586 
13414.237931034482 13442.358620689654 2752.2637931034483 2780.384482758621 3314.4275862068966 3342.5482758620687 
14305.677586206897 14334.479310344828 2717.86724137931 2746.6689655172413 3059.86724137931 3088.6689655172413 
14253.88275862069 14282.641379310346 2697.6758620689657 2726.4344827586206 3076.503448275862 3105.2620689655173 
14019.291379310345 14047.972413793104 2842.731034482759 2871.4120689655174 3142.687931034483 3171.3689655172416 
13769.094827586207 13797.043103448275 2667.5258620689656 2695.4741379310344 3118.2672413793102 3146.2155172413795 
13824.560344827587 13852.508620689656 2723.1293103448274 2751.0775862068967 3116.4224137931033 3144.3706896551726 
13979.294827586207 14007.803448275861 2476.4155172413793 2504.9241379310347 3040.1396551724138 3068.648275862069 
13903.23275862069 13931.284482758621 2815.189655172414 2843.2413793103447 3074.905172413793 3102.956896551724 
14292.387931034482 14320.724137931034 2789.5689655172414 2817.905172413793 3067.3706896551726 3095.706896551724 
14051.018965517242 14079.553448275861 2870.001724137931 2898.536206896552 3443.898275862069 3472.4327586206896 
14256.61551724138 14285.770689655172 2759.658620689655 2788.8137931034485 3243.0465517241378 3272.2017241379313 
14165.091379310345 14193.29827586207 2837.539655172414 2865.746551724138 3034.6258620689655 3062.8327586206897 
14198.891379310346 14227.917241379311 2790.520689655172 2819.5465517241378 3114.305172413793 3143.3310344827587 
14337.868965517242 14365.989655172414 2777.808620689655 2805.9293103448276 3232.351724137931 3260.4724137931034 
14244.760344827586 14273.527586206896 2755.294827586207 2784.062068965517 3093.691379310345 3122.458620689655 
14008.731034482758 14037.075862068965 2545.9293103448276 2574.2741379310346 2888.8344827586207 2917.1793103448276 
14118.417241379311 14146.4 2715.4862068965517 2743.4689655172415 2884.9862068965517 2912.9689655172415 
14213.625862068966 14242.074137931035 2826.246551724138 2854.694827586207 3204.212068965517 3232.6603448275864 
