50382.078125 50410.325520833336 13038.203125 13066.450520833334 14047.614583333334 14075.861979166666 
50647.94322916667 50676.36770833333 12856.076041666667 12884.500520833333 13922.4328125 13950.857291666667 
50952.9984375 50981.152083333334 12924.011458333332 12952.165104166666 14083.008854166666 14111.1625 
50780.25 50808.5546875 12939.822916666666 12968.127604166666 13453.796875 13482.1015625 
50987.52135416667 51015.80260416667 13112.797395833333 13141.078645833333 14795.8390625 14824.1203125 
49924.309895833336 49952.2734375 13043.408854166666 13071.372395833334 14323.591145833334 14351.5546875 
50543.426041666666 50572.06927083333 12825.853125 12854.496354166668 14076.910416666668 14105.553645833334 
50310.596875 50338.70364583333 12876.833854166667 12904.940625 14164.727083333333 14192.833854166667 
51484.11145833333 51512.74427083333 13304.496875 13333.1296875 14270.502083333333 14299.134895833333 
50854.276041666664 50882.510416666664 13070.9375 13099.171875 14360.223958333334 14388.458333333334 
51440.58645833333 51469.346875 13128.1125 13156.872916666667 14930.904166666667 14959.664583333333 
51208.21041666667 51236.79375 12971.147916666667 12999.73125 14221.767708333333 14250.351041666667 
50737.50052083333 50765.97708333333 12907.661979166667 12936.138541666667 14026.2296875 14054.70625 
50938.755208333336 50967.182291666664 13166.653645833334 13195.080729166666 14156.276041666666 14184.703125 
52330.39114583333 52359.003125 13086.677604166667 13115.289583333333 14465.984895833333 14494.596875 
50743.971875 50771.96666666667 13077.961458333333 13105.95625 13463.648958333333 13491.64375 
51035.9828125 51064.31875 12663.472395833332 12691.808333333332 13780.9046875 13809.240625 
50195.57239583333 50223.6921875 12896.41875 12924.538541666667 14224.0046875 14252.124479166667 
51586.5703125 51615.244791666664 12941.8046875 12970.479166666666 14475.247395833334 14503.921875 
50432.4265625 50460.934375 12829.304166666667 12857.811979166667 14178.619270833333 14207.127083333333 
50561.5078125 50590.104166666664 12834.893229166666 12863.489583333334 13986.591145833334 14015.1875 
50531.58385416667 50559.78697916667 12944.55 12972.753125 14196.297395833333 14224.500520833333 
51268.480208333334 51297.1 13095.284895833332 13123.9046875 14565.9125 14594.532291666666 
50848.1921875 50876.64270833333 13126.041145833333 13154.491666666667 14360.8953125 14389.345833333333 
50915.49895833333 50943.996354166666 12605.702083333334 12634.199479166668 13742.4 13770.897395833334 
50825.07083333333 50853.53697916667 12829.102083333333 12857.568229166667 14046.904166666667 14075.3703125 
51325.486979166664 51353.7109375 13097.5078125 13125.731770833334 14542.1015625 14570.325520833334 
50410.60260416667 50438.792708333334 12845.730208333332 12873.9203125 13714.394270833332 13742.584375 
49974.86770833333 50003.15416666667 13111.08125 13139.367708333333 13768.732291666667 13797.01875 
51284.2078125 51312.8015625 12948.496875 12977.090625 13915.2234375 13943.8171875 
50533.815104166664 50561.981770833336 13053.427083333334 13081.59375 13779.7890625 13807.955729166666 
50703.090625 50731.16354166667 12956.116666666667 12984.189583333333 14212.66875 14240.741666666667 
50558.643229166664 50587.15625 13072.822916666666 13101.3359375 14327.4296875 14355.942708333334 
50912.91510416667 50941.152083333334 12900.870833333332 12929.1078125 14341.300520833332 14369.5375 
51284.5828125 51313.1921875 12731.319791666667 12759.929166666667 13861.7546875 13890.3640625 
50701.61510416667 50729.87552083333 12934.203645833333 12962.4640625 13983.703645833333 14011.9640625 
50724.15 50752.17083333333 12957.709895833334 12985.730729166668 14693.795833333334 14721.816666666668 
51610.20416666667 51638.88385416667 12886.461979166666 12915.141666666666 14001.204166666666 14029.883854166666 
51608.828125 51637.3046875 13355.885416666666 13384.361979166666 14172.598958333334 14201.075520833334 
51780.0109375 51808.7296875 12781.346875 12810.065625 13810.594270833333 13839.313020833333 
50494.921875 50523.442708333336 12907.369791666666 12935.890625 14074.421875 14102.942708333334 
51198.3265625 51226.7171875 12794.917708333332 12823.308333333332 14292.753645833332 14321.144270833332 
51242.535416666666 51270.92864583333 13240.5484375 13268.941666666668 14090.134375 14118.527604166668 
50717.869791666664 50746.109375 13092.1015625 13120.341145833334 14293.052083333334 14321.291666666666 
50155.88958333333 50184.2046875 13184.522395833334 13212.8375 13963.30625 13991.621354166668 
50714.47447916667 50742.39635416667 12838.1046875 12866.0265625 14346.359895833333 14374.281770833333 
50892.30260416667 50920.77135416667 12780.052604166667 12808.521354166667 14107.5578125 14136.0265625 
50857.8046875 50886.1484375 13065.768229166666 13094.111979166666 14749.6484375 14777.9921875 
50853.659375 50881.9640625 13030.367708333333 13058.672395833333 14656.477083333333 14684.781770833333 
50408.8546875 50437.00572916667 12850.068229166667 12878.219270833333 14624.3234375 14652.474479166667 
