24111.519371727747 24139.48272251309 5704.090052356021 5732.053403141361 5967.493193717278 5995.456544502617 
24570.793717277487 24599.249214659685 5488.746596858638 5517.202094240838 6198.055497382199 6226.510994764398 
25009.521465968588 25038.3277486911 5567.154973821989 5595.961256544502 5997.4324607329845 6026.238743455498 
24717.969633507855 24747.10052356021 5609.8492146596855 5638.980104712042 6150.843979057591 6179.974869109948 
24131.776963350785 24159.30052356021 5491.384293193717 5518.907853403141 6218.358115183246 6245.88167539267 
24118.56439790576 24147.009424083768 5622.522513089005 5650.967539267016 6288.046073298429 6316.49109947644 
23882.47120418848 23910.97382198953 5728.460732984293 5756.9633507853405 6116.078534031413 6144.581151832461 
24097.76230366492 24126.36439790576 5808.73612565445 5837.338219895288 6225.013612565445 6253.615706806283 
23610.240837696336 23637.90052356021 5524.193717277487 5551.853403141361 6051.607329842932 6079.267015706806 
24569.294240837695 24598.116230366493 5471.325654450262 5500.147643979058 6105.9486910994765 6134.770680628272 
24799.857591623037 24828.2554973822 5523.632460732984 5552.030366492147 6278.805235602094 6307.203141361257 
24126.995811518325 24155.06387434555 5529.734031413613 5557.8020942408375 5689.81780104712 5717.885863874346 
24196.078534031414 24223.97382198953 5683.2565445026175 5711.151832460733 6057.696335078534 6085.591623036649 
24538.934031413613 24567.242931937173 5742.619895287958 5770.928795811518 6056.719371727749 6085.028272251309 
24436.81047120419 24465.166492146596 5319.909947643979 5348.265968586387 6384.187434554974 6412.543455497383 
24585.413612565444 24613.649214659687 5591.486910994764 5619.722513089006 5675.649214659686 5703.884816753926 
24555.489005235602 24583.91832460733 5545.122513089005 5573.551832460733 5968.64607329843 5997.075392670157 
24072.33507853403 24100.523560209425 5582.905759162304 5611.094240837696 5792.895287958115 5821.0837696335075 
24984.776963350785 25013.410471204188 5570.185340314136 5598.818848167539 6303.598952879581 6332.232460732985 
24162.130890052355 24190.18848167539 5700.434554973822 5728.492146596858 6125.7696335078535 6153.82722513089 
23774.35392670157 23802.175916230368 5487.495287958115 5515.317277486911 6117.280628272251 6145.102617801047 
24426.95497382199 24455.180104712043 5497.064921465969 5525.290052356021 5745.085863874346 5773.310994764398 
24414.912041884818 24443.194764397907 5575.283769633508 5603.566492146597 6212.770680628272 6241.053403141361 
23947.465968586388 23975.387434554974 5514.078534031413 5542.0 6044.413612565445 6072.335078534032 
23782.29005235602 23810.04397905759 5457.2010471204185 5484.954973821989 6113.112041884817 6140.865968586388 
24658.05445026178 24686.667015706807 5589.541361256544 5618.1539267015705 6521.829319371728 6550.441884816754 
24446.823036649213 24475.079581151833 5653.472251308901 5681.7287958115185 6082.75497382199 6111.011518324607 
23765.23664921466 23793.032460732986 5498.9486910994765 5526.744502617801 6032.37277486911 6060.1685863874345 
24584.421989528797 24612.086910994763 5638.076439790576 5665.741361256544 6137.149738219895 6164.814659685864 
23964.121465968587 23992.29947643979 5471.001047120419 5499.179057591623 6161.634554973822 6189.812565445026 
25241.868062827227 25270.569633507854 5825.883769633508 5854.585340314136 6572.365445026178 6601.067015706806 
24347.46387434555 24375.35392670157 5760.343455497382 5788.233507853403 6223.647120418848 6251.537172774869 
24450.87329842932 24479.103664921466 5761.93612565445 5790.166492146597 6253.485863874345 6281.716230366492 
24860.90994764398 24889.77382198953 5744.025130890052 5772.889005235602 6065.449214659686 6094.313089005235 
24617.351832460732 24645.723560209422 5938.702617801047 5967.074345549739 6545.922513089005 6574.294240837697 
24687.59162303665 24716.314136125653 5760.0366492146595 5788.759162303665 6162.675392670157 6191.397905759162 
25133.758115183246 25162.485863874346 5501.6848167539265 5530.412565445026 6416.307853403141 6445.035602094241 
24108.060732984293 24136.24397905759 5601.411518324608 5629.594764397906 6186.872251308901 6215.055497382199 
24688.050261780103 24717.56335078534 5781.484816753927 5810.997905759163 6307.238743455498 6336.751832460733 
23993.851308900525 24021.877486910995 5402.856544502618 5430.882722513089 5596.558115183246 5624.584293193718 
24571.62931937173 24599.78115183246 5539.294240837697 5567.446073298429 6097.131937172775 6125.283769633508 
24452.43560209424 24480.807329842934 5405.64502617801 5434.016753926701 6332.81780104712 6361.189528795811 
24365.557068062826 24394.195811518326 5597.122513089005 5625.761256544502 6100.379057591623 6129.01780104712 
24023.596858638743 24051.61780104712 5536.623036649215 5564.643979057591 6157.581151832461 6185.602094240838 
24600.78219895288 24629.242931937173 5387.023036649215 5415.483769633508 6072.085863874346 6100.546596858639 
24675.277486910996 24703.39790575916 5485.115183246074 5513.235602094241 6259.764397905759 6287.884816753926 
23951.096335078535 23979.284816753927 5504.499476439791 5532.687958115183 5883.164397905759 5911.352879581152 
23951.59790575916 23979.30994764398 5602.378010471204 5630.090052356021 6073.2157068062825 6100.9277486911 
24266.66387434555 24294.543455497384 5447.28167539267 5475.161256544503 6504.114136125654 6531.993717277487 
24623.856544502618 24652.285863874346 5701.903664921466 5730.3329842931935 6453.610471204189 6482.039790575916 
