46561.51849710983 46589.90867052023 11599.97803468208 11628.368208092486 12799.703468208092 12828.093641618498 
45602.432369942195 45630.60578034682 11253.368786127168 11281.542196531793 12557.270520231214 12585.443930635838 
45612.179768786125 45640.71445086705 11604.133526011561 11632.668208092486 13082.191329479769 13110.726011560693 
45735.09595375723 45763.604624277454 11680.463005780346 11708.971676300578 13114.98034682081 13143.48901734104 
45203.33988439306 45231.6549132948 11543.03352601156 11571.348554913295 12412.617341040463 12440.932369942197 
44933.62716763006 44961.867052023124 11511.971098265896 11540.21098265896 12617.158959537572 12645.398843930636 
45902.08265895954 45930.2676300578 11521.267630057804 11549.45260115607 13321.284971098266 13349.469942196532 
45266.02369942197 45294.42832369942 11742.173988439306 11770.578612716763 12980.087283236995 13008.491907514452 
45680.60982658959 45709.239884393064 11476.36705202312 11504.997109826589 12677.800578034683 12706.430635838151 
45511.11502890173 45539.31734104046 11501.967630057803 11530.169942196531 12171.5774566474 12199.779768786128 
45506.84161849711 45535.147976878616 11406.5612716763 11434.867630057803 12592.442774566474 12620.749132947976 
45103.66473988439 45131.9161849711 11606.546242774566 11634.797687861272 12648.612716763006 12676.864161849711 
45483.13410404624 45511.478034682084 11370.801734104047 11399.145664739885 12234.879768786128 12263.223699421966 
45434.58959537572 45462.6387283237 11286.58092485549 11314.630057803468 12542.098265895953 12570.14739884393 
45332.895375722546 45360.92138728324 11612.106358381503 11640.132369942197 12514.207514450867 12542.233526011561 
46112.15953757225 46140.74335260116 11541.477456647399 11570.0612716763 13063.384971098267 13091.968786127167 
46078.35606936416 46106.6710982659 11563.832947976878 11592.147976878612 12658.806936416186 12687.12196531792 
45267.79653179191 45296.16936416185 11594.828323699421 11623.201156069365 12977.403468208093 13005.776300578034 
44959.167630057804 44987.080924855494 11325.35260115607 11353.265895953757 12227.265895953757 12255.179190751445 
45603.96878612717 45632.39942196532 11571.266473988439 11599.69710982659 12884.26936416185 12912.7 
44959.19479768786 44987.2901734104 11640.373988439307 11668.46936416185 12348.992485549134 12377.087861271677 
45375.821387283235 45404.252023121386 11575.754913294797 11604.185549132948 12546.347398843931 12574.77803468208 
46840.69710982659 46869.42543352601 11604.34161849711 11633.069942196531 12478.77803468208 12507.506358381503 
45675.66300578035 45703.95202312139 11362.446242774566 11390.735260115607 12142.668786127168 12170.957803468207 
45365.46936416185 45393.66300578035 11492.353757225434 11520.54739884393 12984.249710982658 13012.443352601156 
45577.48497109827 45605.73930635838 11515.184393063584 11543.4387283237 12358.542774566475 12386.79710982659 
44941.231791907514 44969.555491329476 11369.373410404623 11397.69710982659 12773.752023121388 12802.075722543352 
45822.37456647399 45850.73005780347 11607.67225433526 11636.02774566474 13011.59421965318 13039.949710982659 
46191.488439306355 46220.10693641619 11437.546242774566 11466.164739884392 12458.3612716763 12486.979768786126 
45200.18843930636 45227.91387283237 11325.327167630057 11353.052601156069 12635.448554913295 12663.173988439306 
46177.693063583814 46205.97630057803 11530.72485549133 11559.008092485548 12639.172832369943 12667.456069364162 
44769.277456647396 44796.96820809248 11238.323699421966 11266.014450867053 12475.976878612717 12503.667630057804 
45583.72427745665 45612.045086705206 11212.686705202312 11241.007514450866 12425.250289017342 12453.571098265897 
45713.66473988439 45742.20809248555 11333.095375722543 11361.6387283237 11836.543352601157 11865.086705202311 
45908.385549132945 45937.02427745665 11534.064739884394 11562.703468208092 12544.136994219652 12572.775722543352 
46329.69653179191 46358.46820809248 11553.465317919075 11582.236994219653 12802.881502890174 12831.653179190751 
46039.27283236994 46067.943352601156 11782.076300578035 11810.746820809249 12731.926011560694 12760.596531791907 
45547.3098265896 45575.55260115607 11698.569942196531 11726.812716763006 12776.743352601155 12804.986127167631 
45823.25317919075 45851.542196531795 11675.019075144508 11703.30809248555 12454.987283236995 12483.276300578034 
46062.95260115607 46091.08265895954 11475.698265895953 11503.828323699421 12435.490173410404 12463.620231213872 
45370.71907514451 45398.97341040462 11776.383815028901 11804.638150289018 12781.0774566474 12809.331791907514 
45371.542196531795 45399.83410404624 11417.738728323699 11446.03063583815 12400.16647398844 12428.458381502891 
45912.31271676301 45940.62485549133 11527.315606936416 11555.62774566474 12436.69421965318 12465.006358381503 
46087.12023121387 46115.42947976878 11318.319653179191 11346.628901734104 12568.310982658959 12596.620231213872 
45991.29132947977 46019.68439306358 11554.895375722543 11583.288439306358 13051.979190751445 13080.37225433526 
44922.05375722543 44950.06820809249 11141.493063583815 11169.507514450866 12154.16936416185 12182.183815028902 
46245.87803468208 46274.64682080925 11593.404046242775 11622.172832369943 12656.195953757226 12684.964739884394 
45805.34971098266 45833.8063583815 11577.14739884393 11605.604046242775 12721.864161849711 12750.320809248555 
45353.63468208093 45381.94104046243 11410.709826589595 11439.016184971098 13151.680924855491 13179.987283236995 
45469.917919075146 45498.09710982659 11577.354335260115 11605.53352601156 12718.235838150289 12746.415028901734 
