34648.48120300752 34676.545112781954 8588.560150375939 8616.624060150376 9444.646616541353 9472.71052631579 
34686.70902255639 34714.945864661655 8608.472180451128 8636.709022556392 9408.182706766916 9436.41954887218 
34999.92255639098 35028.33233082707 8515.862406015038 8544.272180451127 9308.734586466166 9337.144360902255 
35481.86466165414 35510.484962406015 8577.537593984962 8606.157894736842 9471.706766917294 9500.327067669174 
35036.53007518797 35065.387218045114 8613.838345864662 8642.695488721805 9385.755639097744 9414.612781954887 
34018.0954887218 34045.94887218045 8366.896240601503 8394.74962406015 9068.734586466166 9096.587969924813 
34039.12180451128 34067.11052631579 8391.621804511278 8419.61052631579 8904.572932330828 8932.561654135337 
34657.08872180451 34685.11503759398 8498.28045112782 8526.306766917292 8812.261654135338 8840.287969924811 
34575.73533834586 34603.84436090226 8334.494736842105 8362.603759398497 9397.487218045113 9425.596240601504 
34517.504511278195 34545.91052631579 8700.523308270676 8728.92932330827 9237.948120300753 9266.354135338346 
34438.05187969925 34466.23609022556 8297.9992481203 8326.183458646616 9198.72105263158 9226.905263157894 
34285.52255639098 34313.68421052631 8564.30827067669 8592.46992481203 9484.575187969926 9512.736842105263 
33653.21654135338 33681.133834586464 8296.325563909775 8324.242857142857 9143.073684210527 9170.99097744361 
34759.35488721805 34787.700751879696 8383.61052631579 8411.956390977444 9316.36992481203 9344.715789473685 
34660.95789473684 34689.71729323308 8520.17969924812 8548.939097744362 8516.236090225564 8544.995488721805 
35569.45939849624 35598.16616541353 8449.106015037594 8477.812781954888 9579.948120300753 9608.654887218045 
34806.76240601504 34834.84511278196 8300.11954887218 8328.202255639098 9485.251127819549 9513.333834586467 
34768.8045112782 34797.37218045113 8630.812030075187 8659.37969924812 9436.887218045113 9465.454887218046 
33714.14812030075 33741.68571428571 8350.43007518797 8377.967669172933 8991.757142857143 9019.294736842105 
33375.04586466165 33403.241353383455 8392.297744360902 8420.493233082707 9078.391729323308 9106.587218045113 
33929.02781954887 33957.035338345864 8194.396240601503 8222.403759398496 8920.35112781955 8948.358646616542 
34130.6947368421 34158.788721804514 8637.766165413534 8665.86015037594 9019.138345864661 9047.232330827068 
34915.104511278194 34943.525563909774 8344.946616541354 8373.367669172932 9152.164661654135 9180.585714285715 
34588.06616541353 34616.22030075188 8518.216541353384 8546.37067669173 9265.133834586466 9293.287969924811 
34514.71804511278 34542.79323308271 8524.838345864662 8552.913533834586 9256.53007518797 9284.605263157895 
35219.554887218044 35248.29548872181 8693.073684210527 8721.814285714287 9294.53984962406 9323.28045112782 
34491.93909774436 34520.45037593985 8689.172180451127 8717.683458646616 9400.916541353383 9429.427819548871 
34781.05639097744 34809.59022556391 8531.45112781955 8559.984962406015 9028.161654135338 9056.695488721805 
34080.64661654135 34108.582706766916 8279.052631578947 8306.988721804511 8911.984962406015 8939.921052631578 
34621.45112781955 34649.45112781955 8358.24060150376 8386.24060150376 9152.676691729323 9180.676691729323 
35113.306766917296 35141.58120300752 8646.566165413535 8674.84060150376 9387.682706766916 9415.957142857143 
35035.464661654136 35064.201503759396 8404.998496240602 8433.735338345865 9032.457142857143 9061.193984962407 
34377.59022556391 34405.76315789474 8587.665413533834 8615.838345864662 9808.176691729323 9836.34962406015 
34555.711278195486 34583.97819548872 8369.515789473684 8397.782706766917 9091.215037593985 9119.481954887218 
34560.837593984965 34589.074436090224 8255.653383458646 8283.89022556391 9211.822556390978 9240.05939849624 
35234.025563909774 35262.70977443609 8402.025563909774 8430.70977443609 9434.604511278196 9463.28872180451 
34474.42781954887 34502.28496240602 8276.401503759398 8304.258646616541 9151.593233082707 9179.45037593985 
35992.836090225566 36021.73458646616 8605.595488721805 8634.493984962406 9730.497744360902 9759.396240601503 
34844.57744360902 34873.336842105266 8448.434586466165 8477.193984962407 8975.787969924811 9004.547368421052 
33905.464661654136 33933.07744360902 7998.088721804511 8025.701503759398 9214.08120300752 9241.693984962407 
34668.759398496244 34697.27443609023 8463.462406015038 8491.977443609023 9214.127819548872 9242.642857142857 
34182.063909774435 34209.78571428572 8353.383458646616 8381.105263157895 9208.296992481202 9236.018796992481 
33906.35864661654 33934.47142857143 8394.196992481204 8422.30977443609 9332.53909774436 9360.651879699248 
35125.21052631579 35153.41353383459 8591.015037593985 8619.218045112782 9260.345864661655 9288.54887218045 
34433.93383458647 34462.41127819549 8266.764661654135 8295.242105263158 9012.151879699248 9040.62932330827 
34356.796992481206 34384.95864661654 8347.552631578947 8375.714285714286 9179.075187969926 9207.236842105263 
35159.78421052632 35188.927067669174 8451.051127819548 8480.193984962407 9448.137593984962 9477.28045112782 
34542.46090225564 34571.31428571429 8294.7015037594 8323.554887218044 9655.318045112783 9684.171428571428 
34676.07969924812 34704.094736842104 8537.263909774436 8565.27894736842 9051.192481203008 9079.207518796993 
34905.32406015038 34933.97067669173 8387.65864661654 8416.305263157894 9189.88045112782 9218.527067669173 
