50680.871916010496 50709.69606299212 12611.276115485563 12640.100262467191 13993.740682414698 14022.564829396326 
50761.53963254593 50789.830971128606 12920.151181102363 12948.442519685039 14033.327034120735 14061.618372703411 
50372.65459317585 50400.98267716535 13130.129658792652 13158.457742782151 13920.903937007874 13949.232020997375 
50395.40839895013 50423.58687664042 12446.169553805774 12474.348031496063 13956.109186351707 13984.287664041995 
50939.58267716535 50968.09186351706 12948.456692913385 12976.965879265092 13966.07349081365 13994.582677165354 
49741.32703412073 49769.434645669295 12876.749606299212 12904.85721784777 14313.581627296588 14341.689238845145 
50537.995275590554 50566.412598425195 13045.984776902887 13074.402099737534 14013.688188976377 14042.105511811023 
50114.29553805774 50142.49238845144 12720.516010498688 12748.712860892389 13876.697112860893 13904.893963254593 
50645.23202099738 50673.525984251966 12877.441994750656 12905.735958005249 13988.798950131233 14017.092913385826 
50891.55748031496 50920.2687664042 12990.759580052494 13019.470866141732 14017.15065616798 14045.861942257217 
50763.279790026245 50791.403149606296 12831.980577427821 12860.103937007874 13895.917585301837 13924.04094488189 
50523.2719160105 50551.62362204724 13052.300787401575 13080.65249343832 14054.838845144357 14083.190551181102 
50001.342257217846 50029.444619422575 12468.919685039371 12497.022047244094 13074.57847769029 13102.680839895012 
49997.28608923884 50025.31758530184 13080.1968503937 13108.228346456694 13723.88188976378 13751.913385826772 
50833.473490813645 50861.70708661417 12959.03254593176 12987.266141732283 14252.326509186352 14280.560104986876 
50071.71338582677 50099.87349081365 12988.920734908137 13017.080839895014 13808.340682414699 13836.500787401576 
49758.143832021 49786.24094488189 12954.511286089239 12982.608398950131 13952.897112860892 13980.994225721784 
49559.108661417325 49587.08503937008 12979.68346456693 13007.659842519684 13751.121784776902 13779.098162729659 
51099.57007874016 51128.11338582677 12950.236745406824 12978.78005249344 13992.81154855643 14021.354855643045 
50754.37217847769 50782.79737532808 12609.718635170604 12638.143832020998 13890.542782152232 13918.967979002624 
49995.03832020998 50023.36902887139 12806.93595800525 12835.266666666666 13829.712860892389 13858.043569553805 
50144.523884514434 50172.84671916011 12922.337532808398 12950.660367454067 13855.534383202099 13883.85721784777 
49972.63307086614 50000.83517060368 12614.299737532809 12642.501837270342 13350.478215223096 13378.68031496063 
50540.86719160105 50569.48661417323 12972.746456692914 13001.365879265091 14115.195275590551 14143.81469816273 
49983.06456692913 50011.240419947506 12795.70498687664 12823.880839895013 14296.909711286089 14325.085564304462 
51281.58530183727 51310.26509186352 13164.456692913385 13193.136482939633 14389.110236220473 14417.79002624672 
49937.77480314961 49966.03727034121 12800.774803149607 12829.037270341207 13899.735433070866 13927.997900262468 
50542.169553805776 50570.47664041995 12971.082939632546 12999.39002624672 13824.418897637795 13852.725984251969 
51580.67716535433 51609.55118110236 12819.346456692914 12848.220472440946 14487.96062992126 14516.83464566929 
50696.58005249344 50725.19160104987 12832.328083989501 12860.939632545931 14071.553805774278 14100.16535433071 
49893.83884514435 49922.190551181106 12954.901837270341 12983.253543307086 14352.277165354331 14380.628871391076 
50459.843044619425 50488.116010498685 13075.512335958005 13103.78530183727 13892.585826771654 13920.858792650919 
50271.20209973753 50299.41732283465 13077.913385826772 13106.128608923884 14079.131233595801 14107.346456692914 
50910.67086614173 50939.2062992126 13328.42152230971 13356.956955380578 13824.122309711285 13852.657742782152 
49598.08871391076 49626.03359580052 12705.545406824147 12733.49028871391 13863.860367454068 13891.805249343832 
49694.77585301837 49722.762729658796 13119.195800524934 13147.182677165354 13304.893963254593 13332.880839895013 
51030.169553805776 51058.85984251968 12746.694488188976 12775.384776902887 13915.306036745407 13943.996325459317 
50160.137007874015 50188.49921259843 13031.2656167979 13059.62782152231 14328.402099737534 14356.764304461942 
50716.495538057745 50745.067716535435 12858.797375328084 12887.369553805775 14010.030971128608 14038.603149606299 
51101.22362204724 51129.984776902886 13020.194750656168 13048.955905511812 14195.341732283465 14224.102887139108 
50307.08241469816 50335.47086614173 12847.720209973753 12876.108661417324 14029.268766404199 14057.657217847769 
50021.35905511811 50049.731758530186 12541.967979002624 12570.340682414699 14182.737007874015 14211.10971128609 
50837.128083989504 50865.555905511814 12826.361679790027 12854.789501312336 13691.587401574803 13720.015223097113 
51084.30551181102 51113.16115485565 13094.056167979003 13122.911811023621 14414.376377952756 14443.232020997375 
49735.169028871394 49763.39475065617 13056.917060367454 13085.14278215223 13811.659842519684 13839.885564304463 
50488.64199475066 50516.93858267717 12797.531758530184 12825.828346456692 13740.361154855644 13768.657742782152 
50132.86824146982 50161.15433070866 12629.65564304462 12657.941732283465 14230.844619422573 14259.130708661418 
50693.93648293963 50722.432545931755 13064.750131233595 13093.246194225721 13994.485039370078 14022.981102362204 
50239.158530183726 50267.30813648294 12964.449868766404 12992.599475065617 14569.980052493438 14598.129658792652 
50459.87926509186 50488.188976377955 12882.364829396325 12910.674540682414 14558.317585301837 14586.627296587927 
