5321.211538461538 5349.153846153846 392.40384615384613 420.34615384615387 611.6346153846154 639.5769230769231 
5495.361538461539 5524.361538461539 366.4576923076923 395.4576923076923 619.0923076923077 648.0923076923077 
5250.546153846154 5278.411538461539 522.1038461538461 549.9692307692308 823.6615384615385 851.526923076923 
5541.161538461539 5569.046153846154 413.62307692307695 441.5076923076923 581.3538461538461 609.2384615384616 
5529.430769230769 5558.3538461538465 458.96923076923076 487.89230769230767 631.276923076923 660.2 
5066.596153846154 5093.7692307692305 477.4423076923077 504.61538461538464 591.3653846153846 618.5384615384615 
5086.35 5114.907692307693 382.7923076923077 411.35 486.6192307692308 515.1769230769231 
5515.261538461538 5544.434615384615 456.8 485.9730769230769 634.4538461538461 663.626923076923 
5595.084615384615 5624.45 651.0461538461539 680.4115384615385 751.9307692307692 781.2961538461539 
5134.5 5161.134615384615 429.63461538461536 456.2692307692308 545.5769230769231 572.2115384615385 
5304.880769230769 5332.803846153846 499.32307692307694 527.2461538461539 820.7269230769231 848.65 
5469.965384615384 5498.503846153846 461.1 489.6384615384615 623.2730769230769 651.8115384615385 
5225.930769230769 5254.757692307692 400.2576923076923 429.0846153846154 656.623076923077 685.45 
5745.35 5774.484615384616 481.44615384615383 510.58076923076925 716.4653846153847 745.6 
5189.296153846154 5217.2 561.2961538461539 589.2 763.4115384615385 791.3153846153846 
5553.488461538462 5582.3538461538465 550.0076923076923 578.873076923077 722.3346153846154 751.2 
5488.657692307693 5517.657692307693 434.4076923076923 463.4076923076923 575.6576923076923 604.6576923076923 
5297.888461538461 5326.35 486.85 515.3115384615385 726.1576923076923 754.6192307692307 
5637.623076923077 5666.892307692307 366.16153846153844 395.4307692307692 649.3923076923077 678.6615384615385 
5398.465384615384 5427.3115384615385 484.6192307692308 513.4653846153847 475.08076923076925 503.92692307692306 
5163.842307692307 5191.226923076923 501.9 529.2846153846153 516.8038461538462 544.1884615384615 
5500.911538461539 5529.988461538462 386.79615384615386 415.87307692307695 594.873076923077 623.95 
5187.392307692307 5215.969230769231 433.2576923076923 461.8346153846154 654.4307692307692 683.0076923076923 
5341.484615384616 5368.85 499.67692307692306 527.0423076923076 557.9846153846154 585.35 
5012.792307692308 5040.35 565.0423076923076 592.6 682.5615384615385 710.1192307692307 
5367.157692307693 5396.1 480.0615384615385 509.00384615384615 653.4653846153847 682.4076923076923 
5266.623076923077 5293.661538461539 507.96923076923076 535.0076923076923 732.3923076923077 759.4307692307692 
5372.1884615384615 5400.457692307692 479.4384615384615 507.7076923076923 619.3423076923077 647.6115384615384 
5291.057692307692 5319.5 508.21153846153845 536.6538461538462 573.2115384615385 601.6538461538462 
5208.584615384615 5236.738461538462 427.5846153846154 455.73846153846154 785.276923076923 813.4307692307692 
5295.0192307692305 5322.5192307692305 411.9807692307692 439.4807692307692 497.78846153846155 525.2884615384615 
5580.3538461538465 5609.180769230769 473.48846153846154 502.31538461538463 662.3538461538461 691.1807692307692 
5618.015384615384 5647.630769230769 561.6307692307693 591.2461538461539 603.0153846153846 632.6307692307693 
5580.069230769231 5608.6461538461535 463.9730769230769 492.55 606.9153846153846 635.4923076923077 
5333.7692307692305 5362.692307692308 544.4038461538462 573.3269230769231 647.1153846153846 676.0384615384615 
5428.75 5457.75 495.9423076923077 524.9423076923077 811.8653846153846 840.8653846153846 
5522.907692307693 5551.926923076923 496.5230769230769 525.5423076923076 709.0615384615385 738.0807692307692 
5288.265384615384 5316.1884615384615 363.7269230769231 391.65 518.9192307692308 546.8423076923077 
5580.4384615384615 5609.419230769231 432.3423076923077 461.32307692307694 504.4 533.3807692307693 
5520.273076923077 5548.926923076923 505.94615384615383 534.6 882.1576923076923 910.8115384615385 
5319.611538461539 5348.207692307692 412.3615384615385 440.9576923076923 664.3038461538462 692.9 
5220.557692307692 5248.7692307692305 417.9807692307692 446.1923076923077 676.9807692307693 705.1923076923077 
5308.469230769231 5336.719230769231 358.3346153846154 386.5846153846154 487.73846153846154 515.9884615384616 
5346.884615384615 5375.346153846154 454.34615384615387 482.8076923076923 737.2692307692307 765.7307692307693 
5412.773076923077 5441.0615384615385 445.50384615384615 473.7923076923077 781.85 810.1384615384616 
5158.257692307692 5186.123076923077 396.79615384615386 424.66153846153844 650.1038461538461 677.9692307692308 
5239.930769230769 5268.065384615385 573.3307692307692 601.4653846153847 730.2384615384616 758.373076923077 
5097.869230769231 5125.734615384616 406.35 434.2153846153846 618.6384615384616 646.5038461538461 
5482.7307692307695 5512.403846153846 484.09615384615387 513.7692307692307 635.7307692307693 665.4038461538462 
5550.834615384615 5579.411538461539 393.95 422.5269230769231 462.1038461538462 490.6807692307692 
