33784.009923664125 33812.26564885496 8119.181679389313 8147.437404580152 9077.620610687023 9105.876335877863 
35046.076335877864 35074.96946564886 8275.301526717558 8304.19465648855 9282.045801526718 9310.93893129771 
33846.9786259542 33875.06641221374 8485.524427480916 8513.612213740458 9262.627480916031 9290.715267175572 
33722.987022900765 33751.04045801527 8351.147328244275 8379.200763358778 9067.529007633588 9095.582442748091 
34588.770992366415 34617.270992366415 8146.4503816793895 8174.9503816793895 9204.610687022901 9233.110687022901 
33786.66488549618 33814.67251908397 8204.107633587786 8232.115267175572 8776.496946564885 8804.504580152672 
34132.579389312974 34160.5679389313 8286.659541984733 8314.648091603054 9490.388549618321 9518.37709923664 
33896.32824427481 33924.49618320611 8420.362595419847 8448.530534351145 9158.34351145038 9186.511450381679 
33606.770992366415 33634.5 8177.721374045802 8205.45038167939 8749.511450381679 8777.240458015267 
34223.18396946565 34251.61526717557 8046.401526717557 8074.832824427481 9082.840458015267 9111.27175572519 
34311.59618320611 34339.95496183206 8241.897709923664 8270.256488549618 9152.985496183206 9181.34427480916 
34476.59312977099 34505.06641221374 8209.753435114504 8238.226717557252 9045.585496183206 9074.058778625955 
34227.851908396944 34255.94732824428 8330.699236641221 8358.79465648855 8996.84427480916 9024.939694656488 
34131.30916030534 34159.80916030534 8473.091603053435 8501.591603053435 8813.080152671755 8841.580152671755 
34254.2572519084 34282.83358778626 8573.997709923664 8602.574045801526 9289.806870229007 9318.38320610687 
34580.2 34609.15038167939 8220.43282442748 8249.38320610687 9045.642748091603 9074.593129770992 
34378.35572519084 34406.97786259542 8098.504580152672 8127.126717557252 9115.874809160305 9144.496946564885 
34028.009923664125 34056.10152671756 8478.391603053435 8506.48320610687 9061.72748091603 9089.819083969465 
33709.386259541985 33737.31755725191 8377.115267175572 8405.046564885497 9371.073282442749 9399.004580152672 
34331.19923664122 34359.83282442748 8378.340458015267 8406.974045801528 9247.870992366412 9276.504580152672 
34341.498473282445 34369.94503816794 8391.174045801527 8419.620610687023 9100.48320610687 9128.929770992367 
34449.696183206106 34478.2 8230.077862595419 8258.581679389314 8958.46717557252 8986.970992366412 
33954.729007633585 33983.15648854962 8021.751908396946 8050.179389312977 8998.31679389313 9026.74427480916 
33797.3213740458 33825.57328244275 8549.703053435114 8577.954961832062 9262.993129770992 9291.24503816794 
33434.39847328244 33462.28396946565 8054.45572519084 8082.341221374046 8830.703816793894 8858.5893129771 
33682.58167938931 33710.520610687025 8237.562595419848 8265.501526717557 9139.329770992366 9167.268702290075 
34064.896946564884 34093.045801526714 8008.706106870229 8036.854961832061 9230.240458015267 9258.389312977099 
33949.636641221376 33977.957251908396 8404.193893129772 8432.514503816794 8896.987786259542 8925.308396946564 
34086.02748091603 34114.27557251909 8609.397709923664 8637.645801526718 8822.096183206108 8850.34427480916 
33546.37251908397 33574.19312977099 8370.078625954198 8397.899236641222 8877.49465648855 8905.315267175572 
33873.00687022901 33901.0679389313 8107.407633587786 8135.468702290076 9176.86183206107 9204.922900763358 
34132.49389312977 34160.44427480916 8114.158015267176 8142.108396946565 8866.753435114504 8894.703816793894 
34517.736641221374 34546.068702290075 8328.881679389313 8357.213740458015 9099.385496183206 9127.717557251908 
34530.17480916031 34558.69389312977 8324.434351145039 8352.953435114503 9820.396183206107 9848.915267175573 
34448.57557251908 34476.941984732824 8492.094656488549 8520.46106870229 9677.514503816794 9705.880916030534 
34028.83664122137 34057.225954198475 8269.309923664123 8297.699236641221 9119.134351145038 9147.523664122138 
34027.68244274809 34055.98778625954 8315.808396946564 8344.113740458015 8829.590839694656 8857.896183206107 
34386.20839694657 34414.89541984733 8483.1893129771 8511.876335877863 9273.452671755726 9302.13969465649 
33567.26183206107 33595.69694656489 8479.662595419848 8508.097709923664 9212.803816793894 9241.23893129771 
33970.9358778626 33998.882442748094 8379.313740458016 8407.260305343512 8676.974045801528 8704.920610687022 
33985.55572519084 34014.08244274809 8306.578625954198 8335.10534351145 8838.601526717557 8867.128244274809 
34398.96946564886 34427.71374045801 8290.179389312978 8318.923664122138 9714.267175572519 9743.011450381679 
33955.20229007633 33983.40458015267 8273.19465648855 8301.396946564886 9053.797709923665 9082.0 
33919.90534351145 33948.4893129771 8424.35572519084 8452.939694656488 9217.74503816794 9246.329007633587 
34382.8427480916 34411.02213740458 8312.774045801527 8340.953435114503 9080.03358778626 9108.212977099236 
34138.416030534354 34166.69465648855 8256.858778625954 8285.137404580153 9057.446564885497 9085.725190839694 
33906.688549618324 33934.9786259542 8482.348854961832 8510.63893129771 8994.070229007633 9022.36030534351 
34186.82061068702 34215.01908396946 8443.286259541985 8471.484732824427 9130.95038167939 9159.148854961832 
33781.636641221376 33809.613740458015 8423.373282442748 8451.35038167939 8770.193893129772 8798.170992366413 
34083.057251908394 34111.30152671756 8405.847328244276 8434.091603053435 8930.484732824427 8958.729007633588 
