37490.71048951049 37519.20699300699 9275.588111888112 9304.084615384616 10213.78041958042 10242.276923076923 
37008.74615384615 37037.17272727273 9180.55034965035 9208.976923076923 9904.655244755244 9933.081818181818 
37786.5979020979 37815.555944055945 9361.73076923077 9390.688811188811 10528.227272727272 10557.185314685315 
37320.83356643357 37349.20769230769 9005.721678321679 9034.095804195804 10141.833566433566 10170.207692307693 
37352.96573426574 37381.21398601399 8856.906293706294 8885.154545454545 9854.364335664335 9882.612587412588 
36711.11258741259 36738.99020979021 9283.843356643356 9311.720979020978 10193.035664335664 10220.913286713287 
37430.037762237764 37458.13566433566 9128.23006993007 9156.327972027972 10143.527272727273 10171.625174825174 
37877.145454545454 37905.21538461538 9057.498601398602 9085.56853146853 10024.998601398602 10053.06853146853 
37698.405594405594 37727.342657342655 9148.776223776224 9177.713286713286 9804.32867132867 9833.265734265735 
37733.734965034964 37762.55314685315 9117.259440559441 9146.077622377623 10026.65104895105 10055.469230769231 
37392.7993006993 37421.01958041958 9165.173426573427 9193.393706293706 10215.414685314685 10243.634965034966 
37398.53496503497 37427.16433566433 9148.09090909091 9176.720279720279 10521.52097902098 10550.15034965035 
37781.84125874126 37810.033566433565 9397.1 9425.292307692307 10719.127972027973 10747.32027972028 
36583.35174825175 36611.236363636366 9173.697902097902 9201.582517482517 9356.162937062936 9384.047552447553 
37707.18671328671 37735.553846153845 9307.564335664336 9335.93146853147 10558.641258741258 10587.008391608391 
38055.8027972028 38084.484615384616 9384.586013986014 9413.267832167832 10370.453146853148 10399.134965034966 
37799.271328671326 37827.694405594404 9180.991608391609 9209.414685314685 9989.627972027973 10018.051048951049 
37595.67342657343 37623.97412587413 9410.383216783217 9438.683916083915 10262.316783216784 10290.617482517482 
36888.45314685315 36916.348251748255 9070.33076923077 9098.225874125874 9990.73986013986 10018.634965034966 
37155.21538461538 37183.47762237762 9415.292307692307 9443.554545454546 10039.502097902097 10067.764335664335 
37350.3979020979 37378.52027972028 9218.946853146854 9247.069230769232 10716.48881118881 10744.611188811188 
37617.38601398601 37646.04335664336 8957.46993006993 8986.127272727274 10025.532867132868 10054.19020979021 
37644.417482517485 37672.941958041956 9162.606293706294 9191.13076923077 10119.41048951049 10147.934965034965 
37175.41118881119 37203.58951048951 9145.827272727272 9174.005594405595 9888.963636363636 9917.141958041959 
37414.04895104895 37442.08391608392 9380.548951048951 9408.583916083917 9895.398601398601 9923.433566433567 
37947.30699300699 37976.15664335664 9511.324475524476 9540.174125874126 10401.880419580419 10430.73006993007 
37326.02307692308 37354.246853146855 9225.551048951049 9253.774825174825 10141.512587412588 10169.736363636364 
37716.545454545456 37745.12937062937 9084.555944055945 9113.13986013986 10236.58041958042 10265.164335664336 
37319.223076923074 37347.75454545455 9147.191608391608 9175.723076923077 10194.376923076923 10222.908391608391 
37480.31258741259 37508.46293706293 9141.207692307693 9169.358041958041 9595.9 9624.05034965035 
37483.61258741259 37511.972727272725 9125.693006993008 9154.053146853146 9879.241958041957 9907.602097902098 
37187.958041958045 37215.89160839161 9378.111888111887 9406.045454545454 10219.426573426574 10247.36013986014 
37048.41888111888 37076.6041958042 9184.86993006993 9213.055244755245 9930.46083916084 9958.646153846154 
37793.232867132865 37821.57552447553 9025.061538461538 9053.404195804196 9813.435664335664 9841.778321678321 
38241.114685314686 38269.80699300699 9252.181118881119 9280.873426573427 9861.240559440559 9889.932867132868 
37124.123076923075 37152.34685314685 9133.766433566434 9161.99020979021 10068.626573426573 10096.850349650349 
37357.91678321678 37386.56013986014 9130.294405594406 9158.937762237761 9856.266433566434 9884.909790209791 
37403.34965034965 37432.332167832166 9385.898601398601 9414.88111888112 10515.783216783217 10544.765734265735 
36780.403496503495 36808.17272727273 9347.746153846154 9375.515384615384 10154.039860139861 10181.809090909092 
37063.63216783217 37091.67062937063 9297.04125874126 9325.07972027972 10273.904895104895 10301.943356643356 
37463.93706293706 37492.5 9255.055944055945 9283.61888111888 10501.825174825175 10530.388111888113 
37576.094405594406 37604.458041958045 9182.818181818182 9211.181818181818 10566.611888111887 10594.975524475525 
37465.3979020979 37493.401398601396 9077.425874125875 9105.42937062937 10023.78951048951 10051.793006993006 
38373.41328671329 38402.172027972025 9333.32937062937 9362.088111888112 10646.755944055943 10675.514685314685 
37122.82097902098 37151.14615384615 9282.852447552448 9311.177622377623 10395.527272727273 10423.852447552448 
37502.63076923077 37530.81258741259 9115.445454545454 9143.627272727274 10304.23916083916 10332.420979020979 
37457.978321678325 37486.52027972028 9340.142657342658 9368.684615384615 10402.831468531469 10431.373426573427 
36330.2 36358.088111888115 9185.322377622377 9213.21048951049 10009.137062937063 10037.025174825174 
37464.9958041958 37493.24055944056 9138.457342657342 9166.702097902098 10075.506293706294 10103.75104895105 
37837.657342657345 37866.61188811189 9328.300699300698 9357.255244755244 10414.587412587412 10443.541958041958 
