22119.305681818183 22147.14659090909 4950.959090909091 4978.8 5593.476136363636 5621.317045454545 
22393.172727272726 22421.24659090909 4996.115909090909 5024.189772727273 5386.4 5414.473863636364 
22700.929545454546 22729.605681818182 5061.406818181818 5090.082954545454 5682.929545454545 5711.605681818181 
22394.172727272726 22422.854545454546 5091.661363636364 5120.343181818182 5811.763636363637 5840.445454545455 
22437.238636363636 22465.6875 4943.073863636364 4971.522727272727 5869.397727272727 5897.846590909091 
22535.734090909093 22564.217045454545 5009.910227272727 5038.393181818182 5724.438636363637 5752.921590909091 
21811.5875 21839.519318181818 5068.473863636364 5096.405681818182 5831.826136363637 5859.757954545455 
22190.610227272726 22218.604545454546 4978.752272727273 5006.746590909091 5385.382954545455 5413.377272727273 
22211.78181818182 22239.747727272726 5184.815909090909 5212.781818181818 6083.543181818181 6111.509090909091 
22504.109090909093 22532.84772727273 4810.211363636364 4838.95 5474.336363636364 5503.075 
22782.79431818182 22811.70909090909 4919.777272727273 4948.692045454545 5689.180681818182 5718.095454545454 
22919.40681818182 22948.372727272726 5037.918181818181 5066.884090909091 5772.872727272727 5801.838636363636 
22192.1625 22220.31590909091 5001.963636363636 5030.117045454545 5646.901136363636 5675.054545454545 
22490.168181818182 22518.486363636363 4989.213636363636 5017.531818181818 5652.565909090909 5680.884090909091 
22379.09318181818 22407.070454545454 5030.257954545455 5058.235227272728 5346.081818181819 5374.059090909091 
22127.538636363635 22155.942045454547 5096.839772727273 5125.243181818182 5942.675 5971.078409090909 
22173.54431818182 22201.572727272727 5027.504545454545 5055.532954545454 5668.032954545454 5696.061363636363 
22459.223863636365 22487.763636363637 4818.667045454546 4847.206818181819 5444.655681818182 5473.195454545455 
22237.779545454545 22266.41022727273 4893.7625 4922.393181818182 5785.472727272727 5814.103409090909 
22529.345454545455 22558.157954545455 5280.032954545454 5308.845454545454 5799.413636363636 5828.226136363636 
21927.110227272726 21955.025 5013.632954545455 5041.547727272728 5555.610227272728 5583.525 
22516.8875 22545.825 5065.336363636364 5094.273863636364 5619.410227272727 5648.347727272727 
22324.66022727273 22353.0125 5015.359090909091 5043.711363636364 5648.8875 5677.239772727273 
22210.70909090909 22238.993181818183 5054.243181818182 5082.527272727273 5507.959090909091 5536.243181818182 
21981.1625 22009.389772727274 4959.639772727272 4987.867045454545 5219.582954545454 5247.810227272727 
22397.577272727274 22426.452272727274 5086.605681818181 5115.480681818181 5592.861363636363 5621.736363636363 
22164.567045454547 22192.6125 5117.328409090909 5145.373863636363 5606.714772727273 5634.760227272727 
22734.889772727274 22763.747727272726 5085.429545454545 5114.2875 5892.276136363636 5921.134090909091 
21782.252272727274 21810.451136363637 5208.132954545455 5236.331818181819 5571.138636363637 5599.3375 
22669.604545454546 22698.34318181818 4965.570454545455 4994.309090909091 5455.809090909091 5484.547727272728 
22525.31818181818 22554.0625 4981.880681818182 5010.625 5473.602272727273 5502.346590909091 
22600.238636363636 22628.801136363636 5293.090909090909 5321.653409090909 5464.090909090909 5492.653409090909 
22314.675 22343.27159090909 5037.447727272727 5066.044318181818 5230.470454545454 5259.067045454545 
21902.2375 21930.038636363635 4837.788636363636 4865.589772727273 5174.226136363636 5202.027272727273 
22120.69318181818 22148.69318181818 5197.784090909091 5225.784090909091 5780.340909090909 5808.340909090909 
22430.5 22459.107954545456 5061.482954545455 5090.090909090909 5507.454545454545 5536.0625 
22226.875 22255.278409090908 4967.323863636364 4995.727272727273 5345.011363636364 5373.414772727273 
22262.484090909093 22291.296590909093 5111.881818181818 5140.694318181818 6052.586363636364 6081.398863636364 
22427.0875 22455.507954545454 4775.843181818182 4804.263636363637 5504.132954545455 5532.553409090909 
21872.89318181818 21900.967045454545 4952.052272727273 4980.126136363637 5628.165909090909 5656.239772727273 
22341.723863636365 22370.17840909091 5036.178409090909 5064.632954545455 5716.735227272728 5745.189772727273 
22679.013636363637 22707.382954545454 4810.371590909091 4838.740909090909 5509.422727272728 5537.792045454546 
22747.578409090907 22776.822727272727 4955.981818181818 4985.226136363636 5757.157954545454 5786.402272727273 
22202.701136363637 22230.882954545454 5035.076136363637 5063.257954545455 5874.826136363637 5903.007954545455 
22565.28522727273 22593.569318181817 4909.211363636364 4937.495454545455 5444.455681818182 5472.739772727273 
22711.54090909091 22739.984090909093 4848.256818181818 4876.7 5455.575 5484.018181818182 
22259.65681818182 22287.929545454546 5152.190909090909 5180.463636363636 5632.372727272727 5660.645454545454 
22417.430681818183 22445.822727272727 4922.942045454545 4951.334090909091 5781.385227272727 5809.777272727273 
22543.879545454547 22571.782954545455 5051.061363636363 5078.964772727273 5607.265909090909 5635.169318181818 
22337.501136363637 22365.614772727273 4944.285227272727 4972.398863636364 5286.342045454546 5314.455681818182 
