16457.18484848485 16486.16212121212 3367.109090909091 3396.086363636364 3901.018181818182 3929.9954545454543 
16323.0 16351.651515151516 3526.4242424242425 3555.0757575757575 3484.878787878788 3513.530303030303 
15737.724242424243 15765.156060606061 3321.8454545454547 3349.2772727272727 3663.7848484848487 3691.2166666666667 
16286.810606060606 16314.575757575758 3262.590909090909 3290.3560606060605 3669.189393939394 3696.9545454545455 
16615.192424242425 16644.510606060605 3528.3136363636363 3557.6318181818183 3873.707575757576 3903.025757575758 
16636.095454545455 16665.633333333335 3427.60303030303 3457.140909090909 3677.1560606060607 3706.693939393939 
16342.245454545455 16370.457575757575 3375.5030303030303 3403.7151515151513 3676.3818181818183 3704.5939393939393 
15896.236363636364 15924.895454545454 3262.9939393939394 3291.6530303030304 3835.827272727273 3864.4863636363634 
16215.092424242424 16243.607575757576 3327.789393939394 3356.3045454545454 3607.319696969697 3635.8348484848484 
16084.00303030303 16112.260606060607 3609.025757575758 3637.2833333333333 3719.6242424242423 3747.8818181818183 
16604.183333333334 16632.99393939394 3365.0015151515154 3393.8121212121214 3509.5318181818184 3538.3424242424244 
15560.148484848485 15587.74696969697 3225.512121212121 3253.110606060606 3890.193939393939 3917.792424242424 
16061.833333333334 16090.204545454546 3165.4545454545455 3193.8257575757575 3720.742424242424 3749.1136363636365 
16674.230303030305 16703.419696969697 3309.980303030303 3339.169696969697 3794.139393939394 3823.328787878788 
16734.937878787878 16764.081818181818 3333.3772727272726 3362.521212121212 3772.2863636363636 3801.430303030303 
16172.727272727272 16200.5 3289.378787878788 3317.151515151515 3349.0151515151515 3376.787878787879 
16455.05909090909 16483.59696969697 3460.6954545454546 3489.233333333333 3543.362121212121 3571.9 
16209.595454545455 16238.03484848485 3414.231818181818 3442.671212121212 3799.0348484848487 3827.474242424242 
16000.75 16028.787878787878 3463.651515151515 3491.689393939394 3757.2651515151515 3785.3030303030305 
16167.307575757575 16195.671212121211 3207.1257575757577 3235.4893939393937 3510.7166666666667 3539.080303030303 
16007.460606060606 16035.369696969698 3294.8469696969696 3322.7560606060606 3734.172727272727 3762.081818181818 
16097.516666666666 16125.493939393938 3495.5848484848484 3523.5621212121214 3461.940909090909 3489.918181818182 
16378.08787878788 16406.148484848483 3336.7772727272727 3364.8378787878787 3655.6484848484847 3683.7090909090907 
16120.6 16148.6 3243.0621212121214 3271.0621212121214 3735.160606060606 3763.160606060606 
16437.677272727273 16466.177272727273 3404.056060606061 3432.556060606061 3866.177272727273 3894.677272727273 
16211.037878787878 16239.363636363636 3503.590909090909 3531.9166666666665 3719.128787878788 3747.4545454545455 
16423.213636363635 16450.963636363635 3378.971212121212 3406.721212121212 3429.168181818182 3456.918181818182 
16395.924242424244 16423.78787878788 3370.810606060606 3398.6742424242425 3580.560606060606 3608.4242424242425 
16610.478787878787 16638.83484848485 3347.668181818182 3376.0242424242424 3734.1454545454544 3762.5015151515154 
16514.215151515153 16542.813636363637 3202.359090909091 3230.957575757576 3824.927272727273 3853.525757575758 
16772.69393939394 16801.40606060606 3414.7545454545457 3443.4666666666667 3821.10303030303 3849.8151515151517 
16408.504545454547 16436.67121212121 3288.7090909090907 3316.8757575757577 3869.8378787878787 3898.0045454545457 
15994.94696969697 16022.628787878788 3260.2045454545455 3287.8863636363635 3660.1742424242425 3687.8560606060605 
16072.362121212122 16099.930303030304 3201.892424242424 3229.460606060606 3651.862121212121 3679.430303030303 
16625.113636363636 16653.765151515152 3565.4242424242425 3594.0757575757575 3803.810606060606 3832.462121212121 
16284.025757575757 16312.427272727273 3385.9348484848483 3414.336363636364 3682.389393939394 3710.7909090909093 
16396.55 16424.989393939395 3317.443939393939 3345.883333333333 3853.610606060606 3882.05 
16265.809090909092 16293.922727272728 3504.210606060606 3532.3242424242426 4020.460606060606 4048.5742424242426 
16706.127272727274 16734.672727272726 3294.339393939394 3322.8848484848486 3902.612121212121 3931.1575757575756 
16063.880303030302 16092.175757575758 3537.7136363636364 3566.009090909091 3991.471212121212 4019.766666666667 
16591.710606060606 16620.1803030303 3360.9984848484846 3389.4681818181816 3599.8166666666666 3628.2863636363636 
16300.736363636364 16329.221212121212 3376.4863636363634 3404.971212121212 3735.29696969697 3763.7818181818184 
16332.163636363637 16360.686363636363 3413.2090909090907 3441.731818181818 4044.769696969697 4073.292424242424 
16331.007575757576 16360.219696969696 3253.1439393939395 3282.3560606060605 3668.2954545454545 3697.507575757576 
16102.396969696969 16130.601515151515 3460.548484848485 3488.7530303030303 4071.5333333333333 4099.737878787879 
16391.14393939394 16419.871212121212 3412.757575757576 3441.4848484848485 4001.0227272727275 4029.75 
16263.022727272728 16291.886363636364 3357.628787878788 3386.492424242424 3672.492424242424 3701.3560606060605 
16226.14090909091 16254.057575757575 3267.390909090909 3295.3075757575757 3787.0651515151517 3814.981818181818 
15999.542424242425 16027.74696969697 3364.731818181818 3392.9363636363637 3850.7848484848487 3878.9893939393937 
16586.039393939394 16614.372727272726 3411.827272727273 3440.160606060606 3983.7060606060604 4012.039393939394 
