40999.20883280757 41027.401261829655 10165.04164037855 10193.23406940063 10943.887066246058 10972.079495268139 
40879.69337539432 40907.876340694005 10341.964668769717 10370.1476340694 11310.201261829652 11338.384227129338 
42077.78359621451 42106.17791798107 10547.171608832807 10575.565930599369 11797.59116719243 11825.98548895899 
41754.29022082019 41782.76025236593 10300.517350157728 10328.98738170347 10957.712933753943 10986.182965299684 
42089.290851735015 42117.71041009464 10267.073186119875 10295.492744479496 11353.678864353313 11382.098422712934 
41414.35457413249 41442.46813880126 10368.647949526814 10396.761514195583 11725.796214511041 11753.90977917981 
41395.30283911672 41423.46372239748 10624.141955835963 10652.302839116719 11682.107255520505 11710.268138801262 
42255.68075709779 42283.99305993691 10366.731230283911 10395.04353312303 11516.952050473186 11545.264353312303 
42154.34195583596 42182.777287066245 10441.663722397476 10470.09905362776 10930.59116719243 10959.026498422712 
41384.150157728705 41412.28895899054 10578.664353312302 10606.803154574132 11214.519242902208 11242.658044164038 
42558.54952681388 42587.42334384858 10534.338170347004 10563.211987381703 11928.407570977917 11957.281388012618 
41762.788643533124 41791.09463722398 10165.608832807571 10193.914826498423 11168.83596214511 11197.141955835963 
41806.15899053628 41834.58170347003 10423.786750788644 10452.209463722398 11323.966561514195 11352.389274447949 
41292.43217665615 41320.39116719243 10490.511041009464 10518.470031545741 11435.892744479495 11463.851735015773 
42097.613880126184 42126.001892744476 10720.891482649842 10749.279495268138 11120.487697160883 11148.87570977918 
41804.33438485804 41832.98422712934 10461.01261829653 10489.662460567823 11923.555205047318 11952.205047318612 
41551.088958990535 41579.25930599369 10368.937539432176 10397.107886435331 11020.070031545742 11048.240378548895 
41042.57791798107 41070.90914826498 10230.417034700315 10258.748264984228 11500.152050473185 11528.483280757098 
41808.77665615142 41837.15835962145 10608.458044164037 10636.839747634069 11905.751419558359 11934.13312302839 
41642.720504731864 41671.256782334385 10378.395583596215 10406.931861198738 11121.632176656152 11150.168454258675 
41704.092744479494 41732.86246056783 10511.329337539431 10540.09905362776 11644.222082018927 11672.991798107256 
40949.72429022082 40977.92302839117 10584.541324921136 10612.740063091484 10998.421451104101 11026.620189274448 
41912.30031545741 41940.659936908516 10560.407570977917 10588.767192429023 11589.300315457413 11617.659936908518 
41511.237223974764 41539.641009463725 10303.39810725552 10331.80189274448 11377.751419558359 11406.155205047318 
42361.100315457414 42389.7690851735 10439.482018927445 10468.150788643534 11187.608201892745 11216.276971608833 
41380.95899053628 41409.1072555205 10501.173501577287 10529.321766561514 11670.186119873817 11698.334384858044 
41790.283911671926 41818.473186119874 10415.17665615142 10443.36593059937 11905.656151419558 11933.845425867508 
41393.685804416404 41421.83406940063 10412.0738170347 10440.222082018927 11387.026498422712 11415.17476340694 
42193.43280757098 42221.74195583596 10578.568454258675 10606.877602523658 11569.978548895899 11598.287697160884 
41380.58422712934 41408.65047318612 10331.909148264984 10359.975394321767 11373.880757097792 11401.947003154573 
41710.59684542587 41738.921766561514 10445.186750788644 10473.51167192429 11028.473817034701 11056.798738170348 
41866.324921135645 41894.72239747634 10429.981072555205 10458.378548895898 11359.350157728706 11387.747634069401 
41969.3785488959 41998.11041009464 10473.006309148264 10501.738170347004 11650.668769716089 11679.400630914826 
41709.57728706625 41737.99684542587 10338.539432176656 10366.958990536277 11110.331230283911 11138.750788643532 
41180.591167192426 41208.39873817035 10276.613249211356 10304.420820189274 10880.499684542587 10908.307255520505 
42256.36971608833 42285.13627760253 10419.58738170347 10448.353943217666 11712.745110410095 11741.51167192429 
41639.06056782334 41667.514826498424 10691.505362776024 10719.959621451104 11402.382334384858 11430.836593059938 
41791.184227129335 41819.36403785489 10220.22523659306 10248.405047318613 11849.130599369086 11877.310410094637 
42261.30283911672 42290.154574132495 10553.86119873817 10582.712933753943 11886.681388012617 11915.533123028392 
41748.22018927445 41776.89842271293 10387.989905362776 10416.668138801262 11052.747003154574 11081.42523659306 
42283.94069400631 42312.54952681388 10324.505362776024 10353.114195583596 11822.877602523658 11851.48643533123 
41730.33438485804 41758.397476340695 10379.72239747634 10407.78548895899 11457.113564668769 11485.17665615142 
41776.76340694007 41805.46687697161 10656.807570977919 10685.511041009464 11349.864353312303 11378.567823343848 
41421.249842271296 41448.98485804416 10214.382334384858 10242.117350157729 11055.37287066246 11083.107886435331 
41667.005678233436 41695.55141955836 10523.595583596214 10552.141324921136 11607.343217665615 11635.888958990536 
41472.72681388012 41500.67003154574 10321.736277602524 10349.67949526814 11403.840378548895 11431.78359621451 
41471.86372239747 41500.245425867506 10422.71545741325 10451.09716088328 11223.803785488959 11252.18548895899 
41863.58422712934 41892.142586750786 10460.56214511041 10489.120504731862 11095.795583596215 11124.353943217666 
41522.73123028391 41550.747003154574 10086.210725552051 10114.226498422713 11433.308517350159 11461.32429022082 
40995.17602523659 41023.31482649842 10493.560883280757 10521.699684542587 11174.579810725552 11202.718611987382 
