714.5375 744.2875 70.225 99.975 104.7125 134.4625 
529.3625 558.05 71.925 100.6125 91.7875 120.475 
538.3125 567.125 66.0625 94.875 77.25 106.0625 
643.2625 671.0125 68.7625 96.5125 75.9125 103.6625 
421.1875 449.8125 69.825 98.45 85.2625 113.8875 
418.9375 445.3125 67.6125 93.9875 78.55 104.925 
782.7625 813.2625 72.225 102.725 86.7375 117.2375 
602.925 631.925 73.7375 102.7375 75.3 104.3 
608.45 637.3875 63.2 92.1375 82.9 111.8375 
512.4 538.65 67.275 93.525 74.625 100.875 
547.5375 576.6 72.4625 101.525 92.3875 121.45 
289.9 316.025 61.8125 87.9375 71.0375 97.1625 
440.2125 467.4625 66.85 94.1 77.2625 104.5125 
640.8125 670.5 70.3125 100.0 87.2 116.8875 
499.6875 528.5 64.425 93.2375 85.55 114.3625 
379.4125 406.35 66.0375 92.975 77.5125 104.45 
460.475 489.85 66.9375 96.3125 76.375 105.75 
522.4125 552.1625 61.0375 90.7875 95.6625 125.4125 
390.6875 418.9375 65.875 94.125 76.4625 104.7125 
586.675 616.55 64.05 93.925 84.225 114.1 
529.6 558.9125 67.7875 97.1 72.525 101.8375 
482.0125 510.3875 61.1 89.475 80.95 109.325 
345.525 372.025 64.4625 90.9625 65.275 91.775 
558.825 587.575 67.8625 96.6125 89.05 117.8 
520.8 549.05 61.8625 90.1125 77.2 105.45 
587.3375 616.9625 75.875 105.5 95.1875 124.8125 
565.5 594.125 65.3625 93.9875 68.75 97.375 
470.125 496.875 65.9375 92.6875 85.625 112.375 
351.3875 380.8875 79.9375 109.4375 72.4625 101.9625 
566.05 593.425 72.425 99.8 72.7375 100.1125 
501.8125 528.9375 69.975 97.1 80.0125 107.1375 
312.2125 339.4 80.4 107.5875 88.0625 115.25 
432.375 461.3125 67.1875 96.125 96.775 125.7125 
419.075 447.2 67.3875 95.5125 75.4875 103.6125 
678.375 707.6875 69.125 98.4375 96.175 125.4875 
443.0125 471.575 78.4875 107.05 72.9 101.4625 
229.825 255.325 67.875 93.375 70.1375 95.6375 
593.225 622.2875 71.4 100.4625 74.45 103.5125 
405.5875 434.5875 73.0875 102.0875 68.1125 97.1125 
668.7 698.2 64.575 94.075 99.3125 128.8125 
413.0375 442.7875 68.6 98.35 86.075 115.825 
608.6 636.7875 68.6375 96.825 94.2875 122.475 
426.1875 455.875 78.7125 108.4 87.1875 116.875 
437.45 467.825 69.3875 99.7625 77.8 108.175 
571.05 600.2375 60.675 89.8625 67.0375 96.225 
509.1 537.475 70.0375 98.4125 72.4125 100.7875 
415.525 442.9625 71.4 98.8375 81.525 108.9625 
529.4875 556.425 70.875 97.8125 76.3875 103.325 
569.0875 596.7125 73.0875 100.7125 88.875 116.5 
425.125 454.25 68.1875 97.3125 79.2875 108.4125 
