27094.628708133972 27122.98755980861 6397.638277511962 6425.997129186603 6742.480382775119 6770.839234449761 
27025.407655502393 27054.044019138757 6285.03923444976 6313.675598086124 7129.575119617225 7158.211483253588 
27159.884210526317 27188.113875598086 6571.716746411484 6599.9464114832535 6839.276555023924 6867.506220095694 
26874.22966507177 26902.306220095692 6371.746411483254 6399.822966507177 6854.9617224880385 6883.0382775119615 
27028.075598086125 27056.644976076554 6262.850717703349 6291.42009569378 6749.994258373205 6778.563636363637 
27123.782775119616 27152.232535885167 6404.811483253588 6433.261244019139 7001.433492822966 7029.883253588517 
27098.296650717704 27126.856459330145 6381.808612440192 6410.368421052632 6998.358851674641 7026.918660287081 
27106.659330143542 27135.573205741628 6178.860287081339 6207.774162679426 7221.955980861244 7250.869856459331 
27043.4009569378 27071.434449760767 6259.793301435407 6287.826794258373 6812.2 6840.233492822967 
27141.425837320574 27170.48803827751 6332.32057416268 6361.382775119617 7229.086124401914 7258.148325358851 
26699.495693779903 26727.323444976075 6478.821052631579 6506.648803827751 6556.036363636364 6583.864114832536 
27081.63827751196 27110.02105263158 6412.657416267943 6441.040191387559 6801.413397129187 6829.7961722488035 
26864.266028708134 26892.242105263158 6322.246889952153 6350.222966507177 6542.653588516747 6570.62966507177 
26378.538755980862 26406.184688995214 6312.591387559809 6340.237320574162 6808.955023923445 6836.600956937799 
26815.387559808612 26844.023923444976 6060.66985645933 6089.306220095694 6529.88995215311 6558.526315789473 
26521.116746411484 26548.944497607656 6428.274641148325 6456.102392344497 7333.59043062201 7361.418181818181 
26536.754066985646 26565.333014354066 6344.955023923445 6373.533971291866 7020.959808612441 7049.538755980861 
26400.03923444976 26427.962679425837 6101.551196172249 6129.474641148326 6961.058373205741 6988.981818181818 
26610.461244019138 26638.71004784689 6121.059330143541 6149.308133971292 6749.001913875598 6777.250717703349 
26937.0019138756 26965.24114832536 6215.657416267943 6243.896650717704 6962.365550239235 6990.604784688995 
26969.119617224882 26997.191387559807 6318.210526315789 6346.282296650717 6567.507177033493 6595.578947368421 
26834.006698564594 26862.60956937799 6085.451674641148 6114.054545454545 7003.466028708134 7032.068899521531 
26828.307177033494 26856.56076555024 6392.943540669857 6421.197129186603 7180.694736842105 7208.948325358851 
26726.9023923445 26755.38086124402 6300.40956937799 6328.888038277512 7330.486124401914 7358.964593301435 
26821.13110047847 26849.542583732058 6304.480382775119 6332.891866028708 7661.5377990430625 7689.94928229665 
26530.004784688994 26558.68899521531 6360.913875598086 6389.598086124402 7186.2488038277515 7214.933014354067 
27102.00765550239 27130.313875598087 6311.9167464114835 6340.222966507177 7347.466985645933 7375.773205741627 
26451.73779904306 26479.74258373206 6189.46028708134 6217.465071770335 6709.455502392345 6737.46028708134 
26498.906220095694 26526.695693779904 6233.040191387559 6260.82966507177 6970.250717703349 6998.040191387559 
26310.564593301435 26338.755980861242 6305.526315789473 6333.717703349283 6830.760765550239 6858.952153110048 
26322.174162679425 26349.982775119617 6225.609569377991 6253.418181818181 6830.724401913875 6858.533014354067 
26503.92248803828 26532.02296650718 6199.228708133971 6227.329186602871 6760.137799043062 6788.238277511961 
26658.625837320575 26687.066028708134 6075.912918660287 6104.353110047847 7073.185645933015 7101.625837320574 
27097.763636363637 27126.088995215312 6313.0842105263155 6341.40956937799 6996.974162679426 7025.2995215311 
26800.662200956936 26828.89186602871 6168.944497607656 6197.1741626794255 6760.753110047847 6788.982775119617 
27437.358851674642 27466.531100478467 6300.545454545455 6329.717703349283 7126.6746411483255 7155.846889952153 
27187.00765550239 27215.40956937799 6386.218181818182 6414.62009569378 6844.026794258373 6872.428708133972 
26913.276555023924 26941.831578947367 6580.228708133971 6608.783732057416 6759.951196172249 6788.506220095694 
26583.465071770333 26611.46028708134 6317.292822966508 6345.288038277512 6896.761722488039 6924.756937799043 
27402.25741626794 27431.209569377992 6270.936842105263 6299.888995215311 7027.7645933014355 7056.716746411484 
26986.137799043063 27013.793301435406 6420.027751196172 6447.683253588517 7104.611483253589 7132.266985645933 
26405.250717703348 26433.116746411484 6465.107177033493 6492.973205741627 6810.662200956938 6838.528229665072 
26812.806698564593 26841.323444976075 6080.232535885168 6108.749282296651 6512.667942583732 6541.184688995216 
26619.865071770335 26647.946411483255 6372.630622009569 6400.711961722488 6664.156937799043 6692.238277511961 
27467.21818181818 27495.84976076555 6286.84019138756 6315.471770334928 6838.065071770335 6866.696650717703 
27213.40861244019 27242.346411483253 6328.126315789474 6357.064114832536 7015.308133971292 7044.245933014354 
26910.70717703349 26938.726315789474 6402.056459330143 6430.075598086124 6724.865071770335 6752.884210526316 
26955.26220095694 26983.817224880382 6333.702392344498 6362.257416267943 7153.008612440191 7181.563636363637 
27000.55980861244 27029.641148325358 6339.966507177033 6369.047846889952 7154.612440191388 7183.693779904306 
26475.853588516748 26504.006698564594 6043.8248803827755 6071.977990430622 6576.001913875598 6604.155023923445 
