16958.890510948906 16986.992700729927 3583.394160583942 3611.4963503649633 3798.167883211679 3826.2700729927005 
17021.98394160584 17050.363503649634 3497.6992700729925 3526.0788321167884 3895.0131386861312 3923.392700729927 
16959.38102189781 16987.811678832117 3472.979562043796 3501.410218978102 3943.271532846715 3971.702189781022 
17034.62189781022 17063.25693430657 3674.9065693430657 3703.541605839416 3669.621897810219 3698.2569343065693 
17533.623357664233 17562.14890510949 3767.4262773722626 3795.951824817518 3966.156204379562 3994.6817518248176 
16604.2 16632.07591240876 3344.56496350365 3372.440875912409 3699.8861313868615 3727.7620437956202 
17364.32700729927 17393.27591240876 3470.7430656934307 3499.6919708029195 3860.640875912409 3889.589781021898 
16880.890510948906 16908.97810218978 3511.1386861313867 3539.2262773722628 3784.3722627737225 3812.4598540145985 
16608.38686131387 16636.70802919708 3216.299270072993 3244.6204379562046 3975.868613138686 4004.189781021898 
16893.877372262774 16922.249635036496 3478.1328467153285 3506.505109489051 3999.8554744525545 4028.2277372262774 
16716.30510948905 16743.633576642336 3232.509489051095 3259.8379562043797 4085.597080291971 4112.925547445256 
16660.935766423358 16689.198540145986 3406.643795620438 3434.9065693430657 3823.0452554744525 3851.3080291970805 
16731.557664233576 16760.090510948907 3562.27299270073 3590.8058394160585 3922.5138686131386 3951.046715328467 
16762.013138686132 16790.37810218978 3359.8598540145986 3388.224817518248 4005.202919708029 4033.5678832116787 
16709.477372262772 16737.119708029197 3309.3167883211677 3336.959124087591 3760.6671532846717 3788.3094890510947 
16833.173722627736 16861.76496350365 3543.3708029197082 3571.9620437956205 4064.509489051095 4093.1007299270073 
17014.861313868612 17042.795620437955 3476.6569343065694 3504.5912408759123 3579.5839416058393 3607.5182481751826 
16686.833576642337 16714.855474452554 3587.0890510948907 3615.1109489051096 4046.519708029197 4074.541605839416 
17379.303649635036 17408.084671532848 3485.9751824817517 3514.756204379562 3971.924087591241 4000.705109489051 
16805.83503649635 16833.36788321168 3579.207299270073 3606.7401459854013 3782.5284671532845 3810.061313868613 
17205.535766423356 17234.170802919707 3670.032116788321 3698.6671532846717 4026.8277372262773 4055.462773722628 
16841.934306569343 16869.576642335767 3523.6131386861316 3551.2554744525546 4192.671532846715 4220.313868613139 
16672.950364963504 16700.680291970803 3458.592700729927 3486.3226277372264 3712.8262773722627 3740.556204379562 
17571.09927007299 17599.63211678832 3707.2525547445257 3735.785401459854 3893.033576642336 3921.566423357664 
17281.766423357665 17310.007299270073 3790.956204379562 3819.197080291971 4065.5839416058393 4093.824817518248 
16891.28321167883 16919.524087591242 3559.7868613138685 3588.027737226277 3854.356204379562 3882.597080291971 
17064.910948905108 17093.370802919708 3593.0131386861312 3621.4729927007297 3934.363503649635 3962.8233576642338 
17039.76204379562 17068.061313868613 3433.178102189781 3461.4773722627738 3958.134306569343 3986.433576642336 
16873.53430656934 16901.614598540145 3669.2131386861315 3697.293430656934 3958.1547445255474 3986.2350364963504 
17250.506569343066 17278.922627737225 3529.3167883211677 3557.7328467153284 4264.075912408759 4292.49197080292 
16983.718248175184 17012.14890510949 3677.7255474452554 3706.156204379562 4084.046715328467 4112.477372262773 
17290.833576642337 17319.50510948905 3650.4175182481754 3679.0890510948907 3987.8189781021897 4016.490510948905 
16769.150364963505 16797.055474452554 3580.65401459854 3608.559124087591 4026.3401459854013 4054.2452554744527 
16629.382481751825 16657.112408759123 3487.5065693430656 3515.236496350365 3740.6160583941605 3768.34598540146 
17143.80291970803 17171.963503649637 3459.5109489051097 3487.6715328467153 3817.605839416058 3845.7664233576643 
16967.337226277374 16995.665693430656 3409.3372262773723 3437.665693430657 3808.9649635036494 3837.293430656934 
17025.700729927008 17053.518248175184 3613.7372262773724 3641.5547445255474 3976.802919708029 4004.6204379562046 
17268.252554744526 17296.880291970803 3559.770802919708 3588.3985401459854 4075.0919708029196 4103.719708029197 
17495.433576642336 17524.061313868613 3576.864233576642 3605.4919708029197 3989.8058394160585 4018.433576642336 
17184.411678832115 17212.973722627736 3554.5284671532845 3583.090510948905 3802.7255474452554 3831.287591240876 
17307.24087591241 17336.284671532845 3455.3503649635036 3484.394160583942 4192.386861313868 4221.430656934306 
17084.303649635036 17112.953284671534 3539.1065693430655 3567.756204379562 3716.851094890511 3745.5007299270073 
16631.56496350365 16659.477372262772 3559.7620437956202 3587.6744525547447 3807.221897810219 3835.134306569343 
16875.5197080292 16903.585401459855 3521.607299270073 3549.67299270073 3993.585401459854 4021.651094890511 
17118.741605839416 17147.13576642336 3509.924087591241 3538.3182481751824 3962.646715328467 3991.040875912409 
16624.73722627737 16652.474452554743 3630.5693430656934 3658.306569343066 3972.3503649635036 4000.087591240876 
16938.20875912409 16966.325547445256 3522.3766423357665 3550.4934306569344 4207.486131386861 4235.602919708029 
17298.4102189781 17327.191240875913 3465.5343065693432 3494.3153284671534 3860.519708029197 3889.3007299270075 
16774.781021897812 16802.63503649635 3562.3284671532847 3590.182481751825 4028.3649635036495 4056.21897810219 
16966.27591240876 16995.086131386863 3607.25401459854 3636.0642335766424 4323.013138686131 4351.823357664233 
