35580.88436363637 35608.90618181818 9030.131636363636 9058.153454545454 9463.069818181819 9491.091636363637 
35843.86327272727 35872.15781818182 8908.376 8936.670545454546 9526.172363636364 9554.466909090908 
35884.16145454546 35912.379636363636 8610.074181818181 8638.292363636363 9070.72509090909 9098.943272727272 
36511.27781818182 36539.736 8743.292363636363 8771.750545454546 9178.459636363636 9206.917818181819 
36515.69745454546 36544.33018181818 8965.679272727273 8994.312 9421.053818181817 9449.686545454546 
36123.35927272727 36152.112 8841.228363636365 8869.98109090909 9902.199272727272 9930.952 
34867.24072727273 34894.97163636364 8845.186181818182 8872.917090909092 9570.124363636363 9597.855272727273 
35550.135272727275 35578.59345454545 8778.171636363637 8806.629818181818 9537.09890909091 9565.557090909091 
36002.44 36030.68727272727 8953.541818181819 8981.789090909091 9728.996363636363 9757.243636363637 
35775.528 35803.96436363636 8742.75709090909 8771.193454545455 9929.364363636363 9957.800727272728 
35937.6 35965.814545454545 8644.141818181819 8672.356363636363 9781.167272727273 9809.381818181819 
36217.17309090909 36245.51854545454 8820.965818181818 8849.311272727273 9636.536727272727 9664.882181818182 
35949.44945454546 35977.71854545455 8597.256727272726 8625.525818181819 9669.540363636364 9697.809454545455 
34987.60727272727 35015.57454545455 8918.843636363636 8946.81090909091 9887.065454545454 9915.032727272728 
36124.384 36152.39490909091 8724.747636363636 8752.758545454546 9455.958545454545 9483.969454545455 
36300.04945454546 36328.47490909091 8692.834909090909 8721.260363636364 9678.518545454546 9706.944 
35592.52290909091 35620.846545454544 8975.759272727273 9004.082909090908 9763.995636363636 9792.319272727273 
35917.73672727273 35946.49309090909 8989.449454545455 9018.205818181817 10101.791272727272 10130.547636363637 
35889.39272727273 35918.00363636364 8587.803636363637 8616.414545454545 9793.81090909091 9822.421818181818 
35401.25163636364 35429.27345454545 8833.273454545455 8861.295272727273 9648.026181818183 9676.048 
36237.08727272727 36265.37818181818 8786.949090909091 8815.24 9760.465454545454 9788.756363636363 
36155.70763636364 36184.48581818182 8875.35490909091 8904.13309090909 9717.056727272728 9745.834909090909 
35763.60290909091 35791.37018181818 8772.021090909091 8799.788363636364 9625.097454545454 9652.864727272727 
35773.818181818184 35802.35272727273 8743.712727272727 8772.247272727273 10234.781818181818 10263.316363636364 
34819.26981818182 34846.80072727273 8612.175272727272 8639.706181818181 9505.542545454546 9533.073454545454 
36110.38545454545 36138.461818181815 8718.174545454545 8746.25090909091 9473.74909090909 9501.825454545455 
35946.36654545455 35975.01018181818 8719.413818181818 8748.057454545455 9855.344727272728 9883.988363636363 
35636.052363636365 35664.372363636365 8577.274181818182 8605.594181818182 10017.343272727272 10045.663272727274 
35971.63563636364 35999.64290909091 8850.032 8878.039272727272 9789.115636363636 9817.12290909091 
36602.68363636364 36630.99272727273 8769.8 8798.10909090909 10103.494545454545 10131.803636363637 
36878.605818181815 36907.39854545455 8857.314909090908 8886.107636363637 9457.234909090908 9486.027636363637 
36369.717818181816 36398.16145454546 8870.666909090909 8899.110545454545 9898.72509090909 9927.168727272727 
35492.18036363636 35520.36945454546 8905.838545454546 8934.027636363637 9298.21309090909 9326.402181818183 
35628.660363636365 35656.71490909091 8774.333090909091 8802.387636363635 9561.340363636364 9589.394909090908 
35814.74836363636 35843.10472727273 8701.937454545454 8730.293818181819 9471.66109090909 9500.017454545454 
35720.21018181818 35748.959272727276 8971.781090909091 9000.530181818182 9737.377454545454 9766.126545454545 
35662.56 35690.72363636363 8671.843636363636 8700.007272727273 9158.767272727273 9186.930909090908 
36171.46109090909 36200.261090909094 8684.98109090909 8713.781090909091 9951.217454545455 9980.017454545454 
36641.22109090909 36669.74109090909 8734.12290909091 8762.64290909091 9532.010181818181 9560.530181818182 
37569.83054545455 37599.24872727273 8977.877818181818 9007.296 10067.019636363637 10096.437818181817 
36081.65018181818 36110.13381818182 8807.246545454545 8835.730181818182 10047.646545454545 10076.130181818182 
36226.556363636366 36255.29090909091 8970.665454545455 8999.4 10038.043636363636 10066.778181818181 
36117.00290909091 36145.617454545456 8790.257454545455 8818.872 9932.170181818181 9960.784727272727 
35672.79127272727 35700.69309090909 8670.933090909091 8698.834909090909 9575.209454545455 9603.111272727272 
36092.22254545455 36120.742545454545 8586.229818181819 8614.749818181817 9636.844363636365 9665.364363636363 
35580.32509090909 35608.65236363636 8813.077818181819 8841.405090909091 9905.528727272727 9933.856 
35774.73745454545 35803.21018181818 8828.515636363636 8856.988363636363 9776.828363636363 9805.301090909092 
35735.174545454545 35763.843636363636 8778.872727272726 8807.541818181819 9834.465454545454 9863.134545454546 
35640.52 35668.59272727273 8553.934545454546 8582.007272727273 9773.207272727273 9801.28 
35682.907636363634 35711.289454545455 8823.329454545454 8851.711272727272 9982.198545454545 10010.580363636363 
