36851.56312056738 36880.017021276595 8863.580851063829 8892.03475177305 9835.556028368794 9864.009929078014 
36058.868085106384 36086.73333333333 9150.368085106384 9178.233333333334 9727.052482269504 9754.917730496454 
37440.0475177305 37468.40921985816 9220.356028368795 9248.717730496453 10452.097163120567 10480.458865248227 
36458.73617021277 36486.828368794326 9251.647517730496 9279.739716312057 10118.622695035461 10146.714893617022 
36369.44042553192 36397.42624113475 9035.943971631206 9063.929787234043 9592.419148936171 9620.404964539008 
36982.39787234043 37010.894326241134 8973.64609929078 9002.14255319149 9762.277304964538 9790.773758865249 
36642.922695035464 36671.10709219858 9273.14964539007 9301.334042553191 10022.539716312056 10050.724113475177 
36432.57659574468 36460.80709219858 9194.307092198582 9222.537588652482 9884.732624113476 9912.963120567376 
37152.265957446805 37180.964539007095 9058.85815602837 9087.556737588653 10184.145390070922 10212.843971631206 
37212.998581560285 37241.378014184396 9230.643971631205 9259.023404255318 9657.43829787234 9685.817730496454 
36608.39645390071 36636.1695035461 8879.892907801419 8907.665957446809 9965.814893617022 9993.587943262411 
36920.90780141844 36949.524822695035 9156.627659574468 9185.244680851063 10061.163120567377 10089.780141843972 
36894.66241134752 36922.875177304966 9020.712056737588 9048.924822695035 9874.704964539007 9902.917730496454 
37060.18014184397 37088.46382978724 8930.229787234042 8958.513475177306 9552.456737588653 9580.740425531914 
37001.333333333336 37030.063829787236 9001.088652482269 9029.81914893617 9958.460992907801 9987.191489361701 
36813.60709219858 36841.43687943262 8882.42269503546 8910.252482269503 9595.6 9623.429787234043 
36356.10425531915 36384.01914893617 9114.444680851064 9142.359574468084 9654.132624113476 9682.047517730496 
36501.17872340426 36529.75673758865 9102.249645390071 9130.827659574468 10354.497872340426 10383.075886524823 
37427.39361702128 37456.22340425532 8977.482269503545 9006.312056737588 10109.010638297872 10137.840425531915 
36435.84822695035 36464.02907801419 9323.011347517731 9351.19219858156 10145.819858156028 10174.000709219858 
36597.566666666666 36625.616312056736 9035.024113475178 9063.073758865248 9634.056028368794 9662.105673758866 
36618.95886524823 36646.84539007092 8942.324113475177 8970.210638297873 9586.660992907802 9614.547517730496 
37158.95531914894 37188.12553191489 9089.61134751773 9118.781560283687 9919.997872340426 9949.168085106383 
36516.45319148936 36544.67304964539 8675.701418439716 8703.921276595745 9467.602127659575 9495.821985815603 
37282.80354609929 37311.498581560285 9342.108510638298 9370.80354609929 10256.562411347517 10285.257446808511 
36844.3170212766 36872.731914893615 9080.139716312056 9108.554609929079 10010.11134751773 10038.526241134752 
36796.37943262411 36824.166666666664 9038.787234042553 9066.574468085106 9615.86170212766 9643.648936170213 
36872.57375886525 36900.94609929078 9068.754609929078 9097.12695035461 10054.502836879432 10082.875177304964 
36670.42765957447 36698.867375886526 9067.129787234042 9095.5695035461 9640.782269503547 9669.221985815602 
36912.11205673759 36940.36382978723 9261.353191489361 9289.604964539007 10208.39574468085 10236.647517730496 
36630.289361702125 36658.73262411347 9086.328368794326 9114.771631205675 9764.324822695036 9792.768085106383 
37135.71702127659 37164.19929078014 8753.883687943262 8782.36595744681 9426.8304964539 9455.312765957447 
36494.04680851064 36522.18156028369 8893.344680851063 8921.479432624114 10107.961702127659 10136.09645390071 
36871.948936170214 36900.448936170214 9069.98085106383 9098.48085106383 10469.090780141843 10497.590780141843 
36794.90567375886 36823.30283687943 8796.824113475177 8825.221276595745 9941.309929078014 9969.707092198581 
37117.19078014184 37145.93546099291 9085.109219858155 9113.85390070922 10654.814893617022 10683.559574468085 
37269.90921985816 37298.70354609929 9121.859574468084 9150.65390070922 10308.093617021277 10336.88794326241 
37115.631914893616 37143.55744680851 9163.55035460993 9191.475886524822 9889.64609929078 9917.571631205674 
36588.65177304965 36616.84326241135 8935.038297872341 8963.229787234042 9879.85035460993 9908.04184397163 
36752.320567375886 36780.57234042553 8871.260283687943 8899.512056737589 9861.10780141844 9889.359574468084 
37254.77304964539 37283.45390070922 9202.170212765957 9230.851063829787 10247.588652482269 10276.2695035461 
36598.19858156028 36626.29787234042 9213.265957446809 9241.36524822695 9785.347517730497 9813.446808510638 
36593.113475177306 36620.94680851064 8881.127659574468 8908.960992907801 9844.113475177304 9871.946808510638 
37106.14964539007 37134.64609929078 9152.766666666666 9181.263120567375 9978.86595744681 10007.362411347518 
36350.239716312055 36378.24326241135 9024.023404255318 9052.02695035461 9458.367375886524 9486.370921985816 
36386.78439716312 36414.6390070922 9016.348226950355 9044.202836879433 9983.075177304965 10010.929787234043 
36611.35602836879 36639.57588652482 9111.678723404255 9139.898581560285 10011.412765957446 10039.632624113476 
36992.617021276594 37021.13829787234 9201.468085106382 9229.989361702128 9969.446808510638 9997.968085106382 
37014.7780141844 37042.95531914894 8957.536879432624 8985.714184397164 9628.47304964539 9656.650354609928 
37255.833333333336 37283.985815602835 9119.255319148937 9147.40780141844 10050.890070921985 10079.04255319149 
