33770.3711026616 33798.454752851714 8478.519391634982 8506.603041825096 9474.694296577947 9502.777946768061 
34764.09125475285 34792.604562737644 8501.790874524715 8530.304182509506 9187.524714828898 9216.038022813687 
34645.038022813686 34673.79467680609 8339.779467680608 8368.536121673003 9131.269961977187 9160.026615969582 
33980.29353612167 34007.92091254753 8147.2479087452475 8174.875285171102 8706.746007604563 8734.373384030418 
33578.59543726236 33606.675285171106 8274.52319391635 8302.603041825096 9183.838783269963 9211.918631178707 
34705.5711026616 34733.9247148289 8452.190874524715 8480.544486692015 9389.316349809886 9417.669961977186 
34447.422813688216 34475.80304182509 8507.772623574145 8536.152851711027 8835.13764258555 8863.517870722433 
34010.99619771863 34039.144486692014 8327.768060836503 8355.916349809886 9071.83650190114 9099.984790874525 
33897.228897338406 33925.09201520913 8307.14524714829 8335.008365019012 9030.396197718632 9058.259315589354 
34023.66007604563 34051.65247148289 8036.530798479087 8064.52319391635 8678.310266159695 8706.302661596957 
34328.9422053232 34357.50874524715 8565.139923954373 8593.706463878327 9458.238783269962 9486.805323193916 
34332.679087452474 34361.53460076045 8205.74752851711 8234.603041825096 9118.949049429657 9147.804562737643 
34654.98935361217 34683.80684410646 8143.6927756653995 8172.510266159696 8964.666159695818 8993.483650190114 
34548.1391634981 34576.899619771866 8394.48897338403 8423.249429657795 9056.051711026616 9084.81216730038 
34078.92547528517 34106.815209125474 8067.495817490494 8095.385551330798 8931.811406844106 8959.70114068441 
34069.31482889734 34097.56577946768 8515.265399239544 8543.516349809886 9340.215969581748 9368.466920152092 
34574.45931558935 34603.09429657795 8615.288212927757 8643.92319391635 9514.873764258555 9543.508745247149 
34423.243346007606 34451.74524714829 8433.961977186313 8462.463878326997 9060.973384030418 9089.475285171102 
34566.52547528517 34595.380988593155 8330.122433460076 8358.97794676806 9414.377186311787 9443.232699619772 
34253.756653992394 34282.1216730038 8360.832699619772 8389.197718631178 8622.558935361216 8650.923954372623 
34387.48897338403 34415.86159695817 8564.169581749049 8592.542205323194 9215.021292775666 9243.39391634981 
34067.949049429655 34095.81216730038 8202.367300380229 8230.23041825095 8915.770342205324 8943.633460076046 
34693.930038022816 34722.55741444867 8426.226615969581 8454.853992395438 9986.253231939163 10014.88060836502 
34782.48897338403 34811.093536121676 8508.595437262358 8537.2 8917.192395437263 8945.796958174906 
33961.276045627375 33989.56882129278 8430.736121673004 8459.028897338403 8997.142965779467 9025.435741444868 
33566.034980988596 33594.09961977186 8291.282129277566 8319.346768060837 9048.000760456274 9076.065399239544 
34331.66007604563 34359.949049429655 8125.998479087452 8154.2874524714825 9182.65247148289 9210.94144486692 
34335.35437262357 34363.62433460076 8349.533079847908 8377.803041825095 9288.004562737642 9316.274524714829 
33884.536121673 33912.543726235745 8409.475285171102 8437.482889733841 9410.517110266159 9438.524714828898 
34845.78935361217 34874.59543726236 8350.576425855514 8379.382509505704 8906.599239543726 8935.405323193916 
34900.46692015209 34928.92699619772 8222.839543726235 8251.299619771864 9170.265399239544 9198.725475285171 
34692.96730038023 34721.590874524714 8397.716349809885 8426.339923954372 8877.632699619771 8906.256273764258 
34762.35741444867 34790.69961977186 8254.551330798478 8282.893536121674 8900.16349809886 8928.505703422054 
34505.17870722433 34533.4752851711 8449.80608365019 8478.102661596959 9420.125475285171 9448.42205323194 
33994.16577946768 34022.26844106464 8203.8463878327 8231.949049429657 9307.196197718631 9335.29885931559 
34722.01596958175 34750.62053231939 8334.79163498099 8363.396197718632 9345.95133079848 9374.555893536122 
34624.36958174905 34652.86387832699 8549.460836501901 8577.955133079848 8993.635741444867 9022.130038022813 
34305.963498098856 34334.18783269962 8405.415969581749 8433.640304182509 9257.754372623574 9285.978707224334 
34910.75589353612 34939.40608365019 8205.071482889734 8233.721673003802 9377.47452471483 9406.124714828897 
34252.14372623574 34280.22357414449 8166.615209125475 8194.69505703422 8712.771102661596 8740.850950570342 
33985.100380228134 34013.260076045626 8229.568060836502 8257.727756653992 8952.533840304182 8980.693536121673 
33827.066159695816 33855.14600760456 8182.796197718631 8210.876045627376 8991.891254752853 9019.971102661597 
34354.408365019015 34382.712547528514 8156.647908745247 8184.952091254753 8888.76958174905 8917.073764258555 
33935.993155893535 33964.19467680608 8428.487452471483 8456.68897338403 9488.879087452471 9517.080608365019 
34538.01977186312 34566.605323193915 8280.78783269962 8309.373384030418 9128.928517110266 9157.514068441065 
34603.022813688214 34631.39923954372 8702.901140684411 8731.277566539924 9147.58174904943 9175.958174904943 
34230.77718631179 34259.214448669205 8303.488212927758 8331.92547528517 9203.967300380227 9232.404562737642 
34595.84486692015 34624.829657794675 8446.023574144487 8475.008365019012 9174.168060836502 9203.152851711027 
33670.04562737643 33698.05703422053 8405.562737642585 8433.574144486693 8948.513307984791 8976.524714828898 
33928.561216730035 33957.31026615969 8173.91102661597 8202.660076045628 9203.667680608365 9232.416730038023 
