12658.003703703704 12685.56851851852 2432.911111111111 2460.475925925926 2749.5222222222224 2777.087037037037 
12909.462962962964 12938.351851851852 2460.712962962963 2489.6018518518517 2840.9444444444443 2869.8333333333335 
13253.894444444444 13282.746296296296 2554.598148148148 2583.45 2778.9685185185185 2807.8203703703703 
13250.275925925926 13279.766666666666 2471.525925925926 2501.016666666667 2923.2203703703703 2952.711111111111 
13131.166666666666 13159.898148148148 2429.1944444444443 2457.925925925926 2875.0 2903.7314814814813 
12865.385185185185 12893.885185185185 2564.3203703703703 2592.8203703703703 2909.7555555555555 2938.2555555555555 
12994.012962962963 13022.716666666667 2335.383333333333 2364.087037037037 2734.2722222222224 2762.975925925926 
13114.555555555555 13142.787037037036 2458.064814814815 2486.296296296296 2799.777777777778 2828.009259259259 
13028.881481481481 13057.538888888888 2410.696296296296 2439.3537037037036 2856.677777777778 2885.3351851851853 
12875.712962962964 12903.888888888889 2578.0925925925926 2606.2685185185187 2692.7314814814813 2720.9074074074074 
12836.074074074075 12864.462962962964 2276.796296296296 2305.185185185185 2963.777777777778 2992.1666666666665 
13137.418518518518 13166.196296296297 2269.501851851852 2298.2796296296297 2927.8444444444444 2956.6222222222223 
12662.975925925926 12690.79074074074 2520.5777777777776 2548.392592592593 2621.3277777777776 2649.142592592593 
13154.112962962963 13182.825925925927 2464.8259259259257 2493.538888888889 2967.3722222222223 2996.0851851851853 
12956.768518518518 12985.037037037036 2621.1481481481483 2649.4166666666665 2765.509259259259 2793.777777777778 
13011.885185185185 13039.866666666667 2476.32962962963 2504.311111111111 2657.9777777777776 2685.9592592592594 
13192.996296296296 13221.31111111111 2502.4685185185185 2530.7833333333333 2678.1814814814816 2706.4962962962964 
12879.235185185185 12907.114814814815 2416.262962962963 2444.142592592593 2765.2166666666667 2793.0962962962963 
12656.22962962963 12683.60925925926 2358.4055555555556 2385.785185185185 2692.9518518518516 2720.3314814814817 
12944.192592592593 12972.47962962963 2581.109259259259 2609.3962962962964 2997.248148148148 3025.535185185185 
13168.194444444445 13196.657407407407 2587.4814814814813 2615.9444444444443 3057.1018518518517 3085.564814814815 
13107.701851851853 13135.85 2431.1555555555556 2459.303703703704 2519.35 2547.498148148148 
12805.820370370371 12833.894444444444 2462.7185185185185 2490.7925925925924 2586.098148148148 2614.1722222222224 
12948.3 12976.633333333333 2398.725925925926 2427.0592592592593 3206.8 3235.133333333333 
12962.353703703704 12991.14074074074 2524.7425925925927 2553.5296296296297 2838.446296296296 2867.233333333333 
12875.033333333333 12903.496296296296 2525.2185185185185 2553.6814814814816 2856.107407407407 2884.5703703703703 
12910.93888888889 12938.716666666667 2273.874074074074 2301.651851851852 2852.475925925926 2880.2537037037036 
12926.042592592592 12954.162962962962 2547.1444444444446 2575.2648148148146 2732.912962962963 2761.0333333333333 
13000.824074074075 13028.75925925926 2438.212962962963 2466.1481481481483 2711.2314814814813 2739.1666666666665 
13578.303703703703 13607.637037037037 2504.1185185185186 2533.4518518518516 2715.5814814814817 2744.9148148148147 
13353.940740740742 13382.68148148148 2444.838888888889 2473.57962962963 2505.9777777777776 2534.7185185185185 
12690.75925925926 12718.648148148148 2205.5185185185187 2233.4074074074074 2468.759259259259 2496.6481481481483 
12890.455555555556 12918.825925925927 2328.3814814814814 2356.751851851852 2534.7703703703705 2563.140740740741 
13245.54074074074 13273.781481481481 2477.5037037037036 2505.7444444444445 2612.614814814815 2640.8555555555554 
12932.409259259259 12960.52962962963 2542.677777777778 2570.7981481481484 2641.0944444444444 2669.214814814815 
12972.916666666666 13001.75 2580.9166666666665 2609.75 3096.3611111111113 3125.1944444444443 
13174.933333333332 13203.072222222223 2460.572222222222 2488.711111111111 2778.822222222222 2806.961111111111 
12885.166666666666 12913.018518518518 2363.1574074074074 2391.009259259259 2715.296296296296 2743.1481481481483 
13078.122222222222 13106.622222222222 2501.7055555555557 2530.2055555555557 2969.362962962963 2997.862962962963 
13679.081481481482 13707.840740740741 2502.7203703703703 2531.4796296296295 2986.3962962962964 3015.1555555555556 
12564.901851851851 12592.55 2248.9944444444445 2276.642592592593 2746.642592592593 2774.2907407407406 
13025.544444444444 13053.516666666666 2514.6740740740743 2542.6462962962964 2710.0074074074073 2737.9796296296295 
12959.52962962963 12988.242592592593 2323.0481481481484 2351.761111111111 2649.3444444444444 2678.0574074074075 
12923.437037037036 12951.001851851852 2493.2425925925927 2520.8074074074075 2646.9185185185183 2674.483333333333 
12953.912962962962 12981.95925925926 2342.838888888889 2370.885185185185 2433.7462962962964 2461.7925925925924 
13404.616666666667 13433.06111111111 2425.1722222222224 2453.616666666667 2788.912962962963 2817.357407407407 
12873.627777777778 12902.285185185185 2340.0444444444443 2368.7018518518516 2700.6277777777777 2729.285185185185 
13225.253703703704 13254.512962962963 2476.975925925926 2506.2351851851854 2613.661111111111 2642.92037037037 
12917.483333333334 12945.474074074074 2526.1037037037036 2554.0944444444444 2649.2425925925927 2677.233333333333 
12721.738888888889 12750.525925925926 2279.266666666667 2308.053703703704 2823.85 2852.637037037037 
