35829.425089605735 35857.56487455197 8898.916129032257 8927.055913978495 9801.478853046596 9829.618637992831 
36016.39713261649 36044.59068100358 9022.339784946236 9050.533333333333 10012.773476702509 10040.967025089605 
36331.33691756272 36359.68100358423 9211.268817204302 9239.612903225807 10006.394265232975 10034.73835125448 
37007.36845878136 37036.099641577064 8965.30394265233 8994.035125448028 9946.368458781362 9975.09964157706 
36156.26523297491 36184.79211469534 8939.20430107527 8967.731182795698 9505.566308243728 9534.093189964158 
36428.08387096774 36456.3670250896 8797.75770609319 8826.040860215055 9631.571326164874 9659.854480286738 
35961.39856630824 35989.61003584229 8888.28028673835 8916.491756272402 9903.868100358422 9932.079569892474 
36630.39211469534 36659.19498207885 9026.668100358424 9055.470967741936 9639.377777777778 9668.18064516129 
36964.32329749104 36992.92186379928 9125.237275985663 9153.835842293907 9426.240860215054 9454.839426523298 
35798.621505376344 35826.81146953405 8920.359856630825 8948.54982078853 9635.184229390681 9663.374193548387 
36154.405734767024 36182.36272401434 9006.423655913979 9034.38064516129 9753.53476702509 9781.491756272402 
36124.658781362006 36153.11039426523 8944.594265232974 8973.045878136201 9449.135483870969 9477.587096774194 
36126.4164874552 36154.96845878136 8992.954121863799 9021.506093189964 10076.298207885304 10104.85017921147 
36074.94551971326 36103.40430107527 8889.221505376345 8917.680286738352 9742.289605734766 9770.748387096774 
36312.61362007169 36340.76415770609 9040.000716845878 9068.151254480286 10051.735483870967 10079.886021505376 
36956.49462365591 36984.69892473118 9001.702508960574 9029.906810035842 9469.408602150537 9497.612903225807 
36807.1541218638 36835.1541218638 8817.168458781362 8845.168458781362 9680.440860215054 9708.440860215054 
36826.31182795699 36854.90681003584 9135.250896057347 9163.8458781362 10067.31182795699 10095.906810035842 
35658.91756272401 35687.229390681 9061.58064516129 9089.89247311828 9577.15770609319 9605.469534050178 
37110.952688172045 37139.3541218638 9053.422222222222 9081.823655913979 10024.662365591397 10053.063799283154 
36111.0523297491 36139.09892473118 8997.61146953405 9025.658064516128 9547.493189964158 9575.539784946237 
35600.02580645162 35628.39139784946 9055.96129032258 9084.32688172043 9756.359139784947 9784.724731182796 
36793.77347670251 36822.30752688172 9147.389964157706 9175.924014336917 9800.787813620072 9829.321863799283 
36739.89820788531 36768.260215053764 9075.253046594982 9103.61505376344 9617.256630824373 9645.618637992831 
36736.15555555555 36764.81505376344 8840.166308243728 8868.825806451612 9930.632258064516 9959.291756272401 
36589.69964157706 36618.036559139786 9067.882437275986 9096.21935483871 9978.32688172043 10006.663799283155 
36100.12616487455 36128.248028673836 8924.989964157707 8953.11182795699 9891.635125448029 9919.756989247311 
36139.09103942652 36167.44229390681 8742.098207885305 8770.449462365592 9357.567741935483 9385.91899641577 
36769.63727598566 36798.41505376344 9011.400716845877 9040.178494623657 9865.820071684588 9894.597849462365 
36167.37204301075 36195.72688172043 9009.04229390681 9037.397132616488 9858.372043010753 9886.72688172043 
37023.00716845878 37051.24014336918 9015.290322580646 9043.52329749104 9781.928315412186 9810.161290322581 
36789.41505376344 36818.027956989245 9064.296774193548 9092.909677419355 10153.031541218637 10181.644444444444 
36437.45017921147 36465.55053763441 9207.037992831541 9235.13835125448 10203.446594982079 10231.546953405017 
36601.852329749105 36630.429390681005 8779.93476702509 8808.511827956989 10038.221505376345 10066.798566308244 
36179.41218637993 36207.831541218635 8882.763440860215 8911.182795698925 9733.989247311827 9762.408602150537 
36391.20788530466 36419.397849462366 9033.627240143369 9061.817204301075 9771.347670250896 9799.537634408602 
36204.11397849462 36232.30752688172 9001.081720430107 9029.275268817204 9934.748387096774 9962.94193548387 
36637.48387096774 36665.985663082436 8862.89247311828 8891.394265232975 9920.268817204302 9948.770609318997 
36956.86379928316 36985.29390681004 8780.344086021505 8808.774193548386 9710.250896057347 9738.68100358423 
36143.88817204301 36172.429390681005 8994.228673835125 9022.769892473118 9863.3541218638 9891.895340501793 
36229.5440860215 36257.762724014334 8898.583512544803 8926.802150537635 9670.364874551971 9698.583512544803 
36622.00286738351 36650.57275985663 9007.701792114696 9036.271684587813 9910.766308243728 9939.336200716845 
35546.78566308244 35574.64946236559 8804.613620071685 8832.477419354838 9436.574193548387 9464.437992831541 
37316.709677419356 37345.48387096774 8972.752688172042 9001.52688172043 10201.910394265233 10230.684587813621 
36197.34695340502 36225.9311827957 8892.57275985663 8921.156989247313 10057.615770609318 10086.2 
36605.30250896057 36633.46021505376 8895.553405017921 8923.711111111112 10176.058781362008 10204.216487455196 
36486.10752688172 36514.3476702509 8980.974910394265 9009.21505376344 9813.501792114695 9841.741935483871 
36406.53261648746 36434.95197132616 8991.987813620071 9020.407168458782 10069.324731182796 10097.744086021505 
36497.09032258065 36525.31971326165 8871.409318996415 8899.63870967742 10337.631541218638 10365.860931899642 
36360.46523297491 36388.87741935484 9017.554838709677 9045.967025089605 9949.479569892474 9977.891756272402 
