15408.34126984127 15436.57142857143 3077.6428571428573 3105.873015873016 3393.3253968253966 3421.5555555555557 
15781.822222222223 15810.473015873016 3254.147619047619 3282.798412698413 3756.6 3785.2507936507936 
15883.992063492064 15912.492063492064 3355.4285714285716 3383.9285714285716 3545.3571428571427 3573.8571428571427 
15168.633333333333 15196.196825396826 3253.4984126984127 3281.0619047619048 3410.4904761904763 3438.0539682539684 
15946.70634920635 15975.880952380952 3325.3174603174602 3354.4920634920636 3740.1666666666665 3769.34126984127 
15744.05238095238 15773.520634920635 2972.425396825397 3001.893650793651 3402.5285714285715 3431.9968253968254 
15656.4 15684.653968253968 3253.288888888889 3281.542857142857 3427.8444444444444 3456.0984126984126 
15715.363492063492 15744.180952380952 3221.7920634920633 3250.609523809524 3454.8396825396826 3483.657142857143 
15795.942857142858 15824.474603174604 3240.752380952381 3269.284126984127 3584.9269841269843 3613.4587301587303 
15406.895238095238 15435.546031746031 3237.8952380952383 3266.5460317460315 3508.625396825397 3537.2761904761905 
15046.307936507936 15074.069841269842 3118.879365079365 3146.64126984127 3699.768253968254 3727.5301587301587 
15371.796825396825 15399.931746031745 2944.4555555555557 2972.5904761904762 3574.8126984126984 3602.947619047619 
15635.087301587302 15664.325396825398 3246.9444444444443 3276.1825396825398 3622.373015873016 3651.6111111111113 
15721.48253968254 15749.68888888889 3229.5619047619048 3257.768253968254 3718.4031746031746 3746.609523809524 
15752.320634920636 15780.304761904761 3233.6301587301587 3261.614285714286 3580.9714285714285 3608.9555555555557 
15575.384126984127 15603.590476190477 2963.05873015873 2991.265079365079 3397.447619047619 3425.6539682539683 
15489.136507936508 15517.160317460317 3247.668253968254 3275.6920634920634 3382.4539682539685 3410.4777777777776 
15980.915873015872 16009.598412698413 3343.9714285714285 3372.6539682539683 3347.915873015873 3376.5984126984126 
15395.092063492064 15423.711111111112 3164.1 3192.7190476190476 3263.1873015873016 3291.8063492063493 
15306.174603174602 15333.746031746032 2962.8333333333335 2990.404761904762 3030.4761904761904 3058.0476190476193 
15314.009523809524 15341.596825396826 3142.057142857143 3169.6444444444446 3597.9460317460316 3625.5333333333333 
15995.65873015873 16025.34126984127 3214.4920634920636 3244.1746031746034 3270.8015873015875 3300.4841269841268 
15415.892063492063 15443.8126984127 3066.709523809524 3094.6301587301587 3369.463492063492 3397.384126984127 
15424.663492063492 15453.211111111112 3246.949206349206 3275.4968253968254 3722.1396825396823 3750.6873015873016 
15608.004761904762 15636.584126984128 2970.480952380952 2999.0603174603175 3593.131746031746 3621.711111111111 
15211.320634920636 15239.550793650793 2991.352380952381 3019.58253968254 3436.209523809524 3464.4396825396825 
15498.785714285714 15527.753968253968 3224.8333333333335 3253.8015873015875 3480.5 3509.468253968254 
15455.255555555555 15483.850793650794 3150.684126984127 3179.279365079365 3654.1444444444446 3682.7396825396827 
15461.1 15488.980952380953 2986.5603174603175 3014.44126984127 3456.9095238095238 3484.790476190476 
15697.015873015873 15725.579365079366 2930.2936507936506 2958.8571428571427 3517.2698412698414 3545.8333333333335 
15912.511111111111 15941.280952380952 3006.733333333333 3035.5031746031746 3867.050793650794 3895.820634920635 
15823.94761904762 15852.511111111111 3230.9555555555557 3259.519047619048 3393.519047619048 3422.08253968254 
15367.177777777777 15395.693650793652 3119.773015873016 3148.288888888889 3510.542857142857 3539.05873015873 
15300.94761904762 15328.677777777777 2933.947619047619 2961.677777777778 3393.05873015873 3420.788888888889 
15203.849206349207 15232.111111111111 3147.595238095238 3175.8571428571427 3554.9603174603176 3583.222222222222 
15521.54126984127 15550.104761904762 3149.8349206349208 3178.398412698413 3450.779365079365 3479.342857142857 
15328.933333333332 15357.171428571428 3132.6238095238095 3160.861904761905 3522.584126984127 3550.822222222222 
15212.361904761905 15240.322222222223 3159.7825396825397 3187.7428571428572 3303.266666666667 3331.226984126984 
15406.131746031746 15434.647619047619 3133.6396825396823 3162.1555555555556 3554.449206349206 3582.9650793650794 
15476.923809523809 15505.328571428572 3106.788888888889 3135.1936507936507 3193.733333333333 3222.138095238095 
15643.179365079364 15671.322222222223 3143.766666666667 3171.9095238095238 3664.5285714285715 3692.6714285714284 
15831.985714285714 15860.255555555555 3226.279365079365 3254.5492063492065 3449.1444444444446 3477.4142857142856 
15290.484126984127 15318.230158730159 3205.4603174603176 3233.2063492063494 3313.6746031746034 3341.4206349206347 
15764.88253968254 15793.660317460317 3038.684126984127 3067.461904761905 3405.4539682539685 3434.231746031746 
15365.492063492064 15393.015873015873 2979.5555555555557 3007.0793650793653 3474.4920634920636 3502.0158730158732 
15704.442857142858 15732.855555555556 3239.4984126984127 3267.911111111111 3339.157142857143 3367.569841269841 
15169.692063492064 15197.819047619048 3166.152380952381 3194.279365079365 3398.6285714285714 3426.7555555555555 
15960.539682539682 15989.452380952382 3219.15873015873 3248.0714285714284 3665.3809523809523 3694.2936507936506 
15789.195238095239 15817.377777777778 3169.4015873015874 3197.584126984127 3285.036507936508 3313.2190476190476 
15760.014285714286 15788.363492063492 2917.9825396825395 2946.331746031746 3321.109523809524 3349.4587301587303 
