37634.2830449827 37662.73633217993 9165.296885813148 9193.750173010381 10264.750173010381 10293.203460207613 
37771.94671280277 37799.84290657439 9332.21660899654 9360.112802768166 10506.642214532872 10534.5384083045 
37787.625605536334 37815.895501730105 9197.490657439446 9225.760553633218 10326.106574394464 10354.376470588235 
37255.797923875434 37283.351557093425 9204.72179930796 9232.275432525952 10084.368858131487 10111.922491349482 
37725.424221453286 37753.424221453286 9364.393079584775 9392.393079584775 10385.226989619377 10413.226989619377 
37629.24290657439 37657.23944636678 9357.765397923875 9385.761937716263 10269.883044982698 10297.879584775086 
37564.89896193772 37592.99238754325 9507.535640138409 9535.629065743944 10336.161937716262 10364.2553633218 
37978.57301038062 38007.11626297578 9372.192387543253 9400.735640138408 10593.109342560554 10621.652595155709 
37677.010380622836 37705.08650519031 9152.114186851211 9180.190311418684 9866.557093425605 9894.63321799308 
37597.09204152249 37625.209688581315 9271.178546712803 9299.296193771626 10354.56955017301 10382.687197231833 
37634.240830449824 37662.55570934256 9216.199307958477 9244.514186851211 9997.552249134947 10025.867128027681 
38108.4830449827 38137.296193771625 9433.168166089965 9461.981314878893 10001.4 10030.213148788927 
38069.3875432526 38097.83737024222 9403.837370242214 9432.287197231833 10445.958477508651 10474.408304498269 
37378.004844290655 37406.34048442906 9509.112110726644 9537.447750865053 10231.184775086505 10259.520415224913 
37296.07750865052 37323.96678200692 9229.257439446366 9257.146712802769 10025.312802768167 10053.202076124568 
37643.625605536334 37671.68788927336 9177.404152249135 9205.46643598616 10402.909342560553 10430.971626297578 
38205.68373702422 38234.278892733564 9186.444982698962 9215.040138408305 10438.607612456748 10467.20276816609 
37588.28096885813 37616.68235294118 9193.779238754325 9222.18062283737 10323.336332179932 10351.737716262976 
36944.20761245675 36971.795847750866 9148.726643598617 9176.314878892734 10037.186851211072 10064.775086505191 
38039.366782006924 38068.15570934256 9329.546712802769 9358.335640138408 10734.906574394463 10763.695501730104 
37594.24498269896 37622.25882352941 9222.63598615917 9250.64982698962 9915.431833910035 9943.445674740484 
38440.25328719723 38468.834602076124 9211.498961937716 9240.080276816609 10153.232525951556 10181.81384083045 
37608.73771626298 37636.82422145329 9467.20830449827 9495.294809688581 10219.128719723183 10247.215224913494 
37999.27266435986 38027.964705882354 9228.954325259516 9257.646366782006 10260.660207612456 10289.352249134949 
37594.65121107266 37622.89688581315 9308.125259515571 9336.370934256056 10575.014532871972 10603.260207612457 
37786.4276816609 37814.87750865052 9455.292733564014 9483.742560553634 10457.932871972318 10486.382698961937 
38016.06643598616 38044.087197231835 9444.564705882352 9472.585467128029 10270.332871972318 10298.353633217994 
37671.70865051903 37699.7294117647 9055.262283737024 9083.2830449827 10274.431833910035 10302.45259515571 
38402.87197231834 38431.21453287197 9278.826989619378 9307.16955017301 10109.975778546714 10138.318339100346 
38202.49965397924 38231.20553633218 9268.451211072665 9297.157093425605 10545.921799307958 10574.627681660899 
37437.82560553633 37466.123183391006 9077.213148788927 9105.510726643599 9994.13356401384 10022.431141868512 
37998.14117647059 38026.74671280277 9244.082352941177 9272.687889273357 10321.743252595155 10350.348788927336 
37859.04567474048 37887.62698961938 9294.779238754325 9323.360553633218 10233.554325259516 10262.13564013841 
37633.462283737026 37661.43460207612 9051.811764705883 9079.784083044982 10131.832525951557 10159.804844290657 
38285.92387543253 38314.512110726646 9234.685121107266 9263.273356401383 10000.626297577855 10029.214532871973 
38331.709342560556 38360.07612456747 9314.19723183391 9342.56401384083 10454.570934256055 10482.937716262975 
37881.45190311419 37909.62837370242 9190.559169550173 9218.735640138408 10040.14740484429 10068.323875432527 
38207.96955017301 38236.36747404844 9197.786159169551 9226.184083044982 10204.242906574395 10232.640830449827 
38212.27543252595 38240.91557093426 9486.860207612457 9515.50034602076 10392.11972318339 10420.759861591696 
37397.8615916955 37426.15570934256 9507.318339100346 9535.612456747405 9970.979238754326 9999.273356401383 
37230.73979238754 37258.476816609 9492.179238754325 9519.91626297578 10160.840138408304 10188.577162629757 
38090.55363321799 38118.491349480966 9372.055363321799 9399.993079584776 9868.148788927336 9896.086505190311 
37629.734948096884 37657.97716262976 9211.655363321799 9239.897577854672 10245.61384083045 10273.856055363322 
38397.166089965394 38425.80276816609 9371.574394463667 9400.21107266436 10591.26643598616 10619.90311418685 
37964.55294117647 37992.926643598614 9608.182698961939 9636.556401384083 10356.362629757785 10384.736332179931 
38249.4553633218 38278.226989619376 9301.476124567474 9330.247750865052 10207.728719723184 10236.50034602076 
38257.64429065744 38285.876124567476 9141.107958477509 9169.339792387544 10913.36401384083 10941.595847750865 
38055.06851211072 38083.53910034602 9518.964705882352 9547.435294117648 10929.46643598616 10957.937024221454 
38543.31972318339 38572.167474048445 9267.368166089966 9296.215916955018 10081.468512110727 10110.316262975779 
37258.44083044983 37286.16401384083 9264.935640138408 9292.658823529411 10091.6 10119.323183391003 
