31359.385 31387.6475 7481.3725 7509.635 8257.176666666666 8285.439166666667 
30960.2525 30988.756666666668 7690.310833333333 7718.815 8226.3025 8254.806666666667 
30663.33916666667 30691.40166666667 7365.530833333333 7393.593333333333 8443.4475 8471.51 
30603.298333333332 30631.544166666667 7401.694166666667 7429.94 8150.098333333333 8178.344166666667 
31680.224166666667 31708.853333333333 7519.128333333333 7547.7575 8578.499166666666 8607.128333333334 
31590.893333333333 31619.1725 7568.4725 7596.751666666667 8013.96 8042.239166666666 
31243.87 31272.12 7332.5825 7360.8325 8214.895 8243.145 
30968.180833333332 30996.1725 7454.676666666666 7482.668333333333 8013.255833333334 8041.2475 
31340.273333333334 31369.03583333333 7647.560833333333 7676.323333333334 8684.698333333334 8713.460833333333 
31037.1525 31065.79 7533.331666666667 7561.969166666667 8989.435833333333 9018.073333333334 
31098.568333333333 31126.568333333333 7281.2266666666665 7309.2266666666665 8308.435 8336.435 
31445.995 31474.836666666666 7525.1825 7554.024166666667 8348.903333333334 8377.745 
31203.4875 31231.766666666666 7395.4875 7423.766666666666 8046.454166666666 8074.733333333334 
31541.255 31570.209166666667 7348.93 7377.884166666667 8566.53 8595.484166666667 
30882.010833333334 30909.915 7265.5775 7293.481666666667 7956.0025 7983.906666666667 
31096.9525 31125.385833333334 7625.823333333334 7654.256666666667 8239.019166666667 8267.4525 
31004.008333333335 31032.258333333335 7362.845833333334 7391.095833333334 7900.816666666667 7929.066666666667 
31759.153333333332 31788.4075 7670.77 7700.024166666667 8726.728333333333 8755.9825 
31167.710833333334 31196.244166666667 7489.260833333334 7517.794166666667 8359.785833333333 8388.319166666666 
31605.2175 31633.5175 7324.2091666666665 7352.509166666667 7683.409166666666 7711.7091666666665 
31572.5575 31601.153333333332 7364.1325 7392.7283333333335 7877.974166666667 7906.57 
31367.746666666666 31396.096666666668 7492.525833333333 7520.8758333333335 8398.855 8427.205 
31144.646666666667 31173.37583333333 7621.884166666667 7650.613333333334 8080.43 8109.159166666666 
31009.93666666667 31038.540833333333 7446.1325 7474.736666666667 7981.053333333333 8009.6575 
30832.4025 30860.531666666666 7266.181666666666 7294.310833333333 8060.235833333333 8088.365 
31232.1175 31260.884166666667 7393.43 7422.196666666667 8251.400833333333 8280.1675 
31035.990833333333 31064.315833333334 7584.878333333333 7613.203333333333 8176.940833333333 8205.265833333333 
30568.390833333335 30596.4325 7399.599166666667 7427.640833333333 7781.4575 7809.4991666666665 
31415.446666666667 31443.755 7594.400833333333 7622.7091666666665 8300.83 8329.138333333334 
31100.838333333333 31129.363333333335 7423.913333333333 7452.4383333333335 7957.73 7986.255 
31066.283333333333 31094.616666666665 7320.375 7348.708333333333 8225.091666666667 8253.425 
31486.616666666665 31515.108333333334 7468.704166666666 7497.195833333333 8448.575 8477.066666666668 
31376.548333333332 31404.998333333333 7484.0025 7512.4525 8237.348333333333 8265.798333333334 
31490.7975 31519.430833333332 7401.814166666667 7430.4475 7969.514166666667 7998.1475 
30803.259166666667 30831.613333333335 7456.184166666667 7484.538333333333 8209.309166666666 8237.663333333334 
30650.201666666668 30678.226666666666 7473.385 7501.41 8571.31 8599.335 
30863.680833333332 30891.77666666667 7488.9725 7517.068333333334 8232.2475 8260.343333333334 
31021.295833333334 31049.795833333334 7552.1625 7580.6625 8488.195833333333 8516.695833333333 
30881.045833333334 30909.2875 7604.733333333334 7632.975 8220.329166666666 8248.570833333333 
31230.268333333333 31258.614166666666 7645.0391666666665 7673.385 8272.243333333334 8300.589166666667 
30954.833333333332 30983.495833333334 7331.333333333333 7359.995833333333 8203.583333333334 8232.245833333332 
30640.2225 30668.551666666666 7398.751666666667 7427.080833333333 8038.555833333333 8066.885 
31072.245833333334 31100.395833333332 7383.795833333334 7411.945833333333 7975.070833333333 8003.220833333334 
31613.319166666668 31641.844166666666 7217.473333333333 7245.998333333333 8168.9025 8197.4275 
30830.338333333333 30858.759166666667 7473.6925 7502.113333333334 8015.838333333333 8044.259166666667 
31112.293333333335 31140.135 7420.1225 7447.964166666667 8008.085 8035.926666666666 
30646.3975 30674.155833333334 7437.314166666667 7465.0725 8271.4975 8299.255833333333 
30667.458333333332 30695.808333333334 7588.904166666666 7617.254166666667 8275.258333333333 8303.608333333334 
31619.039166666666 31647.743333333332 7370.4225 7399.126666666667 8708.905833333334 8737.61 
31017.566666666666 31045.783333333333 7433.954166666666 7462.170833333334 8147.033333333334 8175.25 
