47745.52188365651 47773.685318559554 11965.32243767313 11993.485872576177 13860.94293628809 13889.106371191136 
48089.85595567867 48118.52077562327 12106.936288088642 12135.601108033241 13137.493074792244 13166.157894736842 
47705.56177285319 47733.98282548477 12289.09916897507 12317.520221606648 13372.75567867036 13401.176731301939 
46932.40498614959 46960.222160664816 12071.294182825484 12099.11135734072 13052.911911357342 13080.729085872576 
47403.73628808864 47432.17396121884 12140.254293628808 12168.691966759003 13041.644875346261 13070.082548476454 
48495.32188365651 48524.01163434903 12127.93407202216 12156.623822714682 13930.670914127424 13959.360664819944 
48006.664265927975 48035.27368421053 12339.50083102493 12368.11024930748 13466.76675900277 13495.376177285318 
47897.2515235457 47925.63102493075 12217.257063711912 12245.636565096953 13198.639335180056 13227.018836565097 
47121.89307479224 47150.269806094184 11985.857063711912 12014.23379501385 13412.893074792244 13441.269806094182 
48489.79113573407 48518.480886426594 12260.99889196676 12289.68864265928 13523.079224376732 13551.768975069252 
47236.45927977839 47264.763988919665 12195.38725761773 12223.691966759003 13417.27645429363 13445.581163434903 
47679.68698060942 47708.0 11930.108033240997 11958.421052631578 13566.249307479224 13594.562326869805 
48141.71024930748 48170.15900277008 12026.6216066482 12055.070360110803 12971.580055401662 13000.028808864266 
48154.22493074792 48182.72354570637 11998.080886426593 12026.579501385042 12648.37728531856 12676.875900277008 
47667.95512465374 47696.28199445983 12216.298614958449 12244.625484764543 13208.101939058171 13236.428808864266 
47973.99058171745 48002.18171745152 12082.982271468143 12111.173407202215 13335.317451523546 13363.508587257618 
47918.28975069252 47946.89916897507 12152.187257617728 12180.796675900277 13453.090304709141 13481.69972299169 
48228.273130193906 48256.63601108033 12234.685872576178 12263.048753462605 13234.996121883656 13263.359002770083 
47313.44542936288 47341.74736842105 12123.94404432133 12152.245983379502 13512.72243767313 13541.024376731302 
48325.03379501385 48353.35512465374 12201.260941828255 12229.582271468144 13764.421606648199 13792.742936288088 
48030.38504155125 48059.038781163435 12036.91135734072 12065.565096952909 13092.537396121883 13121.191135734072 
48301.48864265928 48330.01495844875 12010.549584487535 12039.075900277008 12828.926315789473 12857.452631578948 
47085.18227146815 47113.49806094183 12015.038227146815 12043.354016620498 13081.960664819944 13110.27645429363 
47620.186149584486 47648.65429362881 11918.715235457064 11947.183379501384 13449.828808864266 13478.296952908588 
48551.74681440443 48580.64155124654 12352.023822714682 12380.918559556787 13654.375623268697 13683.270360110804 
47784.568975069255 47812.826592797785 12020.081440443213 12048.339058171745 13292.660387811635 13320.918005540167 
47537.6 47565.793905817176 12048.64432132964 12076.838227146814 12923.702493074792 12951.896398891966 
47189.05927977839 47217.12853185595 12027.685318559557 12055.754570637118 13092.773961218836 13120.843213296399 
47485.49695290859 47513.63545706371 11924.773961218836 11952.912465373962 13028.064819944599 13056.203324099723 
47985.80110803324 48014.16398891967 12286.972853185596 12315.335734072021 12858.219390581717 12886.582271468144 
47543.10470914128 47571.45096952908 12083.752908587257 12112.09916897507 13150.204432132963 13178.550692520776 
47335.95567867036 47364.102493074795 12097.670360110804 12125.817174515236 13534.385041551246 13562.531855955678 
47479.729085872576 47508.18337950139 12092.997783933519 12121.452077562328 13659.04487534626 13687.49916897507 
47234.581717451525 47262.68698060942 12222.573407202217 12250.67867036011 13154.069252077563 13182.174515235458 
47354.62991689751 47382.82936288089 11942.231024930748 11970.430470914127 13043.962326869807 13072.161772853186 
47544.136288088645 47572.416066481994 12153.285872576178 12181.565650969529 13357.701385041551 13385.981163434903 
47648.29695290859 47676.69861495845 12057.676454293629 12086.07811634349 12947.562880886426 12975.964542936288 
47863.898614958445 47892.23656509695 12432.829362880886 12461.16731301939 13141.026038781163 13169.363988919667 
47230.88365650969 47258.91135734072 12125.091412742382 12153.119113573408 13150.43213296399 13178.459833795014 
47536.454293628805 47564.47922437673 12034.595567867036 12062.620498614959 13105.421052631578 13133.4459833795 
47369.6432132964 47397.886980609415 12007.003324099724 12035.247091412743 13353.452077562328 13381.695844875347 
47443.63822714682 47471.876454293626 12229.851523545707 12258.089750692521 13729.690858725762 13757.929085872576 
48505.30193905817 48533.71468144044 12213.299168975069 12241.71191135734 13310.357340720222 13338.770083102492 
47147.54736842105 47175.84930747923 12030.56675900277 12058.868698060942 13160.846537396123 13189.148476454293 
47376.615512465374 47404.98393351801 11918.596121883656 11946.964542936288 13435.704155124653 13464.072576177285 
48077.73351800554 48106.234903047094 12227.730747922438 12256.232132963989 13335.647645429362 13364.149030470915 
46755.76011080333 46783.663157894734 11811.657617728531 11839.560664819945 12999.668698060941 13027.571745152354 
47748.46260387811 47776.939058171745 12302.058171745153 12330.534626038781 13290.49861495845 13318.975069252077 
47438.31578947369 47466.282548476454 11704.587257617728 11732.5540166205 12681.637119113573 12709.603878116344 
48138.43988919668 48167.05761772853 11958.67811634349 11987.295844875347 13323.090858725762 13351.708587257617 
