31436.157142857144 31465.06050420168 7426.690756302521 7455.594117647059 7989.224369747899 8018.127731092437 
30764.684033613445 30793.11680672269 7435.91512605042 7464.347899159664 8038.263865546219 8066.696638655462 
30719.26806722689 30747.591596638656 7350.944537815126 7379.268067226891 7932.814285714286 7961.137815126051 
30637.505042016808 30665.878991596637 7506.433613445378 7534.80756302521 8571.815966386555 8600.189915966386 
30980.44705882353 31008.732773109245 7490.610924369748 7518.896638655462 8371.413445378152 8399.699159663865 
30681.812605042018 30709.867226890758 7343.993277310924 7372.047899159664 7706.442857142857 7734.497478991597 
31479.708403361343 31508.834453781514 7443.128571428571 7472.25462184874 8129.4394957983195 8158.565546218488 
31249.641176470588 31278.040336134454 7414.582352941176 7442.981512605042 8291.279831932774 8319.678991596638 
31062.510924369748 31090.973109243696 7299.057142857143 7327.519327731093 8280.981512605042 8309.443697478991 
30779.073109243698 30807.232773109245 7375.98487394958 7404.144537815126 8203.652941176471 8231.812605042016 
31121.574789915965 31149.755462184872 7523.301680672269 7551.482352941176 8215.826890756303 8244.00756302521 
30577.73193277311 30606.185714285715 7448.429411764706 7476.883193277311 8030.908403361344 8059.362184873949 
30689.310084033612 30717.923529411764 7244.923529411764 7273.536974789916 8351.402521008404 8380.015966386554 
30974.591596638656 31003.020168067225 7274.0495798319325 7302.478151260504 7842.331092436974 7870.759663865546 
31271.817647058822 31300.03193277311 7438.910084033613 7467.124369747899 7875.3050420168065 7903.519327731093 
30755.576470588236 30783.597478991596 7297.618487394958 7325.639495798319 7999.9042016806725 8027.925210084034 
30538.15630252101 30566.673109243697 7324.433613445378 7352.9504201680675 8123.080672268908 8151.597478991596 
30518.755462184872 30546.72605042017 7177.259663865546 7205.2302521008405 7993.814285714286 8021.784873949579 
30193.220168067226 30221.2243697479 7318.442857142857 7346.447058823529 8533.951260504202 8561.955462184875 
30280.121008403363 30307.940336134452 7271.818487394958 7299.637815126051 7964.7764705882355 7992.5957983193275 
30522.35462184874 30550.711764705884 7253.039495798319 7281.396638655462 8033.505882352942 8061.863025210084 
30840.435294117648 30869.157983193276 7493.279831932773 7522.002521008403 7829.855462184874 7858.5781512605045 
30661.527731092436 30689.519327731094 7253.2 7281.191596638655 7864.225210084033 7892.216806722689 
30559.01512605042 30587.03613445378 7442.834453781513 7470.855462184874 8150.267226890756 8178.288235294118 
30189.66050420168 30217.887394957983 7412.303361344538 7440.530252100841 7908.912605042016 7937.139495798319 
30835.14369747899 30863.76974789916 7557.626890756303 7586.252941176471 8467.849579831933 8496.4756302521 
30430.342857142856 30458.47731092437 7203.582352941176 7231.716806722689 7846.586554621848 7874.721008403361 
30896.061344537815 30924.712605042016 7409.75462184874 7438.405882352941 8621.052941176471 8649.704201680672 
31251.76974789916 31280.505042016808 7293.047058823529 7321.782352941176 8008.8117647058825 8037.547058823529 
30883.516806722688 30911.840336134454 7685.0210084033615 7713.344537815126 8182.247899159664 8210.57142857143 
31147.879831932773 31176.24537815126 7191.678151260504 7220.043697478992 7977.081512605042 8005.447058823529 
30653.944537815125 30682.04957983193 7678.457142857143 7706.562184873949 8320.49075630252 8348.595798319328 
30876.95882352941 30905.878991596637 7277.299159663866 7306.219327731093 8146.967226890756 8175.887394957983 
30424.32773109244 30452.743697478993 7512.764705882353 7541.180672268908 7953.90756302521 7982.323529411765 
30605.483193277312 30633.605042016807 7418.180672268908 7446.302521008403 8410.189075630253 8438.310924369747 
31097.886554621848 31126.197478991595 7028.35294117647 7056.663865546218 8255.399159663866 8283.710084033613 
30694.39579831933 30722.794957983195 7491.021848739496 7519.421008403361 8093.773949579832 8122.173109243698 
30630.45798319328 30658.810924369747 7298.915966386555 7327.268907563025 7894.609243697479 7922.96218487395 
30944.636974789915 30972.800840336135 7426.447899159664 7454.611764705883 8016.889075630252 8045.052941176471 
30891.706722689076 30920.278151260503 7245.353781512605 7273.925210084034 8201.34537815126 8229.91680672269 
30242.114285714284 30270.042857142857 7361.324369747899 7389.252941176471 7689.685714285714 7717.614285714286 
30832.28655462185 30860.475630252102 7181.849579831933 7210.038655462185 8122.471428571429 8150.660504201681 
30749.60168067227 30777.75294117647 7396.425210084034 7424.576470588236 8563.84537815126 8591.996638655462 
31107.370588235295 31135.336974789916 7471.244537815126 7499.210924369748 7861.883193277311 7889.849579831933 
31352.067226890755 31380.852941176472 7318.256302521008 7347.042016806723 8007.747899159664 8036.533613445378 
30343.38487394958 30371.36386554622 7252.523529411765 7280.502521008403 7900.746218487395 7928.725210084033 
31014.242016806722 31042.527731092436 7353.691596638655 7381.97731092437 8104.359663865546 8132.645378151261 
31000.225210084034 31028.649579831934 7305.880672268908 7334.3050420168065 8076.838655462185 8105.263025210084 
30074.020168067225 30102.142016806723 7198.326890756302 7226.448739495799 7563.314285714286 7591.436134453782 
31088.092436974788 31116.882352941175 7510.579831932773 7539.36974789916 8027.302521008403 8056.09243697479 
