39.4 68.06666666666666 51.333333333333336 80.0 33.733333333333334 62.4 
28.4 59.4 53.4 84.4 23.4 54.4 
29.4 57.733333333333334 61.333333333333336 89.66666666666667 24.4 52.733333333333334 
33.53333333333333 59.86666666666667 58.266666666666666 84.6 27.866666666666667 54.2 
47.2 79.86666666666666 42.666666666666664 75.33333333333333 43.53333333333333 76.2 
39.8 65.8 45.06666666666667 71.06666666666666 34.8 60.8 
45.2 72.53333333333333 57.6 84.93333333333334 40.2 67.53333333333333 
47.86666666666667 78.2 63.06666666666667 93.4 34.86666666666667 65.2 
34.666666666666664 59.333333333333336 55.666666666666664 80.33333333333333 29.0 53.666666666666664 
29.6 61.266666666666666 41.333333333333336 73.0 20.6 52.266666666666666 
35.46666666666667 59.8 50.666666666666664 75.0 29.133333333333333 53.46666666666667 
43.06666666666667 78.4 47.733333333333334 83.06666666666666 25.266666666666666 60.6 
52.6 80.26666666666667 55.666666666666664 83.33333333333333 42.93333333333333 70.6 
33.266666666666666 60.266666666666666 43.0 70.0 28.266666666666666 55.266666666666666 
27.6 57.93333333333333 36.333333333333336 66.66666666666667 22.6 52.93333333333333 
38.333333333333336 71.33333333333333 43.13333333333333 76.13333333333334 28.333333333333332 61.333333333333336 
24.066666666666666 50.733333333333334 37.733333333333334 64.4 18.4 45.06666666666667 
31.466666666666665 57.13333333333333 51.13333333333333 76.8 25.133333333333333 50.8 
26.533333333333335 51.86666666666667 54.86666666666667 80.2 21.533333333333335 46.86666666666667 
48.6 75.26666666666667 47.86666666666667 74.53333333333333 39.6 66.26666666666667 
36.666666666666664 67.66666666666667 56.53333333333333 87.53333333333333 31.666666666666668 62.666666666666664 
60.6 94.93333333333334 52.46666666666667 86.8 44.266666666666666 78.6 
40.266666666666666 69.6 47.666666666666664 77.0 28.266666666666666 57.6 
34.8 58.13333333333333 45.93333333333333 69.26666666666667 29.133333333333333 52.46666666666667 
41.733333333333334 73.4 39.733333333333334 71.4 30.733333333333334 62.4 
43.666666666666664 67.33333333333333 65.73333333333333 89.4 32.666666666666664 56.333333333333336 
34.4 59.4 42.86666666666667 67.86666666666666 29.4 54.4 
35.4 66.4 46.06666666666667 77.06666666666666 31.066666666666666 62.06666666666667 
31.266666666666666 55.6 47.733333333333334 72.06666666666666 26.266666666666666 50.6 
36.666666666666664 66.66666666666667 53.266666666666666 83.26666666666667 31.666666666666668 61.666666666666664 
34.733333333333334 59.733333333333334 48.86666666666667 73.86666666666666 28.4 53.4 
39.666666666666664 67.33333333333333 55.13333333333333 82.8 30.666666666666668 58.333333333333336 
27.333333333333332 56.333333333333336 42.266666666666666 71.26666666666667 22.333333333333332 51.333333333333336 
29.666666666666668 57.0 36.4 63.733333333333334 24.666666666666668 52.0 
28.8 58.13333333333333 52.733333333333334 82.06666666666666 23.8 53.13333333333333 
24.2 49.86666666666667 61.2 86.86666666666666 19.2 44.86666666666667 
31.666666666666668 61.0 45.4 74.73333333333333 25.333333333333332 54.666666666666664 
37.6 66.26666666666667 39.4 68.06666666666666 32.6 61.266666666666666 
33.86666666666667 62.53333333333333 48.86666666666667 77.53333333333333 29.533333333333335 58.2 
19.933333333333334 46.93333333333333 50.6 77.6 14.933333333333334 41.93333333333333 
24.2 49.53333333333333 46.733333333333334 72.06666666666666 19.2 44.53333333333333 
29.533333333333335 60.2 45.6 76.26666666666667 19.4 50.06666666666667 
29.533333333333335 54.53333333333333 50.2 75.2 19.866666666666667 44.86666666666667 
47.733333333333334 79.4 54.733333333333334 86.4 35.4 67.06666666666666 
32.93333333333333 65.93333333333334 52.13333333333333 85.13333333333334 24.933333333333334 57.93333333333333 
35.2 61.2 58.8 84.8 29.533333333333335 55.53333333333333 
38.93333333333333 69.93333333333334 41.93333333333333 72.93333333333334 29.933333333333334 60.93333333333333 
34.86666666666667 64.86666666666666 39.46666666666667 69.46666666666667 26.533333333333335 56.53333333333333 
28.533333333333335 58.2 42.8 72.46666666666667 24.2 53.86666666666667 
31.266666666666666 59.93333333333333 46.13333333333333 74.8 22.6 51.266666666666666 
