40058.56938110749 40086.95374592834 10095.168729641693 10123.55309446254 11069.067752442998 11097.452117263843 
41273.203908794785 41302.285342019546 10034.51661237785 10063.598045602606 11703.643648208468 11732.725081433226 
40140.62671009772 40168.95244299674 10114.300977198696 10142.62671009772 10736.34983713355 10764.675570032574 
40794.97003257329 40823.673615635176 9944.81042345277 9973.514006514659 11540.641042345276 11569.344625407166 
40701.98306188925 40730.367426710094 10104.142671009771 10132.527035830619 11087.041693811076 11115.426058631921 
41245.13615635179 41274.15895765473 10046.057980456026 10075.080781758958 11226.422801302931 11255.445602605863 
39941.084039087946 39968.80390879479 9859.709446254072 9887.429315960911 10236.044951140066 10263.764820846905 
40385.241042345275 40413.8338762215 9959.87296416938 9988.465798045603 11335.895765472313 11364.488599348535 
40426.912052117266 40455.53745928339 10172.71661237785 10201.342019543974 11037.267100977198 11065.892508143323 
39272.24429967427 39300.48208469056 10022.29641693811 10050.534201954397 10429.211726384365 10457.449511400651 
39575.78631921824 39603.9003257329 9822.649511400652 9850.76351791531 10768.4671009772 10796.581107491857 
39826.972638436484 39855.09315960912 9821.210423452769 9849.330944625408 10775.894462540717 10804.014983713356 
39907.38631921824 39935.70553745928 9910.705537459284 9939.024755700326 10629.474267100977 10657.79348534202 
40432.639087947886 40460.8671009772 10220.114657980455 10248.342671009772 11134.635830618892 11162.863843648209 
40628.302280130294 40656.38045602606 10104.865798045603 10132.943973941368 11141.751791530945 11169.829967426711 
40382.14462540716 40410.385667752445 10214.274918566774 10242.515960912053 11273.04039087948 11301.281433224756 
39593.66188925081 39621.70749185668 9746.088599348534 9774.134201954397 10720.427361563517 10748.472964169381 
40336.7328990228 40364.96091205212 9987.517915309447 10015.745928338762 10702.162866449511 10730.390879478828 
40447.52833876222 40476.02019543974 10001.065798045604 10029.557654723127 10713.779153094463 10742.271009771986 
40840.38892508143 40869.19022801303 10052.131596091205 10080.9328990228 11721.662540716612 11750.46384364821 
39935.981758957656 39963.95895765472 10127.62345276873 10155.600651465798 10835.600651465798 10863.577850162867 
41068.529641693814 41097.620846905535 10120.95309446254 10150.044299674268 10983.464495114007 11012.555700325733 
40219.038436482086 40247.49120521173 9964.344625407166 9992.797394136807 11219.178501628665 11247.631270358306 
39849.44169381107 39877.6664495114 9709.728338762216 9737.95309446254 10658.741368078176 10686.966123778502 
40750.65016286645 40779.210423452765 10189.927035830618 10218.487296416939 11169.493811074919 11198.054071661238 
40093.24429967427 40121.25732899023 9800.739413680782 9828.752442996743 10703.332247557004 10731.345276872964 
40175.51530944625 40203.902931596094 10132.205863192183 10160.59348534202 10798.990879478828 10827.378501628664 
40226.005211726384 40253.89771986971 10258.94006514658 10286.832573289903 10876.431921824103 10904.324429967426 
39438.029315960914 39465.798045602605 10048.86319218241 10076.631921824104 10980.57328990228 11008.342019543974 
40693.61628664495 40722.16351791531 9748.44364820847 9776.990879478828 11095.873615635179 11124.420846905537 
40365.73615635179 40394.1986970684 9963.596091205212 9992.058631921824 10961.244299674267 10989.70684039088 
40305.31400651466 40333.46058631922 10237.499674267101 10265.646254071662 10780.743973941368 10808.890553745929 
40320.28990228013 40349.05211726384 9943.609120521172 9972.371335504886 10885.785016286645 10914.547231270359 
40531.2319218241 40559.68143322475 9859.248208469055 9887.697719869708 10997.18957654723 11025.639087947882 
40423.83843648208 40452.31726384365 9972.180456026059 10000.659283387622 11589.418241042345 11617.897068403909 
39711.07817589577 39738.88273615635 9809.00651465798 9836.811074918567 10770.827361563517 10798.631921824104 
40800.09315960912 40828.47752442997 9957.66970684039 9986.054071661238 10588.624104234528 10617.008469055374 
40681.48990228013 40710.25537459283 10076.701628664496 10105.4671009772 11292.48338762215 11321.248859934853 
39821.457328990226 39849.77654723127 9848.962214983714 9877.281433224756 10541.245602605863 10569.564820846905 
39989.727687296414 40018.01107491857 10055.675570032574 10083.958957654722 11105.066449511402 11133.34983713355 
40473.76416938111 40501.92377850163 10293.096416938111 10321.256026058632 10640.37328990228 10668.5328990228 
40374.61628664495 40402.79543973941 10236.371986970684 10264.551140065147 11273.355700325734 11301.534853420195 
40579.87622149837 40608.579804560264 10276.820846905537 10305.524429967427 11074.12052117264 11102.824104234527 
39907.06319218241 39935.46058631922 10173.366123778502 10201.76351791531 11116.265146579804 11144.662540716612 
39986.09641693811 40014.164820846905 10064.308143322476 10092.37654723127 11076.581758957655 11104.65016286645 
40344.29055374593 40372.5348534202 10064.531596091205 10092.775895765471 10736.984364820846 10765.228664495115 
40807.95635179153 40836.58501628665 9873.643648208468 9902.272312703582 10847.816286644951 10876.444951140065 
41232.61824104234 41261.40977198697 10025.934201954396 10054.725732899024 11271.123127035831 11299.914657980456 
40553.65472312704 40582.13680781759 10048.960912052118 10077.442996742671 11105.521172638437 11134.00325732899 
40137.12312703583 40165.302280130294 10003.064495114006 10031.243648208469 11335.621498371336 11363.800651465797 
