20673.231055900622 20701.572670807454 4332.852173913044 4361.193788819875 5073.609937888199 5101.951552795031 
20217.27701863354 20245.96645962733 4429.140372670808 4457.829813664596 5115.444720496895 5144.134161490683 
20451.4149068323 20479.352795031056 4393.327950310559 4421.265838509316 4680.6881987577635 4708.626086956522 
20491.391304347828 20519.49689440994 4553.583850931677 4581.689440993789 4815.695652173913 4843.801242236025 
19981.786335403725 20009.544099378883 4370.488198757764 4398.245962732919 4865.96645962733 4893.724223602485 
20491.301863354038 20519.848447204968 4530.426086956521 4558.972670807453 5249.370186335404 5277.916770186335 
20599.42236024845 20628.341614906833 4536.062111801242 4564.981366459628 5519.826086956522 5548.7453416149065 
20864.130434782608 20893.55900621118 4625.7453416149065 4655.173913043478 5334.124223602485 5363.552795031056 
20021.91304347826 20050.024844720498 4439.031055900621 4467.142857142857 5098.2546583850935 5126.366459627329 
19863.60248447205 19891.341614906833 4366.850931677019 4394.590062111802 4798.006211180124 4825.7453416149065 
19861.77639751553 19889.975155279502 4504.316770186336 4532.515527950311 4903.248447204969 4931.447204968944 
20052.858385093168 20080.957763975155 4416.032298136646 4444.131677018633 4839.945341614907 4868.044720496894 
20648.906832298137 20677.416149068322 4368.608695652174 4397.11801242236 4443.037267080746 4471.546583850932 
20125.927950310557 20153.934161490684 4463.207453416149 4491.213664596274 4765.23850931677 4793.244720496895 
20254.86708074534 20283.15900621118 4504.92298136646 4533.214906832298 5064.724223602485 5093.016149068323 
20096.872049689442 20124.232298136645 4439.685714285714 4467.045962732919 4929.6732919254655 4957.03354037267 
20575.106832298137 20604.28695652174 4546.305590062112 4575.4857142857145 5270.566459627329 5299.7465838509315 
20253.326708074535 20281.83602484472 4484.165217391304 4512.674534161491 5160.065838509317 5188.575155279503 
20366.608695652172 20395.391304347828 4538.527950310559 4567.310559006211 5084.739130434783 5113.521739130435 
19835.573913043478 19863.424844720495 4426.580124223602 4454.431055900621 4820.598757763975 4848.449689440994 
19729.568944099377 19757.45093167702 4139.059627329192 4166.941614906832 4485.711801242236 4513.593788819876 
20001.458385093167 20029.43354037267 4353.060869565217 4381.0360248447205 4783.2534161490685 4811.228571428572 
20328.024844720498 20356.683229813665 4468.72049689441 4497.378881987577 4777.757763975155 4806.416149068323 
20219.601242236025 20248.595031055902 4531.048447204969 4560.042236024845 5253.346583850932 5282.3403726708075 
20225.114285714284 20254.170186335403 4454.170186335404 4483.226086956522 5158.524223602484 5187.580124223602 
19789.42236024845 19817.149068322982 4244.906832298137 4272.633540372671 4863.739130434783 4891.465838509317 
20232.283229813664 20260.77391304348 4403.488198757764 4431.978881987578 5024.27701863354 5052.767701863354 
20058.83354037267 20087.43602484472 4369.765217391305 4398.367701863354 5063.8335403726705 5092.43602484472 
20379.622360248446 20408.39254658385 4415.771428571428 4444.541614906832 5157.032298136646 5185.802484472049 
20541.86708074534 20570.003726708073 4380.171428571429 4408.308074534161 5032.059627329192 5060.1962732919255 
20554.95155279503 20582.932919254657 4460.342857142857 4488.324223602484 4817.032298136646 4845.013664596273 
20023.294409937887 20051.05838509317 4386.996273291926 4414.760248447205 4844.393788819876 4872.157763975155 
20157.821118012424 20186.429813664596 4397.839751552795 4426.448447204969 4599.690683229814 4628.299378881988 
20087.560248447204 20115.752795031054 4484.988819875776 4513.1813664596275 4700.945341614907 4729.1378881987575 
20575.160248447206 20603.942857142858 4457.135403726708 4485.91801242236 5118.980124223603 5147.762732919255 
20423.411180124225 20451.703105590062 4461.883229813665 4490.175155279503 5117.1813664596275 5145.473291925466 
19979.13913043478 20007.151552795032 4222.91552795031 4250.927950310559 4973.754037267081 5001.766459627329 
19667.24596273292 19695.127950310558 4336.009937888199 4363.8919254658385 4651.798757763975 4679.680745341615 
20256.155279503106 20284.701863354036 4440.472049689441 4469.018633540372 4773.428571428572 4801.975155279503 
20468.935403726708 20497.165217391303 4474.208695652174 4502.43850931677 4745.51304347826 4773.742857142857 
20493.791304347826 20522.735403726707 4163.3689440993785 4192.313043478261 4814.8037267080745 4843.747826086957 
20434.637267080747 20463.072049689443 4403.3950310559 4431.829813664596 4964.8049689440995 4993.239751552795 
20187.027329192548 20215.288198757764 4398.462111801242 4426.72298136646 4894.859627329192 4923.12049689441 
19756.904347826086 19784.463354037267 4405.699378881987 4433.258385093168 4815.755279503105 4843.314285714286 
20443.17391304348 20471.987577639753 4464.993788819876 4493.807453416149 5001.341614906833 5030.155279503106 
20097.160248447206 20125.06086956522 4418.725465838509 4446.626086956522 5002.222360248447 5030.1229813664595 
19769.208695652174 19797.0099378882 4447.4136645962735 4475.214906832298 4922.519254658385 4950.32049689441 
20617.793788819876 20646.94906832298 4495.098136645963 4524.2534161490685 5044.321739130435 5073.47701863354 
19955.58633540373 19983.791304347826 4516.990062111801 4545.1950310559005 4981.406211180124 5009.611180124223 
19882.905590062113 19911.365217391303 4618.694409937888 4647.154037267081 5206.191304347826 5234.650931677019 
