26013.11024390244 26041.661463414635 6144.622439024391 6173.173658536585 6844.559024390244 6873.110243902439 
26170.331707317073 26198.50731707317 6029.868292682927 6058.043902439024 6863.526829268293 6891.7024390243905 
26664.805853658538 26693.591219512196 6435.898536585366 6464.683902439025 6983.727804878049 7012.513170731708 
26043.381463414633 26071.61073170732 6134.947317073171 6163.1765853658535 6963.113170731707 6991.34243902439 
25571.123902439023 25598.46536585366 6085.78243902439 6113.123902439024 6456.9239024390245 6484.265365853658 
26249.587317073172 26277.98243902439 5990.094634146341 6018.4897560975605 6819.445853658536 6847.840975609756 
26304.63024390244 26332.791219512193 6069.376585365853 6097.53756097561 7140.264390243902 7168.425365853658 
26548.9043902439 26577.328780487805 6343.406829268292 6371.831219512195 6996.304390243902 7024.728780487805 
26234.441951219513 26262.72975609756 6323.159024390244 6351.446829268292 6978.807804878049 7007.0956097560975 
26130.843902439025 26159.263414634148 6153.941463414634 6182.360975609756 7063.239024390244 7091.658536585366 
26841.68780487805 26870.468292682926 6187.4292682926825 6216.209756097561 6648.8439024390245 6677.624390243903 
26227.77073170732 26255.980487804878 6094.829268292683 6123.039024390244 6834.409756097561 6862.619512195122 
25961.530731707317 25989.65268292683 6164.481951219512 6192.603902439025 6873.877073170732 6901.999024390244 
26973.837073170733 27002.29073170732 6298.71512195122 6327.168780487805 6709.763902439025 6738.21756097561 
26100.286829268294 26128.55512195122 5865.228292682927 5893.496585365853 6329.218536585366 6357.486829268292 
26425.440975609756 26453.840975609757 5887.758048780488 5916.158048780488 6811.962926829268 6840.362926829268 
25814.52 25842.890731707317 6166.061463414634 6194.432195121951 6724.6419512195125 6753.012682926829 
26360.07024390244 26388.00682926829 5953.309268292683 5981.245853658536 6474.943414634146 6502.88 
26654.88975609756 26683.523902439025 6110.855609756098 6139.4897560975605 6764.9239024390245 6793.558048780488 
26270.5843902439 26298.925853658537 6141.374634146341 6169.716097560976 6847.4185365853655 6875.76 
26492.789268292683 26521.096585365853 6208.828292682927 6237.135609756097 6740.238048780488 6768.545365853659 
26326.446829268294 26354.690731707316 6151.690731707317 6179.9346341463415 6503.749268292683 6531.993170731707 
26386.285853658537 26414.71024390244 6236.21756097561 6264.6419512195125 6948.495609756097 6976.92 
26794.690731707316 26823.363902439025 6071.339512195122 6100.012682926829 6895.22243902439 6923.895609756098 
26828.34536585366 26856.63804878049 6249.75512195122 6278.047804878049 6719.852682926829 6748.145365853658 
26350.252682926828 26378.16 6022.8136585365855 6050.720975609756 6811.994146341463 6839.901463414634 
26341.197073170733 26369.816585365854 6251.18243902439 6279.801951219512 6581.582439024391 6610.201951219512 
26673.59707317073 26702.162926829267 6002.728780487805 6031.294634146341 6756.187317073171 6784.7531707317075 
26300.511219512195 26328.725853658536 5921.120975609756 5949.335609756097 6341.189268292683 6369.403902439024 
26454.801951219513 26483.123902439023 6079.3580487804875 6107.68 7057.606829268293 7085.928780487805 
26095.623414634145 26123.886829268293 6243.8136585365855 6272.077073170732 7095.579512195122 7123.842926829268 
26412.60975609756 26441.268292682926 6095.69756097561 6124.356097560975 6780.282926829268 6808.941463414634 
26167.786341463416 26195.51317073171 5872.800975609756 5900.527804878049 6312.376585365853 6340.103414634146 
26605.375609756098 26633.863414634146 6110.034146341463 6138.521951219513 6759.858536585366 6788.346341463414 
25791.493658536587 25819.683902439025 6220.918048780488 6249.108292682927 6730.337560975609 6758.527804878049 
26390.732682926828 26419.191219512195 6168.0253658536585 6196.483902439024 7180.825365853659 7209.283902439024 
26685.0 26713.039024390244 6112.931707317073 6140.970731707317 6569.5609756097565 6597.6 
26334.13073170732 26362.691707317073 6147.203902439024 6175.764878048781 6996.9746341463415 7025.535609756098 
26283.083902439026 26311.54243902439 6201.791219512195 6230.249756097561 7086.630243902439 7115.088780487805 
25931.72292682927 25959.688780487806 6311.659512195122 6339.625365853659 6648.908292682927 6676.8741463414635 
26275.495609756097 26303.954146341464 6046.305365853658 6074.763902439025 7166.905365853659 7195.363902439024 
26030.252682926828 26058.594146341464 6239.911219512195 6268.252682926829 7172.599024390244 7200.940487804878 
26132.653658536587 26160.668292682927 6082.726829268293 6110.741463414634 6647.087804878049 6675.10243902439 
26419.965853658538 26448.09268292683 6104.951219512195 6133.078048780488 6815.209756097561 6843.336585365853 
25937.639024390242 25965.346341463413 6168.7121951219515 6196.419512195122 6655.536585365854 6683.243902439024 
25643.051707317074 25671.198048780487 5991.744390243903 6019.890731707317 6630.539512195122 6658.685853658537 
26335.678048780486 26364.60487804878 6337.356097560975 6366.282926829268 6740.678048780488 6769.604878048781 
26550.774634146343 26579.26243902439 6071.618536585366 6100.1063414634145 6862.545365853659 6891.033170731707 
26328.73756097561 26356.55707317073 6189.957073170732 6217.776585365854 6588.820487804878 6616.64 
26653.601951219513 26682.245853658536 6108.943414634146 6137.587317073171 6880.953170731707 6909.597073170732 
