21246.85476190476 21275.015476190478 4811.759523809524 4839.920238095238 5275.092857142857 5303.253571428571 
20834.37738095238 20862.508333333335 4786.591666666666 4814.722619047619 5334.782142857143 5362.913095238096 
20819.29642857143 20846.957142857143 4757.725 4785.385714285714 5322.141666666666 5349.802380952381 
21525.998809523808 21554.082142857143 4713.635714285714 4741.719047619048 5134.9154761904765 5162.9988095238095 
20938.14523809524 20966.133333333335 4591.990476190476 4619.978571428572 5247.228571428572 5275.216666666666 
21074.92142857143 21103.213095238094 4631.939285714286 4660.230952380953 5403.671428571429 5431.963095238095 
21279.884523809524 21308.753571428573 4739.152380952381 4768.021428571428 5279.205952380952 5308.075 
21503.079761904763 21531.69880952381 4590.335714285714 4618.954761904762 4777.3892857142855 4806.008333333333 
21505.460714285713 21534.115476190476 4665.0142857142855 4693.669047619048 5303.020238095238 5331.675 
21065.42142857143 21093.623809523808 4669.653571428571 4697.855952380953 5032.314285714286 5060.516666666666 
20927.484523809522 20955.883333333335 4780.460714285714 4808.859523809524 5449.282142857143 5477.6809523809525 
20962.564285714285 20990.760714285716 4852.588095238095 4880.784523809524 5417.314285714286 5445.510714285714 
21541.17619047619 21569.140476190478 4695.634523809524 4723.59880952381 5052.033333333334 5079.997619047619 
21267.134523809524 21295.902380952382 4733.1940476190475 4761.961904761904 5019.09880952381 5047.866666666667 
21161.246428571427 21189.22857142857 4753.996428571429 4781.978571428572 5273.698809523809 5301.6809523809525 
21097.47738095238 21125.70357142857 4627.304761904762 4655.530952380952 5150.8345238095235 5179.060714285714 
21491.683333333334 21520.14761904762 4686.189285714286 4714.653571428571 5192.742857142857 5221.207142857143 
21715.27380952381 21744.053571428572 4895.113095238095 4923.892857142857 5300.428571428572 5329.208333333333 
20977.378571428573 21005.49761904762 4602.842857142857 4630.961904761904 5005.45 5033.5690476190475 
21104.079761904763 21131.907142857144 4499.895238095238 4527.722619047619 5183.436904761905 5211.2642857142855 
21570.72380952381 21599.533333333333 4783.807142857143 4812.616666666667 5472.0690476190475 5500.878571428571 
21633.670238095237 21662.37261904762 4668.051190476191 4696.753571428571 5581.765476190476 5610.467857142857 
21251.307142857142 21279.670238095237 4555.164285714286 4583.527380952381 5371.188095238095 5399.551190476191 
21178.436904761904 21206.41904761905 4433.061904761905 4461.044047619048 5524.270238095238 5552.252380952381 
20941.530952380952 20968.85238095238 4708.929761904762 4736.2511904761905 4875.4 4902.721428571429 
21379.738095238095 21407.67261904762 4768.4702380952385 4796.4047619047615 5049.035714285715 5076.9702380952385 
21598.644047619047 21627.435714285715 4826.280952380952 4855.072619047619 5723.846428571429 5752.638095238095 
20294.92738095238 20322.058333333334 4575.379761904762 4602.510714285714 5357.225 5384.355952380953 
21148.764285714286 21177.085714285713 4655.853571428572 4684.175 5125.4309523809525 5153.752380952381 
20858.939285714285 20886.963095238094 4578.802380952381 4606.82619047619 5341.641666666666 5369.6654761904765 
21446.361904761903 21475.064285714285 4869.588095238095 4898.2904761904765 5458.85 5487.552380952381 
21225.45238095238 21254.119047619046 4707.214285714285 4735.880952380952 5153.011904761905 5181.678571428572 
21106.167857142857 21134.405952380952 4777.090476190476 4805.328571428571 4965.263095238095 4993.5011904761905 
21645.089285714286 21673.571428571428 4839.827380952381 4868.309523809524 5371.589285714285 5400.071428571428 
21415.998809523808 21445.1 4749.153571428571 4778.254761904762 5420.213095238095 5449.314285714286 
21053.633333333335 21081.788095238095 4652.913095238096 4681.067857142857 5365.288095238096 5393.442857142857 
21136.710714285713 21164.69880952381 4656.020238095238 4684.008333333333 5172.008333333333 5199.996428571429 
21308.6 21337.14761904762 4711.171428571429 4739.719047619048 5146.219047619048 5174.766666666666 
21243.49761904762 21271.795238095237 4468.533333333334 4496.830952380952 5110.295238095238 5138.592857142857 
21865.22380952381 21893.717857142856 4580.557142857143 4609.051190476191 5269.890476190476 5298.384523809524 
21557.67976190476 21586.501190476192 4703.554761904762 4732.3761904761905 5194.239285714286 5223.060714285714 
21325.76785714286 21354.154761904763 4617.821428571428 4646.208333333333 5636.934523809524 5665.321428571428 
21316.313095238096 21344.741666666665 4787.205952380952 4815.634523809524 5150.9440476190475 5179.372619047619 
20717.361904761903 20744.457142857143 4572.32619047619 4599.421428571429 4930.564285714286 4957.659523809524 
21538.57857142857 21567.215476190475 4724.132142857143 4752.769047619047 5319.578571428571 5348.215476190476 
21311.84880952381 21340.277380952382 4640.4440476190475 4668.872619047619 5294.515476190476 5322.9440476190475 
20740.765476190478 20768.60476190476 4632.259523809524 4660.09880952381 5137.551190476191 5165.390476190476 
20612.545238095237 20640.717857142856 4679.717857142857 4707.890476190476 5151.854761904762 5180.027380952381 
21579.01785714286 21607.42261904762 4679.089285714285 4707.494047619048 4971.815476190476 5000.2202380952385 
21392.216666666667 21421.121428571427 4639.978571428572 4668.883333333333 5289.204761904762 5318.109523809524 
