14121.49649122807 14150.294736842105 2693.601754385965 2722.4 3071.8122807017544 3100.6105263157897 
13819.505263157895 13848.11052631579 2662.987719298246 2691.5929824561404 3202.101754385965 3230.70701754386 
13571.247368421053 13599.080701754387 2535.019298245614 2562.8526315789472 3039.194736842105 3067.0280701754386 
13641.798245614034 13669.82456140351 2693.9210526315787 2721.9473684210525 3198.780701754386 3226.8070175438597 
13591.515789473684 13620.156140350877 2696.936842105263 2725.577192982456 2951.778947368421 2980.419298245614 
13860.956140350878 13889.657894736842 2529.0701754385964 2557.7719298245615 2904.3947368421054 2933.09649122807 
14157.547368421052 14186.88947368421 2623.5649122807017 2652.9070175438596 2865.00350877193 2894.3456140350877 
14291.428070175438 14320.480701754386 2677.5684210526315 2706.621052631579 2953.4456140350876 2982.498245614035 
13505.012280701754 13532.82807017544 2750.5298245614035 2778.3456140350877 3006.573684210526 3034.3894736842103 
14049.466666666667 14078.01052631579 2772.70350877193 2801.2473684210527 3086.098245614035 3114.642105263158 
14045.368421052632 14073.666666666666 2800.5701754385964 2828.8684210526317 3000.8947368421054 3029.1929824561403 
13895.247368421053 13923.563157894738 2710.519298245614 2738.8350877192984 3078.0894736842106 3106.4052631578948 
13551.677192982455 13579.887719298245 2469.6157894736843 2497.8263157894735 3170.343859649123 3198.5543859649124 
13940.371929824561 13968.415789473684 2618.801754385965 2646.8456140350877 2863.161403508772 2891.205263157895 
14262.21754385965 14291.112280701755 2643.024561403509 2671.919298245614 3037.3228070175437 3066.217543859649 
13886.859649122807 13914.82456140351 2676.815789473684 2704.780701754386 2994.6491228070176 3022.6140350877195 
13822.67192982456 13851.198245614036 2570.2245614035087 2598.7508771929824 2978.180701754386 3006.70701754386 
13985.410526315789 14014.375438596491 2485.463157894737 2514.4280701754387 3112.638596491228 3141.6035087719297 
14204.29298245614 14233.319298245615 2581.924561403509 2610.9508771929823 2817.012280701754 2846.038596491228 
14076.664912280701 14105.71754385965 2644.6912280701754 2673.743859649123 3030.1736842105265 3059.2263157894736 
13754.359649122807 13782.701754385966 2661.9298245614036 2690.2719298245615 2982.5701754385964 3010.9122807017543 
13624.254385964912 13651.745614035088 2492.061403508772 2519.5526315789475 3210.7982456140353 3238.2894736842104 
14071.21754385965 14100.322807017545 2600.7614035087718 2629.866666666667 3033.8140350877193 3062.919298245614 
13452.031578947368 13479.926315789473 2532.917543859649 2560.8122807017544 2934.9438596491227 2962.838596491228 
14188.924561403508 14217.468421052632 2715.5298245614035 2744.073684210526 3012.9070175438596 3041.4508771929823 
14186.035087719298 14215.070175438597 2622.1140350877195 2651.1491228070176 2680.4912280701756 2709.5263157894738 
13893.270175438596 13921.331578947369 2623.29649122807 2651.357894736842 2784.7087719298247 2812.7701754385967 
13832.726315789474 13861.401754385965 2722.9456140350876 2751.621052631579 3083.1122807017546 3111.7877192982455 
13507.073684210527 13534.766666666666 2634.6175438596492 2662.3105263157895 2857.8280701754384 2885.521052631579 
13895.00701754386 13923.79649122807 2632.375438596491 2661.1649122807016 2985.1649122807016 3013.9543859649125 
13651.32807017544 13679.61754385965 2476.073684210526 2504.363157894737 2966.222807017544 2994.512280701754 
13763.143859649123 13791.363157894737 2559.722807017544 2587.942105263158 2916.915789473684 2945.135087719298 
13561.833333333334 13590.017543859649 2590.184210526316 2618.3684210526317 3025.4122807017543 3053.59649122807 
13734.598245614035 13763.229824561404 2660.4929824561405 2689.124561403509 2895.5456140350875 2924.1771929824563 
13966.236842105263 13994.701754385966 2745.245614035088 2773.7105263157896 3110.2719298245615 3138.7368421052633 
13987.5 14015.842105263158 2613.0175438596493 2641.3596491228072 2951.3947368421054 2979.7368421052633 
14237.635087719298 14266.845614035088 2915.363157894737 2944.573684210526 3290.19649122807 3319.4070175438596 
14068.88245614035 14097.742105263158 2574.1543859649123 2603.014035087719 2851.8122807017544 2880.6719298245616 
13544.964912280702 13573.043859649122 2606.3859649122805 2634.464912280702 2863.8596491228072 2891.938596491228 
13683.656140350877 13711.770175438596 2631.3140350877193 2659.4280701754387 3168.217543859649 3196.3315789473686 
14122.187719298247 14150.942105263159 2727.8368421052633 2756.5912280701755 2824.380701754386 2853.135087719298 
13678.470175438597 13706.373684210526 2550.99649122807 2578.9 2994.978947368421 3022.8824561403508 
13895.21754385965 13923.322807017545 2795.2701754385967 2823.375438596491 3096.4105263157894 3124.5157894736844 
14021.354385964913 14049.98596491228 2733.3456140350877 2761.977192982456 3003.582456140351 3032.2140350877194 
14153.336842105264 14182.082456140351 2564.9070175438596 2593.6526315789474 3149.2842105263157 3178.0298245614035 
13807.719298245614 13836.473684210527 2555.6929824561403 2584.4473684210525 3157.2280701754385 3185.9824561403507 
13801.938596491229 13830.052631578947 2599.5877192982457 2627.7017543859647 2993.780701754386 3021.8947368421054 
13801.742105263158 13829.733333333334 2673.0052631578947 2700.99649122807 2727.8824561403508 2755.8736842105263 
13859.743859649123 13888.085964912281 2609.577192982456 2637.919298245614 2916.340350877193 2944.682456140351 
13944.705263157895 13972.345614035088 2483.257894736842 2510.898245614035 3029.79298245614 3057.4333333333334 
