5707.581481481481 5736.451851851852 540.9518518518519 569.8222222222222 742.4333333333333 771.3037037037037 
5480.188888888889 5509.225925925926 495.0962962962963 524.1333333333333 646.8185185185185 675.8555555555556 
5605.762962962963 5634.188888888889 621.3555555555556 649.7814814814815 855.3925925925926 883.8185185185185 
5655.292592592593 5683.940740740741 554.9407407407407 583.5888888888888 783.1074074074074 811.7555555555556 
5871.748148148148 5901.211111111111 537.3518518518518 566.8148148148148 818.562962962963 848.0259259259259 
5845.733333333334 5874.566666666667 513.437037037037 542.2703703703704 744.437037037037 773.2703703703704 
5442.455555555555 5471.381481481481 583.3814814814815 612.3074074074074 685.7148148148148 714.6407407407407 
5558.437037037037 5586.603703703704 561.5481481481481 589.7148148148148 755.6222222222223 783.7888888888889 
5505.77037037037 5534.066666666667 500.2518518518518 528.5481481481481 716.1037037037037 744.4 
5818.492592592593 5846.511111111111 493.6962962962963 521.7148148148148 674.937037037037 702.9555555555555 
5594.711111111111 5622.711111111111 613.9518518518519 641.9518518518519 817.1925925925926 845.1925925925926 
5456.9111111111115 5485.114814814815 503.4851851851852 531.6888888888889 642.5037037037036 670.7074074074075 
5749.7444444444445 5778.614814814815 526.3 555.1703703703704 832.337037037037 861.2074074074075 
5600.1518518518515 5627.762962962963 417.92962962962963 445.5407407407407 555.1888888888889 582.8 
5722.34074074074 5750.581481481481 474.7481481481482 502.9888888888889 769.5259259259259 797.7666666666667 
5291.311111111111 5318.329629629629 445.8666666666667 472.8851851851852 500.9037037037037 527.9222222222222 
5652.762962962963 5682.170370370371 510.68888888888887 540.0962962962963 607.762962962963 637.1703703703704 
5529.07037037037 5556.681481481482 436.162962962963 463.77407407407406 653.9222222222222 681.5333333333333 
5385.266666666666 5412.618518518519 479.06296296296296 506.4148148148148 606.1555555555556 633.5074074074074 
5520.096296296297 5548.040740740741 514.0407407407407 541.9851851851852 644.0592592592593 672.0037037037036 
5478.4 5506.918518518519 583.9555555555555 612.4740740740741 636.9185185185186 665.437037037037 
5927.433333333333 5956.303703703704 506.76666666666665 535.6370370370371 739.5444444444445 768.4148148148148 
5508.551851851852 5536.940740740741 482.7 511.0888888888889 702.8481481481482 731.237037037037 
5750.555555555556 5778.907407407408 626.3703703703703 654.7222222222222 792.4074074074074 820.7592592592592 
5655.196296296296 5683.992592592593 608.9555555555555 637.7518518518518 875.5296296296297 904.325925925926 
5556.029629629629 5583.918518518519 443.3074074074074 471.1962962962963 576.0666666666667 603.9555555555555 
5387.977777777778 5416.107407407408 445.4962962962963 473.6259259259259 706.237037037037 734.3666666666667 
5796.333333333333 5825.592592592592 603.2592592592592 632.5185185185185 696.6666666666666 725.925925925926 
5560.837037037037 5589.170370370371 615.1333333333333 643.4666666666667 667.5037037037036 695.837037037037 
5978.125925925926 6007.607407407408 548.6259259259259 578.1074074074074 740.3111111111111 769.7925925925925 
5489.111111111111 5516.592592592592 506.01851851851853 533.5 661.2592592592592 688.7407407407408 
5618.903703703703 5647.885185185185 506.5888888888889 535.5703703703704 745.6814814814815 774.662962962963 
5355.677777777778 5382.696296296296 501.0851851851852 528.1037037037037 628.2703703703704 655.2888888888889 
5702.303703703704 5730.248148148148 588.9333333333333 616.8777777777777 639.3407407407408 667.2851851851852 
5579.477777777778 5608.014814814815 489.1074074074074 517.6444444444444 834.2185185185185 862.7555555555556 
5983.6407407407405 6013.15925925926 615.0666666666667 644.5851851851852 811.2333333333333 840.7518518518518 
5720.688888888889 5748.9111111111115 489.2074074074074 517.4296296296296 785.2814814814815 813.5037037037036 
5574.788888888889 5603.65925925926 611.9925925925926 640.8629629629629 766.9740740740741 795.8444444444444 
5442.285185185186 5470.303703703704 518.1 546.1185185185185 625.8037037037037 653.8222222222222 
5701.72962962963 5731.433333333333 522.562962962963 552.2666666666667 862.1 891.8037037037037 
5516.125925925926 5543.922222222222 585.5518518518519 613.3481481481482 668.1259259259259 695.9222222222222 
5543.84074074074 5571.914814814815 598.1925925925926 626.2666666666667 668.8037037037037 696.8777777777777 
5573.959259259259 5602.181481481482 500.4037037037037 528.6259259259259 630.8111111111111 659.0333333333333 
5282.940740740741 5311.533333333334 490.4592592592593 519.0518518518519 724.8296296296296 753.4222222222222 
5602.737037037037 5631.551851851852 509.9222222222222 538.737037037037 635.1074074074074 663.9222222222222 
5812.622222222222 5841.196296296296 482.1777777777778 510.7518518518518 611.9185185185186 640.4925925925926 
5687.3592592592595 5715.3592592592595 591.8222222222222 619.8222222222222 817.1370370370371 845.1370370370371 
5656.366666666667 5684.162962962963 550.3851851851852 578.1814814814815 643.0333333333333 670.8296296296296 
5346.529629629629 5374.474074074074 504.7888888888889 532.7333333333333 770.5666666666667 798.5111111111111 
5557.233333333334 5585.77037037037 558.0481481481481 586.5851851851852 757.1222222222223 785.6592592592592 
