6848.787301587302 6877.692063492063 781.3587301587302 810.2634920634921 1056.231746031746 1085.136507936508 
6779.619047619048 6807.285714285715 789.5873015873016 817.2539682539683 1177.5396825396826 1205.2063492063492 
6859.047619047619 6886.6984126984125 734.2063492063492 761.8571428571429 872.1428571428571 899.7936507936508 
7159.507936507936 7189.0 852.4761904761905 881.968253968254 958.4444444444445 987.936507936508 
6788.187301587302 6816.155555555555 797.4888888888889 825.4571428571429 1068.0444444444445 1096.0126984126985 
6624.092063492063 6651.536507936508 752.8222222222222 780.2666666666667 953.2825396825397 980.7269841269841 
6862.530158730158 6891.196825396825 810.4507936507937 839.1174603174603 1112.7047619047619 1141.3714285714286 
6707.082539682539 6735.003174603175 921.9238095238095 949.8444444444444 1035.0349206349206 1062.9555555555555 
6944.825396825397 6972.984126984127 783.2380952380952 811.3968253968254 1055.1904761904761 1083.3492063492063 
6805.771428571428 6833.739682539683 772.7396825396826 800.7079365079366 1067.8825396825396 1095.8507936507935 
7012.971428571429 7041.415873015873 849.0666666666667 877.5111111111111 1091.7492063492064 1120.1936507936507 
6712.6349206349205 6740.730158730159 810.5873015873016 838.6825396825396 905.6031746031746 933.6984126984127 
7022.822222222222 7052.139682539682 918.3619047619047 947.6793650793651 917.631746031746 946.9492063492063 
6707.0603174603175 6734.631746031746 702.6 730.1714285714286 912.0285714285715 939.6 
6985.136507936508 7013.469841269842 825.5174603174603 853.8507936507937 1019.152380952381 1047.4857142857143 
6929.206349206349 6957.6984126984125 825.936507936508 854.4285714285714 870.2380952380952 898.7301587301587 
6579.873015873016 6607.746031746032 708.0952380952381 735.968253968254 854.4603174603175 882.3333333333334 
6996.990476190476 7026.069841269841 770.6095238095238 799.6888888888889 1106.4666666666667 1135.5460317460318 
6960.31746031746 6989.555555555556 782.2857142857143 811.5238095238095 1025.095238095238 1054.3333333333333 
6625.676190476191 6653.739682539683 769.5650793650793 797.6285714285714 956.4857142857143 984.5492063492063 
6845.219047619048 6873.377777777778 816.3460317460317 844.504761904762 1111.647619047619 1139.8063492063493 
6732.476190476191 6761.142857142857 910.3492063492064 939.015873015873 1137.2539682539682 1165.920634920635 
6755.371428571429 6784.260317460317 862.9904761904762 891.8793650793651 1079.768253968254 1108.6571428571428 
7109.292063492064 7137.688888888889 649.0063492063492 677.4031746031746 925.9111111111112 954.3079365079365 
6834.479365079365 6862.765079365079 777.9079365079365 806.1936507936508 1139.7968253968254 1168.0825396825396 
6635.0888888888885 6662.88253968254 767.8190476190476 795.6126984126984 833.168253968254 860.9619047619047 
7009.853968253969 7038.504761904762 750.2190476190476 778.8698412698412 975.4253968253968 1004.0761904761905 
6931.279365079365 6959.326984126984 867.8190476190476 895.8666666666667 946.9142857142857 974.9619047619047 
7003.625396825397 7032.720634920635 824.2603174603174 853.3555555555556 959.6412698412698 988.7365079365079 
6898.307936507937 6926.498412698413 868.9746031746032 897.1650793650794 1102.863492063492 1131.0539682539682 
6887.787301587302 6916.4857142857145 824.9142857142857 853.6126984126984 968.5015873015873 997.2 
6958.019047619047 6986.066666666667 780.4730158730159 808.520634920635 981.8126984126984 1009.8603174603174 
6747.933333333333 6775.7904761904765 716.4095238095238 744.2666666666667 982.3301587301587 1010.1873015873016 
6796.3015873015875 6824.190476190476 894.7301587301587 922.6190476190476 912.8571428571429 940.7460317460317 
6787.409523809524 6815.3301587301585 633.4253968253968 661.3460317460317 791.1714285714286 819.0920634920635 
6375.774603174603 6403.996825396825 665.504761904762 693.7269841269841 1098.3301587301587 1126.5523809523809 
6834.304761904762 6862.542857142857 693.0031746031746 721.2412698412699 996.3206349206349 1024.5587301587302 
7009.403174603174 7038.022222222222 767.9428571428572 796.5619047619048 1052.2444444444445 1080.863492063492 
6983.139682539682 7010.965079365079 837.0603174603175 864.8857142857142 880.9968253968254 908.8222222222222 
7039.9682539682535 7068.507936507936 831.4603174603175 860.0 891.1904761904761 919.7301587301587 
6768.701587301587 6797.622222222222 834.9079365079365 863.8285714285714 966.2730158730159 995.1936507936508 
6711.768253968254 6739.228571428572 859.3238095238095 886.7841269841269 1085.2126984126985 1112.6730158730159 
6670.92380952381 6698.701587301587 835.0190476190476 862.7968253968254 1126.4634920634921 1154.2412698412697 
7388.396825396825 7418.666666666667 1040.8412698412699 1071.111111111111 1077.3015873015872 1107.5714285714287 
6851.231746031746 6879.961904761904 734.0412698412698 762.7714285714286 939.5968253968254 968.3269841269841 
6673.692063492063 6701.279365079365 891.2793650793651 918.8666666666667 1045.8031746031745 1073.3904761904762 
6793.422222222222 6821.803174603175 699.1206349206349 727.5015873015873 936.6761904761905 965.0571428571428 
6748.3936507936505 6776.473015873016 745.0603174603175 773.1396825396826 1007.4888888888889 1035.5682539682539 
7126.590476190476 7155.368253968254 725.0825396825397 753.8603174603174 1096.5746031746032 1125.352380952381 
6578.631746031746 6605.917460317461 715.8380952380952 743.1238095238095 942.4888888888889 969.7746031746032 
