40604.18415841584 40633.12805280528 10290.042244224422 10318.986138613862 11216.827722772277 11245.771617161716 
39554.09570957096 39582.214521452144 9895.712871287129 9923.831683168317 10860.75907590759 10888.877887788778 
39299.349174917494 39327.12475247525 9925.458085808581 9953.233663366336 10451.557095709572 10479.332673267327 
39359.97425742574 39387.987458745876 9963.545214521451 9991.558415841584 11507.898349834984 11535.911551155115 
39662.78283828383 39690.87524752475 10007.89504950495 10035.987458745874 10710.799339933994 10738.891749174918 
39880.359735973594 39909.08910891089 10046.920792079209 10075.650165016501 11096.415841584158 11125.145214521452 
39374.81452145214 39403.2699669967 9892.144554455446 9920.6 11056.217161716171 11084.672607260725 
39792.11287128713 39820.60462046204 9950.779537953795 9979.271287128713 10985.865346534654 11014.35709570957 
39208.63102310231 39236.33069306931 10011.013861386138 10038.713531353136 10712.040264026402 10739.7399339934 
39552.008580858084 39580.28910891089 9873.850165016502 9902.130693069306 10868.90297029703 10897.183498349836 
40079.43168316832 40107.824422442245 9962.2699669967 9990.662706270627 10949.052145214522 10977.444884488448 
39994.66732673268 40023.11287128713 9984.106270627062 10012.551815181518 10583.64092409241 10612.086468646865 
39380.54257425742 39408.49306930693 9644.53597359736 9672.486468646865 10710.182838283828 10738.133333333333 
39399.78085808581 39428.2 9887.929372937293 9916.348514851485 10443.1900990099 10471.609240924092 
39228.15907590759 39256.22178217822 9565.548514851485 9593.611221122112 10607.066666666668 10635.129372937294 
39757.98943894389 39786.12145214521 9899.342574257425 9927.474587458746 10515.22706270627 10543.35907590759 
39466.792079207924 39494.94059405941 9749.320132013201 9777.468646864687 10592.584158415842 10620.732673267326 
39262.74455445544 39290.652145214524 9858.437623762376 9886.345214521452 10423.68514851485 10451.592739273927 
40577.341254125415 40606.39735973597 9909.387458745874 9938.443564356436 11158.453465346534 11187.509570957096 
38866.723432343235 38894.74323432343 9784.172277227723 9812.19207920792 10580.898349834984 10608.918151815182 
40087.139273927394 40115.825742574256 10101.561716171616 10130.248184818482 11047.320792079208 11076.007260726072 
39412.8198019802 39441.027722772276 9859.783498349834 9887.991419141914 11061.859405940593 11090.067326732673 
39946.39339933993 39974.766336633664 9679.898349834984 9708.271287128713 10770.904950495049 10799.27788778878 
39869.84818481848 39897.85478547855 9781.452145214522 9809.458745874588 11021.831683168317 11049.838283828383 
39706.87326732673 39735.57293729373 9618.137293729373 9646.836963696369 11006.73795379538 11035.437623762376 
39288.69438943894 39317.02112211221 9755.836303630364 9784.163036303631 11035.443564356436 11063.770297029703 
38729.94851485149 38757.65808580858 9751.882508250825 9779.592079207921 10576.06402640264 10603.773597359736 
39462.3900990099 39490.591419141914 10153.515511551155 10181.716831683168 10773.436303630364 10801.637623762375 
39554.42640264027 39582.76303630363 9646.555115511552 9674.891749174918 10694.67392739274 10723.010561056106 
39898.54125412541 39927.11551155116 9687.950495049505 9716.524752475247 10559.198019801981 10587.772277227723 
39731.942574257424 39759.87326732673 9708.79405940594 9736.724752475247 10714.632343234323 10742.56303630363 
40253.84092409241 40282.30297029703 10028.210561056105 10056.672607260725 11177.83102310231 11206.29306930693 
39793.03498349835 39821.520132013204 10033.81386138614 10062.29900990099 10743.625742574257 10772.110891089109 
40169.29108910891 40198.205280528055 10013.304290429043 10042.218481848186 11048.32409240924 11077.238283828383 
40188.522772277225 40217.539273927396 9915.905610561056 9944.922112211221 10870.34785478548 10899.364356435644 
40051.23498349835 40080.000660066005 9901.987458745874 9930.753135313531 10981.733333333334 11010.49900990099 
40006.46732673267 40035.36501650165 10014.780858085809 10043.678547854786 10648.246204620462 10677.143894389439 
39159.70231023102 39187.28316831683 9833.022442244224 9860.603300330033 10474.847524752475 10502.428382838283 
39066.66864686469 39094.77755775578 9847.384818481849 9875.493729372938 10667.800660066006 10695.909570957096 
39537.372277227725 39565.53399339934 9542.246864686469 9570.408580858086 10502.854125412541 10531.015841584158 
40008.333333333336 40036.73597359736 9937.250825082509 9965.653465346535 10831.17491749175 10859.577557755776 
39407.790759075906 39435.929372937295 9953.388118811881 9981.526732673266 10946.249504950494 10974.388118811881 
39903.1194719472 39931.29768976898 9734.99405940594 9763.172277227723 10489.33399339934 10517.512211221123 
40428.907590759074 40457.56765676568 9851.386138613861 9880.046204620461 10770.46204620462 10799.122112211222 
40044.86930693069 40073.36765676567 9975.984818481847 10004.483168316832 11134.390759075908 11162.889108910891 
39787.70429042904 39816.22574257426 9791.070627062707 9819.592079207921 11293.18613861386 11321.707590759075 
40081.54125412541 40110.12211221122 9760.211221122112 9788.79207920792 11058.0 11086.580858085808 
39318.310231023104 39346.24752475248 10118.706270627063 10146.643564356436 10378.452145214522 10406.389438943894 
40007.038283828384 40035.62904290429 9824.140594059407 9852.731353135314 11033.272607260726 11061.863366336634 
40004.63630363037 40033.319471947194 9981.540594059406 10010.223762376238 11448.619801980198 11477.302970297029 
