34923.39704797048 34951.6110701107 8750.80295202952 8779.016974169741 9931.540959409595 9959.754981549815 
35094.64206642067 35122.60147601476 8368.247232472324 8396.206642066421 9216.630996309963 9244.590405904059 
36074.31291512915 36103.26863468635 8864.478966789668 8893.434686346864 9637.888560885609 9666.844280442805 
35288.16752767528 35316.68044280443 8582.757933579336 8611.270848708487 9341.750553505535 9370.263468634686 
35553.03837638377 35581.48487084871 8619.554981549816 8648.00147601476 9591.470110701108 9619.916605166052 
35013.573431734316 35041.451660516606 8563.938745387453 8591.816974169742 9036.964575645756 9064.842804428044 
35704.987453874535 35733.26420664207 8583.633210332104 8611.909963099632 9533.69225092251 9561.969003690037 
35238.68191881919 35266.60073800738 8513.89963099631 8541.818450184503 9488.656088560885 9516.574907749078 
34732.12546125461 34759.988929889296 8839.29151291513 8867.154981549815 9689.40590405904 9717.269372693727 
35575.85092250923 35604.41549815498 8580.142435424354 8608.707011070112 9383.743911439115 9412.30848708487 
34996.10922509225 35024.35276752768 8700.629520295202 8728.873062730627 9472.275276752767 9500.518819188192 
35529.4110701107 35557.93505535055 8639.256088560885 8667.780073800737 9591.695202952029 9620.219188191882 
35703.81918819188 35732.49446494465 8696.830258302583 8725.50553505535 9409.549815498154 9438.225092250923 
35397.48044280443 35426.155719557195 8674.458302583025 8703.133579335794 9538.930627306274 9567.60590405904 
34872.827306273066 34900.62804428044 8625.583763837638 8653.38450184502 9231.635424354243 9259.436162361624 
34976.616974169745 35005.01549815498 8700.10405904059 8728.502583025831 9550.015498154982 9578.414022140221 
36253.48413284133 36282.43247232473 8962.310701107011 8991.259040590407 9995.008118081181 10023.956457564576 
35257.633948339484 35285.66346863469 8720.025092250922 8748.054612546126 9605.984501845018 9634.014022140222 
36114.906273062734 36143.40811808118 8818.212546125462 8846.71439114391 9776.149815498155 9804.651660516605 
35372.81328413284 35401.14538745387 8521.971955719557 8550.30405904059 9291.451660516605 9319.783763837639 
35423.030258302584 35451.10405904059 8562.29963099631 8590.373431734317 9417.417712177123 9445.491512915129 
35304.92177121771 35333.63025830258 8361.453136531365 8390.161623616235 9626.327675276752 9655.036162361625 
35441.72472324723 35469.87601476015 8667.946125461254 8696.09741697417 9243.182287822878 9271.333579335793 
35006.64206642067 35034.52767527675 8405.416974169742 8433.30258302583 9115.154981549815 9143.040590405904 
35267.87822878229 35296.23616236162 8760.664206642066 8789.022140221403 9783.047970479705 9811.40590405904 
34705.926937269374 34734.052398523985 8400.727675276752 8428.853136531365 9652.786715867158 9680.91217712177 
35545.62361623616 35573.94095940959 8613.682656826568 8642.0 9798.372693726937 9826.690036900369 
35414.14022140222 35442.19926199262 8596.0110701107 8624.070110701106 10030.830258302583 10058.88929889299 
35449.72472324723 35478.030996309964 8677.09372693727 8705.4 9841.20442804428 9869.51070110701 
34917.70184501845 34946.04132841328 8800.70922509225 8829.048708487086 9530.015498154982 9558.354981549815 
34911.01992619926 34939.3889298893 8470.783763837639 8499.152767527676 9501.687822878228 9530.056826568265 
35646.16974169742 35674.68265682657 8805.040590405904 8833.553505535056 9584.830258302583 9613.343173431735 
35420.75498154981 35449.43394833949 8801.817712177122 8830.49667896679 10138.160885608857 10166.839852398523 
35106.89151291513 35135.30110701107 8384.950553505536 8413.360147601476 9168.563099630996 9196.972693726937 
35670.51808118081 35698.931365313656 8644.20811808118 8672.621402214023 9758.167527675278 9786.580811808119 
35777.6 35806.07601476015 8477.766051660517 8506.242066420664 9235.773431734317 9264.249446494465 
34629.16236162362 34657.118081180815 8639.284132841329 8667.239852398525 9237.80073800738 9265.756457564576 
34756.9594095941 34784.675276752765 8384.468634686347 8412.184501845019 9336.357933579337 9364.073800738008 
35197.51586715867 35225.571217712175 8720.70405904059 8748.759409594097 9521.69667896679 9549.752029520296 
34512.7446494465 34540.323985239855 8520.508487084871 8548.08782287823 9254.069372693726 9281.648708487084 
35142.78302583026 35171.10036900369 8676.502583025831 8704.819926199261 9368.439852398524 9396.757195571956 
35113.92177121771 35142.08044280443 8822.360885608856 8850.519557195572 9324.892250922509 9353.050922509225 
36747.62435424354 36777.137269372695 8649.473062730627 8678.985977859778 9534.838376383765 9564.351291512916 
35271.02287822878 35298.949077490775 8737.720295202953 8765.646494464945 9275.941697416974 9303.867896678967 
34858.08782287823 34885.96236162361 8676.608118081182 8704.482656826569 9701.515867158672 9729.39040590406 
35558.30184501845 35586.43468634686 8742.715129151291 8770.847970479705 9411.759409594097 9439.892250922509 
35171.360147601474 35199.5815498155 8686.441328413284 8714.662730627306 9367.991143911438 9396.212546125462 
35397.27084870849 35425.87970479705 8555.359409594095 8583.968265682657 9548.09372693727 9576.70258302583 
35183.24870848709 35211.27453874539 8617.724723247233 8645.750553505535 9943.30405904059 9971.329889298893 
35157.39557195572 35185.91955719557 8413.041328413285 8441.565313653136 9710.247970479704 9738.771955719558 
