24608.31030927835 24636.196907216494 5629.00618556701 5656.8927835051545 6227.836082474227 6255.722680412371 
24822.428865979382 24850.686597938144 5607.439175257732 5635.696907216495 6257.39793814433 6285.655670103093 
24402.713402061854 24431.105154639175 5672.69793814433 5701.089690721649 6796.445360824742 6824.837113402062 
24885.853608247424 24914.265979381442 5747.611340206186 5776.023711340206 6340.276288659794 6368.688659793815 
24433.023711340207 24461.41030927835 5750.631958762887 5779.018556701031 5942.168041237113 5970.554639175258 
25056.601030927835 25085.327835051547 5796.152577319587 5824.879381443299 6414.662886597938 6443.3896907216495 
24797.22474226804 24825.77113402062 5607.616494845361 5636.162886597938 6143.441237113402 6171.98762886598 
24992.58762886598 25021.26288659794 5746.350515463918 5775.025773195876 6346.103092783505 6374.778350515464 
24992.40206185567 25020.77319587629 5698.015463917526 5726.386597938144 6295.670103092783 6324.041237113402 
24613.54742268041 24641.851546391754 5842.00618556701 5870.31030927835 6253.89793814433 6282.20206185567 
24864.303092783506 24892.772164948452 5832.148453608247 5860.617525773196 6626.705154639175 6655.1742268041235 
24304.184536082474 24332.122680412373 5719.132989690722 5747.071134020619 6145.081443298969 6173.019587628866 
24620.38969072165 24648.441237113402 5652.50824742268 5680.559793814433 6209.101030927835 6237.152577319587 
25197.89793814433 25225.774226804122 5542.99587628866 5570.872164948453 6187.547422680413 6215.423711340206 
25528.337113402064 25557.27525773196 5740.151546391752 5769.089690721649 6501.801030927835 6530.739175257732 
24915.08969072165 24943.507216494847 5890.764948453609 5919.1824742268045 6163.1103092783505 6191.527835051546 
24807.268041237112 24835.319587628866 5808.618556701031 5836.670103092783 6175.855670103093 6203.907216494846 
25476.97319587629 25506.03505154639 5679.720618556701 5708.782474226804 6283.694845360825 6312.756701030928 
25137.72474226804 25166.601030927835 5488.307216494845 5517.1835051546395 6159.260824742268 6188.137113402062 
24877.078350515465 24905.69175257732 5812.836082474227 5841.449484536082 6073.232989690721 6101.846391752577 
24522.21649484536 24550.427835051545 5716.020618556701 5744.231958762886 6343.773195876289 6371.984536082474 
24772.568041237115 24800.562886597938 5601.934020618557 5629.928865979381 6285.908247422681 6313.903092783506 
24350.198969072164 24378.436082474225 5504.198969072165 5532.436082474227 6158.436082474227 6186.673195876288 
24290.459793814432 24318.7793814433 5578.207216494845 5606.526804123711 5929.418556701031 5957.738144329897 
25089.939175257732 25118.629896907216 5591.846391752577 5620.537113402062 6179.6092783505155 6208.3 
25086.072164948455 25114.74742268041 5926.335051546392 5955.01030927835 6460.618556701031 6489.29381443299 
24919.184536082474 24947.47319587629 5846.756701030928 5875.045360824743 6215.30824742268 6243.596907216494 
25059.19381443299 25087.44639175258 5593.044329896908 5621.296907216495 6337.472164948454 6365.724742268041 
24550.978350515463 24579.359793814434 5742.009278350515 5770.3907216494845 6366.431958762887 6394.813402061855 
24859.392783505155 24887.872164948454 5817.475257731959 5845.954639175257 6476.784536082474 6505.263917525774 
25416.77113402062 25445.46701030928 5749.31237113402 5778.00824742268 6297.6783505154635 6326.374226804123 
24638.515463917527 24666.886597938144 5675.515463917526 5703.886597938144 6500.742268041237 6529.113402061856 
24795.53711340206 24824.51649484536 5573.588659793814 5602.568041237113 6287.361855670103 6316.341237113402 
24880.382474226804 24908.69175257732 5508.758762886598 5537.068041237113 6413.196907216495 6441.50618556701 
24985.898969072165 25014.18762886598 5751.141237113402 5779.429896907216 6326.99175257732 6355.280412371134 
25275.78969072165 25304.336082474227 5722.279381443299 5750.8257731958765 6242.820618556701 6271.367010309278 
24668.009278350517 24695.921649484535 5654.921649484536 5682.834020618557 5930.246391752577 5958.158762886598 
25064.90206185567 25093.72680412371 5531.948453608247 5560.773195876289 6280.737113402062 6309.561855670103 
25004.68350515464 25032.961855670103 5556.503092783505 5584.781443298969 6472.920618556701 6501.198969072165 
25198.453608247422 25227.082474226805 5642.871134020618 5671.5 5943.412371134021 5972.041237113402 
25005.09793814433 25033.639175257733 5735.242268041237 5763.783505154639 6115.943298969072 6144.484536082474 
24806.403092783505 24834.763917525772 5551.743298969072 5580.10412371134 6178.732989690721 6207.093814432989 
24810.58969072165 24838.89381443299 5660.259793814433 5688.563917525773 6063.919587628866 6092.223711340206 
24453.073195876288 24481.20206185567 5699.841237113402 5727.970103092784 6392.660824742268 6420.789690721649 
25137.17525773196 25165.75773195876 5752.056701030928 5780.639175257732 6242.969072164949 6271.551546391753 
24597.119587628866 24625.2793814433 5863.289690721649 5891.449484536082 6448.789690721649 6476.949484536082 
24503.103092783505 24531.29381443299 5783.530927835051 5811.721649484536 6328.670103092783 6356.860824742268 
24780.011340206187 24808.155670103093 5525.19175257732 5553.336082474227 6156.062886597938 6184.207216494845 
25385.79175257732 25414.874226804124 5974.601030927835 6003.6835051546395 6587.740206185567 6616.8226804123715 
24729.72268041237 24757.696907216494 5661.160824742268 5689.135051546392 6401.196907216495 6429.171134020618 
