14233.549152542373 14261.583050847457 2871.8542372881357 2899.8881355932203 3292.193220338983 3320.227118644068 
14573.149152542373 14601.928813559321 2752.6406779661015 2781.420338983051 3339.5898305084747 3368.3694915254237 
13928.715254237288 13956.43559322034 2988.240677966102 3015.9610169491525 3139.6305084745763 3167.350847457627 
14193.505084745762 14221.7 2920.4627118644066 2948.657627118644 3375.657627118644 3403.8525423728815 
14370.403389830508 14398.62372881356 2738.4457627118645 2766.666101694915 2941.5898305084747 2969.8101694915254 
14480.050847457627 14508.245762711864 2757.906779661017 2786.101694915254 3070.677966101695 3098.8728813559323 
14483.832203389831 14512.637288135593 2884.4593220338984 2913.264406779661 3257.357627118644 3286.162711864407 
14363.640677966101 14392.445762711865 2907.2847457627117 2936.0898305084747 3191.7254237288134 3220.5305084745764 
14517.510169491525 14545.654237288136 2681.764406779661 2709.908474576271 3116.8322033898303 3144.9762711864405 
14719.193220338982 14748.235593220339 2791.5406779661016 2820.583050847458 3210.820338983051 3239.8627118644067 
14340.296610169491 14368.50847457627 2812.9745762711864 2841.186440677966 3672.415254237288 3700.6271186440677 
14687.589830508474 14716.945762711865 3003.081355932203 3032.437288135593 3298.420338983051 3327.7762711864407 
14087.622033898306 14114.87627118644 2699.0033898305087 2726.257627118644 2754.113559322034 2781.3677966101695 
14416.274576271186 14444.58813559322 2986.842372881356 3015.15593220339 3276.1898305084746 3304.5033898305087 
14488.906779661016 14517.915254237289 2912.0254237288136 2941.0338983050847 3442.313559322034 3471.322033898305 
14785.727118644068 14814.31186440678 2710.2949152542374 2738.8796610169493 3227.5406779661016 3256.1254237288135 
14693.484745762711 14721.705084745763 2839.0525423728814 2867.272881355932 3371.7389830508473 3399.9593220338984 
14212.42033898305 14240.428813559321 2585.742372881356 2613.750847457627 2920.250847457627 2948.259322033898 
14520.615254237287 14548.92033898305 2772.3779661016947 2800.6830508474577 3056.4627118644066 3084.7677966101696 
14328.966101694916 14357.025423728814 2725.3389830508477 2753.398305084746 3527.6271186440677 3555.686440677966 
14772.44406779661 14801.316949152542 3004.4694915254236 3033.342372881356 3397.2745762711866 3426.1474576271185 
14894.371186440678 14923.167796610169 2882.642372881356 2911.4389830508476 3105.693220338983 3134.4898305084744 
14895.96779661017 14925.171186440679 2759.086440677966 2788.2898305084746 3149.594915254237 3178.7983050847456 
14424.891525423729 14453.603389830509 2883.8237288135592 2912.535593220339 3572.4338983050848 3601.1457627118643 
14146.181355932204 14174.138983050847 3010.342372881356 3038.3 3348.4694915254236 3376.427118644068 
14213.272881355932 14241.18813559322 2840.3830508474575 2868.2983050847456 3087.4254237288137 3115.340677966102 
14869.537288135592 14898.469491525424 2735.15593220339 2764.08813559322 3168.571186440678 3197.5033898305087 
14152.93220338983 14180.771186440677 2555.923728813559 2583.762711864407 3060.5593220338983 3088.398305084746 
14279.318644067796 14307.62372881356 2704.259322033898 2732.564406779661 3040.166101694915 3068.471186440678 
14504.962711864408 14533.208474576271 2805.8101694915254 2834.05593220339 2948.2 2976.4457627118645 
14369.401694915254 14398.105084745763 2912.2915254237287 2940.994915254237 3161.8084745762712 3190.5118644067798 
14338.237288135593 14366.703389830509 2868.406779661017 2896.8728813559323 3051.0677966101694 3079.5338983050847 
14417.140677966101 14444.801694915253 2842.1406779661015 2869.8016949152543 3419.479661016949 3447.1406779661015 
14413.537288135592 14442.062711864406 2873.8762711864406 2902.401694915254 3139.672881355932 3168.1983050847457 
14300.006779661016 14328.667796610169 2780.3881355932203 2809.0491525423727 3102.8542372881357 3131.515254237288 
14291.072881355933 14319.716949152542 2751.835593220339 2780.479661016949 2971.886440677966 3000.5305084745764 
14161.949152542373 14190.42372881356 2685.85593220339 2714.330508474576 3189.3389830508477 3217.813559322034 
14240.713559322034 14268.272881355932 3017.0525423728814 3044.6118644067797 3200.442372881356 3228.001694915254 
14547.616949152542 14575.981355932203 2800.9813559322033 2829.3457627118646 3502.3796610169493 3530.74406779661 
14322.832203389831 14350.722033898304 2938.9508474576273 2966.840677966102 3155.2050847457626 3183.094915254237 
13989.001694915254 14016.75593220339 2907.7050847457626 2935.4593220338984 3195.1203389830507 3222.8745762711865 
14227.557627118644 14255.53220338983 2774.6762711864408 2802.650847457627 3422.777966101695 3450.752542372881 
14240.8 14269.215254237288 2733.5457627118644 2761.9610169491525 3163.15593220339 3191.571186440678 
14215.230508474577 14243.340677966102 2586.493220338983 2614.6033898305086 2999.1457627118643 3027.25593220339 
14487.506779661016 14515.964406779662 2909.913559322034 2938.371186440678 3266.7949152542374 3295.252542372881 
14193.313559322034 14221.601694915254 2813.762711864407 2842.0508474576272 3397.5338983050847 3425.822033898305 
14454.015254237289 14482.362711864407 2892.1762711864408 2920.5237288135595 3092.083050847458 3120.430508474576 
14597.369491525424 14625.810169491526 2902.0389830508475 2930.479661016949 3384.5389830508475 3412.979661016949 
14887.974576271186 14917.033898305084 2860.3898305084745 2889.4491525423728 3108.093220338983 3137.1525423728813 
14087.845762711864 14116.286440677966 2705.9898305084744 2734.430508474576 2949.0661016949152 2977.506779661017 
