58.8 85.55 54.8 81.55 43.45 70.2 
45.45 72.95 59.7 87.2 40.95 68.45 
34.1 60.85 47.8 74.55 29.1 55.85 
39.15 65.65 53.6 80.1 33.15 59.65 
38.15 68.15 37.5 67.5 31.65 61.65 
38.4 66.4 38.7 66.7 33.4 61.4 
57.75 83.75 51.4 77.4 35.2 61.2 
34.8 63.8 56.15 85.15 29.3 58.3 
28.2 55.45 43.6 70.85 23.2 50.45 
35.5 66.0 52.0 82.5 28.15 58.65 
28.1 55.85 43.9 71.65 24.1 51.85 
43.15 68.4 52.25 77.5 37.65 62.9 
30.2 58.95 52.15 80.9 23.7 52.45 
30.8 57.8 47.95 74.95 25.3 52.3 
34.9 62.65 50.75 78.5 26.1 53.85 
30.2 60.95 59.2 89.95 25.2 55.95 
46.1 77.1 36.9 67.9 41.6 72.6 
36.9 60.15 49.4 72.65 31.9 55.15 
39.95 68.7 43.15 71.9 32.95 61.7 
39.05 64.8 45.15 70.9 34.55 60.3 
48.5 79.75 57.9 89.15 37.0 68.25 
40.15 69.15 62.5 91.5 35.65 64.65 
44.85 76.1 55.25 86.5 32.05 63.3 
42.6 72.35 47.1 76.85 37.1 66.85 
35.45 61.95 57.65 84.15 30.4 56.9 
26.95 56.2 44.25 73.5 21.95 51.2 
29.45 57.7 54.05 82.3 22.95 51.2 
47.2 77.7 52.5 83.0 41.2 71.7 
48.35 75.35 56.65 83.65 34.35 61.35 
38.3 64.55 51.5 77.75 30.8 57.05 
51.0 82.25 38.7 69.95 38.35 69.6 
33.6 60.35 32.3 59.05 29.1 55.85 
40.75 72.25 55.35 86.85 28.25 59.75 
31.3 57.8 40.5 67.0 23.0 49.5 
27.05 52.05 54.05 79.05 22.05 47.05 
40.6 69.35 50.05 78.8 35.1 63.85 
40.25 71.0 42.35 73.1 32.0 62.75 
51.3 79.8 56.4 84.9 40.8 69.3 
37.9 65.65 59.85 87.6 30.4 58.15 
23.95 54.45 48.85 79.35 18.95 49.45 
40.6 70.85 46.3 76.55 34.1 64.35 
31.9 63.65 47.7 79.45 27.4 59.15 
37.45 63.7 64.2 90.45 32.45 58.7 
38.55 66.8 48.45 76.7 25.55 53.8 
36.95 63.2 52.5 78.75 32.45 58.7 
43.2 73.2 52.65 82.65 35.2 65.2 
50.0 81.5 48.9 80.4 39.0 70.5 
40.85 67.85 44.95 71.95 35.35 62.35 
34.85 60.35 57.45 82.95 28.85 54.35 
38.25 65.25 55.5 82.5 33.25 60.25 
