22890.65054945055 22918.83736263736 5407.392307692307 5435.579120879121 5755.364835164835 5783.5516483516485 
23063.870329670328 23092.04065934066 5293.0516483516485 5321.221978021978 5862.463736263736 5890.634065934066 
23492.606593406592 23520.66153846154 5429.689010989011 5457.743956043956 5784.859340659341 5812.914285714286 
23222.914285714287 23251.134065934068 5327.227472527473 5355.447252747253 6079.452747252747 6107.672527472528 
22860.679120879122 22888.552747252746 5361.096703296704 5388.97032967033 5811.865934065934 5839.739560439561 
22943.424175824177 22971.693406593407 5458.292307692308 5486.5615384615385 5795.314285714286 5823.583516483516 
22549.27912087912 22577.213186813187 5282.3065934065935 5310.2406593406595 5747.85054945055 5775.784615384616 
23313.371428571427 23341.717582417583 5304.701098901099 5333.047252747253 6087.865934065934 6116.212087912088 
23429.438461538462 23458.075824175823 5346.801098901099 5375.4384615384615 5620.921978021978 5649.559340659341 
23059.915384615386 23088.06923076923 5257.574725274725 5285.728571428572 6039.025274725274 6067.179120879121 
23141.015384615384 23169.04835164835 5397.910989010989 5425.943956043956 6542.575824175824 6570.608791208791 
23796.2978021978 23825.462637362638 5248.616483516484 5277.781318681319 5764.31978021978 5793.484615384616 
22788.24065934066 22816.169230769232 5212.5043956043955 5240.432967032967 5949.427472527473 5977.356043956044 
23376.737362637363 23405.75934065934 5176.347252747253 5205.369230769231 5820.55054945055 5849.572527472527 
23104.832967032966 23132.854945054944 5094.723076923077 5122.745054945055 5829.964835164835 5857.986813186813 
22682.113186813185 22709.893406593408 5033.5142857142855 5061.294505494506 5576.354945054945 5604.135164835165 
23132.17142857143 23160.215384615385 5293.056043956044 5321.1 5967.006593406593 5995.05054945055 
23194.82967032967 23223.64285714286 5104.521978021978 5133.3351648351645 5730.851648351649 5759.6648351648355 
22599.175824175825 22626.884615384617 5322.247252747253 5349.956043956044 5601.7692307692305 5629.478021978022 
23175.57912087912 23204.304395604395 5223.282417582418 5252.007692307692 6183.645054945055 6212.37032967033 
22852.04945054945 22879.95054945055 5291.785714285715 5319.686813186813 5905.873626373626 5933.774725274725 
23162.445054945056 23190.494505494506 5213.159340659341 5241.208791208791 5697.950549450549 5726.0 
22812.20989010989 22840.4021978022 5298.781318681319 5326.973626373627 6082.363736263736 6110.556043956044 
22862.88131868132 22890.7989010989 5211.243956043956 5239.161538461539 5822.760439560439 5850.678021978022 
23179.97142857143 23208.581318681317 5363.35054945055 5391.960439560439 5607.092307692307 5635.702197802198 
22920.33846153846 22948.47032967033 5158.97032967033 5187.102197802198 5811.591208791208 5839.723076923077 
22670.95164835165 22698.775824175824 5050.045054945055 5077.869230769231 5499.523076923077 5527.347252747253 
22892.605494505493 22921.045054945054 5257.803296703297 5286.242857142857 6011.484615384616 6039.924175824176 
22645.96153846154 22673.934065934067 5115.956043956044 5143.928571428572 5779.280219780219 5807.252747252747 
23656.531868131868 23685.845054945054 5183.713186813186 5213.026373626373 5981.465934065934 6010.7791208791205 
22533.15274725275 22560.746153846154 5119.834065934066 5147.427472527473 5556.493406593407 5584.086813186813 
23144.03076923077 23172.14065934066 5255.3 5283.4098901098905 5622.272527472527 5650.3824175824175 
23215.992307692308 23244.47032967033 5374.442857142857 5402.920879120879 6250.992307692308 6279.47032967033 
23252.81978021978 23282.27032967033 5298.072527472527 5327.523076923077 6250.116483516484 6279.567032967033 
23107.232967032967 23135.342857142856 5203.408791208792 5231.518681318681 5728.914285714286 5757.0241758241755 
22880.91978021978 22909.06813186813 5287.062637362637 5315.210989010989 5961.062637362637 5989.210989010989 
22658.915384615386 22687.041758241758 5225.865934065934 5253.992307692308 5733.1461538461535 5761.272527472527 
23118.636263736265 23147.163736263738 5314.658241758242 5343.185714285714 5757.724175824176 5786.251648351648 
23038.487912087912 23067.026373626373 5441.465934065934 5470.0043956043955 6332.586813186813 6361.125274725275 
23024.169230769232 23052.21868131868 5254.35054945055 5282.4 5662.356043956044 5690.405494505494 
23184.447252747254 23212.826373626373 5352.776923076923 5381.1560439560435 5679.502197802198 5707.881318681319 
23436.947252747254 23465.112087912086 5191.6560439560435 5219.820879120879 5652.320879120879 5680.4857142857145 
23510.627472527474 23539.083516483515 5275.764835164835 5304.2208791208795 5949.517582417582 5977.973626373627 
22759.815384615384 22788.07912087912 5110.425274725275 5138.689010989011 5688.661538461539 5716.925274725275 
23134.334065934065 23162.41098901099 5285.35054945055 5313.427472527473 5855.9384615384615 5884.015384615384 
23464.604395604394 23492.923076923078 5272.945054945055 5301.263736263736 5893.2967032967035 5921.615384615385 
23200.207692307693 23228.47142857143 5166.141758241758 5194.405494505494 6173.152747252747 6201.416483516484 
23119.493406593407 23148.125274725277 5139.163736263737 5167.795604395605 5872.515384615384 5901.147252747252 
23220.05824175824 23248.60769230769 5233.926373626374 5262.4758241758245 5841.3439560439565 5869.893406593406 
22855.2021978022 22883.378021978024 5239.537362637363 5267.713186813186 6013.345054945055 6041.520879120879 
