4209.697674418605 4238.418604651163 218.51162790697674 247.2325581395349 381.86046511627904 410.5813953488372 
3999.5813953488373 4028.1162790697676 208.62790697674419 237.1627906976744 352.86046511627904 381.3953488372093 
4322.26511627907 4350.288372093023 341.1488372093023 369.1720930232558 421.21860465116276 449.2418604651163 
4100.069767441861 4128.2558139534885 244.65116279069767 272.83720930232556 406.27906976744185 434.4651162790698 
3994.632558139535 4023.586046511628 309.5860465116279 338.53953488372093 435.6790697674419 464.63255813953486 
4229.013953488372 4257.572093023256 275.71162790697673 304.26976744186044 421.5023255813953 450.0604651162791 
4065.213953488372 4093.0279069767444 374.09767441860464 401.9116279069767 427.70232558139537 455.51627906976745 
3870.413953488372 3898.251162790698 237.55348837209303 265.3906976744186 410.57674418604654 438.4139534883721 
4135.218604651162 4163.3348837209305 342.2651162790698 370.3813953488372 498.12558139534883 526.2418604651162 
4334.33023255814 4362.167441860465 233.9581395348837 261.7953488372093 402.72558139534885 430.5627906976744 
4076.2232558139535 4104.479069767442 216.13023255813954 244.3860465116279 384.47906976744184 412.7348837209302 
4004.0186046511626 4031.646511627907 301.7860465116279 329.4139534883721 493.6232558139535 521.2511627906977 
4205.8 4234.195348837209 329.52093023255816 357.9162790697674 556.939534883721 585.3348837209302 
4189.148837209303 4217.520930232558 257.706976744186 286.07906976744187 470.1488372093023 498.52093023255816 
4536.274418604651 4566.158139534884 333.8558139534884 363.7395348837209 371.6 401.48372093023255 
4210.948837209302 4239.902325581395 305.7860465116279 334.7395348837209 365.15813953488373 394.11162790697676 
4382.120930232558 4411.260465116279 395.88837209302324 425.0279069767442 426.3767441860465 455.51627906976745 
4312.009302325581 4340.032558139535 433.5906976744186 461.6139534883721 451.42790697674417 479.45116279069765 
4284.40465116279 4313.241860465117 292.66046511627906 321.4976744186047 413.9162790697674 442.75348837209305 
4205.758139534883 4234.130232558139 308.68837209302325 337.0604651162791 508.71162790697673 537.0837209302325 
4180.055813953489 4208.637209302326 262.8 291.3813953488372 490.31162790697675 518.893023255814 
4013.5023255813953 4042.2232558139535 327.66511627906976 356.3860465116279 446.87441860465117 475.5953488372093 
4298.130232558139 4327.572093023256 238.0139534883721 267.45581395348836 414.153488372093 443.5953488372093 
3873.953488372093 3902.0697674418607 259.4651162790698 287.5813953488372 358.1162790697674 386.2325581395349 
3961.4372093023258 3990.204651162791 245.6 274.36744186046514 293.6 322.36744186046514 
4237.953488372093 4267.069767441861 338.72093023255815 367.83720930232556 432.95348837209303 462.06976744186045 
4044.693023255814 4073.460465116279 325.8325581395349 354.6 488.25116279069766 517.0186046511628 
3860.1162790697676 3888.0232558139537 220.77209302325582 248.67906976744186 382.13953488372096 410.04651162790697 
3903.0093023255813 3931.33488372093 277.68372093023254 306.0093023255814 293.7767441860465 322.10232558139535 
4300.004651162791 4329.5860465116275 267.74883720930234 297.3302325581395 624.7720930232558 654.353488372093 
4191.604651162791 4220.604651162791 297.2325581395349 326.2325581395349 389.8139534883721 418.8139534883721 
4188.618604651163 4216.804651162791 187.85116279069769 216.03720930232558 375.52558139534887 403.71162790697673 
4270.506976744186 4299.693023255814 360.7395348837209 389.92558139534884 487.8325581395349 517.0186046511628 
4235.004651162791 4264.097674418605 291.19069767441863 320.28372093023256 478.7953488372093 507.88837209302324 
4041.9441860465117 4070.781395348837 282.0837209302326 310.92093023255813 364.9906976744186 393.8279069767442 
3996.288372093023 4024.125581395349 263.8232558139535 291.66046511627906 362.21860465116276 390.0558139534884 
4079.9162790697674 4109.148837209303 238.24186046511628 267.47441860465113 439.98604651162793 469.21860465116276 
4130.009302325581 4158.520930232558 333.153488372093 361.66511627906976 580.4511627906977 608.9627906976744 
4217.920930232558 4248.967441860465 268.4372093023256 299.48372093023255 397.6186046511628 428.66511627906976 
4079.013953488372 4107.641860465116 242.43255813953488 271.0604651162791 479.9674418604651 508.5953488372093 
4116.158139534884 4145.041860465116 227.48837209302326 256.3720930232558 387.9953488372093 416.8790697674419 
4089.655813953488 4117.981395348837 204.33023255813953 232.65581395348838 389.1674418604651 417.49302325581397 
3901.6511627906975 3929.3488372093025 230.41860465116278 258.1162790697674 340.0 367.69767441860466 
4416.93488372093 4445.93488372093 304.3767441860465 333.3767441860465 497.88837209302324 526.8883720930232 
3982.506976744186 4010.204651162791 247.11162790697674 274.80930232558137 392.57674418604654 420.27441860465115 
4218.544186046512 4247.40465116279 296.47441860465113 325.33488372093024 457.5906976744186 486.45116279069765 
4075.139534883721 4103.488372093023 322.8837209302326 351.2325581395349 478.1860465116279 506.5348837209302 
3928.8883720930235 3957.306976744186 281.28372093023256 309.70232558139537 457.4697674418605 485.88837209302324 
4024.4697674418603 4052.2372093023255 304.65581395348835 332.42325581395346 447.0511627906977 474.8186046511628 
4026.5302325581397 4055.227906976744 241.43720930232558 270.13488372093025 256.50697674418603 285.2046511627907 
