25666.861224489796 25695.02448979592 5832.769387755102 5860.932653061224 6728.810204081633 6756.973469387755 
25160.858163265308 25189.307142857142 5823.832653061225 5852.281632653061 6560.592857142857 6589.041836734694 
25834.69387755102 25864.01020408163 5846.357142857143 5875.673469387755 6413.785714285715 6443.102040816327 
25150.597959183673 25179.14387755102 5950.960204081633 5979.50612244898 6438.2 6466.745918367347 
25076.055102040817 25104.101020408165 5931.279591836735 5959.325510204081 6447.6469387755105 6475.692857142857 
25235.45 25264.067346938777 5820.740816326531 5849.358163265306 6261.245918367347 6289.863265306122 
24887.827551020408 24916.230612244897 5758.6030612244895 5787.00612244898 6766.276530612245 6794.679591836734 
24859.738775510203 24888.004081632655 5830.968367346939 5859.233673469388 6242.687755102041 6270.95306122449 
25000.97857142857 25029.254081632655 5864.626530612245 5892.902040816327 6676.886734693878 6705.162244897959 
24897.98775510204 24926.094897959185 5736.145918367347 5764.25306122449 6641.661224489796 6669.768367346939 
25680.26836734694 25709.00306122449 5858.645918367347 5887.380612244898 6652.625510204081 6681.360204081632 
25229.73469387755 25257.80612244898 5660.540816326531 5688.6122448979595 6313.9795918367345 6342.051020408163 
24933.05306122449 24961.47142857143 5810.037755102041 5838.45612244898 6354.685714285714 6383.104081632653 
24707.843877551022 24735.685714285715 6030.144897959183 6057.986734693877 6308.905102040816 6336.74693877551 
25208.79693877551 25237.25612244898 5897.021428571428 5925.480612244898 6527.929591836734 6556.388775510204 
25155.1 25183.247959183675 5501.288775510204 5529.436734693878 6216.191836734693 6244.339795918368 
25466.586734693876 25494.98469387755 5898.816326530612 5927.214285714285 6365.178571428572 6393.576530612245 
25349.104081632653 25377.26224489796 5616.308163265307 5644.466326530613 6528.195918367347 6556.354081632653 
25596.751020408163 25625.470408163266 5973.480612244898 6002.2 6412.65918367347 6441.378571428571 
25196.102040816328 25224.36224489796 5637.336734693878 5665.59693877551 6142.755102040816 6171.015306122449 
24348.504081632655 24376.248979591837 5693.7387755102045 5721.483673469388 6637.0142857142855 6664.759183673469 
25259.245918367345 25287.654081632652 5654.052040816327 5682.460204081633 6430.633673469388 6459.041836734694 
25173.45408163265 25201.663265306124 5862.719387755102 5890.928571428572 6208.219387755102 6236.428571428572 
25331.565306122448 25360.152040816327 5868.407142857143 5896.99387755102 6377.442857142857 6406.029591836735 
24619.325510204082 24647.412244897958 5733.2642857142855 5761.351020408163 6288.560204081633 6316.6469387755105 
24810.904081632652 24839.052040816325 5792.842857142857 5820.990816326531 6094.434693877551 6122.582653061225 
25255.479591836734 25283.928571428572 5577.607142857143 5606.056122448979 6573.663265306122 6602.1122448979595 
25046.32244897959 25074.761224489797 5746.842857142857 5775.281632653061 6305.944897959183 6334.383673469388 
24736.751020408163 24765.10306122449 5958.194897959183 5986.54693877551 6456.291836734694 6484.6438775510205 
25356.423469387755 25385.44387755102 5914.40306122449 5943.423469387755 6555.341836734694 6584.3622448979595 
24939.50612244898 24967.75612244898 5717.0775510204085 5745.3275510204085 6171.536734693877 6199.786734693877 
25746.35714285714 25775.44387755102 5984.6377551020405 6013.724489795918 6479.448979591837 6508.535714285715 
25275.888775510204 25304.648979591835 5834.8938775510205 5863.654081632653 6292.276530612245 6321.036734693877 
25410.988775510203 25439.560204081634 5866.973469387755 5895.544897959184 6251.529591836735 6280.101020408163 
25446.52755102041 25474.660204081632 5862.088775510204 5890.221428571429 6595.7010204081635 6623.833673469388 
25203.383673469387 25231.96530612245 5818.883673469388 5847.465306122449 6549.281632653061 6577.863265306122 
25622.401020408164 25651.161224489795 5961.554081632653 5990.314285714286 6402.441836734693 6431.202040816326 
24989.123469387756 25017.29693877551 5815.495918367347 5843.669387755102 6428.592857142857 6456.766326530612 
25206.411224489795 25235.166326530612 5743.977551020408 5772.7326530612245 6553.54387755102 6582.2989795918365 
25313.780612244896 25342.280612244896 5840.015306122449 5868.515306122449 6374.382653061224 6402.882653061224 
25242.885714285716 25271.579591836733 5948.712244897959 5977.40612244898 6181.957142857143 6210.651020408163 
25249.108163265308 25278.32244897959 5714.057142857143 5743.271428571428 6400.934693877551 6430.148979591837 
25384.422448979592 25413.60612244898 5748.259183673469 5777.442857142857 6096.228571428572 6125.412244897959 
24653.019387755103 24680.845918367348 5616.095918367347 5643.9224489795915 6225.805102040817 6253.631632653061 
25140.0806122449 25168.42755102041 5855.9224489795915 5884.269387755102 6926.733673469388 6955.080612244898 
24893.162244897958 24921.570408163265 5649.912244897959 5678.320408163266 6591.509183673469 6619.917346938775 
24713.24081632653 24741.378571428573 5744.592857142857 5772.730612244898 6691.465306122449 6719.6030612244895 
24734.64387755102 24762.29693877551 5624.388775510204 5652.041836734694 6133.470408163265 6161.123469387755 
25463.982653061226 25492.620408163264 5780.569387755102 5809.207142857143 6530.686734693878 6559.324489795918 
24884.04387755102 24911.72755102041 5851.778571428571 5879.462244897959 6383.605102040817 6411.288775510204 
