19212.448684210525 19240.705263157895 4018.6263157894737 4046.882894736842 4453.159210526316 4481.4157894736845 
19214.794736842105 19243.525 4025.446052631579 4054.176315789474 4795.321052631579 4824.051315789474 
19137.148684210526 19165.622368421053 4113.977631578948 4142.4513157894735 4682.017105263158 4710.490789473684 
19165.082894736843 19193.425 3952.1815789473685 3980.5236842105264 4319.96447368421 4348.3065789473685 
18863.244736842105 18891.343421052632 4257.501315789474 4285.6 4606.218421052631 4634.317105263158 
18934.713157894737 18962.456578947367 4053.6013157894736 4081.3447368421052 4448.028947368421 4475.772368421052 
18943.469736842104 18971.884210526317 3976.107894736842 4004.5223684210528 4448.325 4476.739473684211 
19117.01842105263 19145.505263157895 4057.7355263157897 4086.2223684210526 4411.2947368421055 4439.781578947369 
19045.376315789475 19073.448684210525 4090.7644736842103 4118.836842105263 4866.271052631579 4894.343421052631 
18721.794736842105 18750.334210526315 4181.952631578947 4210.492105263158 5177.873684210526 5206.413157894737 
19105.334210526315 19133.14342105263 4026.432894736842 4054.242105263158 4728.176315789474 4755.98552631579 
18771.519736842107 18799.92105263158 4165.710526315789 4194.111842105263 4488.625 4517.026315789473 
19036.378947368423 19065.069736842106 4196.793421052632 4225.484210526316 4669.497368421053 4698.188157894737 
18625.906578947368 18653.880263157895 3930.261842105263 3958.2355263157897 4387.077631578947 4415.051315789474 
19592.648684210526 19621.273684210526 4003.642105263158 4032.267105263158 4397.017105263158 4425.642105263158 
19234.188157894736 19262.26052631579 4184.030263157894 4212.102631578948 4410.398684210526 4438.471052631579 
19404.086842105262 19432.77105263158 4095.448684210526 4124.132894736842 4560.85 4589.534210526316 
19079.144736842107 19107.486842105263 4191.736842105263 4220.078947368421 4682.921052631579 4711.263157894737 
18914.376315789475 18942.35657894737 3914.580263157895 3942.5605263157895 4729.402631578947 4757.382894736842 
18979.117105263158 19006.913157894738 4117.182894736842 4144.978947368421 4541.577631578947 4569.373684210526 
19327.63552631579 19355.898684210526 4113.2868421052635 4141.55 4990.030263157894 5018.293421052632 
18854.742105263158 18883.136842105265 4176.130263157895 4204.525 4627.426315789474 4655.821052631579 
18811.719736842104 18839.811842105264 4281.153947368421 4309.246052631579 4705.509210526316 4733.601315789474 
18933.30657894737 18961.33947368421 4094.1157894736843 4122.148684210526 4577.740789473684 4605.773684210526 
18960.969736842104 18989.542105263157 4143.2986842105265 4171.871052631579 4684.496052631579 4713.0684210526315 
19081.130263157895 19109.919736842105 4037.459210526316 4066.2486842105263 4461.590789473684 4490.380263157895 
19017.51710526316 19045.878947368423 4210.457894736842 4238.819736842105 4483.740789473684 4512.102631578948 
18615.615789473683 18643.813157894736 4111.5368421052635 4139.734210526316 4304.497368421053 4332.694736842105 
18256.48947368421 18284.325 4047.7263157894736 4075.561842105263 4438.16052631579 4465.996052631579 
18795.072368421053 18823.184210526317 4191.164473684211 4219.276315789473 4670.335526315789 4698.4473684210525 
18935.269736842107 18963.532894736843 4210.0921052631575 4238.355263157895 4662.6776315789475 4690.940789473684 
18912.718421052632 18941.35657894737 4380.0407894736845 4408.678947368421 4214.8105263157895 4243.448684210526 
18997.967105263157 19026.63157894737 4178.9078947368425 4207.5723684210525 4719.098684210527 4747.763157894737 
18750.22105263158 18778.615789473683 4287.793421052632 4316.188157894737 4877.6815789473685 4906.0763157894735 
19676.456578947367 19705.16052631579 4144.292105263158 4172.996052631579 4335.640789473684 4364.344736842106 
19023.79605263158 19051.822368421053 4072.309210526316 4100.335526315789 4483.493421052632 4511.519736842105 
19125.06842105263 19153.423684210527 4112.075 4140.430263157895 4740.857894736842 4769.2131578947365 
19177.197368421053 19205.151315789473 3996.1776315789475 4024.1315789473683 4816.184210526316 4844.138157894737 
19289.303947368422 19317.876315789475 4007.3697368421053 4035.942105263158 4597.948684210526 4626.521052631579 
18743.81052631579 18771.507894736842 3936.790789473684 3964.488157894737 4769.9157894736845 4797.613157894737 
18849.97894736842 18878.465789473685 4022.5315789473684 4051.0184210526318 4466.373684210526 4494.86052631579 
18886.963157894737 18914.640789473684 3895.2197368421052 3922.8973684210528 4565.344736842106 4593.022368421052 
19259.125 19287.5 4033.2105263157896 4061.5855263157896 4687.203947368421 4715.578947368421 
19085.59736842105 19114.031578947368 4065.6302631578947 4094.0644736842105 4924.821052631579 4953.255263157895 
18960.81052631579 18989.15263157895 4146.619736842105 4174.961842105263 4824.731578947369 4853.073684210526 
18736.697368421053 18764.58552631579 3888.4276315789475 3916.315789473684 4499.539473684211 4527.4276315789475 
19020.73947368421 19048.963157894737 4074.6473684210528 4102.871052631579 4371.331578947368 4399.555263157895 
19169.14210526316 19197.826315789473 4127.082894736842 4155.767105263158 4745.721052631579 4774.405263157894 
19217.522368421054 19246.44342105263 4162.153947368421 4191.075 4893.575 4922.496052631579 
19060.875 19089.190789473683 4182.4671052631575 4210.7828947368425 4780.2171052631575 4808.5328947368425 
