19252.35870967742 19280.92 4064.9329032258065 4093.494193548387 4901.8748387096775 4930.436129032258 
19730.228387096773 19758.64129032258 4409.0670967741935 4437.48 4735.215483870968 4763.6283870967745 
19892.344516129033 19921.13806451613 4152.660645161291 4181.454193548387 4539.344516129032 4568.138064516129 
19005.61677419355 19032.829677419355 3984.287741935484 4011.5006451612903 4887.894193548387 4915.107096774193 
19474.92516129032 19504.260645161292 4361.692903225807 4391.028387096774 5018.376774193548 5047.712258064516 
19042.588387096774 19070.82064516129 4140.710967741936 4168.943225806452 4725.936774193548 4754.169032258064 
19260.30064516129 19288.21677419355 4208.429677419354 4236.345806451613 4779.184516129032 4807.10064516129 
19610.994838709677 19639.64 4197.943225806452 4226.588387096775 5174.033548387097 5202.67870967742 
19388.931612903227 19417.84129032258 4244.892903225807 4273.8025806451615 4764.138064516129 4793.047741935484 
19380.463225806452 19408.869677419356 4112.32129032258 4140.727741935484 4517.527741935484 4545.934193548387 
19236.89548387097 19265.192258064515 4219.430967741935 4247.727741935484 5134.501935483871 5162.7987096774195 
19012.372903225805 19040.121290322582 4262.037419354839 4289.785806451613 4822.714838709678 4850.463225806451 
19493.668387096775 19522.365161290323 4309.52 4338.216774193548 4528.823225806452 4557.52 
19594.407741935484 19622.73677419355 4215.272258064516 4243.601290322581 4775.356129032258 4803.685161290323 
18946.538064516128 18974.228387096773 4202.0670967741935 4229.757419354839 4793.434838709677 4821.1251612903225 
19627.163870967743 19655.609032258064 4351.363870967742 4379.809032258065 4807.44129032258 4835.886451612903 
19534.449032258064 19562.752258064516 4221.661935483871 4249.965161290323 4830.016774193548 4858.32 
19516.865806451613 19545.00129032258 4251.65935483871 4279.794838709678 4905.362580645161 4933.498064516129 
19475.76 19503.856774193548 4373.172903225806 4401.269677419355 4767.0309677419355 4795.127741935484 
19209.805161290322 19237.430967741937 4011.3083870967744 4038.934193548387 4744.508387096775 4772.134193548387 
19441.705806451613 19470.60258064516 4276.609032258065 4305.505806451613 5004.267096774193 5033.163870967742 
19264.815483870967 19292.58322580645 4139.634838709678 4167.402580645161 4573.776774193549 4601.544516129033 
19312.32129032258 19340.57935483871 4482.082580645161 4510.34064516129 4740.366451612903 4768.624516129033 
19125.145806451612 19153.229677419356 4397.881290322581 4425.965161290323 4960.403870967742 4988.487741935483 
19300.976774193547 19328.892903225806 4169.576774193549 4197.492903225806 4790.609032258065 4818.525161290323 
19693.92129032258 19722.01806451613 4277.127741935484 4305.224516129032 4532.908387096774 4561.005161290323 
19352.207741935483 19380.37548387097 4239.601290322581 4267.769032258065 4690.2916129032255 4718.459354838709 
19631.899354838708 19660.531612903225 4368.731612903226 4397.363870967742 4639.634838709678 4668.267096774193 
19764.587096774194 19793.058064516128 4347.8967741935485 4376.3677419354835 4740.929032258065 4769.4 
19673.592258064516 19701.850322580645 4258.147096774193 4286.405161290322 4662.256774193548 4690.514838709678 
18991.25806451613 19019.47741935484 3991.4129032258065 4019.632258064516 4306.490322580645 4334.709677419355 
19115.816774193547 19143.732903225806 4171.55870967742 4199.474838709677 4892.029677419355 4919.945806451613 
19774.485161290322 19802.833548387098 4204.459354838709 4232.807741935484 4729.304516129032 4757.652903225807 
19386.23612903226 19414.449032258064 4232.442580645161 4260.655483870968 4576.72 4604.9329032258065 
19634.194838709678 19662.523870967743 4259.072258064516 4287.40129032258 4958.743225806452 4987.072258064516 
19382.02064516129 19410.110967741937 4185.846451612903 4213.936774193548 4614.543225806452 4642.633548387097 
19712.78064516129 19740.870967741936 4223.909677419355 4252.0 4942.735483870968 4970.825806451613 
19035.33806451613 19063.550967741936 4137.415483870967 4165.6283870967745 4787.963870967742 4816.176774193548 
19641.289032258064 19669.656774193547 4118.663225806452 4147.0309677419355 4569.824516129032 4598.192258064516 
19424.512258064515 19452.538064516128 4245.176774193548 4273.202580645161 4781.357419354838 4809.383225806451 
19389.18064516129 19416.858064516127 4022.0 4049.6774193548385 4610.8387096774195 4638.5161290322585 
19537.91741935484 19566.452903225807 4188.40129032258 4216.936774193548 4562.646451612904 4591.181935483871 
19419.11741935484 19447.92387096774 4474.149677419355 4502.956129032258 4752.452903225806 4781.259354838709 
19144.781935483872 19173.09806451613 4349.04 4377.356129032258 4464.814193548387 4493.130322580645 
19592.307096774195 19620.558709677418 4028.158709677419 4056.4103225806452 4604.584516129033 4632.836129032258 
19984.99870967742 20013.953548387097 4125.527741935484 4154.482580645161 4510.7987096774195 4539.753548387097 
20117.569032258063 20146.149677419355 4138.007741935484 4166.588387096775 4933.072258064516 4961.652903225807 
19391.369032258066 19419.852903225805 4350.988387096774 4379.472258064516 4758.614193548387 4787.098064516129 
19442.441290322582 19470.015483870968 4286.041290322581 4313.615483870968 5000.989677419355 5028.563870967742 
19481.27612903226 19510.153548387098 4191.6503225806455 4220.527741935484 4928.766451612903 4957.643870967742 
