29795.220175438597 29823.80350877193 6806.514035087719 6835.097368421053 8025.7728070175435 8054.3561403508775 
29631.320175438595 29660.127192982458 6934.017543859649 6962.824561403509 8036.451754385965 8065.258771929824 
29901.91754385965 29930.483333333334 7106.588596491228 7135.154385964912 7849.59298245614 7878.158771929825 
29071.823684210525 29099.823684210525 6901.626315789474 6929.626315789474 7854.65701754386 7882.65701754386 
29360.52456140351 29388.577192982455 6954.564035087719 6982.616666666667 7540.9631578947365 7569.015789473684 
29385.033333333333 29413.559649122806 6976.2 7004.726315789474 8191.445614035088 8219.971929824562 
29600.013157894737 29628.197368421053 6919.109649122807 6947.293859649123 7300.0921052631575 7328.276315789473 
29620.284210526315 29648.52543859649 7130.582456140351 7158.823684210526 7633.6438596491225 7661.885087719298 
29474.230701754386 29502.35350877193 6931.871052631579 6959.993859649123 7469.730701754386 7497.85350877193 
29035.33245614035 29063.507894736842 6867.187719298246 6895.363157894737 7758.525438596491 7786.700877192982 
29504.349122807016 29533.226315789474 7185.7 7214.577192982456 7788.621052631579 7817.498245614035 
29578.824561403508 29606.96052631579 6981.478070175439 7009.6140350877195 7649.078947368421 7677.214912280701 
28864.37192982456 28892.578070175437 7116.012280701754 7144.218421052631 7462.88947368421 7491.095614035088 
29458.516666666666 29486.845614035086 7089.042982456141 7117.371929824561 7637.288596491228 7665.617543859649 
29856.666666666668 29885.675438596492 7100.412280701755 7129.421052631579 7756.605263157895 7785.6140350877195 
29996.91052631579 30025.54649122807 7206.33596491228 7234.971929824562 7676.831578947368 7705.467543859649 
29347.10789473684 29375.042105263157 7164.765789473684 7192.7 7781.186842105263 7809.121052631579 
29560.48596491228 29588.468421052632 6887.841228070175 6915.823684210526 7503.854385964913 7531.836842105263 
29432.991228070176 29460.745614035088 7016.666666666667 7044.421052631579 7573.368421052632 7601.122807017544 
28904.72543859649 28932.830701754385 6993.475438596492 7021.580701754386 7889.585087719298 7917.690350877193 
29510.83596491228 29538.783333333333 7161.445614035088 7189.39298245614 7738.020175438596 7765.967543859649 
29401.132456140353 29429.404385964914 6906.557894736842 6934.829824561403 7508.562280701754 7536.8342105263155 
29088.790350877192 29116.45701754386 7039.101754385965 7066.768421052631 7711.571052631579 7739.237719298246 
29605.873684210525 29634.049122807017 6853.930701754386 6882.1061403508775 7664.99649122807 7693.171929824562 
29702.02105263158 29730.898245614037 6987.749122807018 7016.626315789474 7885.354385964913 7914.231578947369 
28987.283333333333 29015.936842105264 7060.379824561403 7089.033333333334 7666.906140350877 7695.559649122807 
29459.30350877193 29487.790350877192 6986.132456140351 7014.619298245614 7954.478947368421 7982.965789473684 
29826.26140350877 29854.708771929825 7173.79649122807 7202.243859649123 7855.042105263158 7883.489473684211 
29973.461403508772 30002.1850877193 6900.035964912281 6928.759649122807 7843.443859649123 7872.167543859649 
29284.70701754386 29313.242105263158 7108.119298245614 7136.654385964912 7835.09298245614 7863.628070175439 
29599.451754385966 29627.798245614034 6817.543859649123 6845.890350877193 7789.162280701755 7817.508771929824 
30040.979824561404 30070.036842105263 7216.5763157894735 7245.633333333333 8320.558771929824 8349.615789473684 
29539.6350877193 29567.928947368422 7128.494736842105 7156.788596491228 7809.214035087719 7837.507894736842 
30022.669298245615 30051.270175438596 7241.695614035088 7270.29649122807 7914.04649122807 7942.647368421052 
29265.220175438597 29293.579824561402 6821.198245614035 6849.557894736842 7526.220175438597 7554.579824561403 
28870.606140350876 28898.65 6944.05350877193 6972.097368421053 7404.974561403509 7433.018421052631 
29555.5 29584.026315789473 7274.767543859649 7303.293859649123 8278.429824561403 8306.956140350878 
29451.573684210525 29479.727192982456 7299.485964912281 7327.63947368421 7688.135087719298 7716.288596491228 
28900.32894736842 28928.302631578947 6856.938596491228 6884.912280701755 7638.083333333333 7666.05701754386 
29525.428947368422 29553.858771929823 6950.3105263157895 6978.740350877193 7506.148245614035 7534.578070175438 
29091.23157894737 29119.762280701754 6965.569298245614 6994.1 7668.968421052631 7697.499122807018 
29820.230701754386 29849.10350877193 7041.669298245614 7070.542105263158 7544.967543859649 7573.840350877193 
29414.237719298246 29442.654385964914 7256.540350877193 7284.957017543859 7699.369298245614 7727.785964912281 
29943.373684210525 29972.009649122807 6851.395614035087 6880.031578947369 7840.943859649123 7869.579824561403 
29409.837719298244 29437.951754385966 6656.9692982456145 6685.083333333333 7584.741228070176 7612.855263157895 
29434.480701754386 29462.976315789474 6977.489473684211 7005.9850877192985 7679.129824561403 7707.625438596491 
29178.045614035087 29205.80438596491 7312.935964912281 7340.694736842105 7491.650877192982 7519.409649122807 
29600.878947368423 29629.001754385965 6986.8482456140355 7014.971052631579 7340.229824561404 7368.352631578948 
29326.636842105265 29355.39561403509 6953.101754385965 6981.86052631579 7940.838596491228 7969.597368421053 
29406.932456140352 29435.327192982455 7163.182456140351 7191.577192982456 7633.827192982456 7662.221929824562 
