21995.737931034484 22024.122988505747 4892.841379310345 4921.226436781609 5572.95632183908 5601.341379310345 
22433.36091954023 22462.102298850576 5005.297701149425 5034.03908045977 5588.797701149425 5617.53908045977 
21990.287356321838 22018.724137931036 4805.373563218391 4833.810344827586 5500.3448275862065 5528.781609195402 
21873.418390804596 21901.119540229884 4841.832183908046 4869.533333333334 5425.188505747126 5452.889655172414 
22632.997701149427 22661.451724137933 4905.434482758621 4933.888505747126 5105.089655172414 5133.54367816092 
22084.136781609195 22112.76896551724 5035.797701149425 5064.429885057471 5779.412643678161 5808.044827586207 
22206.05517241379 22234.997701149427 4787.480459770115 4816.4229885057475 5449.147126436782 5478.089655172414 
21893.37816091954 21921.585057471264 4926.401149425287 4954.608045977012 5829.148275862069 5857.355172413793 
22074.842528735633 22103.52643678161 4902.618390804598 4931.3022988505745 5512.129885057471 5540.813793103448 
22333.303448275863 22361.53908045977 5136.665517241379 5164.901149425287 5837.03908045977 5865.274712643678 
21796.935632183908 21824.401149425288 5070.458620689656 5097.924137931034 5444.774712643678 5472.2402298850575 
21816.402298850575 21844.189655172413 4656.873563218391 4684.66091954023 5331.873563218391 5359.66091954023 
21467.766666666666 21495.72643678161 5194.42183908046 5222.381609195402 5397.847126436782 5425.806896551724 
21995.411494252872 22023.63563218391 4813.88275862069 4842.106896551724 5752.675862068965 5780.9 
22409.96896551724 22438.871264367815 4824.555172413793 4853.457471264368 5444.877011494253 5473.7793103448275 
22331.381609195403 22359.86436781609 4748.709195402299 4777.191954022988 5089.703448275862 5118.186206896552 
21719.986206896552 21747.60114942529 5035.141379310345 5062.756321839081 5421.388505747126 5449.003448275862 
21921.655172413793 21950.333333333332 4914.718390804598 4943.396551724138 5611.666666666667 5640.3448275862065 
22285.980459770115 22314.647126436783 5037.273563218391 5065.940229885057 5623.532183908046 5652.198850574712 
22140.840229885056 22168.71379310345 4685.690804597702 4713.564367816092 5361.518390804597 5389.391954022988 
21666.606896551722 21694.945977011495 4917.8252873563215 4946.164367816092 5524.675862068965 5553.014942528735 
22350.266666666666 22378.881609195403 4990.105747126437 5018.7206896551725 5725.473563218391 5754.088505747127 
22398.185057471263 22426.506896551724 4955.5931034482755 4983.914942528736 5360.001149425288 5388.322988505747 
22518.451724137933 22547.250574712645 4822.555172413793 4851.354022988506 5542.6356321839085 5571.434482758621 
22094.77011494253 22123.333333333332 5004.781609195402 5033.3448275862065 5493.977011494253 5522.540229885058 
22315.659770114944 22343.935632183908 4965.23448275862 4993.510344827586 5743.659770114942 5771.935632183908 
22668.20459770115 22696.86551724138 4984.319540229885 5012.980459770115 5522.997701149426 5551.658620689655 
22195.03908045977 22223.636781609195 4869.383908045977 4897.981609195403 5802.108045977012 5830.705747126437 
21934.07011494253 21962.006896551724 4959.231034482758 4987.167816091954 5479.897701149425 5507.834482758621 
22285.744827586208 22314.606896551722 4934.1356321839085 4962.997701149426 5353.7793103448275 5382.641379310345 
21837.86436781609 21865.577011494253 4879.11724137931 4906.829885057471 5299.806896551724 5327.519540229885 
21872.43793103448 21900.633333333335 4925.570114942529 4953.76551724138 5432.874712643678 5461.070114942529 
21855.006896551724 21883.271264367817 5070.409195402299 5098.673563218391 5718.443678160919 5746.708045977011 
21825.111494252873 21853.186206896553 5020.893103448276 5048.967816091954 5462.651724137931 5490.726436781609 
22483.46551724138 22511.98275862069 4753.781609195402 4782.298850574713 6016.902298850575 6045.419540229885 
22300.650574712643 22329.31724137931 5028.098850574713 5056.76551724138 5368.570114942529 5397.2367816091955 
22089.754022988505 22117.840229885056 5027.397701149425 5055.483908045977 5395.31724137931 5423.4034482758625 
21834.041379310343 21862.127586206898 4967.972413793103 4996.058620689655 5390.420689655172 5418.506896551724 
21965.59540229885 21993.82528735632 4833.313793103448 4861.54367816092 5387.285057471265 5415.514942528735 
21875.575862068967 21904.236781609194 5014.150574712644 5042.811494252874 5861.598850574713 5890.2597701149425 
22073.25747126437 22102.01609195402 5084.481609195403 5113.2402298850575 5507.165517241379 5535.924137931034 
21455.631034482758 21482.87816091954 4832.527586206897 4859.774712643678 5325.033333333334 5352.280459770115 
21482.697701149424 21510.65172413793 4772.214942528735 4800.168965517241 5604.985057471265 5632.93908045977 
22339.34827586207 22368.244827586208 4878.440229885057 4907.336781609195 5564.06091954023 5592.957471264368 
21939.5 21968.264367816093 5048.781609195402 5077.545977011494 5734.69540229885 5763.459770114942 
21632.35977011494 21660.44022988506 4936.262068965517 4964.342528735632 5225.41724137931 5253.497701149426 
21920.236781609194 21948.236781609194 5223.955172413793 5251.955172413793 5662.604597701149 5690.604597701149 
22050.852873563217 22078.749425287355 4964.645977011494 4992.542528735632 5366.8643678160915 5394.76091954023 
22188.542528735634 22216.47356321839 4968.45632183908 4996.387356321839 5640.588505747127 5668.519540229885 
22264.147126436783 22292.227586206896 5008.595402298851 5036.675862068965 5460.813793103448 5488.894252873563 
