23883.13913043478 23912.133695652174 5599.4 5628.394565217392 6306.606521739131 6335.601086956522 
23333.88913043478 23362.345652173914 5363.802173913044 5392.258695652174 6182.834782608696 6211.291304347826 
23217.747826086958 23245.56847826087 5304.025 5331.845652173913 5320.160869565218 5347.981521739131 
23556.252173913042 23584.63260869565 5299.230434782608 5327.610869565217 5988.219565217391 6016.6 
24151.377173913042 24179.96956521739 5248.610869565217 5277.203260869565 6022.833695652174 6051.426086956521 
23786.61086956522 23815.165217391303 5191.311956521739 5219.866304347826 5887.078260869565 5915.632608695652 
23316.320652173912 23344.103260869564 5154.423913043478 5182.20652173913 5914.059782608696 5941.842391304348 
23363.956521739132 23392.396739130436 5364.070652173913 5392.510869565217 5866.923913043478 5895.364130434783 
23784.38913043478 23813.296739130434 5457.780434782609 5486.688043478261 5973.497826086957 6002.405434782609 
23418.575 23447.053260869565 5234.145652173913 5262.623913043478 5706.238043478261 5734.716304347826 
22808.020652173913 22835.86847826087 5142.504347826087 5170.352173913044 5928.085869565218 5955.933695652174 
23620.40652173913 23648.422826086957 5273.830434782609 5301.846739130435 6036.102173913044 6064.11847826087 
23326.433695652173 23355.232608695653 5191.297826086957 5220.096739130435 5985.498913043478 6014.297826086957 
23405.641304347828 23434.20108695652 5335.228260869565 5363.788043478261 6004.489130434783 6033.048913043478 
24143.04456521739 24172.289130434783 5314.446739130435 5343.691304347826 6259.479347826087 6288.723913043478 
23094.040217391303 23121.665217391303 5240.165217391304 5267.790217391304 5721.779347826087 5749.404347826087 
23316.96304347826 23345.430434782607 5346.533695652174 5375.001086956522 5774.604347826087 5803.071739130435 
23339.615217391303 23367.783695652175 5053.120652173913 5081.289130434782 5460.191304347826 5488.359782608695 
23513.873913043477 23542.585869565217 5599.710869565218 5628.422826086957 6136.069565217392 6164.781521739131 
23053.17391304348 23080.978260869564 5342.065217391304 5369.869565217391 5875.934782608696 5903.739130434783 
23449.26847826087 23477.627173913042 5271.545652173913 5299.904347826087 5867.083695652174 5895.442391304347 
23209.18913043478 23237.520652173913 5366.373913043478 5394.705434782609 5659.569565217392 5687.901086956522 
23393.928260869565 23422.265217391305 5110.352173913044 5138.689130434783 5744.830434782609 5773.167391304348 
23615.616304347826 23644.029347826086 5431.170652173913 5459.583695652174 6190.453260869565 6218.866304347826 
23648.24565217391 23676.914130434783 5296.598913043478 5325.267391304348 5714.50652173913 5743.175 
23536.38913043478 23565.198913043478 5382.671739130435 5411.481521739131 5908.476086956522 5937.285869565218 
23228.03804347826 23256.070652173912 5412.027173913043 5440.059782608696 6274.298913043478 6302.33152173913 
23372.541304347826 23400.704347826086 5334.970652173913 5363.133695652174 6008.258695652174 6036.421739130435 
23624.721739130433 23653.107608695653 5316.852173913044 5345.238043478261 6049.134782608696 6077.520652173913 
23641.415217391303 23669.877173913042 5395.752173913043 5424.214130434782 5764.371739130434 5792.833695652174 
23665.22391304348 23693.876086956523 5555.816304347826 5584.468478260869 5861.473913043478 5890.126086956522 
22920.81847826087 22948.73152173913 5185.970652173913 5213.883695652174 5614.753260869566 5642.666304347826 
23404.767391304347 23432.59347826087 5310.963043478261 5338.789130434782 5695.517391304348 5723.343478260869 
23599.04891304348 23626.96195652174 5365.070652173913 5392.983695652174 6097.125 6125.038043478261 
23764.3 23792.62065217391 5363.957608695652 5392.278260869565 5966.463043478261 5994.783695652174 
23736.41956521739 23764.66956521739 5350.011956521739 5378.261956521739 5730.55 5758.8 
22937.12934782609 22965.03695652174 5392.765217391305 5420.672826086957 5999.325 6027.232608695652 
23645.11304347826 23673.841304347825 5022.319565217392 5051.047826086957 5912.841304347826 5941.569565217392 
23065.71304347826 23093.321739130435 5120.039130434782 5147.647826086956 5663.832608695652 5691.441304347826 
22987.584782608697 23015.39456521739 5266.769565217392 5294.579347826087 5690.813043478261 5718.622826086957 
23581.309782608696 23609.483695652172 5440.679347826087 5468.853260869565 6292.33152173913 6320.505434782609 
23643.115217391303 23671.240217391303 5282.767391304348 5310.892391304348 5873.267391304348 5901.392391304348 
24326.097826086956 24354.983695652172 5366.597826086957 5395.483695652174 5788.326086956522 5817.211956521739 
23660.825 23689.28152173913 5080.411956521739 5108.86847826087 5808.314130434783 5836.770652173913 
23690.04891304348 23718.853260869564 5487.375 5516.179347826087 6099.255434782609 6128.059782608696 
23862.2 23891.27608695652 5414.335869565218 5443.411956521739 6349.004347826087 6378.080434782609 
22951.659782608695 22979.51847826087 5484.295652173913 5512.154347826087 5911.692391304347 5939.551086956521 
23203.02608695652 23230.960869565217 5164.015217391305 5191.95 5624.417391304348 5652.352173913044 
23171.734782608695 23200.305434782607 5273.984782608695 5302.555434782608 5964.702173913043 5993.272826086956 
23373.752173913042 23402.415217391303 5497.866304347826 5526.529347826087 6259.26304347826 6287.926086956521 
