48295.42926829268 48323.99024390244 12467.933333333332 12496.494308943089 13395.540379403794 13424.10135501355 
49106.24119241192 49134.41734417344 12148.479674796748 12176.655826558266 13280.059620596207 13308.235772357724 
48520.14796747967 48548.10460704607 12351.248238482385 12379.20487804878 13680.367479674796 13708.324119241192 
48843.30298102981 48871.647154471546 12302.763685636857 12331.107859078591 13680.720325203252 13709.064498644986 
48948.89105691057 48977.44390243902 12535.479132791328 12564.031978319783 13671.853116531165 13700.40596205962 
48796.28943089431 48824.56043360433 12528.89647696477 12557.167479674798 13267.186449864499 13295.457452574527 
48932.72086720867 48961.33062330623 12297.19783197832 12325.80758807588 13192.940379403793 13221.550135501355 
49860.60325203252 49888.84173441734 12442.20758807588 12470.446070460705 13572.036856368564 13600.275338753387 
49351.18753387534 49380.02764227642 12513.442276422764 12542.282384823848 13871.217344173441 13900.057452574525 
48482.16802168022 48510.61517615176 12474.376693766937 12502.823848238482 13684.262872628726 13712.710027100271 
48550.56151761518 48578.75392953929 12465.8162601626 12494.00867208672 13054.022222222222 13082.214634146341 
48771.35718157182 48799.79620596206 12655.419512195122 12683.858536585365 13932.947967479675 13961.386991869918 
48429.747425474256 48458.132249322494 12155.259620596205 12183.644444444444 13183.966937669376 13212.351761517615 
49056.614092140924 49085.19132791328 12411.221138211382 12439.79837398374 13344.643902439024 13373.221138211382 
49279.415176151764 49308.00867208672 12494.333875338754 12522.927371273712 13588.865040650406 13617.458536585365 
48264.65636856369 48292.68075880759 12406.623848238482 12434.648238482385 13336.539837398373 13364.564227642277 
49237.6162601626 49266.48346883469 12348.486178861789 12377.353387533876 13625.69485094851 13654.562059620595 
49094.6189701897 49123.39945799458 12691.754471544715 12720.534959349594 13842.372357723578 13871.152845528455 
48774.11815718157 48802.33766937669 12116.036856368564 12144.256368563685 13734.175067750677 13762.3945799458 
48951.248780487804 48980.00487804878 12307.565853658536 12336.321951219512 13176.134959349594 13204.891056910568 
48936.375067750676 48964.75176151762 12417.139295392953 12445.515989159892 13291.90081300813 13320.277506775068 
49124.69376693767 49153.276422764226 12384.19783197832 12412.780487804877 13713.09756097561 13741.680216802168 
49118.85528455285 49147.3756097561 12455.443360433605 12483.963685636856 13396.4027100271 13424.923035230353 
48399.51653116531 48427.82276422764 12361.448780487804 12389.755013550135 13073.4 13101.70623306233 
48918.34092140922 48946.82330623306 12497.156639566396 12525.639024390244 13778.880216802168 13807.362601626017 
49704.04390243902 49732.694308943086 12471.856910569106 12500.50731707317 13606.024932249322 13634.675338753388 
48915.668834688346 48944.221680216804 12556.102439024391 12584.655284552846 13561.774525745257 13590.327371273712 
48590.46829268293 48618.60379403794 12603.571273712738 12631.70677506775 13660.378861788618 13688.514363143631 
48503.168563685635 48531.11165311653 12038.358265582656 12066.30135501355 13190.862330623306 13218.805420054201 
48662.80867208672 48691.039024390244 12357.337127371275 12385.567479674797 13385.591869918699 13413.822222222223 
49020.99024390244 49049.431978319786 12331.10135501355 12359.543089430894 13592.570189701897 13621.01192411924 
48180.845528455284 48208.718157181574 12097.978319783198 12125.850948509486 13087.439024390244 13115.31165311653 
49059.378319783194 49087.80379403794 12576.115447154472 12604.540921409214 13431.90135501355 13460.326829268293 
47786.5891598916 47814.89268292683 12322.572899728997 12350.876422764228 13640.586449864499 13668.88997289973 
49552.68455284553 49581.07479674797 12407.595121951219 12435.985365853658 13988.833604336043 14017.223848238482 
49066.20162601626 49094.960433604334 12389.10677506775 12417.865582655826 13461.80325203252 13490.562059620595 
49138.87750677507 49167.04552845529 12498.728455284552 12526.89647696477 13252.630894308943 13280.79891598916 
48648.87371273713 48677.532249322496 12633.017344173442 12661.675880758808 13475.808672086721 13504.467208672088 
49206.75772357723 49235.128997289976 12210.362059620596 12238.733333333334 13180.185907859079 13208.557181571816 
47912.427100271 47940.16422764228 12364.671002710027 12392.408130081301 12767.123577235772 12794.860704607047 
48393.36693766938 48421.50243902439 12171.868292682926 12200.00379403794 13547.29918699187 13575.434688346884 
48633.60216802168 48661.762059620596 12112.014092140922 12140.173983739838 13260.542547425473 13288.70243902439 
48122.07967479675 48150.296476964766 12510.933333333332 12539.150135501355 13464.70027100271 13492.91707317073 
49369.61138211382 49397.99078590786 12381.240108401083 12409.619512195122 13723.429810298103 13751.809214092142 
49279.03631436314 49307.45094850948 12430.29105691057 12458.70569105691 13829.20162601626 13857.616260162602 
48980.00758807588 49008.62547425474 12311.89647696477 12340.514363143631 13684.037398373985 13712.655284552846 
49148.66233062331 49177.19078590786 12406.529539295392 12435.057994579945 14228.70298102981 14257.231436314363 
50226.42330623306 50255.274254742544 12809.518157181572 12838.369105691057 13987.802710027101 14016.653658536585 
49132.12411924119 49160.489972899726 12292.668834688347 12321.034688346883 13313.059078590786 13341.424932249323 
48138.672086720864 48167.0623306233 12192.360433604335 12220.750677506776 13110.392953929539 13138.78319783198 
