37337.087719298244 37365.936842105264 9069.424561403508 9098.273684210526 10152.761403508772 10181.61052631579 
36791.383859649126 36819.37333333334 9093.331228070176 9121.320701754386 9827.268070175438 9855.257543859649 
37640.78736842105 37669.45754385965 9263.211929824562 9291.882105263157 10118.538245614036 10147.208421052632 
37246.14736842105 37274.56140350877 9010.673684210526 9039.087719298246 10232.978947368421 10261.39298245614 
37580.70175438596 37609.18596491228 9333.943859649124 9362.428070175438 10139.750877192982 10168.235087719298 
37860.040701754384 37888.272280701756 9291.851228070176 9320.082807017543 9823.95298245614 9852.184561403508 
37882.02175438596 37910.79368421053 9151.070877192982 9179.842807017543 10281.407719298246 10310.179649122807 
37642.21263157895 37670.79859649123 9020.065263157894 9048.651228070175 10023.177543859649 10051.76350877193 
36967.51649122807 36995.79368421053 9106.425263157895 9134.70245614035 9948.088421052631 9976.365614035089 
37774.89614035088 37803.31368421052 9140.583859649123 9169.001403508772 10274.331228070176 10302.748771929824 
36962.07298245614 36990.24842105263 9009.364210526315 9037.539649122808 9948.715087719298 9976.89052631579 
37418.858245614036 37447.50736842105 9148.97754385965 9177.626666666667 9875.409122807017 9904.058245614035 
37195.33894736842 37223.433684210526 9171.500350877193 9199.595087719299 10423.574035087719 10451.668771929824 
37191.38596491228 37219.7298245614 9506.803508771929 9535.147368421052 9987.887719298245 10016.231578947369 
37379.13684210526 37407.656140350875 9185.719298245614 9214.238596491228 9949.631578947368 9978.150877192982 
36934.278596491225 36962.36631578948 9020.45403508772 9048.541754385966 9535.215438596491 9563.303157894738 
37345.19298245614 37373.501754385965 9203.438596491229 9231.747368421053 10329.231578947369 10357.540350877192 
37344.80210526316 37373.451228070175 9166.693333333333 9195.342456140352 9793.254736842106 9821.903859649123 
37729.720701754384 37758.113684210526 9227.62947368421 9256.02245614035 9731.001403508772 9759.394385964912 
37033.2301754386 37061.3950877193 9026.409122807017 9054.574035087719 10320.658245614035 10348.823157894736 
37754.66807017544 37783.02245614035 8954.738245614035 8983.092631578947 9908.264561403508 9936.61894736842 
37334.20210526316 37362.426666666666 9130.251228070176 9158.475789473685 10407.510877192983 10435.735438596492 
37410.22666666667 37438.595087719295 9281.745964912281 9310.114385964913 9785.282807017544 9813.651228070175 
36524.33122807017 36552.134736842105 9166.120701754386 9193.924210526317 9826.573333333334 9854.376842105263 
37474.969122807015 37503.48842105263 9000.614736842106 9029.13403508772 10162.544561403509 10191.063859649123 
37310.05894736842 37338.26947368421 8927.936140350877 8956.146666666667 10233.508070175438 10261.718596491228 
37100.67719298245 37128.99298245614 9176.277192982456 9204.59298245614 9702.807017543859 9731.122807017544 
37795.494736842105 37824.084210526315 9034.259649122807 9062.849122807018 10060.066666666668 10088.656140350877 
37019.47719298246 37047.61052631579 9105.975438596492 9134.108771929825 10095.684210526315 10123.81754385965 
37842.43859649123 37871.40701754386 9234.740350877193 9263.708771929825 10927.936842105262 10956.905263157894 
36635.3747368421 36663.185263157895 8987.595789473684 9015.406315789474 9957.89052631579 9985.701052631579 
36841.39649122807 36869.82105263158 9194.61754385965 9223.042105263157 10206.82456140351 10235.249122807018 
37742.68701754386 37771.23438596491 9351.444912280702 9379.992280701754 10272.67649122807 10301.223859649122 
37595.50315789474 37623.9452631579 9193.24 9221.682105263159 10259.611929824561 10288.05403508772 
37159.79929824561 37187.81684210526 9211.781754385966 9239.799298245614 10341.746666666666 10369.764210526317 
37018.49192982456 37046.77614035088 9314.811228070175 9343.09543859649 10030.158596491228 10058.442807017544 
37057.720701754384 37085.99789473684 9277.313684210527 9305.590877192983 10498.987368421052 10527.264561403508 
37094.110175438596 37122.32070175438 9104.317192982457 9132.527719298245 9486.555789473685 9514.766315789473 
37716.06175438596 37744.67228070176 9280.605614035088 9309.216140350878 9956.900350877193 9985.510877192983 
37290.63438596491 37318.86245614035 9093.718596491228 9121.946666666667 10072.09052631579 10100.318596491228 
37401.49754385965 37429.96771929825 9288.07298245614 9316.543157894737 10584.90456140351 10613.374736842105 
37681.56701754386 37710.51087719298 9409.430175438596 9438.37403508772 9978.847719298246 10007.791578947368 
36964.62877192983 36993.15859649123 9348.825263157894 9377.355087719297 10223.53052631579 10252.060350877193 
37953.81684210526 37982.27298245614 9178.943157894737 9207.399298245615 10437.308070175439 10465.764210526317 
37097.19789473684 37125.49964912281 8851.783859649122 8880.085614035088 9904.871578947368 9933.173333333334 
36751.778947368424 36779.57894736842 9259.368421052632 9287.168421052631 10007.754385964912 10035.554385964911 
37001.10596491228 37028.89894736842 9100.249824561404 9128.042807017544 10231.046315789474 10258.839298245613 
37278.515789473684 37306.74736842105 9183.168421052631 9211.4 10360.533333333333 10388.764912280702 
37658.24421052632 37686.54947368421 9197.651228070175 9225.95649122807 10245.482807017544 10273.788070175438 
37968.79929824561 37997.4098245614 9246.988771929824 9275.599298245614 9928.557192982456 9957.167719298246 
