48527.04420485175 48555.30026954178 12245.933692722372 12274.1897574124 13530.416172506739 13558.672237196766 
49305.52237196766 49334.058760107815 12406.422641509434 12434.959029649595 13877.886253369272 13906.422641509434 
49098.529919137465 49127.13099730458 12568.225336927224 12596.82641509434 13456.198382749326 13484.799460916442 
49171.62102425876 49199.9795148248 12296.152021563343 12324.51051212938 13059.801617250674 13088.160107816711 
49242.57142857143 49271.11320754717 12360.582210242588 12389.12398921833 14581.911051212937 14610.452830188678 
49640.20485175202 49668.75202156334 12311.619946091645 12340.167115902965 13510.752021563343 13539.299191374663 
48619.6064690027 48648.06199460916 12452.199460916441 12480.654986522912 13631.23180592992 13659.687331536388 
48534.42911051213 48562.72291105121 12778.695956873315 12806.989757412399 14183.714824797844 14212.008625336926 
48904.62803234501 48932.44204851752 12622.374663072776 12650.188679245282 13549.44474393531 13577.258760107818 
49473.88247978437 49502.246361185986 12323.9525606469 12352.316442048517 13563.38921832884 13591.753099730458 
48384.50889487871 48412.61940700809 12457.231266846362 12485.34177897574 13255.282479784366 13283.392991913746 
48857.23611859838 48885.62156334232 12670.217250673855 12698.60269541779 13404.26307277628 13432.648517520216 
48994.591374663076 49022.890566037735 12779.642587601078 12807.94177897574 13755.866307277627 13784.165498652292 
49735.88409703504 49764.3692722372 12676.504043126684 12704.989218328841 13372.032345013477 13400.517520215633 
49215.835040431266 49244.38760107817 12740.188140161725 12768.740700808625 13485.519676549866 13514.072237196766 
49341.75849056604 49370.10889487871 12433.817789757413 12462.16819407008 13768.51590296496 13796.866307277627 
49673.83342318059 49702.41563342318 12493.129919137466 12521.712129380054 13943.4102425876 13971.992452830189 
48793.7525606469 48822.11374663073 12421.814555256065 12450.175741239893 13594.154177897573 13622.5153638814 
49549.23827493261 49577.591374663076 12276.497035040431 12304.85013477089 13440.28140161725 13468.63450134771 
48868.0911051213 48896.514285714286 12480.35795148248 12508.781132075472 13547.964420485176 13576.387601078168 
48555.75471698113 48583.76549865229 12641.867924528302 12669.87870619946 13424.269541778976 13452.280323450135 
48921.182749326144 48949.50619946091 12488.325606469003 12516.649056603774 13760.398382749327 13788.721832884097 
49320.19460916442 49348.45876010782 12377.08140161725 12405.345552560648 13487.183827493262 13515.447978436658 
49292.603234501345 49320.8269541779 12562.948247978436 12591.171967654987 14051.506199460917 14079.729919137466 
48790.516981132074 48819.10997304582 12746.754177897574 12775.34716981132 13688.767654986523 13717.36064690027 
50045.65336927224 50074.46738544475 12468.529380053908 12497.343396226415 13488.642587601078 13517.456603773586 
49026.456603773586 49054.666846361186 12393.995687331537 12422.205929919137 13243.262533692723 13271.472776280323 
49865.97088948787 49894.361725067385 12633.412938005391 12661.803773584905 14023.353638814016 14051.74447439353 
48793.490026954176 48821.9320754717 12609.867385444744 12638.309433962264 13987.093800539084 14015.535849056603 
48797.50458221024 48825.74177897574 12455.213477088948 12483.450673854448 13401.803773584905 13430.040970350405 
49291.22964959569 49319.817250673856 12489.394070080862 12517.98167115903 13918.677088948787 13947.264690026954 
48529.740161725065 48557.72129380054 12747.893800539083 12775.874932614555 13317.306199460916 13345.287331536389 
48752.890566037735 48781.17358490566 12616.356873315364 12644.639892183288 13508.537466307278 13536.820485175202 
48639.158490566035 48667.31212938005 12233.398382749327 12261.552021563342 13347.759568733154 13375.91320754717 
49550.795687331534 49579.251212938005 12501.76064690027 12530.216172506738 13260.453369272238 13288.908894878707 
48947.44204851752 48975.622641509435 12430.396226415094 12458.576819407008 14098.943396226416 14127.12398921833 
48988.03180592992 49016.47385444744 12605.066846361186 12633.508894878707 13496.91859838275 13525.36064690027 
48663.1628032345 48691.40269541779 12456.435040431266 12484.674932614555 14038.534770889488 14066.774663072776 
49489.770889487874 49518.34770889488 12327.398921832884 12355.975741239892 13611.460916442049 13640.037735849057 
48725.9423180593 48753.95309973046 12660.0474393531 12688.05822102426 13847.713207547169 13875.72398921833 
49526.74177897574 49555.24851752022 12395.42641509434 12423.933153638814 13767.272776280324 13795.779514824799 
48890.83396226415 48919.04150943396 12159.38652291105 12187.594070080862 13235.030727762804 13263.238274932615 
49617.038274932616 49645.5153638814 12663.542318059299 12692.019407008087 13589.445283018867 13617.922371967656 
50001.62587601078 50030.596226415095 12523.272776280324 12552.243126684636 13761.294339622642 13790.264690026954 
49000.28571428572 49028.50943396227 12451.708894878706 12479.932614555257 13522.482479784367 13550.706199460916 
48790.78274932614 48819.01725067385 12102.435040431266 12130.669541778976 13342.046900269543 13370.28140161725 
49765.937466307274 49794.379514824795 12316.163881401617 12344.605929919138 13393.622102425876 13422.064150943395 
48347.29056603774 48375.638274932615 12392.748787061995 12421.096495956874 13818.047978436658 13846.395687331536 
48347.89595687332 48376.087331536386 12436.720754716982 12464.912129380054 13816.259838274933 13844.451212938005 
49126.72830188679 49155.29703504043 12316.073315363881 12344.64204851752 13636.364420485175 13664.933153638814 
