66.22857142857143 95.22857142857143 58.22857142857143 87.22857142857143 52.371428571428574 81.37142857142857 
63.457142857142856 95.31428571428572 53.17142857142857 85.02857142857142 49.02857142857143 80.88571428571429 
59.68571428571428 86.82857142857142 62.17142857142857 89.31428571428572 44.25714285714286 71.4 
47.77142857142857 74.62857142857143 48.114285714285714 74.97142857142858 38.2 65.05714285714286 
64.11428571428571 96.82857142857142 44.857142857142854 77.57142857142857 36.885714285714286 69.6 
44.77142857142857 74.91428571428571 53.74285714285714 83.88571428571429 35.77142857142857 65.91428571428571 
56.05714285714286 85.91428571428571 55.42857142857143 85.28571428571429 40.22857142857143 70.08571428571429 
65.65714285714286 95.22857142857143 51.65714285714286 81.22857142857143 44.0 73.57142857142857 
51.22857142857143 78.08571428571429 47.82857142857143 74.68571428571428 35.94285714285714 62.8 
60.94285714285714 91.94285714285714 57.4 88.4 40.77142857142857 71.77142857142857 
42.285714285714285 66.71428571428571 55.34285714285714 79.77142857142857 33.42857142857143 57.857142857142854 
55.02857142857143 82.88571428571429 56.285714285714285 84.14285714285714 41.82857142857143 69.68571428571428 
57.17142857142857 86.74285714285715 46.94285714285714 76.51428571428572 44.17142857142857 73.74285714285715 
72.22857142857143 100.22857142857143 62.6 90.6 56.31428571428572 84.31428571428572 
64.05714285714286 94.34285714285714 65.77142857142857 96.05714285714286 48.0 78.28571428571429 
56.25714285714286 83.54285714285714 48.77142857142857 76.05714285714286 37.57142857142857 64.85714285714286 
63.57142857142857 90.14285714285714 60.4 86.97142857142858 44.857142857142854 71.42857142857143 
40.34285714285714 67.77142857142857 61.22857142857143 88.65714285714286 33.34285714285714 60.77142857142857 
54.142857142857146 84.0 50.25714285714286 80.11428571428571 38.542857142857144 68.4 
55.02857142857143 83.74285714285715 51.457142857142856 80.17142857142858 44.31428571428572 73.02857142857142 
83.2 114.34285714285714 48.77142857142857 79.91428571428571 36.94285714285714 68.08571428571429 
67.91428571428571 97.34285714285714 52.857142857142854 82.28571428571429 40.91428571428571 70.34285714285714 
120.2 149.4857142857143 58.31428571428572 87.6 50.17142857142857 79.45714285714286 
62.48571428571429 90.05714285714286 55.97142857142857 83.54285714285714 45.2 72.77142857142857 
65.62857142857143 92.34285714285714 55.82857142857143 82.54285714285714 52.68571428571428 79.4 
44.628571428571426 74.48571428571428 55.885714285714286 85.74285714285715 34.885714285714286 64.74285714285715 
103.68571428571428 130.82857142857142 61.6 88.74285714285715 51.114285714285714 78.25714285714285 
42.142857142857146 70.14285714285714 42.885714285714286 70.88571428571429 34.4 62.4 
63.6 90.17142857142858 57.77142857142857 84.34285714285714 36.97142857142857 63.542857142857144 
61.97142857142857 92.82857142857142 55.77142857142857 86.62857142857143 42.77142857142857 73.62857142857143 
59.142857142857146 87.71428571428571 51.142857142857146 79.71428571428571 41.51428571428571 70.08571428571429 
49.628571428571426 77.77142857142857 43.05714285714286 71.2 28.885714285714286 57.02857142857143 
57.68571428571428 84.54285714285714 63.02857142857143 89.88571428571429 41.6 68.45714285714286 
126.02857142857142 157.02857142857144 72.77142857142857 103.77142857142857 59.142857142857146 90.14285714285714 
84.51428571428572 114.94285714285714 54.457142857142856 84.88571428571429 56.02857142857143 86.45714285714286 
39.31428571428572 67.17142857142858 61.371428571428574 89.22857142857143 30.914285714285715 58.77142857142857 
64.71428571428571 93.71428571428571 55.02857142857143 84.02857142857142 50.714285714285715 79.71428571428571 
61.17142857142857 88.02857142857142 51.97142857142857 78.82857142857142 35.6 62.457142857142856 
73.94285714285714 105.8 54.82857142857143 86.68571428571428 48.142857142857146 80.0 
107.8 138.8 49.6 80.6 44.22857142857143 75.22857142857143 
47.34285714285714 73.2 52.48571428571429 78.34285714285714 36.05714285714286 61.91428571428571 
41.542857142857144 67.97142857142858 51.08571428571429 77.51428571428572 33.25714285714286 59.68571428571428 
67.17142857142858 96.31428571428572 50.31428571428572 79.45714285714286 42.6 71.74285714285715 
39.77142857142857 69.62857142857143 48.31428571428572 78.17142857142858 33.142857142857146 63.0 
58.68571428571428 87.82857142857142 59.17142857142857 88.31428571428572 37.34285714285714 66.48571428571428 
42.714285714285715 68.57142857142857 51.371428571428574 77.22857142857143 36.285714285714285 62.142857142857146 
72.02857142857142 100.88571428571429 62.31428571428572 91.17142857142858 53.08571428571429 81.94285714285714 
39.97142857142857 66.82857142857142 59.714285714285715 86.57142857142857 33.542857142857144 60.4 
61.8 93.08571428571429 55.68571428571428 86.97142857142858 41.25714285714286 72.54285714285714 
50.82857142857143 80.25714285714285 59.25714285714286 88.68571428571428 38.82857142857143 68.25714285714285 
