15529.2 15557.824 3122.032 3150.656 3645.192 3673.816 
15489.896 15518.8 3123.0 3151.904 3531.968 3560.872 
15001.9792 15030.0912 2983.9152 3012.0272 3225.3472 3253.4592 
15435.272 15464.128 3424.064 3452.92 3722.176 3751.032 
15257.5744 15285.9424 2944.3104 2972.6784 3417.6624 3446.0304 
14825.2192 14852.3072 3047.7232 3074.8112 3233.4992 3260.5872 
15745.9728 15774.2048 3092.7808 3121.0128 3336.7968 3365.0288 
15361.584 15389.704 3078.624 3106.744 3361.448 3389.568 
15688.4288 15716.8688 3162.9968 3191.4368 3821.7968 3850.2368 
15062.1152 15090.5232 3165.9872 3194.3952 3281.6912 3310.0992 
15130.6624 15158.3344 2999.2384 3026.9104 3415.0544 3442.7264 
15160.44 15187.96 3082.576 3110.096 3411.312 3438.832 
15533.1104 15561.0624 3248.5584 3276.5104 3944.4304 3972.3824 
15110.5824 15138.3824 3042.0864 3069.8864 3418.7824 3446.5824 
15591.8064 15619.9984 3148.0464 3176.2384 3488.6784 3516.8704 
14961.1408 14989.2048 2998.5168 3026.5808 3450.7488 3478.8128 
15463.8352 15492.2112 3086.8272 3115.2032 3500.0832 3528.4592 
15042.7328 15070.5808 2901.7648 2929.6128 3270.5168 3298.3648 
14990.7936 15018.5856 2864.2416 2892.0336 3104.6896 3132.4816 
15555.5248 15584.3888 3093.9728 3122.8368 3538.2688 3567.1328 
15343.3408 15371.5008 3088.7408 3116.9008 3493.8928 3522.0528 
15031.368 15059.288 3185.528 3213.448 3445.008 3472.928 
15290.3856 15318.1776 3050.7136 3078.5056 3591.6736 3619.4656 
15410.76 15439.128 3123.464 3151.832 3406.768 3435.136 
15150.6608 15179.0368 3198.4048 3226.7808 3649.9328 3678.3088 
15162.96 15190.648 3107.288 3134.976 3656.456 3684.144 
15407.8752 15435.7312 3121.9072 3149.7632 3599.7552 3627.6112 
15440.2176 15468.2416 3127.1536 3155.1776 3205.7456 3233.7696 
15307.2976 15335.8256 2883.5856 2912.1136 3403.0816 3431.6096 
15166.256 15193.736 3074.968 3102.448 3569.656 3597.136 
14972.4096 15000.5776 3017.1296 3045.2976 3420.0976 3448.2656 
15147.3072 15175.1152 3208.3392 3236.1472 3519.6032 3547.4112 
15323.3552 15351.5392 3081.0432 3109.2272 3466.3872 3494.5712 
15443.3904 15472.1424 3246.8464 3275.5984 3403.4784 3432.2304 
15495.0464 15523.4064 2986.0144 3014.3744 3399.1824 3427.5424 
15686.4976 15715.0736 3028.4976 3057.0736 3382.2656 3410.8416 
15632.7104 15661.5824 3280.1664 3309.0384 3456.1584 3485.0304 
15489.184 15517.832 3066.624 3095.272 3705.208 3733.856 
15004.3168 15032.3168 3166.4528 3194.4528 3393.0288 3421.0288 
15127.5072 15155.1872 2971.7392 2999.4192 3133.2592 3160.9392 
15118.992 15146.624 3043.312 3070.944 3251.368 3279.0 
15228.9664 15256.8384 3014.8064 3042.6784 3250.5424 3278.4144 
15307.6512 15335.8752 3083.9712 3112.1952 3373.6592 3401.8832 
15007.7424 15035.9104 2856.7664 2884.9344 3317.8784 3346.0464 
15231.1696 15259.6896 3218.8256 3247.3456 3662.7296 3691.2496 
15678.7328 15707.5648 3150.4688 3179.3008 3296.9808 3325.8128 
15542.192 15570.864 3050.24 3078.912 3319.608 3348.28 
15546.8128 15575.3008 3129.1088 3157.5968 3296.3248 3324.8128 
15532.7856 15560.8656 3125.7536 3153.8336 3812.0256 3840.1056 
15258.7776 15286.3856 3190.1616 3217.7696 3533.2656 3560.8736 
