2779.45625 2808.76875 116.55 145.8625 165.39375 194.70625 
2519.96875 2547.6875 124.65625 152.375 185.34375 213.0625 
2589.375 2617.46875 139.6875 167.78125 211.6875 239.78125 
2564.40625 2593.03125 105.34375 133.96875 155.84375 184.46875 
2444.0875 2471.65 110.2125 137.775 159.275 186.8375 
2459.30625 2487.275 124.775 152.74375 186.74375 214.7125 
2750.375 2779.1875 163.5625 192.375 232.75 261.5625 
2689.21875 2716.9375 155.59375 183.3125 245.15625 272.875 
2589.90625 2618.15625 119.125 147.375 213.40625 241.65625 
2974.35 3003.2875 135.75625 164.69375 183.725 212.6625 
2641.175 2671.7375 102.1125 132.675 169.8 200.3625 
2722.5875 2751.3375 121.525 150.275 174.7125 203.4625 
2529.66875 2557.98125 121.98125 150.29375 168.85625 197.16875 
2519.29375 2546.8875 119.39375 146.9875 190.79375 218.3875 
2902.7125 2931.55625 119.36875 148.2125 191.65 220.49375 
2578.98125 2606.575 110.60625 138.2 176.10625 203.7 
2629.9125 2658.5375 114.85 143.475 202.5375 231.1625 
2535.43125 2563.93125 159.36875 187.86875 223.20625 251.70625 
2686.19375 2715.00625 129.50625 158.31875 190.75625 219.56875 
2431.51875 2459.08125 120.58125 148.14375 201.89375 229.45625 
2781.5875 2809.025 106.24375 133.68125 194.7125 222.15 
2534.0375 2561.475 107.63125 135.06875 158.7 186.1375 
2504.275 2531.3375 110.3375 137.4 147.775 174.8375 
2509.38125 2536.81875 125.25625 152.69375 178.50625 205.94375 
2643.9 2672.99375 130.68125 159.775 253.7 282.79375 
2698.825 2727.41875 124.48125 153.075 216.45 245.04375 
2745.06875 2774.225 128.725 157.88125 185.50625 214.6625 
2597.34375 2625.71875 125.25 153.625 151.71875 180.09375 
3013.65 3042.8375 154.5875 183.775 264.3375 293.525 
2875.6 2905.7875 124.5375 154.725 212.475 242.6625 
2649.05625 2677.55625 144.05625 172.55625 217.86875 246.36875 
2556.68125 2585.36875 134.15 162.8375 195.36875 224.05625 
2609.25 2637.65625 141.78125 170.1875 232.6875 261.09375 
2556.95 2585.29375 104.16875 132.5125 151.8875 180.23125 
2477.7375 2506.1125 143.2125 171.5875 166.38125 194.75625 
2538.03125 2567.125 113.59375 142.6875 203.71875 232.8125 
2630.3375 2657.7125 115.9625 143.3375 201.9625 229.3375 
2887.35625 2915.91875 125.29375 153.85625 186.04375 214.60625 
2732.43125 2760.775 107.74375 136.0875 166.05625 194.4 
2663.68125 2692.7125 119.74375 148.775 196.36875 225.4 
2736.11875 2764.86875 116.18125 144.93125 178.74375 207.49375 
2466.61875 2494.4625 111.28125 139.125 181.9125 209.75625 
2586.99375 2616.11875 118.24375 147.36875 185.30625 214.43125 
2530.14375 2558.8 129.3 157.95625 198.89375 227.55 
2773.7875 2803.31875 120.35 149.88125 159.7875 189.31875 
2423.05 2450.58125 107.39375 134.925 174.1125 201.64375 
2387.71875 2415.625 109.3125 137.21875 167.09375 195.0 
2584.2125 2612.80625 142.93125 171.525 211.275 239.86875 
2583.775 2611.4625 131.68125 159.36875 153.4 181.0875 
2676.40625 2704.75 193.46875 221.8125 233.09375 261.4375 
