30316.593220338982 30344.63559322034 7213.775423728814 7241.817796610169 8221.966101694916 8250.00847457627 
30283.948305084745 30312.15593220339 7282.456779661017 7310.664406779661 7856.8042372881355 7885.01186440678 
30541.412711864406 30570.086440677966 7277.599152542373 7306.272881355932 8074.734745762712 8103.408474576271 
30688.316101694916 30716.63813559322 7188.040677966102 7216.362711864407 8023.1635593220335 8051.485593220339 
30051.433898305084 30079.30254237288 7301.785593220339 7329.654237288136 7743.5694915254235 7771.43813559322 
30910.019491525425 30938.434745762712 7467.621186440678 7496.036440677966 7840.629661016949 7869.044915254237 
30106.976271186442 30135.086440677966 7380.0694915254235 7408.1796610169495 8117.510169491526 8145.620338983051 
30195.518644067797 30223.37881355932 7280.68813559322 7308.548305084746 8493.866101694915 8521.72627118644 
30793.23305084746 30821.68220338983 7245.822033898305 7274.271186440678 8377.224576271186 8405.67372881356 
30322.86186440678 30350.836440677966 7179.895762711864 7207.870338983051 7647.514406779661 7675.488983050847 
30144.971186440678 30173.11101694915 7080.865254237288 7109.005084745762 7808.683050847458 7836.822881355933 
30784.35847457627 30813.227118644067 7464.557627118644 7493.42627118644 8503.222881355932 8532.091525423728 
30768.900847457626 30797.066101694916 6901.460169491525 6929.625423728814 7534.1805084745765 7562.345762711864 
30610.554237288135 30638.956779661017 7105.5542372881355 7133.956779661017 8092.969491525424 8121.372033898305 
30236.52033898305 30264.283050847458 7433.605084745763 7461.3677966101695 8058.698305084746 8086.4610169491525 
30120.741525423728 30149.084745762713 7168.783898305085 7197.127118644068 8023.733050847458 8052.076271186441 
30631.694915254237 30659.98305084746 7305.957627118644 7334.245762711865 8217.906779661016 8246.194915254237 
30163.32372881356 30191.50593220339 7248.980508474577 7277.162711864406 8133.255932203389 8161.43813559322 
30312.77033898305 30341.05847457627 7284.537288135593 7312.825423728814 7789.872033898305 7818.160169491525 
30823.509322033897 30851.733898305083 7487.170338983051 7515.394915254237 8159.45 8187.674576271186 
30248.77711864407 30277.32372881356 7126.531355932203 7155.077966101695 8169.056779661017 8197.603389830509 
30074.12627118644 30102.05847457627 7186.533050847458 7214.465254237288 7681.312711864407 7709.244915254238 
29281.64152542373 29309.289830508475 7492.196610169492 7519.844915254237 7972.590677966102 8000.238983050847 
30956.442372881356 30985.01440677966 7526.425423728813 7554.997457627119 8055.654237288136 8084.2262711864405 
30594.574576271185 30622.9093220339 7405.81186440678 7434.146610169491 8174.371186440678 8202.70593220339 
30557.555084745763 30585.610169491527 7496.313559322034 7524.368644067797 8134.3516949152545 8162.406779661017 
30316.906779661018 30345.228813559323 7477.96186440678 7506.283898305085 8133.610169491525 8161.932203389831 
30236.50593220339 30265.077966101693 7459.32372881356 7487.895762711864 8174.014406779661 8202.586440677966 
30213.011016949153 30241.506779661016 7400.015254237288 7428.511016949153 8108.511016949153 8137.006779661017 
30209.01525423729 30236.913559322034 7332.468644067797 7360.3669491525425 7968.642372881356 7996.540677966102 
30326.207627118645 30354.305084745763 7147.021186440678 7175.118644067797 8264.97033898305 8293.06779661017 
30432.196610169492 30460.48474576271 7421.984745762712 7450.272881355932 8068.103389830509 8096.391525423729 
30831.686440677968 30859.881355932204 7244.360169491525 7272.5550847457625 7989.0084745762715 8017.203389830508 
30229.898305084746 30257.52966101695 7152.449152542373 7180.080508474576 8042.0084745762715 8069.639830508475 
31273.34661016949 31301.90593220339 7364.134745762712 7392.69406779661 8239.83813559322 8268.39745762712 
30727.82711864407 30755.95847457627 7140.322881355933 7168.454237288136 7842.589830508475 7870.721186440678 
30536.88559322034 30565.14406779661 7049.796610169492 7078.0550847457625 7842.978813559322 7871.237288135593 
30385.42118644068 30413.70508474576 7389.090677966102 7417.374576271186 8414.260169491525 8442.54406779661 
30467.188983050848 30495.34152542373 7301.909322033898 7330.06186440678 8292.129661016948 8320.28220338983 
30773.195762711865 30801.6406779661 7421.136440677966 7449.581355932203 8256.568644067796 8285.013559322035 
30334.833050847457 30362.866949152543 7160.922033898305 7188.95593220339 7836.290677966102 7864.324576271187 
30549.850847457627 30577.918644067795 7237.855084745763 7265.922881355932 8030.435593220339 8058.503389830508 
30904.704237288137 30933.009322033897 7274.23813559322 7302.543220338983 8327.10254237288 8355.407627118644 
30390.616101694915 30419.145762711865 7410.620338983051 7439.15 8372.844915254238 8401.374576271186 
30828.51779661017 30857.51779661017 7287.784745762712 7316.784745762712 7570.3822033898305 7599.3822033898305 
30277.669491525423 30305.39406779661 7186.6652542372885 7214.389830508475 8298.440677966102 8326.165254237289 
30366.689830508476 30394.89322033898 7194.109322033898 7222.312711864407 8113.732203389831 8141.935593220339 
30549.136440677965 30577.35677966102 7144.84406779661 7173.064406779661 8051.009322033899 8079.229661016949 
30108.483898305083 30136.839830508474 7268.644915254237 7297.000847457627 7797.500847457627 7825.856779661017 
30065.45593220339 30092.900847457626 7219.6635593220335 7247.108474576271 7848.557627118644 7876.002542372881 
