20632.279754601226 20660.813496932515 4369.874846625767 4398.408588957055 5233.255214723927 5261.788957055215 
20157.04662576687 20185.26134969325 4445.960736196319 4474.175460122699 4719.18773006135 4747.40245398773 
20416.21226993865 20444.764417177914 4575.653987730061 4604.206134969325 4801.887116564417 4830.439263803681 
20107.34601226994 20135.63435582822 4585.278527607362 4613.566871165644 4924.861349693251 4953.149693251534 
20651.147239263802 20679.59509202454 4415.128834355828 4443.576687116564 5098.098159509203 5126.546012269939 
20449.737423312883 20477.964417177915 4372.99509202454 4401.222085889571 5028.62699386503 5056.853987730061 
20486.357055214725 20514.93374233129 4365.0196319018405 4393.596319018405 5089.234355828221 5117.811042944785 
20157.608588957057 20185.17300613497 4396.504294478527 4424.068711656441 5146.449079754601 5174.013496932515 
20535.668711656443 20563.31901840491 4508.251533742331 4535.901840490797 4783.036809815951 4810.687116564417 
20759.220858895704 20788.208588957055 4668.9754601227 4697.963190184049 5226.294478527608 5255.2822085889575 
20556.952147239263 20585.307975460124 4518.608588957055 4546.964417177914 5188.295705521472 5216.651533742332 
20363.15582822086 20390.959509202454 4471.278527607362 4499.082208588957 4823.39509202454 4851.198773006135 
20141.48343558282 20169.38527607362 4530.587730061349 4558.489570552148 4898.38527607362 4926.287116564417 
20973.53865030675 21001.90674846626 4594.949693251534 4623.317791411043 5279.949693251534 5308.317791411043 
20204.828220858897 20232.865030674846 4520.380368098159 4548.417177914111 5191.852760736197 5219.889570552147 
19958.57055214724 19986.61963190184 4544.196319018405 4572.245398773006 4811.0920245398775 4839.141104294478 
20744.238036809817 20772.58773006135 4380.035582822086 4408.38527607362 5116.624539877301 5144.974233128834 
20872.258895705523 20900.54110429448 4719.3325153374235 4747.61472392638 5078.669938650307 5106.9521472392635 
20489.278527607363 20517.38282208589 4614.928834355828 4643.033128834356 4747.41963190184 4775.523926380368 
20326.752147239265 20355.500613496934 4403.500613496933 4432.249079754602 5096.9914110429445 5125.739877300613 
20840.223312883434 20869.094478527608 4544.566871165644 4573.438036809816 4945.346012269939 4974.217177914111 
20099.490797546012 20127.31288343558 4598.21472392638 4626.036809815951 4817.349693251534 4845.171779141105 
20885.552147239265 20914.184049079755 4622.21472392638 4650.8466257668715 4996.110429447853 5024.742331288344 
20474.008588957055 20501.90429447853 4541.603680981595 4569.499386503067 4914.603680981595 4942.499386503067 
19984.127607361963 20012.19509202454 4320.949693251534 4349.01717791411 4666.968098159509 4695.035582822086 
20471.26134969325 20499.690797546013 4575.445398773006 4603.874846625767 5060.703067484663 5089.132515337424 
20304.19263803681 20332.76319018405 4447.8858895705525 4476.456441717792 4806.738650306748 4835.309202453987 
20226.991411042945 20255.48834355828 4590.034355828221 4618.531288343558 5414.690797546013 5443.18773006135 
20608.36564417178 20636.206134969325 4408.59263803681 4436.433128834356 4555.451533742331 4583.292024539877 
20908.166871165646 20936.768098159508 4614.430674846626 4643.031901840491 5223.927607361963 5252.528834355829 
20795.635582822088 20824.138650306748 4521.838036809816 4550.341104294478 5131.261349693252 5159.764417177914 
20548.013496932515 20576.51042944785 4572.191411042945 4600.688343558282 4745.3325153374235 4773.8294478527605 
20334.1018404908 20362.353374233127 4418.169325153374 4446.420858895705 4833.985276073619 4862.236809815951 
20120.484662576688 20148.60736196319 4649.895705521472 4678.018404907975 5098.773006134969 5126.895705521472 
20470.830674846628 20498.781595092023 4623.750920245398 4651.701840490798 5274.493251533742 5302.4441717791415 
20615.84417177914 20644.1509202454 4596.721472392638 4625.028220858896 5004.206134969325 5032.512883435583 
20444.917791411044 20473.132515337424 4613.917791411043 4642.132515337424 5141.488343558282 5169.703067484663 
20768.042944785277 20796.269938650308 4568.650306748466 4596.877300613497 4923.680981595092 4951.9079754601225 
20725.276073619632 20753.625766871166 4385.269938650306 4413.619631901841 4921.7239263803685 4950.073619631902 
20465.537423312882 20493.1018404908 4250.365644171779 4277.9300613496935 4838.635582822086 4866.2 
20472.527607361964 20500.17791411043 4406.889570552147 4434.539877300614 4940.116564417178 4967.766871165644 
20528.890797546013 20557.430674846626 4381.688343558282 4410.228220858896 4846.467484662577 4875.00736196319 
20392.107975460123 20420.384049079756 4529.310429447853 4557.586503067485 4889.353374233129 4917.629447852761 
20720.18036809816 20748.818404907975 4426.81226993865 4455.450306748467 4804.959509202454 4833.59754601227 
20235.036809815952 20262.521472392636 4442.748466257669 4470.233128834356 4874.245398773006 4901.730061349694 
20198.867484662576 20226.48098159509 4555.352147239264 4582.965644171779 4621.60981595092 4649.223312883436 
20660.424539877302 20688.99509202454 4403.60245398773 4432.173006134969 5218.099386503068 5246.669938650307 
20397.015950920246 20424.99754601227 4566.077300613497 4594.0588957055215 4796.739877300613 4824.721472392638 
19955.37300613497 19982.90061349693 4594.2932515337425 4621.820858895706 4795.2932515337425 4822.820858895706 
21109.78282208589 21138.02208588957 4473.752147239264 4501.9914110429445 5087.862576687116 5116.101840490797 
