9221.257894736842 9251.165789473684 1262.7052631578947 1292.6131578947368 1704.7052631578947 1734.6131578947368 
8306.2 8334.252631578947 1274.3052631578948 1302.3578947368421 1508.0947368421052 1536.1473684210525 
8856.765789473684 8885.910526315789 1173.5947368421052 1202.7394736842105 1436.3447368421052 1465.4894736842105 
8423.942105263159 8450.88947368421 1249.9947368421053 1276.9421052631578 1431.8368421052633 1458.7842105263157 
8741.26052631579 8769.589473684211 1118.8921052631579 1147.221052631579 1459.1552631578948 1487.4842105263158 
8958.939473684211 8987.557894736841 1152.9921052631578 1181.6105263157895 1602.4131578947367 1631.0315789473684 
8872.939473684211 8901.847368421053 1341.1894736842105 1370.0973684210526 1597.071052631579 1625.9789473684211 
8704.45 8732.371052631579 1366.3578947368421 1394.278947368421 1565.6605263157894 1593.5815789473684 
8633.031578947368 8661.57105263158 1168.0052631578947 1196.5447368421053 1372.4526315789474 1400.9921052631578 
8699.5 8728.723684210527 1341.2236842105262 1370.4473684210527 1547.8684210526317 1577.092105263158 
8754.205263157895 8783.494736842105 1210.9815789473685 1240.2710526315789 1626.2842105263157 1655.5736842105264 
8216.189473684211 8244.005263157895 1286.321052631579 1314.1368421052632 1440.5315789473684 1468.3473684210526 
8767.35 8796.652631578947 1199.0868421052633 1228.3894736842105 1314.1657894736843 1343.4684210526316 
8375.526315789473 8403.907894736842 1141.8157894736842 1170.1973684210527 1625.342105263158 1653.7236842105262 
8524.060526315789 8551.88947368421 1286.2315789473685 1314.0605263157895 1620.0078947368422 1647.8368421052633 
8816.384210526316 8845.884210526316 1159.9763157894736 1189.4763157894736 1545.9368421052632 1575.4368421052632 
8831.515789473684 8860.292105263157 1213.5157894736842 1242.292105263158 1465.0684210526315 1493.8447368421052 
8942.005263157895 8971.794736842105 1344.1105263157895 1373.9 1773.4789473684211 1803.2684210526315 
8827.984210526316 8856.747368421053 1142.9447368421052 1171.707894736842 1600.6684210526316 1629.4315789473685 
8742.107894736842 8771.292105263157 1331.278947368421 1360.463157894737 1594.1078947368421 1623.292105263158 
8932.0 8960.0 1215.7763157894738 1243.7763157894738 1471.2105263157894 1499.2105263157894 
8732.771052631579 8761.257894736842 1332.6657894736843 1361.1526315789474 1664.1921052631578 1692.678947368421 
8967.95 8996.27894736842 1252.0684210526315 1280.3973684210525 1663.8447368421052 1692.1736842105263 
8384.684210526315 8412.184210526315 1214.8815789473683 1242.3815789473683 1493.157894736842 1520.657894736842 
8704.378947368421 8733.181578947368 1321.1026315789475 1349.9052631578948 1399.378947368421 1428.1815789473685 
9014.671052631578 9043.921052631578 1496.578947368421 1525.828947368421 1450.3552631578948 1479.6052631578948 
8560.242105263158 8588.715789473685 1353.9526315789474 1382.4263157894736 1747.5578947368422 1776.0315789473684 
8679.855263157895 8707.907894736842 1091.8552631578948 1119.907894736842 1363.407894736842 1391.4605263157894 
8529.223684210527 8557.644736842105 1266.8552631578948 1295.2763157894738 1566.1973684210527 1594.6184210526317 
8347.863157894737 8375.797368421052 1297.1921052631578 1325.1263157894737 1515.4421052631578 1543.3763157894737 
8389.96052631579 8418.355263157895 1180.7236842105262 1209.1184210526317 1506.8552631578948 1535.25 
8605.126315789474 8633.455263157895 1327.5473684210526 1355.8763157894737 1528.7578947368422 1557.0868421052633 
8495.973684210527 8523.947368421053 1177.4473684210527 1205.421052631579 1310.8157894736842 1338.7894736842106 
8574.17894736842 8602.85 1184.0868421052633 1212.7578947368422 1366.1263157894737 1394.7973684210526 
8378.673684210526 8406.831578947369 1172.1078947368421 1200.2657894736842 1393.0684210526315 1421.2263157894736 
8555.405263157894 8583.523684210526 1188.536842105263 1216.6552631578948 1644.1684210526316 1672.286842105263 
8444.376315789474 8471.994736842105 1204.7447368421053 1232.3631578947368 1603.0868421052633 1630.7052631578947 
8765.526315789473 8794.21052631579 1218.9473684210527 1247.6315789473683 1535.7631578947369 1564.4473684210527 
8638.355263157895 8666.947368421053 1291.578947368421 1320.171052631579 1577.6184210526317 1606.2105263157894 
9149.694736842106 9177.826315789474 1170.536842105263 1198.6684210526316 1621.2736842105264 1649.4052631578948 
8366.518421052631 8394.242105263158 1294.2552631578947 1321.9789473684211 1625.4921052631578 1653.2157894736843 
8462.339473684211 8490.194736842106 1187.8 1215.6552631578948 1380.3657894736841 1408.221052631579 
8635.421052631578 8663.328947368422 1390.4342105263158 1418.342105263158 1542.6315789473683 1570.5394736842106 
8506.147368421052 8535.305263157894 1284.9894736842105 1314.1473684210525 1647.6473684210525 1676.8052631578948 
8620.144736842105 8648.394736842105 1199.6184210526317 1227.8684210526317 1638.2763157894738 1666.5263157894738 
8763.234210526316 8791.339473684211 1129.5631578947368 1157.6684210526316 1510.9973684210527 1539.1026315789475 
8449.036842105263 8478.339473684211 1166.0105263157895 1195.3131578947368 1494.9842105263158 1524.286842105263 
8728.32105263158 8756.347368421053 1327.4789473684211 1355.5052631578947 1458.7421052631578 1486.7684210526315 
8675.386842105263 8703.715789473685 1147.4394736842105 1175.7684210526315 1470.0184210526315 1498.3473684210526 
8649.02894736842 8676.7 1006.4236842105263 1034.0947368421052 1418.213157894737 1445.8842105263159 
