21953.781714285713 21981.72457142857 5023.598857142857 5051.541714285714 5456.0388571428575 5483.981714285715 
22351.556571428573 22380.453714285715 5007.853714285714 5036.750857142857 5588.3394285714285 5617.236571428572 
22215.901714285716 22244.296 5041.193142857142 5069.587428571429 5545.004571428572 5573.398857142857 
22372.133714285716 22400.659428571427 5048.562285714285 5077.088 5484.699428571428 5513.225142857143 
22051.48 22079.737142857142 5088.611428571428 5116.868571428571 5399.645714285714 5427.902857142857 
22065.662857142856 22094.108571428573 4808.5771428571425 4837.022857142857 5349.234285714286 5377.68 
22859.65257142857 22888.77257142857 4988.458285714286 5017.578285714286 6003.212571428571 6032.332571428571 
21787.139428571427 21815.162285714287 5020.133714285715 5048.156571428572 5458.973714285714 5486.996571428572 
22451.177142857145 22480.062857142857 5050.851428571428 5079.737142857143 5282.428571428572 5311.314285714286 
21899.350857142857 21927.225142857144 4844.419428571428 4872.2937142857145 5099.482285714285 5127.356571428571 
22599.324571428573 22628.20457142857 5175.290285714285 5204.1702857142855 5681.787428571429 5710.667428571429 
22488.757714285715 22517.414857142856 4900.912 4929.569142857143 5569.506285714286 5598.163428571429 
21857.54857142857 21886.177142857145 4946.754285714285 4975.382857142858 5366.697142857143 5395.325714285715 
22101.874285714286 22130.222857142857 5039.314285714286 5067.662857142857 5714.382857142858 5742.731428571428 
22560.16457142857 22588.970285714287 4941.1474285714285 4969.953142857143 5187.233142857142 5216.0388571428575 
21987.289142857142 22015.054857142855 4980.209142857143 5007.974857142857 5581.6605714285715 5609.426285714286 
22265.277714285716 22294.24914285714 5241.020571428571 5269.992 6019.237714285714 6048.209142857143 
22543.574857142856 22571.986285714287 5041.643428571429 5070.054857142857 6144.003428571428 6172.414857142857 
21853.68342857143 21881.712 4948.7462857142855 4976.774857142857 5517.540571428572 5545.569142857143 
22194.598857142857 22222.673142857144 5081.707428571429 5109.781714285714 5899.656 5927.730285714286 
21877.14285714286 21905.085714285713 4864.057142857143 4892.0 5310.2 5338.142857142857 
21992.666285714287 22020.88342857143 4982.774857142857 5010.992 5415.026285714286 5443.243428571429 
21604.385142857143 21632.516571428572 4806.168 4834.2994285714285 5179.236571428572 5207.368 
22500.894857142855 22529.84342857143 4972.912 5001.860571428571 5658.546285714286 5687.494857142857 
22078.485714285714 22107.18857142857 4943.685714285714 4972.388571428572 5649.108571428572 5677.811428571428 
22124.005714285715 22152.48 4851.5542857142855 4880.028571428571 5416.708571428571 5445.182857142857 
21801.396571428573 21829.173714285713 5051.716571428571 5079.493714285714 5563.356571428571 5591.133714285715 
22150.238857142856 22178.256 4884.793142857143 4912.810285714286 5451.261714285714 5479.278857142857 
22075.283428571427 22103.557714285715 5331.374857142857 5359.649142857143 6171.997714285714 6200.272 
21845.414857142856 21873.52342857143 4955.900571428571 4984.009142857143 5526.197714285714 5554.306285714286 
22210.01714285714 22238.53714285714 5036.188571428572 5064.708571428571 5739.4742857142855 5767.994285714286 
22062.93257142857 22091.184 4876.989714285714 4905.241142857143 5530.252571428571 5558.504 
22028.782857142858 22057.52 5180.92 5209.657142857143 6097.2 6125.937142857143 
21912.081142857143 21940.33257142857 4962.9611428571425 4991.212571428571 5617.252571428571 5645.504 
22747.470857142856 22776.533714285713 4988.185142857143 5017.248 5563.499428571428 5592.562285714285 
22170.298285714285 22197.892571428572 4782.624 4810.218285714286 5491.8697142857145 5519.464 
22068.180571428573 22096.603428571427 4965.752 4994.174857142857 5644.552 5672.974857142857 
21819.430857142856 21847.105142857145 4966.528 4994.202285714286 5332.613714285714 5360.288 
21816.588571428572 21844.62285714286 5146.954285714286 5174.988571428571 5641.737142857143 5669.771428571428 
21933.421714285716 21961.890285714286 5060.730285714286 5089.198857142857 5582.227428571428 5610.696 
22324.38742857143 22353.113142857143 5148.998857142858 5177.724571428572 5504.621714285714 5533.347428571428 
21877.571428571428 21906.205714285716 5026.062857142857 5054.697142857143 5614.56 5643.194285714286 
22319.267428571427 22347.644571428573 5056.381714285714 5084.758857142857 5548.610285714286 5576.987428571429 
21978.328 22006.608 4807.893714285714 4836.173714285715 5477.705142857143 5505.985142857143 
22654.484571428573 22683.284571428572 5126.924571428572 5155.724571428572 5798.901714285715 5827.701714285714 
22301.328 22329.790857142856 4958.3051428571425 4986.768 5431.470857142857 5459.933714285714 
22541.72342857143 22570.117714285716 4799.974857142857 4828.369142857143 5234.129142857143 5262.523428571429 
22389.582857142857 22418.24 4969.388571428572 4998.045714285714 5535.897142857143 5564.5542857142855 
22442.818285714286 22471.618285714285 4953.595428571429 4982.395428571429 5628.812571428572 5657.612571428572 
22251.541714285715 22279.467428571428 4925.518857142857 4953.444571428571 5372.987428571429 5400.913142857143 
