19469.315 19496.9525 4343.015 4370.6525 4656.64 4684.2775 
19881.0525 19909.2525 4386.57125 4414.77125 4647.5525 4675.7525 
20170.8675 20199.49875 4375.355 4403.98625 4915.5175 4944.14875 
19642.47 19670.545 4439.195 4467.27 4903.42 4931.495 
20432.0875 20460.9875 4446.4 4475.3 5116.7625 5145.6625 
20183.53875 20211.87625 4493.78875 4522.12625 5230.42625 5258.76375 
19793.01875 19820.95625 4504.53125 4532.46875 4793.31875 4821.25625 
19928.18 19956.21125 4251.97375 4280.005 4631.705 4659.73625 
19898.1425 19926.23625 4337.4425 4365.53625 4841.58 4869.67375 
19602.41375 19629.995 4292.66375 4320.245 4606.83875 4634.42 
20441.055 20469.93625 4402.2675 4431.14875 4916.005 4944.88625 
20082.6275 20110.8775 4491.70875 4519.95875 4754.065 4782.315 
19826.30625 19854.7625 4280.33125 4308.7875 4781.96875 4810.425 
20332.01125 20360.29875 4448.68625 4476.97375 4727.02375 4755.31125 
19980.06125 20008.48 4453.58 4481.99875 4647.69875 4676.1175 
20299.99 20328.1775 4468.44 4496.6275 5039.0525 5067.24 
20058.8925 20086.81125 4432.3675 4460.28625 5074.9675 5102.88625 
20553.64 20582.52125 4550.99625 4579.8775 4883.4525 4912.33375 
19865.3225 19893.21625 4352.5975 4380.49125 4974.41 5002.30375 
20497.18625 20525.5175 4628.22375 4656.555 5062.92375 5091.255 
20507.5475 20536.05375 4387.4725 4415.97875 4915.16 4943.66625 
20034.9675 20063.0925 4413.7675 4441.8925 5128.5925 5156.7175 
20187.84625 20216.02125 4470.915 4499.09 4961.25875 4989.43375 
20794.09 20823.2025 4432.59625 4461.70875 4816.49 4845.6025 
20332.01375 20360.96375 4419.395 4448.345 4932.33875 4961.28875 
20082.41625 20110.41625 4353.41 4381.41 4594.75375 4622.75375 
20098.54625 20126.80875 4384.84625 4413.10875 4863.93375 4892.19625 
19977.5875 20006.1625 4673.18125 4701.75625 5076.3625 5104.9375 
20992.37625 21021.92625 4548.2075 4577.7575 5193.03875 5222.58875 
20580.53375 20608.765 4456.99625 4485.2275 5048.89625 5077.1275 
20249.16625 20277.935 4423.76 4452.52875 5084.75375 5113.5225 
20176.79875 20204.9675 4315.0425 4343.21125 4766.99875 4795.1675 
20260.59625 20289.715 4207.18375 4236.3025 5087.10875 5116.2275 
20238.8775 20267.55875 4611.515 4640.19625 5036.5775 5065.25875 
20034.99125 20063.51 4318.51 4347.02875 5241.56625 5270.085 
20223.09625 20251.4525 4695.2775 4723.63375 5011.82125 5040.1775 
20378.335 20406.335 4474.60375 4502.60375 4946.185 4974.185 
20234.03625 20262.53625 4431.36125 4459.86125 4788.42375 4816.92375 
20131.63375 20159.8025 4274.92125 4303.09 5040.57125 5068.74 
20471.47375 20500.16125 4400.73 4429.4175 5062.32375 5091.01125 
20083.815 20112.1775 4364.57125 4392.93375 4821.9775 4850.34 
20038.29125 20066.5225 4382.4475 4410.67875 4637.75375 4665.985 
19993.0975 20021.31625 4391.785 4420.00375 4828.6475 4856.86625 
20488.0125 20516.6625 4594.1625 4622.8125 4991.2625 5019.9125 
20319.39 20347.665 4408.1775 4436.4525 4933.99 4962.265 
20208.1775 20236.515 4337.565 4365.9025 5310.1275 5338.465 
19963.8375 19991.7375 4385.5875 4413.4875 4783.1125 4811.0125 
19909.07 19937.42 4239.52625 4267.87625 4945.77 4974.12 
20040.97375 20069.105 4607.18 4635.31125 5110.19875 5138.33 
19833.65 19861.83125 4484.28125 4512.4625 5214.8875 5243.06875 
