42415.263414634144 42443.48902439024 10544.91280487805 10573.138414634146 11318.178048780488 11346.403658536585 
43824.59512195122 43852.87256097561 10717.909146341464 10746.186585365853 12144.412195121951 12172.689634146342 
43151.07073170732 43179.58902439025 10595.9 10624.418292682927 12060.180487804879 12088.698780487804 
43349.884146341465 43378.22256097561 10820.631097560976 10848.969512195123 11956.176829268292 11984.515243902439 
43068.031097560975 43096.07682926829 10907.808536585366 10935.854268292684 12093.275 12121.320731707317 
43513.57378048781 43541.98231707317 11114.076829268293 11142.485365853658 11877.488414634146 11905.896951219513 
42791.67378048781 42819.80487804878 10965.225609756097 10993.356707317073 11945.765243902439 11973.896341463415 
42987.034756097564 43015.266463414635 10780.056097560975 10808.28780487805 11817.205487804878 11845.437195121951 
42742.16463414634 42770.25304878049 10827.457317073171 10855.545731707318 11716.548780487805 11744.637195121952 
43282.2256097561 43310.365853658535 10790.155487804877 10818.295731707318 11279.689024390244 11307.829268292682 
43004.45670731708 43032.63658536586 10844.37743902439 10872.557317073171 11600.157926829268 11628.337804878049 
43930.04756097561 43958.75792682927 10771.227439024391 10799.937804878049 12128.21219512195 12156.92256097561 
43257.31463414634 43285.53719512195 10918.494512195122 10946.717073170732 12185.503658536585 12213.726219512195 
43324.873780487804 43353.18475609756 10782.49268292683 10810.803658536586 12258.233536585365 12286.544512195122 
42589.14085365854 42617.07378048781 10783.521951219513 10811.45487804878 11926.006707317074 11953.939634146342 
42964.04817073171 42992.56341463415 10838.590853658536 10867.106097560976 11683.353048780487 11711.868292682926 
43361.230487804874 43389.75487804878 10912.373780487806 10940.898170731707 11338.541463414635 11367.065853658536 
42751.45182926829 42779.512804878046 10709.467073170732 10737.528048780488 11748.750609756098 11776.811585365853 
43079.9993902439 43108.61829268293 10736.499390243902 10765.118292682926 11973.645731707316 12002.264634146342 
43611.52926829268 43639.931707317075 10744.443902439025 10772.846341463415 12016.517073170731 12044.919512195122 
42860.14634146341 42888.079268292684 10902.948170731708 10930.881097560976 11432.506097560976 11460.439024390244 
42926.17987804878 42954.22256097561 10883.253048780487 10911.295731707318 11753.612804878048 11781.655487804877 
43448.73109756097 43477.17012195122 10832.560365853658 10860.999390243902 11708.859146341463 11737.298170731707 
43009.0993902439 43037.40731707317 10885.504878048781 10913.812804878049 11604.983536585365 11633.291463414635 
43230.086585365854 43258.519512195126 10794.546951219512 10822.97987804878 12410.964634146341 12439.397560975609 
43497.92926829268 43526.471951219515 11201.914024390244 11230.456707317073 11749.520731707316 11778.063414634147 
42568.596951219515 42597.10304878049 10891.407926829268 10919.914024390244 11223.645731707316 11252.151829268292 
43935.70243902439 43964.336585365854 10929.46768292683 10958.101829268293 12080.45243902439 12109.086585365854 
43109.27926829268 43137.58109756098 10846.014024390244 10874.315853658536 11542.224390243902 11570.526219512196 
42932.31951219512 42960.78597560975 10989.17012195122 11017.636585365854 12003.587804878049 12032.054268292683 
42879.35914634146 42907.87134146341 10810.76768292683 10839.279878048781 11777.944512195121 11806.456707317073 
43103.49634146341 43131.91097560975 10642.64268292683 10671.057317073171 11893.819512195121 11922.234146341463 
43170.46036585366 43198.685975609755 10909.32012195122 10937.545731707318 11644.490853658537 11672.716463414634 
43127.159146341466 43155.476219512195 10774.784146341464 10803.101219512195 11878.714024390243 11907.031097560975 
43075.03048780488 43103.33536585366 10644.246951219513 10672.551829268292 11365.292682926829 11393.59756097561 
43598.91646341464 43627.376829268294 10705.663414634146 10734.123780487806 12195.940853658536 12224.401219512196 
42591.56463414634 42619.94268292683 10753.360365853658 10781.738414634146 11801.680487804879 11830.058536585366 
42994.046341463414 43022.403048780485 10658.159146341464 10686.515853658537 11564.973170731708 11593.32987804878 
43390.218902439025 43418.79817073171 10803.285975609757 10831.865243902439 11829.645731707316 11858.225 
42866.3743902439 42894.41097560975 10589.148780487805 10617.185365853658 11685.380487804878 11713.41707317073 
43810.27256097561 43839.40365853658 11010.232926829269 11039.364024390245 12218.187195121951 12247.318292682927 
42797.37195121951 42825.490853658535 10808.091463414634 10836.210365853658 11924.896341463415 11953.015243902439 
42620.76585365854 42648.710975609756 10836.726219512195 10864.671341463414 11836.070731707317 11864.015853658537 
43435.25426829268 43463.4493902439 10566.367073170732 10594.562195121951 11628.943292682927 11657.138414634146 
43099.663414634146 43128.03231707317 10771.61463414634 10799.983536585365 11706.876829268293 11735.245731707317 
42517.28353658537 42545.28048780488 10796.432926829268 10824.42987804878 11235.338414634147 11263.335365853658 
43019.465853658534 43047.664024390244 10948.410975609757 10976.609146341463 12151.215853658536 12179.414024390244 
42600.42317073171 42628.395731707315 10914.935365853658 10942.907926829268 11964.929268292683 11992.901829268292 
43917.43414634146 43946.214634146345 10921.665853658536 10950.446341463414 11863.879268292683 11892.65975609756 
43291.70243902439 43319.99512195122 10754.040853658536 10782.333536585365 12004.38536585366 12032.678048780488 
