3175.8333333333335 3203.472222222222 167.33333333333334 194.97222222222223 307.1111111111111 334.75 
3070.15 3097.2055555555557 124.48333333333333 151.5388888888889 225.20555555555555 252.26111111111112 
3074.6722222222224 3102.8944444444446 166.45 194.67222222222222 224.00555555555556 252.2277777777778 
2724.3166666666666 2751.261111111111 173.65 200.59444444444443 224.63888888888889 251.58333333333334 
3147.722222222222 3176.027777777778 113.68888888888888 141.99444444444444 211.44444444444446 239.75 
3149.2055555555557 3177.788888888889 242.87222222222223 271.4555555555556 295.31666666666666 323.9 
3172.072222222222 3200.3777777777777 153.82222222222222 182.12777777777777 315.68333333333334 343.9888888888889 
3220.677777777778 3249.538888888889 177.73333333333332 206.59444444444443 273.1222222222222 301.98333333333335 
3147.1277777777777 3174.9055555555556 167.26666666666668 195.04444444444445 291.7944444444444 319.5722222222222 
3252.988888888889 3279.7944444444443 133.93333333333334 160.73888888888888 253.48888888888888 280.2944444444444 
2872.338888888889 2899.338888888889 152.14444444444445 179.14444444444445 212.2277777777778 239.2277777777778 
3080.5666666666666 3108.427777777778 183.2888888888889 211.15 217.7888888888889 245.65 
3057.2055555555557 3084.538888888889 232.45555555555555 259.7888888888889 269.1388888888889 296.47222222222223 
2994.4222222222224 3022.561111111111 112.28333333333333 140.42222222222222 248.9777777777778 277.1166666666667 
2968.75 2995.25 123.52777777777777 150.02777777777777 195.86111111111111 222.36111111111111 
3202.0555555555557 3231.0833333333335 138.75 167.77777777777777 247.16666666666666 276.19444444444446 
3145.05 3174.2722222222224 160.6611111111111 189.88333333333333 204.71666666666667 233.9388888888889 
3017.8722222222223 3045.538888888889 142.70555555555555 170.37222222222223 211.70555555555555 239.37222222222223 
2776.4944444444445 2803.438888888889 143.24444444444444 170.1888888888889 174.32777777777778 201.2722222222222 
3255.8444444444444 3284.261111111111 131.06666666666666 159.48333333333332 305.6222222222222 334.0388888888889 
3362.0 3390.722222222222 160.5 189.22222222222223 223.55555555555554 252.27777777777777 
3439.15 3468.233333333333 170.31666666666666 199.4 362.98333333333335 392.06666666666666 
2847.0444444444443 2873.6 114.96111111111111 141.51666666666668 232.93333333333334 259.4888888888889 
3388.4333333333334 3417.238888888889 201.90555555555557 230.7111111111111 270.76666666666665 299.5722222222222 
3281.0222222222224 3309.1055555555554 142.99444444444444 171.07777777777778 280.3 308.3833333333333 
3287.4222222222224 3315.8944444444446 168.28333333333333 196.75555555555556 400.0888888888889 428.56111111111113 
3047.5833333333335 3074.6666666666665 126.66666666666667 153.75 208.36111111111111 235.44444444444446 
3193.1555555555556 3222.016666666667 153.40555555555557 182.26666666666668 286.7111111111111 315.5722222222222 
3158.883333333333 3186.7722222222224 153.1611111111111 181.05 224.4388888888889 252.32777777777778 
3377.9222222222224 3406.7 155.65 184.42777777777778 303.03333333333336 331.81111111111113 
2939.527777777778 2966.1666666666665 159.38888888888889 186.02777777777777 249.25 275.8888888888889 
2930.438888888889 2958.2166666666667 134.55 162.32777777777778 203.9388888888889 231.71666666666667 
3234.0 3263.3055555555557 195.0 224.30555555555554 271.94444444444446 301.25 
3114.05 3140.8555555555554 139.88333333333333 166.6888888888889 229.88333333333333 256.68888888888887 
2879.0666666666666 2907.288888888889 194.31666666666666 222.5388888888889 293.06666666666666 321.2888888888889 
3184.438888888889 3214.438888888889 148.3 178.3 238.1611111111111 268.1611111111111 
3264.1944444444443 3291.9444444444443 189.88888888888889 217.63888888888889 301.97222222222223 329.72222222222223 
3217.588888888889 3246.366666666667 197.61666666666667 226.39444444444445 268.64444444444445 297.4222222222222 
3252.0666666666666 3280.288888888889 161.9 190.12222222222223 272.9555555555556 301.1777777777778 
3203.45 3232.866666666667 146.95555555555555 176.37222222222223 257.6722222222222 287.0888888888889 
3274.4166666666665 3303.277777777778 281.30555555555554 310.1666666666667 396.69444444444446 425.55555555555554 
3241.633333333333 3270.3 145.55 174.21666666666667 229.96666666666667 258.6333333333333 
3251.983333333333 3280.5666666666666 131.81666666666666 160.4 183.09444444444443 211.67777777777778 
3120.9166666666665 3148.8611111111113 135.75 163.69444444444446 200.63888888888889 228.58333333333334 
3154.4444444444443 3182.6666666666665 175.5 203.72222222222223 185.88888888888889 214.11111111111111 
2930.733333333333 2958.511111111111 163.01111111111112 190.7888888888889 245.06666666666666 272.84444444444443 
3187.988888888889 3217.1277777777777 125.79444444444445 154.93333333333334 169.15555555555557 198.29444444444445 
3265.5055555555555 3294.8944444444446 157.0611111111111 186.45 233.28333333333333 262.6722222222222 
3046.8055555555557 3074.972222222222 206.36111111111111 234.52777777777777 345.80555555555554 373.97222222222223 
2990.0666666666666 3017.6222222222223 146.48333333333332 174.0388888888889 243.17777777777778 270.73333333333335 
