605.7647058823529 633.7647058823529 69.07058823529412 97.07058823529412 83.37647058823529 111.37647058823529 
380.2470588235294 405.54117647058825 72.16470588235295 97.45882352941176 69.30588235294118 94.6 
875.635294117647 904.9294117647058 80.04705882352941 109.34117647058824 87.31764705882352 116.61176470588235 
566.564705882353 595.9176470588235 64.56470588235294 93.91764705882353 64.87058823529412 94.2235294117647 
753.8588235294118 782.5058823529412 79.70588235294117 108.3529411764706 99.78823529411764 128.43529411764706 
663.7058823529412 691.1764705882352 76.07058823529412 103.54117647058824 81.94117647058823 109.41176470588235 
605.3294117647059 633.9176470588235 74.24705882352941 102.83529411764705 95.63529411764706 124.2235294117647 
295.15294117647056 320.8 72.08235294117647 97.72941176470589 68.14117647058823 93.78823529411764 
401.70588235294116 428.11764705882354 68.68235294117648 95.09411764705882 73.15294117647059 99.56470588235294 
739.5294117647059 768.8235294117648 76.52941176470588 105.82352941176471 92.87058823529412 122.16470588235295 
616.3058823529411 643.5411764705882 69.07058823529412 96.30588235294118 71.4235294117647 98.65882352941176 
513.7176470588236 541.6588235294117 77.62352941176471 105.56470588235294 93.38823529411765 121.32941176470588 
644.7058823529412 671.5294117647059 77.0 103.82352941176471 78.62352941176471 105.44705882352942 
677.8941176470588 706.364705882353 67.71764705882353 96.18823529411765 78.2235294117647 106.69411764705882 
675.8470588235294 704.7294117647059 75.18823529411765 104.07058823529412 94.38823529411765 123.27058823529411 
764.1411764705882 793.0235294117647 71.49411764705883 100.37647058823529 89.43529411764706 118.31764705882352 
912.8235294117648 942.6470588235294 64.88235294117646 94.70588235294117 99.11764705882354 128.94117647058823 
599.1764705882352 630.1176470588235 73.11764705882354 104.05882352941177 77.47058823529412 108.41176470588235 
637.3882352941176 666.5058823529412 68.44705882352942 97.56470588235294 77.95294117647059 107.07058823529412 
669.4941176470588 699.3764705882353 76.2235294117647 106.10588235294118 80.75294117647059 110.63529411764706 
673.2352941176471 701.0588235294117 71.76470588235294 99.58823529411765 73.94117647058823 101.76470588235294 
572.8352941176471 600.3058823529411 75.03529411764706 102.50588235294117 73.8 101.27058823529411 
776.964705882353 805.7294117647059 74.12941176470588 102.89411764705882 78.24705882352941 107.01176470588236 
541.3058823529411 570.364705882353 65.89411764705882 94.95294117647059 81.52941176470588 110.58823529411765 
573.5176470588235 602.4588235294118 75.17647058823529 104.11764705882354 98.98823529411764 127.92941176470588 
552.5882352941177 580.8823529411765 71.05882352941177 99.3529411764706 79.96470588235294 108.25882352941177 
665.3058823529411 692.6588235294117 62.36470588235294 89.71764705882353 75.38823529411765 102.74117647058823 
592.3882352941176 620.9176470588235 65.94117647058823 94.47058823529412 72.32941176470588 100.85882352941177 
636.2941176470588 666.5882352941177 84.76470588235294 115.05882352941177 109.87058823529412 140.16470588235293 
669.0117647058823 697.0705882352942 66.04705882352941 94.10588235294118 93.25882352941177 121.31764705882352 
427.3764705882353 454.2 65.49411764705883 92.31764705882352 71.25882352941177 98.08235294117647 
581.2352941176471 609.7647058823529 69.63529411764706 98.16470588235295 80.82352941176471 109.3529411764706 
628.9764705882353 657.6823529411764 72.44705882352942 101.15294117647059 91.81176470588235 120.51764705882353 
693.9529411764706 723.0117647058823 71.4 100.45882352941176 80.78823529411764 109.84705882352941 
474.54117647058825 503.18823529411765 63.71764705882353 92.36470588235294 80.61176470588235 109.25882352941177 
651.8 681.2117647058824 77.44705882352942 106.85882352941177 96.78823529411764 126.2 
612.5411764705882 642.1294117647059 65.54117647058824 95.12941176470588 77.5764705882353 107.16470588235295 
468.1294117647059 496.18823529411765 75.18823529411765 103.24705882352941 72.44705882352942 100.50588235294117 
568.8352941176471 597.1294117647059 71.68235294117648 99.97647058823529 81.03529411764706 109.32941176470588 
920.6588235294117 951.6 69.3529411764706 100.29411764705883 88.88235294117646 119.82352941176471 
476.05882352941177 503.11764705882354 64.61176470588235 91.67058823529412 79.37647058823529 106.43529411764706 
559.1294117647059 586.9529411764706 64.4235294117647 92.24705882352941 67.48235294117647 95.30588235294118 
525.2235294117647 554.9294117647058 59.258823529411764 88.96470588235294 68.65882352941176 98.36470588235294 
683.564705882353 710.6235294117647 68.44705882352942 95.50588235294117 74.63529411764706 101.69411764705882 
563.564705882353 590.3882352941176 73.2 100.02352941176471 97.08235294117647 123.90588235294118 
549.6470588235294 577.5294117647059 80.4 108.28235294117647 86.70588235294117 114.58823529411765 
556.8941176470588 584.2470588235294 72.32941176470588 99.68235294117648 79.91764705882353 107.27058823529411 
685.4705882352941 714.1176470588235 70.30588235294118 98.95294117647059 69.12941176470588 97.7764705882353 
736.5058823529412 765.3882352941176 79.28235294117647 108.16470588235295 82.61176470588235 111.49411764705883 
714.0470588235294 743.1647058823529 65.74117647058823 94.85882352941177 77.94117647058823 107.05882352941177 
