15230.219672131148 15259.17049180328 2950.2032786885247 2979.1540983606556 3247.4983606557375 3276.449180327869 
14495.475409836066 14523.418032786885 2956.598360655738 2984.5409836065573 3341.5245901639346 3369.467213114754 
14770.608196721312 14799.247540983606 2931.7803278688525 2960.4196721311478 3277.2639344262293 3305.9032786885246 
14878.563934426229 14907.063934426229 3019.5147540983608 3048.0147540983608 3447.465573770492 3475.965573770492 
14827.980327868852 14856.152459016394 2943.111475409836 2971.283606557377 3233.439344262295 3261.611475409836 
14955.267213114754 14983.873770491804 3205.3409836065575 3233.9475409836064 3471.283606557377 3499.8901639344263 
14749.38524590164 14777.098360655738 2754.5081967213114 2782.22131147541 3255.090163934426 3282.8032786885246 
15366.71475409836 15395.665573770491 3215.067213114754 3244.018032786885 3650.173770491803 3679.1245901639345 
15038.37213114754 15066.814754098361 3032.6262295081965 3061.0688524590164 3395.8639344262297 3424.306557377049 
15286.1 15314.64918032787 2950.862295081967 2979.411475409836 3324.2475409836065 3352.7967213114753 
15181.436065573771 15209.731147540984 2901.82131147541 2930.116393442623 3632.862295081967 3661.1573770491805 
15003.165573770491 15031.6 2919.854098360656 2948.288524590164 3054.804918032787 3083.239344262295 
14619.637704918032 14647.449180327869 2938.4983606557375 2966.3098360655736 3329.604918032787 3357.416393442623 
15190.436065573771 15218.821311475409 2778.8459016393444 2807.231147540984 3464.567213114754 3492.9524590163933 
15401.090163934427 15429.598360655738 3171.7295081967213 3200.2377049180327 3454.8278688524592 3483.3360655737706 
15054.503278688524 15082.667213114753 3052.1262295081965 3080.2901639344263 3324.8147540983605 3352.9786885245903 
14895.37868852459 14923.190163934427 2989.3377049180326 3017.1491803278686 3403.411475409836 3431.222950819672 
15219.470491803278 15247.87213114754 3070.527868852459 3098.929508196721 3310.6016393442624 3339.0032786885245 
14872.955737704919 14900.709836065575 3026.1032786885244 3053.8573770491803 3293.1360655737703 3320.8901639344263 
14617.72131147541 14645.88524590164 2973.3688524590166 3001.532786885246 3528.72131147541 3556.8852459016393 
15066.945901639345 15095.519672131148 3174.740983606557 3203.3147540983605 3520.9459016393444 3549.5196721311477 
15209.032786885246 15237.983606557376 2993.6967213114754 3022.6475409836066 3443.1639344262294 3472.1147540983607 
14916.868852459016 14945.024590163934 2937.2295081967213 2965.3852459016393 3302.245901639344 3330.401639344262 
14844.99344262295 14872.706557377049 2886.665573770492 2914.37868852459 3455.8131147540985 3483.5262295081966 
14893.686885245901 14921.9 2915.9081967213115 2944.12131147541 3340.867213114754 3369.0803278688522 
15207.72950819672 15235.918032786885 2935.590163934426 2963.77868852459 3217.5 3245.688524590164 
15288.659016393443 15317.150819672132 3044.1754098360657 3072.6672131147543 3335.904918032787 3364.3967213114756 
14989.368852459016 15017.434426229509 2986.1393442622953 3014.2049180327867 3346.5 3374.565573770492 
15070.775409836066 15099.537704918033 3038.193442622951 3066.955737704918 3384.660655737705 3413.422950819672 
15181.660655737705 15210.562295081967 2880.6770491803277 2909.5786885245902 3153.1360655737703 3182.037704918033 
14758.536065573771 14786.249180327868 2894.9213114754098 2922.6344262295083 3572.044262295082 3599.7573770491804 
14766.954098360657 14794.954098360657 3002.339344262295 3030.339344262295 3140.249180327869 3168.249180327869 
14876.631147540984 14904.901639344262 3011.6639344262294 3039.934426229508 3549.844262295082 3578.1147540983607 
14800.696721311475 14827.991803278688 2996.6721311475408 3023.967213114754 3325.598360655738 3352.8934426229507 
15160.840983606557 15189.177049180327 2975.316393442623 3003.6524590163935 3339.218032786885 3367.5540983606556 
14845.339344262295 14873.25737704918 2866.7983606557377 2894.716393442623 3386.781967213115 3414.7 
15070.596721311475 15099.145901639344 2954.326229508197 2982.8754098360655 3034.760655737705 3063.3098360655736 
15207.916393442623 15236.522950819672 2820.0147540983608 2848.62131147541 3320.981967213115 3349.588524590164 
15045.868852459016 15074.61475409836 3011.4918032786886 3040.2377049180327 3689.377049180328 3718.122950819672 
14803.003278688524 14830.962295081967 3074.404918032787 3102.3639344262297 3245.577049180328 3273.5360655737704 
15457.33606557377 15486.606557377048 2977.401639344262 3006.6721311475408 3663.6147540983607 3692.8852459016393 
15207.813114754099 15236.034426229508 2813.2639344262293 2841.4852459016392 3390.239344262295 3418.460655737705 
14836.32950819672 14864.21475409836 2997.509836065574 3025.395081967213 3443.8377049180326 3471.722950819672 
15401.786885245901 15430.368852459016 2957.8278688524592 2986.409836065574 3363.754098360656 3392.3360655737706 
14378.534426229508 14405.821311475409 2846.927868852459 2874.2147540983606 3204.8459016393444 3232.132786885246 
15123.529508196722 15151.955737704919 2899.2426229508196 2927.6688524590163 3240.988524590164 3269.414754098361 
14588.226229508196 14616.496721311476 3127.406557377049 3155.6770491803277 3427.2426229508196 3455.5131147540983 
14878.739344262294 14906.436065573771 3035.632786885246 3063.3295081967212 3209.2475409836065 3236.944262295082 
14724.716393442623 14753.20819672131 3106.0360655737704 3134.527868852459 3341.4868852459017 3369.9786885245903 
14607.01475409836 14635.031147540984 2879.145901639344 2907.1622950819674 3423.883606557377 3451.9 
