46625.218130311616 46653.30878186969 11950.861189801699 11978.951841359773 13348.116147308781 13376.206798866855 
46802.46345609065 46830.98186968839 12052.075354107648 12080.593767705383 13465.032861189802 13493.551274787535 
45329.76487252125 45357.74787535411 11914.28611898017 11942.269121813031 13473.27478753541 13501.257790368272 
47511.52804532578 47539.93597733711 11783.828328611899 11812.23626062323 12567.81983002833 12596.22776203966 
47014.82719546742 47043.362606232295 11876.082152974504 11904.617563739377 12751.062322946176 12779.597733711049 
46649.1597733711 46677.72067988668 11814.241926345609 11842.802832861189 13134.358073654392 13162.918980169972 
46064.73824362606 46092.98186968839 11521.531444759206 11549.77507082153 12537.2 12565.443626062322 
46722.88781869689 46751.420396600566 11827.989801699716 11856.522379603399 12981.406232294617 13009.9388101983 
46365.01416430595 46393.16430594901 11715.14447592068 11743.294617563739 12636.490084985835 12664.640226628895 
45714.096317280455 45742.19263456091 11566.623229461757 11594.71954674221 12985.2776203966 13013.373937677054 
46720.13201133144 46748.599433427764 11693.644759206798 11722.112181303117 12753.301983002833 12781.76940509915 
45809.15240793201 45837.24305949009 11784.920113314447 11813.01076487252 12803.857790368273 12831.948441926346 
46643.94957507082 46672.44249291785 11736.009065155808 11764.501983002832 13024.598300283285 13053.091218130312 
47182.788668555244 47211.533711048156 11798.111614730879 11826.856657223796 12761.35240793201 12790.09745042493 
46424.078186968836 46452.66742209632 11921.837393767706 11950.426628895184 13380.166005665722 13408.755240793202 
46464.81076487252 46493.50481586402 11748.810764872522 11777.504815864022 12928.643626062323 12957.337677053825 
46888.597733711045 46916.81303116147 11696.764872521246 11724.980169971672 13095.303116147308 13123.518413597734 
46308.11331444759 46336.46742209632 12088.331444759207 12116.685552407933 12913.793201133145 12942.14730878187 
46309.262322946175 46337.3671388102 11832.015864022664 11860.120679886686 13343.117847025496 13371.222662889519 
46506.41246458924 46534.48045325779 11681.415297450425 11709.48328611898 12652.692917847025 12680.760906515581 
46289.96260623229 46317.97393767705 11754.914447592068 11782.925779036826 12738.31671388102 12766.32804532578 
46798.81133144476 46827.15127478754 12184.635694050992 12212.975637393767 12744.281586402267 12772.621529745042 
46570.16487252124 46598.25835694051 11475.83626062323 11503.929745042493 12882.881586402265 12910.97507082153 
46086.18300283286 46114.46912181303 11624.49461756374 11652.78073654391 12744.083852691218 12772.369971671387 
46018.428328611895 46046.612464589234 11773.790934844194 11801.97507082153 12854.062889518413 12882.247025495752 
45980.67932011331 46008.91444759207 11676.087252124646 11704.3223796034 12902.897450424929 12931.132577903683 
46529.407365439096 46557.89178470255 11821.934277620396 11850.418696883853 13029.427195467422 13057.911614730878 
46046.87365439093 46074.910481586405 11731.020963172805 11759.057790368272 12569.726345609066 12597.763172804533 
46469.86685552408 46498.371104815866 11977.600566572239 12006.104815864022 13393.28611898017 13421.790368271955 
46477.958073654394 46506.29235127479 11763.009065155808 11791.343342776205 12908.419830028328 12936.754107648725 
45952.68725212465 45980.894050991505 11532.976203966005 11561.18300283286 12563.296317280454 12591.503116147309 
46439.749008498584 46468.19376770538 11514.8 11543.244759206798 12870.618696883852 12899.063456090651 
46300.20906515581 46328.23172804533 11707.786968838527 11735.809631728045 12777.837960339943 12805.860623229462 
45718.80793201133 45747.03456090652 11980.326345609064 12008.55297450425 12887.711614730879 12915.938243626062 
45878.1716713881 45906.386968838524 11655.658923512749 11683.874220963173 13045.013031161474 13073.228328611898 
47118.26345609065 47146.92067988669 11930.43909348442 11959.096317280453 13507.354107648725 13536.011331444759 
46416.62209631728 46444.894050991505 11612.916713881019 11641.18866855524 12254.06402266289 12282.33597733711 
47203.34730878187 47232.03569405099 12006.828895184137 12035.517280453258 13101.265155807365 13129.953541076487 
46914.836260623226 46943.213031161475 11979.813597733712 12008.190368271955 13215.445325779037 13243.82209631728 
46147.57280453258 46175.58413597734 11887.567138810198 11915.578470254957 13024.918413597734 13052.929745042493 
46531.14730878187 46559.181303116144 11647.212464589235 11675.246458923513 12464.243626062324 12492.2776203966 
47017.176203966 47045.40283286119 12066.98640226629 12095.213031161473 12793.201699716714 12821.428328611899 
45958.8657223796 45986.894050991505 11783.851558073655 11811.879886685552 12867.04985835694 12895.078186968838 
47132.298583569405 47160.51388101983 11761.389235127479 11789.604532577903 12401.111614730879 12429.326912181303 
46234.1790368272 46261.95240793201 11840.210198300283 11867.9835694051 12741.071388101984 12768.844759206799 
46224.185269121816 46252.8283286119 12059.901983002834 12088.545042492919 12744.057790368272 12772.700849858356 
46732.579603399434 46761.140509915014 12049.126345609066 12077.687252124646 13058.429461756374 13086.990368271954 
46560.666855524076 46589.00113314448 11774.332577903682 11802.66685552408 12577.576203966006 12605.910481586403 
46528.75354107649 46556.9716713881 11690.824362606232 11719.042492917846 13220.320113314448 13248.538243626062 
46533.96883852691 46562.342776203965 11811.065155807366 11839.43909348442 12663.297450424929 12691.671388101982 
