50799.38590078329 50827.699216710185 13053.093472584856 13081.40678851175 13875.398955613577 13903.71227154047 
50908.19060052219 50936.691906005224 13169.53002610966 13198.031331592689 14206.381201044387 14234.882506527416 
50210.88302872063 50239.018798955614 12854.762924281984 12882.89869451697 14107.381723237599 14135.517493472586 
50253.43289817232 50281.87415143603 13109.620887728459 13138.062140992168 14301.513838120105 14329.955091383812 
50742.934725848565 50771.28981723238 12932.691906005222 12961.046997389034 14389.135770234987 14417.490861618799 
51141.426631853785 51169.598955613576 12868.413577023499 12896.58590078329 14394.097650130549 14422.26997389034 
51264.68720626632 51293.243342036556 13043.332114882507 13071.88825065274 13643.091906005222 13671.648041775457 
50110.09712793733 50138.585378590076 12802.496605744125 12830.984856396866 14093.264229765013 14121.752480417754 
51588.288772845954 51617.35404699739 13207.059007832899 13236.124281984334 14767.42454308094 14796.489817232376 
50405.478851174936 50433.679895561356 13337.390078328981 13365.591122715405 14236.708616187989 14264.909660574413 
51635.041253263706 51663.931592689296 13040.451174934726 13069.341514360312 14242.412010443864 14271.302349869451 
50197.12010443864 50225.25065274152 12958.216710182767 12986.347258485639 13663.30548302872 13691.436031331592 
50868.35718015666 50896.94725848564 12837.393733681462 12865.983812010443 14685.571279373367 14714.161357702349 
51194.76135770235 51223.25483028721 13128.040731070496 13156.534203655352 14067.160835509138 14095.654308093995 
49730.29817232376 49758.35822454308 12854.081462140992 12882.141514360314 13921.209399477806 13949.269451697128 
50622.2365535248 50650.288772845954 12911.142558746737 12939.194778067886 14165.361879895561 14193.41409921671 
50079.70809399478 50107.94308093995 13100.225065274151 13128.460052219321 14093.653263707572 14121.88825065274 
50695.3044386423 50723.615143603136 12885.356657963446 12913.667362924281 14236.487206266318 14264.797911227153 
50898.92950391645 50926.94778067885 12897.660574412532 12925.678851174935 14342.415143603133 14370.433420365534 
50123.01618798955 50150.93002610966 12828.32950391645 12856.243342036554 14059.0135770235 14086.927415143604 
51371.92480417754 51400.61148825065 12788.353002610966 12817.039686684073 14068.198955613578 14096.885639686685 
50631.90757180157 50660.2365535248 12891.26005221932 12919.589033942559 13675.936292428198 13704.265274151436 
50371.99947780679 50400.20835509138 12672.584334203655 12700.793211488251 14076.190078328982 14104.398955613577 
51202.17493472585 51230.83028720626 13089.394255874673 13118.049608355092 14187.446475195822 14216.10182767624 
50848.35718015666 50876.738381201045 13065.52689295039 13093.908093994778 14191.853263707571 14220.234464751959 
51244.822454308094 51273.34203655353 13130.830287206267 13159.349869451697 14349.37859007833 14377.89817232376 
50989.796866840734 51018.69242819843 13128.201566579635 13157.097127937337 14424.102349869452 14452.997911227154 
50061.86057441253 50090.20783289817 12824.646475195823 12852.993733681462 14366.286161879896 14394.633420365535 
50607.7545691906 50636.18276762402 13086.47780678851 13114.906005221932 13795.041775456919 13823.46997389034 
50910.57754569191 50939.018798955614 13132.157180156659 13160.598433420366 14235.191122715405 14263.632375979112 
51595.10861618799 51623.743080939945 12995.223498694517 13023.857963446475 14579.904960835509 14608.539425587467 
51204.44386422977 51232.804177545695 12963.360313315927 12991.720626631854 14122.707571801566 14151.067885117494 
50430.249608355094 50458.38276762402 12996.656919060053 13024.790078328982 13934.586422976501 13962.71958224543 
50438.51436031332 50466.751958224544 12607.52219321149 12635.759791122715 13761.221932114882 13789.45953002611 
50494.23864229765 50522.59634464752 12952.72950391645 12981.087206266318 14284.100261096606 14312.457963446475 
51375.805744125326 51404.502872062665 12864.377545691907 12893.074673629242 14239.562924281985 14268.26005221932 
50432.236031331595 50460.47362924282 12826.659007832899 12854.896605744125 14042.489295039164 14070.726892950392 
50348.84386422976 50376.61148825065 12924.065796344648 12951.833420365536 13848.089295039164 13875.856919060052 
50794.82558746736 50823.371279373365 12830.982245430809 12859.527937336814 14513.94046997389 14542.486161879895 
50882.648563968665 50911.01409921671 12917.601566579635 12945.967101827677 14357.836553524805 14386.202088772847 
50407.95195822454 50436.06684073107 12851.978067885117 12880.092950391645 14192.116449086161 14220.23133159269 
49701.8772845953 49730.25587467363 13099.40731070496 13127.78590078329 14174.015665796345 14202.394255874673 
49664.70861618799 49692.31958224543 12690.13681462141 12717.747780678852 13865.196866840732 13892.807832898172 
50854.960313315925 50883.39634464752 12772.683550913838 12801.11958224543 13979.52689295039 14007.962924281985 
50504.28146214099 50532.435509138384 13029.725326370757 13057.879373368147 14487.772323759791 14515.92637075718 
50395.71488250653 50424.10652741514 13168.438120104438 13196.829765013055 13907.346736292428 13935.738381201045 
50699.34412532637 50727.900261096605 13257.22140992167 13285.777545691906 13986.850652741514 14015.40678851175 
52077.08563968669 52105.89242819844 13121.657441253265 13150.464229765013 13950.122193211488 13978.928981723238 
50650.87571801567 50679.14725848564 12904.695561357703 12932.967101827677 14418.236031331593 14446.507571801567 
50436.26788511749 50464.179112271544 12768.038120104438 12795.949347258485 13528.510704960836 13556.421932114883 
