11860.356435643564 11887.732673267326 2065.762376237624 2093.138613861386 2496.980198019802 2524.3564356435645 
12060.29108910891 12089.00396039604 2284.8851485148516 2313.59801980198 2428.419801980198 2457.132673267327 
12622.265346534654 12651.483168316832 2270.1663366336634 2299.3841584158417 2484.3148514851487 2513.5326732673266 
12273.629702970296 12302.817821782179 2235.481188118812 2264.669306930693 3058.1346534653467 3087.3227722772276 
11935.481188118812 11964.124752475247 2248.877227722772 2277.5207920792077 2460.7188118811882 2489.3623762376237 
12277.712871287129 12306.732673267326 2244.2871287128714 2273.3069306930693 2465.4059405940593 2494.4257425742576 
11717.225742574257 11745.512871287128 2387.1663366336634 2415.453465346535 2688.7009900990097 2716.988118811881 
12104.538613861387 12132.776237623762 2236.726732673267 2264.9643564356434 2667.459405940594 2695.69702970297 
12163.39801980198 12191.79405940594 2171.091089108911 2199.4871287128713 2521.388118811881 2549.7841584158414 
12102.829702970297 12131.324752475248 2199.621782178218 2228.116831683168 2413.750495049505 2442.2455445544556 
12521.594059405941 12550.90099009901 2141.4257425742576 2170.732673267327 2443.1881188118814 2472.4950495049507 
12181.718811881188 12210.39207920792 2106.560396039604 2135.2336633663367 2394.7188118811882 2423.3920792079207 
12292.31485148515 12321.374257425743 2288.829702970297 2317.889108910891 2943.4732673267326 2972.5326732673266 
12259.390099009901 12288.241584158415 2275.7168316831685 2304.568316831683 2583.063366336634 2611.9148514851486 
12120.556435643564 12148.586138613862 2089.318811881188 2117.348514851485 2103.8930693069306 2131.9227722772275 
12142.984158415842 12172.00396039604 2155.8752475247525 2184.8950495049503 2701.6475247524754 2730.6673267326732 
12430.18613861386 12458.720792079208 2240.5326732673266 2269.0673267326733 2574.8693069306933 2603.4039603960396 
12223.801980198019 12253.019801980197 2228.3366336633662 2257.5544554455446 2563.831683168317 2593.0495049504952 
11752.352475247524 11780.243564356435 2048.2336633663367 2076.1247524752475 2403.550495049505 2431.441584158416 
11880.657425742575 11908.528712871288 2058.6376237623763 2086.5089108910893 2594.3108910891087 2622.1821782178217 
11879.782178217822 11908.069306930693 2111.09900990099 2139.3861386138615 2538.940594059406 2567.227722772277 
11995.140594059407 12023.259405940595 1969.9920792079208 1998.110891089109 2293.942574257426 2322.0613861386137 
11994.49702970297 12022.774257425743 2293.9722772277228 2322.249504950495 2577.160396039604 2605.4376237623765 
12139.79603960396 12167.974257425743 2142.0039603960395 2170.1821782178217 2460.59801980198 2488.7762376237624 
12272.762376237624 12301.158415841584 2070.8514851485147 2099.2475247524753 2628.6732673267325 2657.069306930693 
12315.354455445544 12344.255445544555 2342.1663366336634 2371.0673267326733 2624.5326732673266 2653.4336633663365 
11992.18811881188 12019.920792079209 2313.7425742574255 2341.4752475247524 2575.6237623762377 2603.3564356435645 
11905.60792079208 11933.885148514852 2120.330693069307 2148.6079207920793 2514.469306930693 2542.7465346534655 
11855.881188118812 11884.881188118812 2025.039603960396 2054.039603960396 2353.079207920792 2382.079207920792 
12182.570297029702 12211.20396039604 2134.30297029703 2162.936633663366 2626.1049504950497 2654.738613861386 
12101.235643564356 12129.720792079208 2079.087128712871 2107.5722772277227 2377.6415841584158 2406.1267326732673 
12119.245544554455 12147.720792079208 2085.1465346534656 2113.621782178218 2400.7009900990097 2429.1762376237625 
12211.615841584158 12240.051485148515 2088.407920792079 2116.8435643564358 2575.170297029703 2603.6059405940596 
12322.572277227722 12351.384158415842 2074.5128712871287 2103.3247524752474 2649.4336633663365 2678.2455445544556 
12128.174257425742 12156.580198019801 2201.342574257426 2229.748514851485 2708.9762376237622 2737.382178217822 
12210.851485148514 12239.673267326732 2346.970297029703 2375.792079207921 2648.4851485148515 2677.3069306930693 
11952.936633663367 11980.70891089109 2020.2732673267326 2048.0455445544553 2473.50099009901 2501.273267326733 
12724.586138613862 12753.576237623762 2283.417821782178 2312.407920792079 2502.7742574257427 2531.7643564356435 
11746.388118811881 11774.29900990099 2092.170297029703 2120.081188118812 2279.3287128712873 2307.239603960396 
12329.932673267327 12358.457425742574 2170.259405940594 2198.7841584158414 2535.7445544554457 2564.269306930693 
12708.60198019802 12738.433663366337 2259.5425742574257 2289.3742574257426 2511.5623762376235 2541.3940594059404 
12319.19207920792 12348.023762376237 2324.6772277227724 2353.5089108910893 2620.469306930693 2649.30099009901 
12133.330693069307 12161.172277227723 2096.726732673267 2124.568316831683 2314.093069306931 2341.9346534653464 
12441.247524752474 12470.158415841584 2271.0495049504952 2299.960396039604 2642.7821782178216 2671.6930693069307 
12096.60198019802 12125.285148514851 2201.4633663366335 2230.1465346534656 2378.790099009901 2407.4732673267326 
12015.645544554456 12043.843564356435 1950.9623762376239 1979.160396039604 2340.4871287128713 2368.6851485148513 
12232.80594059406 12261.855445544554 2093.192079207921 2122.2415841584157 2494.5782178217823 2523.627722772277 
12055.340594059406 12082.855445544554 2170.617821782178 2198.132673267327 2499.1128712871287 2526.627722772277 
12077.376237623763 12105.287128712871 2124.2871287128714 2152.19801980198 2456.2574257425745 2484.168316831683 
12112.033663366337 12140.756435643565 2235.0732673267325 2263.7960396039603 2577.0138613861386 2605.7366336633663 
