4271.418181818181 4300.372727272727 284.2818181818182 313.23636363636365 452.8272727272727 481.7818181818182 
3952.359090909091 3979.9045454545453 253.06363636363636 280.6090909090909 370.99545454545455 398.5409090909091 
4213.472727272727 4241.631818181818 287.0181818181818 315.17727272727274 478.7 506.8590909090909 
4362.004545454545 4390.3 258.7772727272727 287.07272727272726 391.1409090909091 419.43636363636364 
4460.009090909091 4489.486363636363 271.1909090909091 300.66818181818184 502.96363636363634 532.4409090909091 
4899.877272727273 4929.536363636364 320.44545454545454 350.1045454545455 482.78636363636366 512.4454545454546 
4116.072727272727 4143.345454545454 277.18636363636364 304.4590909090909 309.2090909090909 336.4818181818182 
4374.981818181818 4403.640909090909 302.82272727272726 331.4818181818182 467.1181818181818 495.7772727272727 
3864.1454545454544 3891.6 315.85 343.30454545454546 352.73636363636365 380.1909090909091 
4017.677272727273 4045.5636363636363 393.95 421.8363636363636 439.1318181818182 467.0181818181818 
4021.0409090909093 4048.336363636364 233.33636363636364 260.6318181818182 434.95 462.24545454545455 
4295.736363636363 4324.1 295.5318181818182 323.8954545454545 484.91818181818184 513.2818181818182 
4390.009090909091 4419.054545454545 297.6 326.6454545454545 479.3727272727273 508.41818181818184 
4058.322727272727 4085.322727272727 240.6409090909091 267.6409090909091 297.7318181818182 324.7318181818182 
4318.104545454546 4347.263636363637 296.9909090909091 326.15 428.19545454545454 457.3545454545455 
4269.35 4297.190909090909 321.3272727272727 349.16818181818184 422.80454545454546 450.6454545454545 
4269.9 4297.422727272728 230.1727272727273 257.69545454545454 406.8545454545455 434.3772727272727 
3845.7045454545455 3873.0227272727275 305.75 333.0681818181818 333.0681818181818 360.3863636363636 
4566.331818181819 4595.490909090909 286.2181818181818 315.3772727272727 509.0590909090909 538.2181818181818 
4272.190909090909 4300.395454545454 310.6909090909091 338.8954545454545 469.5090909090909 497.71363636363634 
4470.004545454545 4498.822727272727 295.9136363636364 324.7318181818182 519.0045454545455 547.8227272727273 
4327.272727272727 4356.022727272727 228.97727272727272 257.72727272727275 385.40909090909093 414.15909090909093 
4066.1181818181817 4094.481818181818 289.2090909090909 317.57272727272726 440.2090909090909 468.57272727272726 
4400.113636363636 4428.5 317.22727272727275 345.6136363636364 479.8863636363636 508.27272727272725 
4217.113636363636 4245.386363636364 257.84090909090907 286.1136363636364 573.5227272727273 601.7954545454545 
4239.672727272728 4267.263636363637 213.51363636363635 241.10454545454544 359.4 386.9909090909091 
4192.963636363636 4221.213636363636 293.1227272727273 321.3727272727273 524.6454545454545 552.8954545454545 
4361.013636363637 4390.263636363637 244.4227272727273 273.6727272727273 381.51363636363635 410.76363636363635 
4184.227272727273 4211.704545454545 280.45454545454544 307.9318181818182 364.3636363636364 391.84090909090907 
4253.372727272727 4281.940909090909 260.9727272727273 289.5409090909091 414.3727272727273 442.9409090909091 
4075.1136363636365 4103.204545454545 260.40909090909093 288.5 390.34090909090907 418.4318181818182 
4065.5636363636363 4093.0636363636363 257.56363636363636 285.06363636363636 429.6090909090909 457.1090909090909 
4084.6318181818183 4112.359090909091 249.88181818181818 277.6090909090909 371.17727272727274 398.9045454545454 
4449.454545454545 4478.954545454545 270.65909090909093 300.15909090909093 410.04545454545456 439.54545454545456 
4212.954545454545 4240.227272727273 223.46818181818182 250.7409090909091 431.72727272727275 459.0 
4108.968181818182 4136.65 221.3318181818182 249.01363636363635 396.01363636363635 423.69545454545454 
4386.627272727273 4414.468181818182 369.9681818181818 397.8090909090909 416.4 444.2409090909091 
3936.427272727273 3963.859090909091 268.17727272727274 295.6090909090909 412.74545454545455 440.17727272727274 
4166.254545454545 4194.618181818182 302.0272727272727 330.3909090909091 415.3 443.6636363636364 
4531.995454545455 4560.586363636364 412.42727272727274 441.0181818181818 493.99545454545455 522.5863636363637 
4152.2 4180.040909090909 324.42727272727274 352.2681818181818 323.7909090909091 351.6318181818182 
4529.859090909091 4559.586363636364 400.1318181818182 429.8590909090909 674.2227272727273 703.95 
4081.6545454545453 4109.268181818182 267.4045454545454 295.0181818181818 397.7 425.31363636363636 
4513.609090909091 4542.586363636364 323.3818181818182 352.3590909090909 470.0181818181818 498.99545454545455 
4250.690909090909 4278.963636363636 335.91818181818184 364.1909090909091 414.6909090909091 442.96363636363634 
4307.85 4335.440909090909 263.8181818181818 291.40909090909093 384.1227272727273 411.71363636363634 
4221.759090909091 4250.577272727272 252.6681818181818 281.48636363636365 446.21363636363634 475.0318181818182 
4215.022727272727 4244.363636363636 264.6136363636364 293.95454545454544 419.29545454545456 448.6363636363636 
4197.072727272727 4226.686363636363 277.18636363636364 306.8 395.8454545454546 425.4590909090909 
4292.763636363637 4321.309090909091 328.8545454545455 357.4 397.4 425.94545454545454 
