50395.84293193717 50424.09162303665 13028.0445026178 13056.293193717278 13921.340314136125 13949.589005235603 
50833.61623036649 50862.040314136124 13021.134554973822 13049.558638743456 13966.29162303665 13994.715706806282 
51432.0722513089 51460.642931937175 13162.841884816755 13191.412565445025 14080.569633507854 14109.140314136126 
50346.73664921466 50375.30732984293 12982.728795811518 13011.29947643979 13948.998429319372 13977.569109947644 
50319.813089005234 50347.985863874346 12828.032984293193 12856.205759162303 14162.190052356022 14190.362827225132 
50640.63612565445 50668.79581151832 12671.028795811519 12699.188481675392 14326.12827225131 14354.287958115183 
50628.177486910994 50656.71937172775 13188.787434554974 13217.329319371727 14354.905235602095 14383.447120418848 
50025.340837696334 50053.24136125654 12868.780628272252 12896.681151832461 14035.660209424084 14063.560732984293 
50030.36282722513 50058.504188481675 12763.74502617801 12791.886387434555 14142.210994764398 14170.352356020943 
51393.59319371728 51422.26596858639 13048.457068062828 13077.129842931938 14369.148167539268 14397.820942408376 
50546.2445026178 50574.705235602094 12751.294240837697 12779.75497382199 14027.459162303665 14055.919895287958 
50687.54764397906 50715.91151832461 12882.767539267015 12911.131413612566 14120.966492146597 14149.330366492146 
50241.65497382199 50269.82513089005 13106.550261780105 13134.720418848168 13422.110471204189 13450.280628272252 
50169.797905759166 50198.07539267016 12624.274345549738 12652.551832460733 13819.379057591623 13847.656544502617 
50613.22670157068 50641.365445026175 13005.396858638744 13033.53560209424 13796.724083769634 13824.862827225132 
50514.950261780104 50543.232984293194 13082.916230366493 13111.19895287958 14135.541884816754 14163.824607329843 
49999.702094240834 50027.63403141361 12972.70994764398 13000.641884816754 13502.95340314136 13530.885340314137 
51223.121989528794 51251.522513089 12988.747643979057 13017.148167539268 14325.865445026178 14354.265968586387 
50999.25863874346 51027.92617801047 12883.195811518324 12911.863350785341 14102.085863874345 14130.753403141362 
50123.7612565445 50152.18010471204 12665.195811518324 12693.614659685863 14172.525654450263 14200.944502617802 
50721.290052356024 50749.61465968587 12877.837172774869 12906.161780104712 14102.78219895288 14131.106806282722 
51450.90994764398 51479.260732984294 13258.467539267016 13286.81832460733 14188.868062827225 14217.218848167538 
50414.801570680625 50442.88534031413 13000.605235602094 13028.689005235603 13680.995287958116 13709.079057591623 
51036.40994764398 51064.834031413615 12715.823560209425 12744.247643979057 13965.320942408376 13993.74502617801 
49935.64083769634 49963.711518324606 12863.70104712042 12891.771727748692 13855.504712041884 13883.575392670156 
50669.81884816754 50698.447120418845 12945.865968586388 12974.494240837696 14481.358115183246 14509.986387434556 
50085.322513089006 50113.293717277484 12981.819895287957 13009.79109947644 14204.804188481676 14232.775392670157 
51277.59162303665 51305.9554973822 12971.492146596858 12999.856020942409 14243.151832460733 14271.515706806284 
50128.141361256545 50156.1387434555 12952.59162303665 12980.589005235603 13694.314136125655 13722.311518324608 
49898.19319371728 49926.14869109948 12981.023036649214 13008.978534031414 13633.198429319371 13661.15392670157 
50720.09476439791 50748.06335078534 12847.79109947644 12875.759685863874 14299.8277486911 14327.796335078534 
50256.74712041885 50284.98272251309 12882.88062827225 12911.116230366491 14029.961780104712 14058.197382198952 
51206.75287958115 51235.29738219895 12974.538219895288 13003.082722513089 13883.187434554973 13911.731937172775 
50651.72565445026 50680.2335078534 13098.565968586387 13127.073821989528 14180.50052356021 14209.008376963351 
49782.77591623037 49810.93560209424 13032.480104712042 13060.639790575917 14219.477486910995 14247.637172774868 
50060.642931937175 50088.40732984293 12731.538219895288 12759.302617801048 13990.957068062828 14018.721465968587 
50546.43926701571 50574.58848167539 12774.834554973822 12802.983769633507 14131.376439790576 14159.525654450263 
50658.23036649215 50686.76178010471 13082.604712041884 13111.13612565445 14423.979057591623 14452.510471204188 
50398.874869109946 50427.25968586387 12840.613089005235 12868.997905759163 14113.555497382198 14141.940314136125 
50769.98952879581 50798.10732984293 12800.170157068063 12828.287958115183 14168.643979057591 14196.761780104713 
50554.116753926704 50582.522513089 12894.595811518324 12923.001570680628 13963.069633507854 13991.475392670158 
51436.35759162304 51465.04083769634 12740.328795811518 12769.012041884816 14226.765968586387 14255.449214659686 
50098.651308900524 50127.10157068063 12974.803141361257 13003.253403141362 14024.886910994765 14053.337172774869 
50105.41884816754 50133.82722513089 12629.583769633507 12657.992146596858 14347.19895287958 14375.607329842933 
50529.78952879581 50557.957068062824 12989.239790575915 13017.407329842932 14325.14554973822 14353.313089005236 
50742.60890052356 50771.150785340316 12801.72670157068 12830.268586387434 14008.860209424083 14037.402094240837 
50459.88376963351 50488.04607329843 12926.064397905759 12954.22670157068 14019.983246073298 14048.14554973822 
50231.16806282722 50259.42722513089 12837.806806282722 12866.065968586387 14440.189005235603 14468.448167539267 
50820.44136125655 50849.03821989529 12933.621989528796 12962.218848167538 14333.142931937173 14361.739790575915 
50454.85759162304 50483.48062827225 12855.150785340315 12883.77382198953 14264.658638743456 14293.28167539267 
