3613.009756097561 3641.326829268293 282.47317073170734 310.79024390243904 354.49756097560976 382.81463414634146 
4099.941463414634 4129.4292682926825 258.99024390243903 288.4780487804878 435.52682926829266 465.01463414634145 
3838.1365853658535 3867.0146341463415 212.57560975609755 241.45365853658538 288.69756097560975 317.57560975609755 
3838.5170731707317 3866.6146341463414 243.78536585365853 271.8829268292683 396.34634146341466 424.4439024390244 
4156.619512195122 4186.4487804878045 241.7170731707317 271.54634146341465 396.59512195121954 426.42439024390245 
3707.3024390243904 3736.082926829268 182.2780487804878 211.05853658536586 226.30243902439025 255.0829268292683 
3866.468292682927 3895.0780487804877 225.85853658536584 254.46829268292683 310.29756097560977 338.90731707317076 
3829.4341463414635 3856.7756097560978 195.31219512195122 222.65365853658537 444.190243902439 471.5317073170732 
3831.336585365854 3860.8243902439026 186.19024390243902 215.6780487804878 339.21463414634144 368.70243902439023 
3920.7853658536587 3949.4926829268293 189.44390243902438 218.15121951219513 210.3219512195122 239.02926829268293 
3903.721951219512 3932.3560975609757 228.57560975609755 257.20975609756096 272.86829268292684 301.50243902439024 
3620.1560975609755 3646.839024390244 237.8390243902439 264.5219512195122 308.37560975609756 335.05853658536586 
3690.790243902439 3718.448780487805 224.61951219512196 252.2780487804878 287.1560975609756 314.81463414634146 
3793.6780487804876 3822.458536585366 253.40975609756097 282.190243902439 298.2390243902439 327.01951219512193 
3976.960975609756 4006.7170731707315 239.2048780487805 268.9609756097561 371.9609756097561 401.7170731707317 
3781.019512195122 3809.531707317073 224.89756097560976 253.40975609756097 298.5560975609756 327.0682926829268 
3906.141463414634 3935.7268292682925 199.2390243902439 228.82439024390243 266.5073170731707 296.09268292682924 
3649.2731707317075 3677.663414634146 196.05365853658537 224.44390243902438 287.4926829268293 315.8829268292683 
4041.190243902439 4069.7268292682925 302.5560975609756 331.09268292682924 376.33658536585364 404.8731707317073 
4102.868292682927 4132.234146341463 257.3560975609756 286.7219512195122 417.86829268292684 447.23414634146343 
3676.6048780487804 3704.4341463414635 186.55609756097562 214.38536585365853 222.6780487804878 250.50731707317073 
4007.551219512195 4036.2829268292685 198.9170731707317 227.64878048780488 318.8439024390244 347.57560975609755 
3711.9560975609756 3739.809756097561 245.51707317073172 273.3707317073171 340.90731707317076 368.7609756097561 
4042.5073170731707 4071.4341463414635 235.45853658536586 264.3853658536585 411.9463414634146 440.8731707317073 
3924.5560975609756 3952.70243902439 218.87317073170732 247.01951219512196 408.33658536585364 436.4829268292683 
3890.2829268292685 3918.258536585366 209.4048780487805 237.38048780487804 317.52682926829266 345.50243902439024 
3784.1853658536584 3811.7463414634144 238.81951219512194 266.38048780487804 276.7951219512195 304.3560975609756 
3871.7756097560978 3900.458536585366 256.65365853658534 285.33658536585364 296.33658536585364 325.01951219512193 
3670.941463414634 3698.941463414634 208.7219512195122 236.7219512195122 371.20975609756096 399.20975609756096 
3615.5170731707317 3642.6146341463414 201.73658536585367 228.83414634146342 391.9317073170732 419.0292682926829 
3568.7609756097563 3596.7609756097563 258.85853658536587 286.85853658536587 358.1512195121951 386.1512195121951 
3868.790243902439 3897.3024390243904 273.69268292682926 302.2048780487805 319.93658536585366 348.44878048780487 
3906.2634146341466 3936.092682926829 194.2390243902439 224.06829268292682 308.33658536585364 338.1658536585366 
4112.1560975609755 4140.1560975609755 240.49756097560976 268.49756097560976 355.74146341463415 383.74146341463415 
3984.234146341463 4012.868292682927 296.64878048780486 325.2829268292683 390.30731707317074 418.94146341463414 
4058.121951219512 4087.0243902439024 226.29268292682926 255.1951219512195 446.780487804878 475.6829268292683 
4005.580487804878 4033.7512195121953 231.2780487804878 259.44878048780487 427.3609756097561 455.5317073170732 
3854.3121951219514 3882.1170731707316 281.6292682926829 309.4341463414634 300.2390243902439 328.0439024390244 
3843.6048780487804 3873.360975609756 251.99512195121952 281.7512195121951 406.65365853658534 436.409756097561 
3687.819512195122 3715.8439024390245 162.2341463414634 190.25853658536585 335.01463414634145 363.0390243902439 
3895.131707317073 3923.7170731707315 234.22926829268292 262.81463414634146 378.42439024390245 407.00975609756097 
3752.092682926829 3780.287804878049 152.99512195121952 181.19024390243902 274.01951219512193 302.21463414634144 
3903.190243902439 3931.4829268292683 191.45853658536586 219.75121951219512 313.3121951219512 341.6048780487805 
3674.2195121951218 3701.3658536585367 230.1951219512195 257.3414634146341 341.9024390243902 369.0487804878049 
3878.4634146341464 3907.7073170731705 287.6585365853659 316.9024390243902 344.8780487804878 374.1219512195122 
3761.0634146341463 3788.941463414634 220.4780487804878 248.3560975609756 366.50243902439024 394.38048780487804 
3720.7756097560978 3748.2146341463413 303.409756097561 330.8487804878049 369.8731707317073 397.3121951219512 
4123.731707317073 4153.90243902439 217.34146341463415 247.5121951219512 383.6585365853659 413.8292682926829 
3697.2634146341466 3725.629268292683 201.94634146341463 230.31219512195122 345.7268292682927 374.09268292682924 
3845.380487804878 3873.3560975609757 195.7219512195122 223.69756097560975 287.8439024390244 315.81951219512194 
