51127.95732647815 51155.913624678666 12902.746529562983 12930.702827763496 14135.178406169665 14163.13470437018 
51236.01593830334 51264.321850899745 13425.599485861183 13453.905398457584 15078.049357326478 15106.355269922879 
51794.95012853471 51823.3383033419 13076.405141388175 13104.793316195373 14580.957840616966 14609.346015424164 
51182.27095115681 51210.556298200514 12957.078149100256 12985.363496143958 14392.78766066838 14421.073007712082 
51307.64473007712 51336.1177377892 13284.480205655527 13312.95321336761 14324.968637532134 14353.441645244216 
51900.52596401028 51928.8087403599 13096.276606683805 13124.559383033418 14204.729048843188 14233.011825192802 
51932.892544987146 51961.6174807198 13378.792287917739 13407.517223650386 14627.83084832905 14656.555784061697 
52124.57223650385 52152.7059125964 13326.559383033418 13354.693059125964 14710.091516709512 14738.225192802056 
51060.06015424165 51088.19897172236 12963.56143958869 12991.70025706941 13919.497172236504 13947.635989717224 
52048.61439588689 52077.120822622106 13240.588688946016 13269.095115681233 13939.172236503857 13967.678663239074 
52433.89974293059 52462.167095115685 13123.78149100257 13152.04884318766 14531.804627249358 14560.071979434448 
51791.53933161954 51820.30025706941 13290.53676092545 13319.297686375321 14478.04061696658 14506.801542416453 
50701.36606683805 50729.3969151671 13103.656555269923 13131.687403598971 13837.003598971722 13865.034447300772 
51128.26683804627 51156.72956298201 13434.8940874036 13463.356812339332 14795.8735218509 14824.336246786632 
51889.407197943445 51917.77994858612 12783.129562982005 12811.502313624678 13911.553727506427 13939.9264781491 
52853.66889460154 52882.82827763496 13068.925964010283 13098.085347043701 14992.077634961439 15021.23701799486 
51686.825192802055 51715.12596401028 13203.660668380462 13231.96143958869 14257.794344473008 14286.095115681233 
51134.71002570694 51163.11362467866 12857.069922879178 12885.4735218509 14654.069922879178 14682.4735218509 
52077.5146529563 52105.72287917738 13287.481233933162 13315.68946015424 14360.627763496144 14388.835989717223 
51416.1794344473 51445.04318766067 13253.534190231363 13282.39794344473 14576.40822622108 14605.271979434447 
51599.86066838046 51628.41336760925 13239.881233933162 13268.433933161954 14471.971208226221 14500.523907455014 
51159.12185089974 51187.52030848329 13119.692544987147 13148.091002570694 14327.864781491002 14356.26323907455 
51715.88329048843 51744.34087403599 13261.173778920309 13289.631362467866 14069.109511568124 14097.56709511568 
51617.25089974293 51645.765038560414 13404.965552699228 13433.47969151671 14736.703341902314 14765.217480719793 
50405.97840616966 50434.0323907455 13274.01439588689 13302.068380462724 14764.155784061697 14792.209768637533 
51816.97326478149 51845.23033419023 12785.998971722365 12814.256041131106 14177.279177377892 14205.536246786633 
51007.50128534705 51035.45244215938 12952.573264781491 12980.524421593831 14155.884318766068 14183.835475578406 
51629.13778920309 51657.405141388175 12975.644215938304 13003.911568123392 14373.088946015425 14401.356298200513 
51645.2940874036 51673.77737789203 12789.198971722364 12817.682262210797 14389.255526992289 14417.73881748072 
53169.32699228792 53197.96709511568 13415.039074550128 13443.679177377891 15123.658611825193 15152.298714652956 
51062.55064267352 51090.52236503856 13308.278149100257 13336.249871465296 14212.676606683804 14240.648329048843 
50950.42159383033 50978.75835475578 13322.578406169665 13350.915167095116 14290.136246786633 14318.473007712082 
52258.691516709514 52287.339331619536 13237.694087403599 13266.341902313625 14847.758354755784 14876.40616966581 
51754.87969151671 51783.23958868894 13263.476092544986 13291.835989717223 14650.42467866324 14678.784575835476 
51103.64010282776 51132.025706940876 13301.372750642673 13329.758354755784 14322.789203084832 14351.174807197944 
51248.74241645244 51277.16401028277 13262.164010282777 13290.58560411311 14653.17172236504 14681.593316195373 
51472.730077120825 51500.92030848329 13402.401028277634 13430.591259640103 14123.493573264781 14151.68380462725 
52112.148071979434 52140.780462724935 13109.040102827763 13137.672493573265 15240.623650385603 15269.256041131106 
51449.14550128535 51477.546529562984 13252.849871465296 13281.25089974293 14957.579948586119 14985.980976863753 
51413.78714652956 51441.7588688946 13339.257583547558 13367.229305912597 14405.306426735218 14433.278149100257 
52481.431876606686 52510.11053984576 13043.023136246786 13071.701799485862 14343.763496143958 14372.442159383034 
50977.71053984576 51006.14755784062 13125.777377892031 13154.21439588689 14302.705398457583 14331.142416452441 
51894.020051413885 51922.36195372751 12905.34910025707 12933.691002570695 14708.331105398458 14736.673007712083 
52294.32442159383 52322.97737789203 13347.211311053985 13375.864267352184 15220.368123393317 15249.021079691516 
51049.39897172237 51077.455526992286 13182.162467866325 13210.219023136247 14239.797429305912 14267.853984575835 
51612.34087403599 51640.74447300771 13075.3794344473 13103.783033419024 15085.839588688947 15114.243187660668 
50937.51619537275 50965.58046272494 13176.896658097687 13204.960925449872 13922.588174807199 13950.652442159382 
51876.27043701799 51904.8205655527 13219.8205655527 13248.370694087404 14605.614910025706 14634.165038560412 
51458.23290488432 51486.65964010283 12982.150642673521 13010.57737789203 14620.615938303343 14649.042673521852 
51574.78149100257 51602.745501285346 13197.832904884319 13225.796915167095 13848.110539845758 13876.074550128535 
