29839.111304347825 29867.541739130436 7371.046086956521 7399.4765217391305 8227.015652173914 8255.446086956521 
30258.50608695652 30287.249565217393 7148.888695652174 7177.6321739130435 7891.558260869565 7920.301739130435 
29638.974782608697 29666.80956521739 6875.170434782609 6903.0052173913045 8009.870434782609 8037.705217391304 
30688.644347826088 30718.11391304348 7360.048695652174 7389.518260869565 8148.2008695652175 8177.670434782609 
29725.145217391306 29753.493043478262 6736.119130434782 6764.466956521739 7830.345217391305 7858.693043478261 
29541.502608695653 29569.43304347826 6966.106956521739 6994.037391304348 7870.511304347826 7898.441739130435 
30132.638260869564 30161.142608695653 7153.855652173913 7182.36 8009.333913043478 8037.838260869566 
28989.11739130435 29017.352173913045 7120.143478260869 7148.378260869566 7805.082608695652 7833.317391304347 
29748.859130434783 29777.093913043478 7338.011304347826 7366.246086956522 7894.380869565218 7922.615652173913 
29911.538260869565 29939.99043478261 7122.21652173913 7150.6686956521735 7836.112173913043 7864.564347826087 
29807.93391304348 29836.255652173913 7157.046956521739 7185.368695652174 8192.71652173913 8221.038260869565 
30127.740869565216 30155.79304347826 7057.449565217391 7085.5017391304345 8153.7408695652175 8181.793043478261 
29553.364347826086 29581.364347826086 6968.564347826087 6996.564347826087 7569.842608695652 7597.842608695652 
30034.333043478262 30062.698260869565 7182.641739130435 7211.006956521739 8122.8895652173915 8151.254782608696 
30119.74260869565 30148.46 7221.36 7250.077391304348 7624.029565217391 7652.746956521739 
29569.851304347827 29598.07739130435 6982.929565217391 7011.155652173913 7470.364347826087 7498.590434782609 
29502.645217391306 29530.636521739132 6933.197391304348 6961.188695652174 7859.662608695652 7887.6539130434785 
29653.79391304348 29681.77652173913 6897.806956521739 6925.789565217391 7867.159130434783 7895.141739130435 
29174.41652173913 29202.66434782609 7115.899130434783 7144.146956521739 8230.26 8258.507826086956 
29506.359130434783 29534.806956521737 6974.798260869566 7003.246086956522 7671.359130434783 7699.806956521739 
29637.61304347826 29665.88260869565 7203.921739130435 7232.191304347826 7915.717391304348 7943.98695652174 
29810.351304347827 29838.442608695652 7061.96 7090.051304347826 7603.255652173913 7631.346956521739 
30330.307826086955 30359.264347826087 7153.712173913043 7182.6686956521735 8104.281739130435 8133.238260869565 
29803.34608695652 29831.73739130435 7398.241739130435 7426.633043478261 8222.772173913043 8251.163478260869 
30393.06347826087 30421.54608695652 7143.437391304348 7171.92 7841.315652173913 7869.798260869566 
29972.559130434784 30000.98956521739 6941.911304347826 6970.341739130435 7689.054782608696 7717.485217391304 
29617.77391304348 29646.421739130434 7146.473913043478 7175.121739130434 7851.686956521739 7880.334782608696 
30503.918260869566 30532.248695652175 7023.766086956522 7052.09652173913 8058.118260869565 8086.448695652174 
30043.739130434784 30072.008695652174 7025.321739130435 7053.591304347826 7980.069565217392 8008.339130434782 
28969.04 28997.100869565216 7117.348695652174 7145.409565217391 8170.492173913043 8198.553043478261 
29599.130434782608 29627.317391304347 7196.786956521739 7224.973913043478 7609.565217391304 7637.752173913043 
29612.043478260868 29640.165217391303 6867.778260869565 6895.9 7397.295652173913 7425.417391304348 
29531.978260869564 29560.44782608696 7144.282608695652 7172.752173913043 8013.717391304348 8042.186956521739 
29462.15043478261 29490.193913043477 6819.837391304348 6847.880869565218 7560.915652173913 7588.959130434782 
29971.42956521739 29999.764347826087 6992.2773913043475 7020.612173913043 7733.664347826087 7761.999130434782 
30048.728695652175 30077.10695652174 7207.463478260869 7235.841739130435 8224.693913043478 8253.072173913044 
30025.007826086956 30053.51652173913 6897.616521739131 6926.125217391304 7738.7991304347825 7767.307826086956 
29347.365217391303 29375.452173913043 7194.334782608696 7222.421739130435 7647.373913043478 7675.460869565218 
29123.610434782608 29151.419130434784 7029.419130434782 7057.227826086956 7661.506086956521 7689.314782608696 
30000.703478260868 30028.864347826086 7084.71652173913 7112.877391304348 8145.599130434783 8173.76 
29539.252173913042 29567.1 7019.573913043479 7047.421739130435 7612.669565217391 7640.517391304348 
29564.441739130434 29593.093913043478 6849.689565217392 6878.341739130435 7849.728695652174 7878.380869565218 
29936.49565217391 29964.791304347826 6999.430434782608 7027.726086956522 7831.165217391304 7859.460869565218 
29397.65043478261 29426.05043478261 6979.3678260869565 7007.767826086956 7366.554782608696 7394.9547826086955 
29966.26 29994.551304347828 7112.173043478261 7140.464347826087 7713.981739130435 7742.273043478261 
29696.098260869567 29724.415652173913 7006.66347826087 7034.980869565217 7529.724347826087 7558.0417391304345 
29169.059130434784 29197.254782608696 6964.86347826087 6993.059130434783 7821.928695652174 7850.124347826087 
30123.72695652174 30152.148695652173 7043.670434782609 7072.092173913044 7398.753043478261 7427.174782608696 
29088.58347826087 29116.444347826087 7128.735652173913 7156.59652173913 7682.731304347826 7710.592173913044 
29586.20608695652 29614.53652173913 7064.462608695652 7092.793043478261 7707.493043478261 7735.82347826087 
