14388.876923076923 14417.39829059829 2709.851282051282 2738.3726495726496 3373.2444444444445 3401.765811965812 
13916.153846153846 13943.931623931623 2724.8205128205127 2752.5982905982905 2905.188034188034 2932.965811965812 
13932.663247863247 13961.526495726495 2783.654700854701 2812.517948717949 3402.757264957265 3431.620512820513 
14417.046153846153 14445.37094017094 2710.8581196581194 2739.182905982906 3297.4649572649573 3325.7897435897435 
14268.02564102564 14296.521367521367 2755.008547008547 2783.5042735042734 3258.6495726495727 3287.1452991452993 
14539.2547008547 14568.032478632478 2779.8444444444444 2808.6222222222223 3059.5538461538463 3088.331623931624 
14224.895726495726 14252.921367521367 2843.1692307692306 2871.1948717948717 2860.8529914529913 2888.8786324786324 
14924.28547008547 14953.447863247864 2837.6188034188035 2866.7811965811966 3214.9094017094017 3244.0717948717947 
14178.805128205127 14207.223931623932 2828.2324786324784 2856.651282051282 3094.454700854701 3122.8735042735043 
14529.198290598291 14557.394871794872 2796.0700854700854 2824.266666666667 3072.1982905982904 3100.394871794872 
14040.709401709402 14068.82905982906 2710.5213675213677 2738.641025641026 3086.3076923076924 3114.4273504273506 
13671.962393162394 13699.586324786325 2532.4837606837605 2560.107692307692 3061.0649572649572 3088.688888888889 
13923.615384615385 13950.786324786324 2466.4444444444443 2493.6153846153848 2912.25641025641 2939.4273504273506 
14248.764102564102 14277.11452991453 2640.507692307692 2668.8581196581194 2856.5162393162395 2884.866666666667 
14369.105982905983 14397.217094017094 2581.892307692308 2610.0034188034188 2818.379487179487 2846.4905982905984 
14201.647863247863 14230.058119658119 2847.340170940171 2875.7504273504273 2931.9128205128204 2960.3230769230768 
14417.058119658119 14445.374358974359 2649.152136752137 2677.468376068376 3114.1606837606837 3142.476923076923 
14201.933333333332 14230.437606837608 2748.668376068376 2777.17264957265 3238.1470085470087 3266.651282051282 
14512.697435897437 14541.133333333333 2744.560683760684 2772.9965811965812 3382.517948717949 3410.9538461538464 
14405.234188034188 14433.892307692307 2771.507692307692 2800.165811965812 3101.926495726496 3130.5846153846155 
14321.152136752136 14349.733333333334 2920.605128205128 2949.186324786325 2983.4854700854703 3012.0666666666666 
14319.63076923077 14347.647863247863 2862.2632478632477 2890.280341880342 3289.7589743589742 3317.7760683760685 
13871.897435897436 13900.324786324787 2752.068376068376 2780.4957264957266 3313.5811965811968 3342.008547008547 
13949.34358974359 13977.505982905983 2819.9076923076923 2848.0700854700854 2897.2153846153847 2925.3777777777777 
14130.064957264958 14157.620512820513 2722.851282051282 2750.4068376068376 2918.3641025641027 2945.919658119658 
14293.91282051282 14321.818803418804 2695.605128205128 2723.511111111111 3221.9213675213673 3249.82735042735 
13982.061538461538 14009.557264957264 2668.7709401709403 2696.266666666667 2995.728205128205 3023.2239316239315 
14080.847863247864 14109.172649572649 2747.9076923076923 2776.2324786324784 2924.9247863247865 2953.2495726495727 
13804.707692307693 13832.092307692308 2504.0752136752135 2531.459829059829 3180.6478632478634 3208.0324786324786 
14045.71452991453 14073.68888888889 2656.945299145299 2684.919658119658 3337.705982905983 3365.680341880342 
14238.213675213676 14266.555555555555 2749.4700854700855 2777.811965811966 3283.3846153846152 3311.7264957264956 
14185.329914529915 14213.364102564103 2849.1162393162394 2877.1504273504274 3253.013675213675 3281.0478632478635 
14287.774358974359 14316.073504273505 2604.2957264957263 2632.594871794872 2963.594871794872 2991.8940170940173 
14319.567521367522 14348.430769230768 2840.6358974358973 2869.4991452991453 3190.482051282051 3219.345299145299 
14530.264957264957 14559.205128205129 2632.735042735043 2661.675213675214 3229.897435897436 3258.837606837607 
14381.444444444445 14409.461538461539 2700.5641025641025 2728.5811965811968 3116.940170940171 3144.957264957265 
13883.926495726495 13911.764102564102 2697.182905982906 2725.020512820513 3246.311111111111 3274.148717948718 
14143.818803418804 14172.075213675214 2715.7760683760685 2744.0324786324786 3294.1350427350426 3322.391452991453 
14263.25811965812 14291.676923076922 2683.17264957265 2711.591452991453 2922.42905982906 2950.847863247863 
14479.319658119659 14507.952136752137 2589.234188034188 2617.866666666667 2915.6871794871795 2944.319658119658 
14672.65641025641 14702.092307692308 2944.5538461538463 2973.9897435897437 3081.280341880342 3110.7162393162394 
14025.955555555556 14053.570940170941 2599.442735042735 2627.0581196581197 3059.348717948718 3086.9641025641026 
14320.9452991453 14349.569230769232 2838.423931623932 2867.0478632478635 3283.005128205128 3311.6290598290598 
14492.611965811966 14521.894017094017 2883.919658119658 2913.201709401709 3109.0820512820515 3138.3641025641027 
14308.276923076923 14336.430769230768 2693.6615384615384 2721.8153846153846 3180.2 3208.353846153846 
14467.234188034188 14495.789743589743 2876.6529914529915 2905.208547008547 3296.6957264957264 3325.251282051282 
14317.695726495727 14346.182905982905 2669.0119658119656 2697.4991452991453 3162.148717948718 3190.6358974358973 
14395.721367521368 14424.28547008547 2790.5247863247864 2819.088888888889 3196.5846153846155 3225.148717948718 
13943.044444444444 13970.292307692307 2730.882051282051 2758.1299145299145 2983.463247863248 3010.711111111111 
14004.623931623932 14033.111111111111 2736.6068376068374 2765.094017094017 3232.735042735043 3261.222222222222 
