50302.931926121375 50330.77889182058 12613.10870712401 12640.955672823218 13747.836939313984 13775.683905013193 
49835.672823219 49863.83113456464 12758.224274406333 12786.382585751979 13947.538258575198 13975.696569920845 
50375.976253298155 50404.34828496042 12722.828496042217 12751.200527704486 14040.496042216359 14068.868073878628 
50191.58205804749 50219.845910290234 12702.898680738786 12731.16253298153 14115.278627968337 14143.542480211081 
49528.09656992085 49556.056992084435 12928.315567282321 12956.27598944591 13811.08073878628 13839.041160949868 
50064.87968337731 50093.17783641161 12694.328232189973 12722.626385224274 13786.396833773088 13814.694986807388 
50152.46015831135 50180.874406332456 12629.563060686016 12657.977308707124 13826.943007915568 13855.357255936675 
50642.28126649077 50671.078100263854 13307.98839050132 13336.785224274407 14303.661213720317 14332.458047493405 
50942.22374670185 50970.74353562005 12418.630079155673 12447.149868073879 14100.231662269129 14128.751451187336 
49891.3746701847 49919.75197889182 12500.245382585752 12528.622691292876 14111.820580474934 14140.197889182058 
49605.47387862797 49633.4 12972.845910290238 13000.772031662269 13784.505540897098 13812.43166226913 
49885.55778364116 49914.01160949868 12892.024802110818 12920.478627968338 14047.829551451186 14076.283377308708 
50029.8401055409 50058.1382585752 13056.172559366754 13084.470712401055 14584.91926121372 14613.217414248022 
50713.67862796834 50742.16939313984 12931.905540897098 12960.396306068602 14020.699736147757 14049.19050131926 
49866.084960422166 49894.32242744063 13106.90290237467 13135.14036939314 14046.251187335092 14074.488654353561 
49384.58258575198 49412.62480211082 12540.250131926121 12568.29234828496 14160.400527704485 14188.442744063324 
50233.466490765175 50261.8437994723 12808.432189973615 12836.80949868074 13920.450659630607 13948.827968337731 
49979.97730870712 50008.328232189975 12868.030079155673 12896.381002638522 13830.001055408971 13858.35197889182 
50200.810026385225 50229.28232189974 12957.70976253298 12986.182058047494 13983.78364116095 14012.255936675461 
50559.91398416887 50588.55250659631 12612.293931398417 12640.932453825857 14080.734564643799 14109.37308707124 
49835.88812664908 49864.44749340369 13055.239050131926 13083.798416886544 14186.703430079157 14215.262796833773 
49565.45751978892 49593.77150395778 12899.563060686016 12927.877044854882 13785.212137203167 13813.526121372031 
49770.331398416885 49798.17308707124 12718.571503957784 12746.413192612137 14057.732453825858 14085.57414248021 
50779.30870712401 50807.976253298155 12572.976253298153 12601.643799472295 13962.477572559366 13991.14511873351 
50253.21899736148 50281.242744063326 12633.852242744064 12661.87598944591 13744.667546174143 13772.69129287599 
49746.614248021106 49774.98627968338 12956.41635883905 12984.788390501319 13759.930870712402 13788.30290237467 
49629.458047493405 49657.69023746702 12844.890765171504 12873.122955145118 14515.122955145118 14543.355145118734 
50239.72295514512 50268.1055408971 12609.137203166227 12637.519788918205 14192.073878627969 14220.456464379948 
50546.21372031662 50574.55408970976 12854.052770448548 12882.393139841688 14236.902374670184 14265.242744063324 
49741.24168865435 49769.58733509235 12914.31820580475 12942.663852242744 14302.579419525066 14330.925065963062 
49842.534036939316 49870.5129287599 12495.784696569921 12523.7635883905 13478.41530343008 13506.39419525066 
50891.82005277045 50920.38997361477 13076.603693931398 13105.173614775726 13398.714511873352 13427.284432717677 
49835.56622691293 49863.711345646436 12785.450131926122 12813.595250659631 13759.125593667546 13787.270712401056 
50462.12453825858 50490.67071240106 12757.581002638522 12786.127176781003 13849.905540897098 13878.451715039579 
49900.403693931396 49928.849604221636 12909.984168865436 12938.430079155673 13976.554089709762 14005.0 
49745.06754617414 49772.79050131926 12778.363060686015 12806.086015831135 13470.706068601583 13498.429023746701 
50680.99366754617 50709.618997361475 12573.938258575197 12602.563588390502 14113.08073878628 14141.706068601583 
48994.73720316622 49022.54459102902 12420.13562005277 12447.943007915568 13556.92981530343 13584.737203166227 
49865.74775725594 49894.05118733509 12594.003693931398 12622.307124010555 14106.6 14134.903430079155 
49903.58944591029 49931.629023746704 12770.439050131927 12798.478627968338 13822.468073878628 13850.50765171504 
50569.046965699206 50597.53245382586 13037.92031662269 13066.40580474934 13824.18944591029 13852.674934036939 
50162.93298153034 50191.18100263852 12642.97783641161 12671.225857519788 13660.603166226912 13688.851187335093 
50040.458047493405 50068.78786279683 12780.402638522428 12808.732453825858 13621.690237467019 13650.02005277045 
50175.327176781 50203.58839050132 12765.891820580475 12794.15303430079 14259.831134564643 14288.092348284961 
49582.61319261214 49610.68443271768 12508.570976253299 12536.64221635884 13687.27018469657 13715.34142480211 
50292.063324538256 50320.42744063325 12625.833773087072 12654.197889182058 13928.044854881267 13956.408970976254 
49637.63957783641 49665.91398416887 12530.193667546175 12558.468073878628 14302.439050131927 14330.71345646438 
49913.421635883904 49941.73562005277 12646.170976253297 12674.484960422164 13852.347757255937 13880.661741424801 
50444.16306068601 50472.51926121372 12838.236939313983 12866.593139841689 13878.123482849604 13906.479683377309 
49484.032189973615 49512.30131926121 12887.989973614776 12916.259102902375 14220.37783641161 14248.646965699209 
