50964.164615384616 50992.018461538464 12831.869743589743 12859.72358974359 13739.52358974359 13767.377435897435 
51593.193846153845 51621.64512820513 13270.760512820512 13299.211794871795 14114.347692307692 14142.798974358975 
51818.34871794872 51846.92564102564 13347.635897435897 13376.212820512821 14878.071794871796 14906.648717948718 
51043.593846153846 51071.668205128204 12919.711794871795 12947.786153846153 14051.84 14079.91435897436 
52077.677435897436 52106.113333333335 13098.731282051282 13127.16717948718 14378.226153846153 14406.662051282052 
51472.82461538461 51501.2041025641 13380.729743589744 13409.10923076923 14572.291282051283 14600.67076923077 
51561.59435897436 51589.7841025641 13024.255897435898 13052.44564102564 14581.88153846154 14610.071282051282 
51622.319487179484 51650.38358974359 13077.593846153846 13105.657948717948 14688.31435897436 14716.378461538461 
52060.66923076923 52089.1 13346.807692307691 13375.238461538462 14609.361538461539 14637.792307692307 
51201.05076923077 51229.322564102564 13145.161025641026 13173.43282051282 14695.70205128205 14723.973846153845 
51842.7158974359 51871.17487179487 13557.487692307692 13585.946666666667 14244.326153846154 14272.785128205129 
51751.44923076923 51780.04153846154 13238.872307692307 13267.464615384615 14378.008205128204 14406.600512820512 
52321.07897435898 52349.43282051282 13086.309743589743 13114.66358974359 14935.304615384615 14963.658461538462 
51143.66564102564 51171.54769230769 13144.755384615384 13172.637435897435 13935.645128205128 13963.527179487179 
51857.71641025641 51886.13692307692 13446.375384615385 13474.795897435897 14333.049743589743 14361.470256410257 
51946.20923076923 51974.611794871795 12971.629743589743 13000.032307692307 14199.255384615384 14227.657948717948 
52321.28512820513 52349.962051282055 13241.895384615385 13270.572307692308 14672.049230769231 14700.726153846153 
52035.90051282051 52064.41333333333 13307.062051282051 13335.574871794872 14029.05435897436 14057.56717948718 
51974.873846153845 52003.430256410255 13245.15076923077 13273.707179487179 14004.06358974359 14032.62 
52190.90512820513 52218.989743589744 13462.017948717948 13490.102564102564 14430.9 14458.984615384616 
51979.62256410257 52007.99692307692 13239.191794871795 13267.566153846154 14723.371282051283 14751.745641025642 
50964.74461538462 50992.82666666667 12949.657435897436 12977.739487179488 13692.944615384615 13721.026666666667 
51457.13025641026 51485.512307692305 13174.535384615385 13202.917435897436 14267.85846153846 14296.240512820514 
51646.123076923075 51674.553846153845 13372.871794871795 13401.302564102563 14516.333333333334 14544.764102564102 
51737.67076923077 51766.10153846154 13284.547692307693 13312.978461538461 13952.675897435898 13981.106666666667 
51923.01948717949 51951.460512820515 13235.034871794871 13263.475897435897 14167.26564102564 14195.706666666667 
51904.820512820515 51933.084615384614 13275.305128205127 13303.569230769232 14613.020512820513 14641.284615384615 
51654.36666666667 51682.76666666667 13296.835897435898 13325.235897435898 14460.81794871795 14489.21794871795 
51495.941538461535 51524.37487179487 13434.600512820512 13463.033846153847 14265.36205128205 14293.795384615385 
51424.21538461538 51452.74615384615 13218.633333333333 13247.164102564102 13480.907692307692 13509.438461538462 
52051.39076923077 52079.75743589744 13119.780512820513 13148.14717948718 14396.826666666666 14425.193333333333 
51511.87282051282 51540.35230769231 13164.72153846154 13193.201025641025 14452.236923076924 14480.716410256411 
52229.55948717949 52257.928717948715 13074.590256410256 13102.959487179487 14275.15435897436 14303.52358974359 
51965.001025641024 51993.406153846154 13179.139487179487 13207.544615384615 14110.965128205129 14139.370256410257 
51994.89282051282 52023.45948717949 13168.031282051283 13196.597948717948 14473.656923076924 14502.22358974359 
51022.65128205128 51050.78974358975 13314.807692307691 13342.946153846155 14854.035897435897 14882.174358974358 
52016.32153846154 52044.79846153846 13156.73435897436 13185.211282051281 14910.521538461539 14938.998461538462 
51840.803076923075 51869.359487179485 13190.213333333333 13218.769743589744 14499.259487179486 14527.815897435898 
50917.58358974359 50945.48102564103 13374.004102564102 13401.901538461538 14323.429743589744 14351.32717948718 
51032.14512820513 51060.12974358974 13406.311794871795 13434.296410256411 14818.406666666666 14846.391282051281 
51647.44564102564 51675.80974358974 13085.691794871795 13114.055897435897 14363.594358974358 14391.958461538461 
50880.83487179487 50908.76051282051 13176.604102564103 13204.529743589743 14260.091282051282 14288.016923076922 
51473.85846153846 51502.31487179487 13380.23794871795 13408.694358974359 14484.555897435897 14513.012307692308 
51899.79948717949 51928.1558974359 13397.132820512821 13425.489230769232 14331.804615384615 14360.161025641026 
51757.06153846154 51785.29743589744 13431.635897435897 13459.871794871795 14338.635897435897 14366.871794871795 
51426.97435897436 51455.15128205128 13102.876923076923 13131.053846153845 14132.517948717948 14160.694871794873 
52157.486666666664 52186.12512820513 13409.214871794871 13437.853333333333 14666.245641025642 14694.884102564103 
51246.38358974359 51274.39897435898 12911.716923076923 12939.732307692308 14190.634871794871 14218.650256410256 
51406.052307692305 51434.52923076923 13180.265128205128 13208.742051282052 14541.606153846154 14570.083076923076 
51847.58 51875.86717948718 13043.082564102564 13071.369743589743 14044.072307692308 14072.359487179487 
