2937.2 2965.342857142857 116.14285714285714 144.28571428571428 250.77142857142857 278.9142857142857 
2980.542857142857 3008.4 132.97142857142856 160.82857142857142 240.17142857142858 268.0285714285714 
3197.0914285714284 3227.691428571429 139.43428571428572 170.03428571428572 245.17714285714285 275.77714285714285 
3095.417142857143 3124.7314285714288 129.53142857142856 158.84571428571428 174.70285714285714 204.01714285714286 
2813.154285714286 2841.982857142857 146.89714285714285 175.72571428571428 226.61142857142858 255.44 
2879.36 2906.445714285714 121.24571428571429 148.33142857142857 181.33142857142857 208.41714285714286 
3238.862857142857 3268.2914285714287 163.32 192.74857142857144 291.2342857142857 320.66285714285715 
2879.462857142857 2908.405714285714 151.54857142857142 180.49142857142857 193.77714285714285 222.72 
3011.7371428571428 3041.022857142857 126.30857142857143 155.59428571428572 285.08 314.36571428571426 
2874.3542857142857 2902.097142857143 135.41142857142856 163.15428571428572 159.41142857142856 187.15428571428572 
3042.84 3071.582857142857 128.86857142857144 157.61142857142858 214.58285714285714 243.3257142857143 
3099.5714285714284 3127.2571428571428 137.45714285714286 165.14285714285714 206.74285714285713 234.42857142857142 
3084.2228571428573 3112.0514285714285 165.50857142857143 193.33714285714285 223.22285714285715 251.05142857142857 
2677.04 2703.925714285714 129.12571428571428 156.01142857142858 207.58285714285714 234.46857142857144 
2914.3485714285716 2941.862857142857 129.49142857142857 157.00571428571428 220.6057142857143 248.12 
2898.022857142857 2924.822857142857 137.65142857142857 164.45142857142858 232.22285714285715 259.02285714285716 
3210.325714285714 3238.8685714285716 210.66857142857143 239.21142857142857 251.26857142857142 279.81142857142856 
2822.8514285714286 2850.022857142857 175.62285714285716 202.7942857142857 210.08 237.25142857142856 
3147.12 3175.8342857142857 178.40571428571428 207.12 201.66285714285715 230.37714285714284 
3026.8171428571427 3055.3885714285716 156.6742857142857 185.24571428571429 204.96 233.53142857142856 
2984.937142857143 3013.68 139.99428571428572 168.73714285714286 227.02285714285713 255.7657142857143 
2942.9142857142856 2969.8 136.74285714285713 163.62857142857143 202.31428571428572 229.2 
2972.2057142857143 3000.52 137.40571428571428 165.72 276.57714285714286 304.89142857142855 
3106.137142857143 3134.7371428571428 172.02285714285713 200.62285714285716 244.90857142857143 273.50857142857143 
3038.0457142857144 3066.6457142857143 147.93142857142857 176.53142857142856 221.38857142857142 249.98857142857142 
2985.9657142857145 3014.7085714285713 160.59428571428572 189.33714285714285 217.82285714285715 246.56571428571428 
2904.982857142857 2932.4114285714286 163.49714285714285 190.9257142857143 292.89714285714285 320.3257142857143 
2873.8171428571427 2900.9885714285715 157.76 184.93142857142857 256.2914285714286 283.46285714285716 
3037.5714285714284 3064.9714285714285 121.8 149.2 233.0857142857143 260.48571428571427 
3268.194285714286 3295.7371428571428 160.65142857142857 188.1942857142857 249.59428571428572 277.13714285714286 
3015.577142857143 3044.2628571428572 142.72 171.40571428571428 216.06285714285715 244.74857142857144 
2870.4285714285716 2898.2 123.74285714285715 151.5142857142857 179.0857142857143 206.85714285714286 
3008.9657142857145 3036.48 153.45142857142858 180.96571428571428 185.62285714285716 213.13714285714286 
2946.845714285714 2974.3885714285716 153.27428571428572 180.81714285714287 262.13142857142856 289.6742857142857 
3236.24 3265.4685714285715 122.21714285714286 151.44571428571427 256.6114285714286 285.84 
2922.3142857142857 2950.057142857143 154.65714285714284 182.4 260.22857142857146 287.9714285714286 
3018.2114285714288 3046.6685714285713 126.55428571428571 155.01142857142858 202.64 231.09714285714287 
2850.977142857143 2878.405714285714 178.6342857142857 206.06285714285715 245.97714285714287 273.4057142857143 
3227.3542857142857 3256.3542857142857 127.15428571428572 156.15428571428572 264.18285714285713 293.18285714285713 
2907.6228571428574 2935.68 124.90857142857143 152.96571428571428 275.01142857142855 303.06857142857143 
2830.7485714285713 2859.177142857143 160.94857142857143 189.37714285714284 227.97714285714287 256.4057142857143 
3028.057142857143 3056.9714285714285 134.57142857142858 163.4857142857143 210.94285714285715 239.85714285714286 
2824.1828571428573 2852.554285714286 135.81142857142856 164.18285714285713 213.12571428571428 241.49714285714285 
3206.617142857143 3235.217142857143 135.6457142857143 164.24571428571429 243.21714285714285 271.81714285714287 
2873.16 2901.3314285714287 132.10285714285715 160.27428571428572 209.58857142857144 237.76 
2963.9942857142855 2992.1085714285714 134.93714285714285 163.05142857142857 285.7371428571429 313.8514285714286 
3019.022857142857 3046.194285714286 127.59428571428572 154.7657142857143 216.88 244.05142857142857 
3016.28 3045.422857142857 143.70857142857142 172.85142857142858 260.8228571428571 289.9657142857143 
2932.554285714286 2960.2971428571427 140.89714285714285 168.64 280.4685714285714 308.2114285714286 
2945.942857142857 2974.0857142857144 149.37142857142857 177.5142857142857 283.4 311.54285714285714 
