81.0 111.1 52.9 83.0 49.76 79.86 
167.82 196.42 65.02 93.62 66.2 94.8 
64.42 92.72 51.74 80.04 42.68 70.98 
86.94 117.54 60.98 91.58 52.04 82.64 
79.8 108.1 58.06 86.36 56.2 84.5 
76.28 105.28 63.74 92.74 41.68 70.68 
74.38 100.48 59.84 85.94 56.5 82.6 
129.12 159.92 58.48 89.28 57.96 88.76 
137.08 164.68 61.0 88.6 50.52 78.12 
92.42 119.72 50.6 77.9 44.7 72.0 
110.74 136.14 64.56 89.96 53.86 79.26 
70.36 95.56 50.16 75.36 46.18 71.38 
102.2 129.0 58.88 85.68 50.42 77.22 
203.42 230.62 63.56 90.76 58.9 86.1 
74.7 103.2 54.68 83.18 51.4 79.9 
135.32 167.02 64.2 95.9 70.92 102.62 
155.96 184.76 60.76 89.56 61.6 90.4 
61.14 88.64 57.42 84.92 45.52 73.02 
429.54 457.24 63.7 91.4 69.8 97.5 
68.96 95.16 57.32 83.52 43.22 69.42 
65.78 93.48 58.2 85.9 45.94 73.64 
78.26 107.46 56.22 85.42 52.88 82.08 
109.46 137.46 60.54 88.54 52.3 80.3 
78.46 104.46 58.12 84.12 50.52 76.52 
82.02 107.22 66.72 91.92 46.94 72.14 
65.2 93.0 51.3 79.1 38.62 66.42 
94.86 126.16 59.48 90.78 58.08 89.38 
97.24 126.34 59.2 88.3 61.78 90.88 
58.18 86.48 60.68 88.98 46.38 74.68 
98.54 128.94 56.18 86.58 57.62 88.02 
89.68 116.28 57.76 84.36 50.18 76.78 
62.44 90.64 51.18 79.38 40.2 68.4 
107.12 133.52 59.12 85.52 64.78 91.18 
80.28 109.78 60.26 89.76 51.98 81.48 
76.3 103.8 65.24 92.74 44.14 71.64 
68.76 99.16 48.64 79.04 46.98 77.38 
115.54 144.44 63.86 92.76 50.06 78.96 
108.92 137.32 75.08 103.48 53.68 82.08 
131.08 160.48 60.22 89.62 53.0 82.4 
135.08 162.28 61.7 88.9 47.3 74.5 
73.24 99.94 55.92 82.62 40.54 67.24 
52.88 79.48 52.96 79.56 39.16 65.76 
76.36 104.56 56.48 84.68 41.32 69.52 
153.1 185.1 56.66 88.66 61.42 93.42 
84.58 111.58 49.78 76.78 51.0 78.0 
60.86 88.96 56.54 84.64 43.96 72.06 
87.24 113.94 55.28 81.98 60.02 86.72 
71.96 101.26 64.5 93.8 48.64 77.94 
82.72 111.82 56.36 85.46 51.14 80.24 
114.94 144.64 51.74 81.44 59.56 89.26 
