51641.644845360825 51669.874226804124 13260.12680412371 13288.35618556701 14412.278865979382 14440.50824742268 
51047.15979381443 51075.404639175256 13066.66237113402 13094.907216494845 14611.273195876289 14639.518041237114 
51341.010309278354 51369.39432989691 12899.309278350516 12927.693298969072 14062.268041237114 14090.65206185567 
51646.140721649484 51674.640721649484 13063.576288659793 13092.076288659793 14503.310824742268 14531.810824742268 
50799.28144329897 50827.536597938146 13189.820103092783 13218.075257731958 14230.240206185566 14258.495360824742 
51438.50824742268 51466.750515463915 13243.776288659794 13272.01855670103 14510.430927835052 14538.673195876288 
51099.18917525773 51127.61958762887 12951.38762886598 12979.818041237113 13995.14793814433 14023.578350515463 
51594.69381443299 51623.1912371134 13346.26855670103 13374.765979381444 14550.049484536083 14578.546907216494 
51068.11030927835 51096.28556701031 13344.419587628867 13372.594845360825 14378.465979381443 14406.641237113403 
51491.58608247423 51519.861855670104 13478.686597938144 13506.962371134021 14217.570618556701 14245.846391752577 
50813.01804123711 50841.1030927835 13013.865979381444 13041.951030927836 14610.786082474227 14638.87113402062 
51322.23092783505 51350.71030927835 13396.37268041237 13424.85206185567 14177.839175257732 14206.318556701031 
51472.448453608245 51500.677835051545 13027.067010309278 13055.296391752578 13985.896907216495 14014.126288659794 
51445.19536082474 51473.23917525773 13123.051030927834 13151.094845360825 13921.685051546392 13949.728865979381 
51795.47113402062 51823.8706185567 13351.628350515464 13380.027835051547 14559.476288659795 14587.875773195876 
51173.55773195876 51201.99329896907 13099.665979381443 13128.101546391752 14205.949484536082 14234.385051546391 
51427.40360824742 51456.23092783505 13353.120103092784 13381.947422680412 14644.86237113402 14673.689690721649 
51988.964948453606 52017.41855670103 13227.704639175257 13256.15824742268 14589.330927835052 14617.784536082474 
50163.51804123711 50191.51546391752 12951.672680412372 12979.670103092783 14577.36855670103 14605.365979381444 
51495.535051546394 51524.21546391753 13033.468041237113 13062.148453608248 14229.184536082474 14257.864948453609 
51440.63917525773 51468.90979381443 12850.953608247422 12879.224226804125 13873.896907216495 13902.167525773197 
52098.17731958763 52126.42989690722 13337.826804123712 13366.079381443298 14035.254639175258 14063.507216494845 
51865.83505154639 51894.35567010309 13151.976804123711 13180.497422680412 14378.855670103092 14407.376288659794 
51319.718041237116 51348.225773195874 13042.439690721649 13070.947422680412 14246.094329896907 14274.60206185567 
51155.41288659794 51183.49020618557 13177.284020618557 13205.361340206186 14527.83556701031 14555.912886597938 
52181.34432989691 52210.040206185564 13066.52474226804 13095.220618556701 14435.901030927835 14464.596907216495 
50355.40257731959 50383.58556701031 12793.979896907216 12822.162886597938 14036.330412371133 14064.513402061855 
51379.10670103093 51407.55515463917 12911.861855670104 12940.310309278351 14161.931443298969 14190.379896907216 
50870.4293814433 50898.4293814433 13017.998969072165 13045.998969072165 14259.475773195876 14287.475773195876 
51632.32422680412 51660.49175257732 13173.311340206186 13201.478865979381 14260.999484536082 14289.167010309278 
51126.734020618554 51155.084536082475 13136.071649484536 13164.422164948453 14547.187628865979 14575.538144329897 
51636.024226804126 51664.61701030928 13085.591237113402 13114.184020618557 14480.163402061855 14508.75618556701 
51128.91597938144 51157.24845360825 13246.859278350516 13275.191752577319 14806.663402061855 14834.99587628866 
50964.61907216495 50992.997938144326 13210.580412371133 13238.959278350516 13992.325257731958 14020.70412371134 
51984.951546391756 52013.73505154639 13206.974742268041 13235.75824742268 14259.79175257732 14288.575257731958 
51879.74175257732 51908.37319587629 13421.669587628867 13450.301030927834 14727.329381443298 14755.960824742268 
50760.506185567014 50788.65824742268 12879.861855670104 12908.013917525774 13950.738144329896 13978.890206185568 
50596.394845360825 50624.4412371134 13074.881958762886 13102.928350515464 14338.838144329897 14366.884536082474 
51822.26082474227 51850.80463917526 13195.915463917525 13224.459278350516 14417.822680412371 14446.36649484536 
50527.76391752577 50555.66082474227 13182.323195876288 13210.220103092783 14309.129896907216 14337.02680412371 
51288.11237113402 51316.61237113402 13416.073711340207 13444.573711340207 14225.390721649484 14253.890721649484 
50800.10412371134 50828.11958762887 13173.098969072165 13201.11443298969 14397.392783505155 14425.40824742268 
51440.25721649484 51468.7881443299 13225.076804123712 13253.607731958762 14247.685051546392 14276.215979381443 
51433.60618556701 51461.73762886598 12953.87680412371 12982.00824742268 14437.461855670103 14465.593298969072 
51412.55618556701 51441.190206185565 13365.378350515464 13394.01237113402 14720.112886597939 14748.746907216495 
51207.53144329897 51235.853608247424 13149.742783505155 13178.064948453608 14417.830412371133 14446.152577319588 
51806.64793814433 51835.18917525773 13232.62731958763 13261.168556701032 14640.122164948454 14668.663402061855 
51608.78453608247 51637.01134020618 13042.98556701031 13071.212371134021 14041.671134020618 14069.89793814433 
52078.94536082474 52107.69536082474 13214.723711340206 13243.473711340206 14263.00206185567 14291.75206185567 
51209.4824742268 51237.84329896907 13331.539175257732 13359.9 14602.131958762886 14630.492783505155 
