912.2555555555556 940.8666666666667 73.25555555555556 101.86666666666666 76.27777777777777 104.88888888888889 
833.2555555555556 862.0888888888888 81.86666666666666 110.7 105.24444444444444 134.07777777777778 
787.7555555555556 816.8666666666667 65.96666666666667 95.07777777777778 90.61111111111111 119.72222222222223 
693.4333333333333 721.9888888888889 69.77777777777777 98.33333333333333 86.13333333333334 114.68888888888888 
546.3111111111111 575.2 82.75555555555556 111.64444444444445 89.08888888888889 117.97777777777777 
628.5666666666667 656.3444444444444 73.57777777777778 101.35555555555555 90.86666666666666 118.64444444444445 
693.6777777777778 721.4555555555555 68.9 96.67777777777778 92.97777777777777 120.75555555555556 
871.5 900.3888888888889 68.92222222222222 97.81111111111112 102.45555555555555 131.34444444444443 
539.4777777777778 566.7 81.41111111111111 108.63333333333334 116.36666666666666 143.5888888888889 
680.5555555555555 709.0 67.72222222222223 96.16666666666667 88.05555555555556 116.5 
856.1555555555556 884.5444444444445 74.65555555555555 103.04444444444445 87.37777777777778 115.76666666666667 
867.0444444444445 894.3777777777777 81.32222222222222 108.65555555555555 78.78888888888889 106.12222222222222 
961.9 990.0666666666667 64.45555555555555 92.62222222222222 82.91111111111111 111.07777777777778 
648.1888888888889 675.0777777777778 70.93333333333334 97.82222222222222 90.52222222222223 117.41111111111111 
732.7222222222222 760.6111111111111 74.18888888888888 102.07777777777778 84.52222222222223 112.41111111111111 
632.6111111111111 660.8333333333334 69.85555555555555 98.07777777777778 98.85555555555555 127.07777777777778 
688.4111111111112 715.4666666666667 73.13333333333334 100.18888888888888 83.03333333333333 110.08888888888889 
769.6888888888889 801.5777777777778 78.18888888888888 110.07777777777778 90.91111111111111 122.8 
558.8777777777777 588.9888888888889 72.4888888888889 102.6 86.56666666666666 116.67777777777778 
730.8555555555556 760.5777777777778 78.46666666666667 108.18888888888888 93.23333333333333 122.95555555555555 
536.0 563.2777777777778 83.62222222222222 110.9 81.97777777777777 109.25555555555556 
962.7666666666667 992.9888888888889 80.21111111111111 110.43333333333334 120.25555555555556 150.4777777777778 
438.97777777777776 465.2 77.97777777777777 104.2 88.21111111111111 114.43333333333334 
808.8111111111111 835.5333333333333 67.75555555555556 94.47777777777777 84.27777777777777 111.0 
748.7 776.2555555555556 67.42222222222222 94.97777777777777 83.3 110.85555555555555 
766.6111111111111 795.6111111111111 72.76666666666667 101.76666666666667 94.05555555555556 123.05555555555556 
938.1777777777778 966.8444444444444 71.11111111111111 99.77777777777777 103.38888888888889 132.05555555555554 
969.7888888888889 998.5111111111111 68.95555555555555 97.67777777777778 81.67777777777778 110.4 
849.1111111111111 877.6666666666666 74.88888888888889 103.44444444444444 94.64444444444445 123.2 
793.2555555555556 822.8666666666667 67.57777777777778 97.18888888888888 101.54444444444445 131.15555555555557 
966.8888888888889 997.0 88.83333333333333 118.94444444444444 85.96666666666667 116.07777777777778 
684.1555555555556 712.7666666666667 75.6 104.21111111111111 86.96666666666667 115.57777777777778 
739.1888888888889 767.1888888888889 85.74444444444444 113.74444444444444 92.42222222222222 120.42222222222222 
631.0444444444445 660.0444444444445 64.54444444444445 93.54444444444445 100.2 129.2 
496.3666666666667 524.3111111111111 70.73333333333333 98.67777777777778 81.77777777777777 109.72222222222223 
704.3666666666667 732.5888888888888 68.55555555555556 96.77777777777777 86.91111111111111 115.13333333333334 
484.6 510.8777777777778 70.31111111111112 96.58888888888889 81.76666666666667 108.04444444444445 
972.7666666666667 1001.9333333333333 77.71111111111111 106.87777777777778 88.6 117.76666666666667 
687.8666666666667 714.4777777777778 70.7 97.31111111111112 86.97777777777777 113.58888888888889 
858.7111111111111 887.7666666666667 65.54444444444445 94.6 76.94444444444444 106.0 
559.6666666666666 586.5555555555555 75.22222222222223 102.11111111111111 85.37777777777778 112.26666666666667 
810.8 839.3 77.55555555555556 106.05555555555556 87.93333333333334 116.43333333333334 
753.1777777777778 780.9555555555555 76.9 104.67777777777778 85.18888888888888 112.96666666666667 
737.0111111111111 765.0111111111111 86.17777777777778 114.17777777777778 87.0111111111111 115.0111111111111 
762.6666666666666 790.0 74.65555555555555 101.9888888888889 84.4888888888889 111.82222222222222 
703.2333333333333 730.6777777777778 70.64444444444445 98.08888888888889 80.17777777777778 107.62222222222222 
671.8888888888889 698.2777777777778 73.43333333333334 99.82222222222222 88.14444444444445 114.53333333333333 
669.4222222222222 696.8666666666667 73.42222222222222 100.86666666666666 91.23333333333333 118.67777777777778 
705.3111111111111 734.0888888888888 66.24444444444444 95.02222222222223 91.72222222222223 120.5 
761.2888888888889 791.4555555555555 67.58888888888889 97.75555555555556 82.95555555555555 113.12222222222222 
