49672.56129032258 49701.04784946237 12330.827419354839 12359.313978494623 13669.464516129032 13697.951075268817 
49419.86505376344 49448.37043010753 12822.359677419356 12850.86505376344 14381.617741935484 14410.12311827957 
49370.34623655914 49398.51559139785 12577.11505376344 12605.28440860215 13494.050537634408 13522.219892473118 
49463.26182795699 49491.53333333333 12377.890860215053 12406.162365591397 13119.390860215053 13147.662365591397 
49880.086021505376 49908.87903225807 12593.206989247312 12622.0 14016.876344086022 14045.66935483871 
49019.89032258064 49048.22096774194 12769.72634408602 12798.056989247312 13665.47634408602 13693.806989247312 
49405.71290322581 49434.16451612903 12395.551612903226 12424.003225806451 13586.003225806451 13614.454838709677 
48639.15215053764 48667.45860215054 12622.708602150538 12651.015053763442 13792.700537634408 13821.006989247311 
49066.10376344086 49094.297311827955 12561.321505376343 12589.515053763442 13633.447849462365 13661.641397849462 
49344.4752688172 49372.897311827954 12461.746774193549 12490.168817204301 13424.168817204301 13452.590860215054 
48466.86935483871 48494.966129032255 12233.097849462365 12261.194623655914 13671.28870967742 13699.385483870969 
49658.18924731183 49686.777956989245 12400.25376344086 12428.84247311828 13735.377419354838 13763.966129032258 
48983.23225806452 49011.54946236559 12454.882795698924 12483.2 13345.635483870969 13373.952688172043 
49380.118817204304 49408.70752688172 12623.581182795699 12652.169892473119 13944.575806451612 13973.164516129033 
48756.95430107527 48785.344086021505 12390.416666666666 12418.806451612903 13630.088709677419 13658.478494623656 
49703.54301075269 49731.532258064515 12947.905913978495 12975.895161290322 14125.698924731183 14153.68817204301 
49581.618817204304 49610.14569892473 12661.382258064516 12689.909139784946 13708.220967741936 13736.747849462365 
49292.19247311828 49320.46397849463 12619.098387096774 12647.369892473118 14200.923655913979 14229.195161290323 
48602.102688172046 48630.84193548387 12548.202150537634 12576.941397849463 13452.097311827956 13480.836559139785 
48193.436021505375 48221.304301075266 12508.798924731183 12536.667204301075 13705.651075268817 13733.51935483871 
49130.21666666667 49158.30268817204 12237.286559139786 12265.372580645162 13827.18440860215 13855.270430107526 
49748.7811827957 49777.64946236559 12781.05 12809.918279569893 13532.877956989247 13561.74623655914 
48967.38333333333 48995.681720430104 12690.458602150538 12718.756989247311 13855.937096774194 13884.235483870967 
49616.2 49644.78870967742 12750.275268817204 12778.863978494624 13458.909677419355 13487.498387096774 
48903.94086021505 48932.31451612903 12542.575268817205 12570.948924731183 14075.58064516129 14103.95430107527 
48886.49838709678 48914.506451612906 12301.745698924731 12329.75376344086 13204.874731182796 13232.882795698924 
49704.397311827954 49733.08010752688 12690.375806451613 12719.058602150537 14178.714516129032 14207.397311827957 
48941.47580645161 48969.5376344086 12477.602150537634 12505.663978494624 13500.244623655914 13528.306451612903 
49598.75107526882 49627.2940860215 12389.439247311828 12417.982258064516 13841.734946236558 13870.277956989248 
49549.006451612906 49577.460752688174 12498.447311827957 12526.901612903226 13286.656989247313 13315.11129032258 
49406.3188172043 49434.982795698925 12491.810752688172 12520.474731182796 13679.851075268818 13708.515053763442 
49370.25322580645 49398.683333333334 12515.63494623656 12544.065053763441 14186.204838709677 14214.63494623656 
48667.890860215055 48695.92311827957 12516.283333333333 12544.31559139785 13325.009139784946 13353.041397849462 
49792.22096774194 49820.804301075266 12510.468279569892 12539.051612903226 13621.124193548387 13649.70752688172 
49299.59247311828 49328.36935483871 12545.517204301075 12574.294086021506 13783.151612903226 13811.928494623657 
49115.025268817204 49143.06290322581 12789.772580645162 12817.810215053763 14250.122043010753 14278.159677419355 
49613.20913978494 49641.84086021505 12564.943010752688 12593.574731182796 13675.171505376344 13703.803225806452 
49001.88440860215 49030.163978494624 12548.680107526881 12576.959677419354 13706.013440860215 13734.293010752688 
49529.00107526882 49557.44731182796 12716.243010752689 12744.689247311828 14020.909677419355 14049.355913978494 
49149.489784946236 49178.04086021506 12567.078494623656 12595.629569892473 14066.043548387097 14094.594623655914 
49847.98387096774 49876.80107526882 12767.481182795698 12796.298387096775 13510.36559139785 13539.182795698925 
49236.72150537634 49265.04677419355 12579.764516129033 12608.089784946236 13711.479569892474 13739.804838709677 
48439.21559139785 48466.94946236559 12569.094623655914 12596.828494623656 13110.753225806451 13138.487096774194 
49914.61182795699 49943.38064516129 12485.009677419355 12513.778494623655 14075.38064516129 14104.14946236559 
49151.487096774195 49179.556989247314 12613.909139784946 12641.979032258065 13721.320430107527 13749.390322580644 
48605.21559139785 48633.20483870968 12593.341935483872 12621.331182795699 13600.946774193548 13628.936021505377 
49069.59784946236 49097.97688172043 12103.557526881721 12131.936559139785 13374.560215053763 13402.939247311828 
49236.8435483871 49265.29247311828 12344.125806451613 12372.574731182796 13655.698387096774 13684.147311827957 
49100.70860215054 49129.14946236559 12590.232795698925 12618.673655913979 13537.692473118279 13566.133333333333 
49144.92849462366 49173.006451612906 12716.175806451613 12744.25376344086 13602.154301075268 13630.232258064516 
