28147.044036697247 28175.071559633026 6520.920183486239 6548.947706422018 7146.328440366972 7174.355963302753 
27973.285321100917 28001.30366972477 6570.2165137614675 6598.234862385321 7315.734862385321 7343.753211009174 
28073.81376146789 28102.67155963303 6758.4055045871555 6787.263302752293 7538.116513761468 7566.974311926606 
28925.540366972476 28954.301834862385 6629.035779816514 6657.797247706422 7383.852293577982 7412.61376146789 
27961.901834862387 27990.011926605504 6512.988990825688 6541.099082568808 7357.140366972477 7385.250458715596 
28452.09724770642 28480.44128440367 6917.569724770642 6945.91376146789 7419.959633027523 7448.303669724771 
27555.983486238532 27583.49266055046 6544.5064220183485 6572.015596330275 7222.873394495413 7250.382568807339 
28386.164220183487 28414.45779816514 6792.366055045872 6820.659633027523 7058.109174311927 7086.402752293578 
28317.35963302752 28345.699082568808 6705.492660550459 6733.832110091743 7707.31376146789 7735.653211009174 
28334.49633027523 28363.129357798167 6737.684403669725 6766.3174311926605 7850.835779816513 7879.46880733945 
28031.856880733943 28060.760550458715 6370.893577981651 6399.797247706422 7498.233027522936 7527.136697247706 
28038.75504587156 28066.86972477064 6690.67247706422 6718.787155963303 7444.956880733945 7473.071559633027 
27861.889908256882 27890.07339449541 6581.495412844037 6609.678899082569 7674.963302752293 7703.146788990825 
28599.719266055046 28628.439449541285 6614.811009174312 6643.53119266055 7775.590825688073 7804.311009174312 
28508.15871559633 28536.76880733945 6569.530275229357 6598.140366972477 7552.626605504587 7581.236697247707 
27568.18256880734 27595.77889908257 6442.388990825688 6469.985321100918 7245.58623853211 7273.1825688073395 
27892.59724770642 27921.05596330275 6428.464220183486 6456.922935779817 7353.349541284404 7381.808256880734 
27748.20366972477 27776.529357798165 6377.0660550458715 6405.391743119266 7249.350458715597 7277.676146788991 
27859.85963302752 27887.855045871558 6703.653211009174 6731.648623853211 7258.079816513761 7286.075229357798 
27978.563302752293 28006.714678899083 6618.214678899082 6646.366055045872 7487.820183486238 7515.971559633028 
27795.242201834862 27823.233027522936 6591.976146788991 6619.966972477064 7228.811009174312 7256.8018348623855 
28004.318348623852 28032.488073394496 6767.075229357798 6795.24495412844 7235.4651376146785 7263.634862385321 
27632.707339449542 27660.326605504586 6654.491743119266 6682.111009174312 7369.4779816513765 7397.097247706422 
28438.687155963304 28466.911926605506 6668.411926605505 6696.636697247706 7574.989908256881 7603.214678899082 
27896.90642201835 27925.511926605504 6634.406422018349 6663.011926605504 7323.401834862385 7352.007339449541 
27911.298165137614 27939.738532110092 6597.775229357798 6626.215596330275 7388.353211009175 7416.793577981652 
27797.62752293578 27825.54495412844 6549.948623853211 6577.866055045872 7123.040366972477 7150.957798165137 
28745.393577981653 28774.843119266054 6765.205504587156 6794.655045871559 7364.2009174311925 7393.650458715596 
28509.83119266055 28538.52385321101 6514.533027522936 6543.225688073395 7624.106422018349 7652.7990825688075 
28190.16513761468 28218.69266055046 6604.747706422018 6633.275229357798 7453.1100917431195 7481.637614678899 
28275.539449541284 28303.851376146788 6671.502752293578 6699.8146788990825 7173.842201834862 7202.154128440367 
28289.38256880734 28317.57981651376 6457.001834862385 6485.199082568807 7009.923853211009 7038.121100917431 
28818.022018348624 28847.08623853211 6614.297247706422 6643.361467889908 7020.911926605505 7049.976146788991 
28106.302752293577 28134.22018348624 6713.825688073394 6741.743119266055 7154.174311926606 7182.091743119266 
27939.33853211009 27968.07247706422 6889.508256880734 6918.2422018348625 7438.989908256881 7467.72385321101 
28613.145871559635 28641.66880733945 6641.288073394496 6669.811009174312 7263.411926605505 7291.934862385321 
27860.001834862385 27887.997247706422 6566.180733944954 6594.176146788991 7062.322935779816 7090.318348623853 
28045.65412844037 28074.0623853211 6683.310091743119 6711.718348623853 7525.516513761468 7553.924770642202 
27462.22110091743 27490.225688073395 6426.500917431193 6454.505504587156 7006.496330275229 7034.500917431193 
27947.86605504587 27976.063302752293 6441.155045871559 6469.352293577982 6773.077064220183 6801.274311926605 
27984.679816513762 28012.94128440367 6469.2577981651375 6497.519266055046 7045.679816513762 7073.94128440367 
27413.240366972477 27441.39633027523 6379.933027522936 6408.088990825688 7374.644036697247 7402.8 
28678.12660550459 28706.544036697247 6741.507339449541 6769.924770642202 7731.585321100917 7760.002752293578 
28361.15504587156 28390.01743119266 6570.338532110091 6599.2009174311925 7633.815596330275 7662.677981651376 
27968.166055045873 27996.294495412843 6502.202752293578 6530.33119266055 7235.184403669725 7263.312844036697 
28471.836697247705 28500.67155963303 6675.35504587156 6704.189908256881 7316.4055045871555 7345.240366972477 
28015.53853211009 28043.533944954128 6613.469724770643 6641.4651376146785 7060.9055045871555 7088.900917431192 
28215.061467889907 28243.515596330275 6594.222018348624 6622.676146788991 7223.694495412844 7252.148623853211 
28125.801834862385 28153.833944954127 6752.829357798165 6780.861467889908 6811.774311926605 6839.806422018349 
28237.880733944956 28266.08256880734 6644.362385321101 6672.564220183486 7232.5504587155965 7260.752293577982 
