9100.81794871795 9129.792307692307 1357.074358974359 1386.048717948718 1689.253846153846 1718.2282051282052 
9014.597435897436 9044.084615384616 1303.5076923076922 1332.9948717948719 1674.5974358974358 1704.0846153846153 
8749.76923076923 8777.794871794871 1345.9102564102564 1373.9358974358975 1619.051282051282 1647.076923076923 
9116.994871794872 9145.866666666667 1368.1358974358975 1397.0076923076922 1867.5846153846153 1896.4564102564102 
9066.948717948719 9095.589743589744 1575.2179487179487 1603.8589743589744 1688.2820512820513 1716.923076923077 
8774.494871794872 8802.764102564102 1444.7641025641026 1473.0333333333333 1606.9564102564102 1635.225641025641 
9125.807692307691 9154.653846153846 1421.2948717948718 1450.1410256410256 1715.423076923077 1744.2692307692307 
9110.187179487179 9138.712820512821 1322.1358974358975 1350.6615384615384 1745.571794871795 1774.0974358974358 
8672.471794871795 8700.58717948718 1322.6641025641027 1350.7794871794872 1770.4717948717948 1798.5871794871796 
8697.18205128205 8725.746153846154 1152.5794871794872 1181.1435897435897 1511.8487179487179 1540.4128205128204 
9106.684615384615 9135.05641025641 1416.351282051282 1444.7230769230769 1617.7871794871794 1646.1589743589743 
8756.338461538462 8784.479487179487 1359.0820512820512 1387.2230769230769 1595.1076923076923 1623.248717948718 
8748.505128205128 8776.466666666667 1187.0820512820512 1215.0435897435898 1534.5307692307692 1562.4923076923078 
8848.597435897436 8876.507692307692 1218.5076923076922 1246.4179487179488 1566.3153846153846 1594.225641025641 
8832.953846153847 8861.376923076923 1369.6846153846154 1398.1076923076923 1459.1589743589743 1487.5820512820512 
8922.046153846153 8950.174358974358 1286.1871794871795 1314.3153846153846 1540.0205128205127 1568.148717948718 
9234.628205128205 9262.961538461539 1349.5 1377.8333333333333 1661.7564102564102 1690.0897435897436 
9227.776923076923 9256.482051282052 1313.0076923076922 1341.7128205128206 1542.8282051282051 1571.5333333333333 
8951.220512820513 8979.053846153845 1358.823076923077 1386.6564102564103 1439.8871794871795 1467.7205128205128 
8912.694871794873 8940.784615384615 1357.002564102564 1385.0923076923077 1638.5923076923077 1666.6820512820514 
9305.615384615385 9334.705128205129 1292.1666666666667 1321.2564102564102 1955.4358974358975 1984.525641025641 
9368.735897435898 9398.3 1379.428205128205 1408.9923076923078 1935.8384615384616 1965.4025641025642 
9107.615384615385 9135.76923076923 1407.7692307692307 1435.923076923077 1686.2307692307693 1714.3846153846155 
8861.13076923077 8888.746153846154 1288.5153846153846 1316.1307692307691 1423.874358974359 1451.4897435897435 
8743.038461538461 8771.47435897436 1369.1923076923076 1397.628205128205 1470.1410256410256 1498.576923076923 
9307.407692307692 9335.83076923077 1353.0230769230768 1381.446153846154 1727.3051282051283 1755.7282051282052 
8399.938461538462 8426.810256410256 1097.1179487179488 1123.9897435897435 1659.6051282051283 1686.4769230769232 
8931.410256410256 8960.153846153846 1293.9871794871794 1322.7307692307693 1657.923076923077 1686.6666666666667 
8791.194871794873 8818.284615384615 1337.6564102564103 1364.746153846154 1570.7846153846153 1597.874358974359 
9143.561538461538 9171.792307692307 1211.574358974359 1239.8051282051283 1547.4846153846154 1575.7153846153847 
9344.023076923077 9372.6 1250.8692307692309 1279.446153846154 1463.4846153846154 1492.0615384615385 
8664.917948717948 8693.597435897436 1286.7128205128206 1315.3923076923077 1601.6358974358975 1630.3153846153846 
8653.415384615384 8681.735897435898 1396.3897435897436 1424.7102564102563 1433.697435897436 1462.0179487179487 
8588.407692307692 8616.023076923077 1240.5102564102565 1268.125641025641 1428.3564102564103 1455.9717948717948 
9128.535897435897 9157.497435897436 1392.5358974358974 1421.497435897436 1635.0230769230768 1663.9846153846154 
9045.376923076923 9073.889743589743 1416.9923076923078 1445.5051282051281 1693.248717948718 1721.7615384615385 
9125.5 9154.397435897436 1384.679487179487 1413.576923076923 1596.576923076923 1625.474358974359 
8959.484615384616 8987.741025641026 1223.4205128205128 1251.676923076923 1674.8179487179486 1703.074358974359 
9043.85641025641 9072.382051282051 1276.2794871794872 1304.8051282051283 1422.497435897436 1451.0230769230768 
9073.882051282051 9102.753846153846 1301.997435897436 1330.8692307692309 1672.8307692307692 1701.702564102564 
8584.610256410257 8612.251282051282 1298.4692307692308 1326.1102564102564 1570.0205128205127 1597.6615384615384 
8885.033333333333 8913.315384615385 1322.9948717948719 1351.2769230769231 1502.648717948718 1530.9307692307693 
9007.674358974358 9036.353846153846 1317.751282051282 1346.4307692307693 1575.0846153846153 1603.7641025641026 
8573.197435897437 8600.04358974359 1212.2358974358974 1239.0820512820512 1507.0435897435898 1533.8897435897436 
8555.876923076923 8582.812820512821 1360.5307692307692 1387.4666666666667 1608.7230769230769 1635.6589743589743 
8680.261538461538 8708.992307692308 1368.928205128205 1397.6589743589743 1535.3384615384616 1564.0692307692307 
9376.120512820513 9404.8 1183.2871794871794 1211.9666666666667 1539.4794871794873 1568.1589743589743 
9001.710256410257 9030.684615384615 1321.1461538461538 1350.1205128205129 1790.5564102564103 1819.5307692307692 
8741.053846153845 8768.964102564103 1439.3615384615384 1467.2717948717948 1743.3102564102564 1771.2205128205128 
8640.8 8668.428205128204 1282.928205128205 1310.5564102564103 1524.1333333333334 1551.7615384615385 
