14587.138842975206 14614.75041322314 2932.0561983471075 2959.6677685950413 3048.601652892562 3076.2132231404958 
14684.917355371901 14713.743801652892 3002.0578512396696 3030.884297520661 3381.8347107438017 3410.6611570247933 
14792.49256198347 14821.079338842976 2936.0545454545454 2964.6413223140494 3202.2694214876033 3230.8561983471072 
14727.181818181818 14755.545454545454 3009.528925619835 3037.8925619834713 3290.7272727272725 3319.090909090909 
15167.747107438017 15196.350413223141 2871.42479338843 2900.0280991735535 3281.2429752066114 3309.8462809917355 
14575.504132231405 14603.818181818182 2925.404958677686 2953.719008264463 3464.5537190082646 3492.8677685950415 
14860.919008264464 14889.009917355372 2836.026446280992 2864.117355371901 3052.6462809917357 3080.7371900826447 
14701.545454545454 14729.586776859504 2996.7272727272725 3024.7685950413224 3598.595041322314 3626.6363636363635 
15023.319008264463 15052.021487603306 3091.079338842975 3119.7818181818184 3272.3520661157027 3301.0545454545454 
14262.221487603305 14290.287603305786 2773.8578512396693 2801.9239669421486 3308.3950413223142 3336.4611570247935 
14839.11570247934 14867.07438016529 2927.6115702479337 2955.5702479338843 3341.8347107438017 3369.793388429752 
14625.421487603306 14653.586776859504 2727.9504132231405 2756.115702479339 3143.9752066115702 3172.1404958677685 
14783.813223140496 14811.680991735537 3108.490909090909 3136.3586776859506 3477.325619834711 3505.193388429752 
14509.96694214876 14537.512396694216 3052.3553719008264 3079.900826446281 3203.413223140496 3230.9586776859505 
14748.723966942149 14777.195041322315 3055.0462809917353 3083.517355371901 3500.9305785123966 3529.401652892562 
15149.818181818182 15178.438016528926 2989.3884297520663 3018.00826446281 3380.7355371900826 3409.3553719008264 
14484.004958677686 14511.889256198347 2897.8148760330578 2925.699173553719 3403.285950413223 3431.170247933884 
14716.361983471073 14744.940495867768 3105.312396694215 3133.890909090909 3577.82479338843 3606.403305785124 
14745.276033057851 14773.45785123967 2869.5487603305787 2897.7305785123967 3064.176859504132 3092.3586776859506 
14556.980165289257 14585.319008264463 2916.137190082645 2944.476033057851 3440.5256198347106 3468.8644628099173 
14660.765289256198 14688.814876033059 2965.285950413223 2993.3355371900825 3065.6 3093.6495867768595 
14984.79173553719 15013.246280991736 2845.1388429752064 2873.593388429752 3381.312396694215 3409.7669421487603 
14366.576859504132 14394.122314049588 2762.9239669421486 2790.469421487603 3330.2545454545457 3357.8 
15176.885950413223 15205.514049586776 2909.7371900826447 2938.365289256198 3484.0677685950413 3512.6958677685952 
14773.692561983471 14801.77520661157 2846.312396694215 2874.3950413223142 3033.1719008264463 3061.2545454545457 
14641.685950413223 14669.851239669422 2893.809917355372 2921.9752066115702 3171.3636363636365 3199.528925619835 
14810.565289256198 14839.036363636364 3053.4082644628097 3081.8793388429754 3005.1685950413225 3033.6396694214877 
14619.145454545454 14647.021487603306 2787.905785123967 2815.7818181818184 3478.8561983471072 3506.732231404959 
14306.661157024793 14334.438016528926 3018.2644628099174 3046.0413223140495 3513.776859504132 3541.5537190082646 
14816.885950413223 14845.671074380165 2999.505785123967 3028.2909090909093 3472.613223140496 3501.398347107438 
15231.517355371901 15260.128925619834 2929.3520661157027 2957.9636363636364 3572.880991735537 3601.492561983471 
14837.228099173553 14865.426446280992 2995.3768595041324 3023.57520661157 3290.3438016528926 3318.5421487603307 
14819.178512396695 14847.376859504133 2982.2446280991735 3010.4429752066117 3514.294214876033 3542.492561983471 
14694.370247933884 14722.634710743801 2998.1140495867767 3026.378512396694 3413.3371900826446 3441.601652892562 
14435.54876033058 14463.110743801653 2812.2512396694215 2839.8132231404957 3217.4578512396693 3245.019834710744 
14844.036363636364 14872.209917355372 2823.928925619835 2852.102479338843 3475.515702479339 3503.6892561983473 
14952.295867768595 14981.138842975206 2885.0231404958677 2913.8661157024794 3449.79173553719 3478.634710743802 
14940.495867768595 14969.05785123967 2904.6776859504134 2933.2396694214876 3201.528925619835 3230.090909090909 
14723.753719008264 14751.348760330578 2888.2909090909093 2915.8859504132233 3383.910743801653 3411.505785123967 
14413.452892561983 14441.651239669422 2912.9652892561985 2941.163636363636 3196.089256198347 3224.287603305785 
14870.71570247934 14899.087603305785 2883.707438016529 2912.079338842975 3290.3768595041324 3318.7487603305785 
14883.064462809918 14911.70082644628 3146.7669421487603 3175.403305785124 3661.7504132231406 3690.386776859504 
14571.381818181819 14599.315702479338 2965.1669421487604 2993.100826446281 3279.9685950413223 3307.902479338843 
14703.705785123966 14731.730578512397 2695.4 2723.42479338843 3324.771900826446 3352.796694214876 
14690.444628099174 14718.370247933884 2753.469421487603 2781.3950413223142 3476.81652892562 3504.7421487603306 
14894.980165289257 14923.922314049587 2949.1206611570246 2978.0628099173555 3176.6413223140494 3205.58347107438 
14753.287603305786 14781.535537190082 3042.3041322314048 3070.5520661157025 3330.386776859504 3358.634710743802 
14687.023140495869 14715.080991735536 2806.626446280992 2834.684297520661 3116.287603305785 3144.3454545454547 
15145.404958677685 15174.107438016528 2972.586776859504 3001.289256198347 3443.413223140496 3472.115702479339 
14494.778512396695 14523.042975206612 2963.0760330578514 2991.3404958677684 3344.8859504132233 3373.1504132231403 
