49409.003723404254 49437.23510638298 12681.65 12709.881382978723 14022.221808510638 14050.453191489361 
50625.426595744684 50654.41595744681 12792.923936170213 12821.913297872341 14217.245744680851 14246.23510638298 
49174.88563829787 49202.92819148936 12545.031914893618 12573.074468085106 13116.704787234043 13144.747340425532 
49944.450531914896 49972.95319148936 12627.197872340426 12655.700531914894 14378.269680851065 14406.772340425532 
49068.004787234044 49095.789361702125 12390.682978723404 12418.467553191489 13592.669680851064 13620.45425531915 
49571.51755319149 49599.46436170213 12653.475 12681.421808510639 13687.975 13715.921808510639 
50022.436170212764 50050.91755319149 12742.933510638299 12771.41489361702 14224.95744680851 14253.438829787234 
50206.08670212766 50234.76223404255 12362.49095744681 12391.166489361702 13696.331382978724 13725.006914893616 
50442.48936170213 50470.6914893617 12832.476063829787 12860.678191489362 13450.010638297872 13478.212765957447 
50249.55319148936 50278.17819148936 13035.398936170213 13064.023936170213 13797.718085106382 13826.343085106382 
48896.99255319149 48925.11489361702 12781.43670212766 12809.559042553192 13634.870212765958 13662.992553191489 
49565.37180851064 49593.518085106385 12736.491489361702 12764.637765957446 13593.871808510637 13622.018085106383 
50444.664361702125 50473.44627659574 12745.100531914894 12773.882446808511 14210.06329787234 14238.845212765957 
50009.87340425532 50038.55425531915 12804.463829787233 12833.144680851065 13867.118085106384 13895.798936170213 
49941.368617021275 49969.58936170213 12450.98829787234 12479.209042553191 13929.070744680852 13957.291489361702 
50049.64468085107 50077.99574468085 12635.48244680851 12663.833510638298 13715.94255319149 13744.293617021276 
49225.993617021275 49253.812765957446 12251.623936170212 12279.443085106383 13872.913829787234 13900.732978723405 
50067.84255319149 50095.92234042553 12765.100531914894 12793.180319148936 14088.443617021276 14116.523404255318 
49615.79787234042 49644.02659574468 12625.968085106382 12654.196808510638 13724.489361702128 13752.718085106382 
49361.506914893616 49389.35 12414.397872340425 12442.24095744681 13795.693085106383 13823.536170212767 
50160.525 50189.05691489362 12642.804255319148 12671.336170212766 13986.120744680851 14014.652659574467 
48877.78244680851 48906.0670212766 12795.08829787234 12823.372872340426 13611.851595744682 13640.136170212765 
49965.004787234044 49993.31063829787 12463.337234042554 12491.643085106383 13441.664361702127 13469.970212765957 
48917.97340425532 48945.744680851065 12349.257978723404 12377.029255319148 13985.70744680851 14013.478723404256 
49750.621276595746 49779.041489361705 12811.334042553191 12839.754255319149 14050.009574468086 14078.429787234043 
49940.99095744681 49969.2835106383 12861.762234042553 12890.054787234043 13691.416489361702 13719.709042553191 
50548.375 50576.81914893617 12625.66489361702 12654.109042553191 13483.94414893617 13512.38829787234 
49106.08882978724 49133.93989361702 12506.623404255319 12534.474468085107 13993.907978723404 14021.75904255319 
48994.1920212766 49022.67872340426 12571.739893617021 12600.226595744682 13802.537765957446 13831.024468085106 
49871.062234042554 49899.152659574465 12471.92659574468 12500.017021276595 13344.142021276595 13372.23244680851 
49701.76382978723 49730.25585106383 12582.934042553192 12611.426063829787 13720.471276595745 13748.96329787234 
50088.617021276594 50117.242021276594 12665.632978723404 12694.257978723404 14119.909574468085 14148.534574468085 
49106.459574468085 49134.459574468085 12758.531382978723 12786.531382978723 13973.693617021276 14001.693617021276 
50108.09946808511 50136.48776595745 12745.990425531914 12774.378723404256 13864.514361702128 13892.902659574467 
49915.449468085106 49944.03723404255 12409.609042553191 12438.196808510638 13920.492021276596 13949.079787234043 
50119.42180851064 50148.02287234043 12783.094680851063 12811.695744680852 13922.40585106383 13951.006914893616 
49382.20319148936 49410.36542553191 12565.280319148937 12593.44255319149 13912.767021276595 13940.929255319148 
49706.0085106383 49734.26382978723 12548.569680851064 12576.825 13506.508510638298 13534.763829787234 
49949.01489361702 49977.11595744681 12749.419148936171 12777.520212765958 13882.78085106383 13910.881914893616 
50392.04308510639 50420.50319148936 12753.556382978724 12782.016489361702 13876.293085106383 13904.753191489363 
49674.03138297873 49702.31595744681 12755.371808510637 12783.656382978723 13913.818617021276 13942.103191489361 
49358.255319148935 49386.35638297872 12553.678191489362 12581.779255319148 13628.308510638299 13656.409574468085 
49995.62553191489 50024.279787234045 12935.785106382978 12964.439361702127 13955.918085106383 13984.572340425531 
49559.95106382979 49588.07074468085 12661.427127659574 12689.546808510639 13235.248936170212 13263.368617021277 
49582.24255319149 49610.47659574468 12830.931382978724 12859.165425531915 13324.290425531915 13352.524468085106 
49717.960638297875 49746.325 12613.564361702127 12641.928723404255 14147.056382978724 14175.42074468085 
50340.778191489364 50369.621276595746 12630.900531914893 12659.743617021277 14057.570744680852 14086.413829787234 
49343.779787234045 49372.23989361702 12437.529787234043 12465.989893617021 13741.7 13770.160106382978 
50498.197872340425 50526.7164893617 12626.187234042553 12654.705851063829 13670.160638297872 13698.679255319148 
49945.88617021277 49974.356914893615 12801.835638297873 12830.306382978724 13990.63085106383 14019.101595744682 
