10705.297826086957 10733.754347826087 1911.4717391304348 1939.9282608695653 2213.058695652174 2241.5152173913043 
10868.941304347825 10897.734782608695 1853.963043478261 1882.7565217391304 2042.8760869565217 2071.669565217391 
11190.397826086957 11219.104347826087 1686.1804347826087 1714.8869565217392 2012.3108695652174 2041.017391304348 
10839.358695652174 10868.0 1940.7826086956522 1969.4239130434783 2275.5760869565215 2304.217391304348 
10699.0 10727.08695652174 1838.3369565217392 1866.4239130434783 1885.0869565217392 1913.1739130434783 
10357.197826086956 10384.64347826087 1726.5782608695652 1754.0239130434782 2041.0021739130434 2068.4478260869564 
10800.732608695653 10828.36304347826 1901.841304347826 1929.4717391304348 2308.558695652174 2336.189130434783 
10702.660869565218 10731.095652173914 1772.682608695652 1801.1173913043478 2060.1608695652176 2088.595652173913 
10941.652173913044 10970.04347826087 1777.3152173913043 1805.7065217391305 2048.8695652173915 2077.2608695652175 
11082.756521739131 11111.560869565217 1743.8326086956522 1772.6369565217392 2094.75652173913 2123.560869565217 
10515.528260869565 10543.832608695651 1882.3760869565217 1910.6804347826087 1946.4413043478262 1974.745652173913 
10599.93043478261 10627.908695652173 1814.4521739130435 1842.4304347826087 2060.5391304347827 2088.5173913043477 
10567.684782608696 10595.83695652174 1910.3260869565217 1938.4782608695652 1959.4891304347825 1987.641304347826 
10744.317391304348 10773.404347826086 1823.4260869565217 1852.513043478261 2341.513043478261 2370.6 
11168.59347826087 11197.702173913043 1849.2782608695652 1878.3869565217392 2282.7673913043477 2311.8760869565217 
10768.063043478262 10796.378260869566 1705.2586956521739 1733.5739130434783 2172.345652173913 2200.6608695652176 
10992.360869565216 11020.85 1884.2847826086957 1912.7739130434782 2086.1434782608694 2114.6326086956524 
11355.360869565216 11383.686956521738 1842.4152173913044 1870.7413043478261 2026.7304347826087 2055.0565217391304 
11095.31956521739 11123.56956521739 1961.5152173913043 1989.7652173913043 2276.9065217391303 2305.1565217391303 
10951.302173913044 10979.94347826087 1776.4543478260869 1805.095652173913 2433.454347826087 2462.095652173913 
10824.639130434784 10853.682608695652 1871.2043478260869 1900.2478260869566 2180.008695652174 2209.0521739130436 
10970.965217391304 10999.23695652174 1901.8021739130436 1930.0739130434783 1932.2695652173913 1960.541304347826 
10933.123913043479 10961.341304347827 1759.95 1788.1673913043478 2130.645652173913 2158.863043478261 
10822.85 10851.121739130434 1689.8826086956522 1718.154347826087 2012.9804347826087 2041.2521739130434 
10849.123913043479 10877.993478260869 1640.3739130434783 1669.2434782608696 2238.6239130434783 2267.49347826087 
10777.213043478261 10806.039130434783 1859.517391304348 1888.3434782608695 1883.2782608695652 1912.104347826087 
10806.11304347826 10834.65652173913 1830.145652173913 1858.6891304347826 2146.8521739130433 2175.395652173913 
10935.126086956521 10963.082608695651 1777.6804347826087 1805.6369565217392 2034.3 2062.25652173913 
10757.71956521739 10785.926086956522 1766.013043478261 1794.2195652173914 1960.0239130434782 1988.2304347826087 
10683.741304347826 10711.828260869564 1920.6434782608696 1948.7304347826087 2160.154347826087 2188.241304347826 
10654.345652173914 10682.682608695652 1891.3239130434783 1919.6608695652174 2071.323913043478 2099.6608695652176 
10874.48695652174 10902.997826086956 1853.3673913043478 1881.878260869565 2246.2260869565216 2274.736956521739 
10899.471739130435 10927.493478260869 1703.3739130434783 1731.395652173913 2266.7108695652173 2294.7326086956523 
10898.4 10926.813043478262 1867.682608695652 1896.095652173913 2155.291304347826 2183.704347826087 
11242.730434782608 11271.752173913044 1800.8934782608696 1829.9152173913044 1835.7521739130434 1864.7739130434782 
10613.454347826088 10640.9 1864.128260869565 1891.5739130434783 1854.845652173913 1882.291304347826 
10916.989130434782 10945.33695652174 1771.304347826087 1799.6521739130435 2146.8804347826085 2175.228260869565 
10706.09347826087 10734.267391304347 1702.0608695652174 1730.2347826086957 2112.854347826087 2141.028260869565 
11013.830434782609 11042.36304347826 1997.7108695652173 2026.2434782608696 2367.830434782609 2396.363043478261 
10942.039130434783 10970.441304347825 1793.6478260869565 1822.05 2225.7130434782607 2254.115217391304 
11164.823913043478 11193.802173913044 1757.0086956521739 1785.986956521739 2025.4108695652174 2054.3891304347826 
11130.380434782608 11159.271739130434 1855.8695652173913 1884.7608695652175 2189.641304347826 2218.532608695652 
10762.358695652174 10791.228260869566 1867.4021739130435 1896.2717391304348 2239.6195652173915 2268.4891304347825 
10956.789130434783 10985.310869565217 1812.8869565217392 1841.408695652174 2229.419565217391 2257.941304347826 
10816.589130434782 10844.71956521739 1898.0782608695652 1926.208695652174 2371.0021739130434 2399.1326086956524 
11074.95652173913 11103.782608695652 1736.4891304347825 1765.3152173913043 2047.9347826086957 2076.7608695652175 
10589.6 10617.523913043478 1844.0347826086957 1871.958695652174 1994.1434782608696 2022.067391304348 
10721.0 10749.032608695652 1709.0760869565217 1737.108695652174 2009.0217391304348 2037.054347826087 
10231.323913043478 10259.204347826088 1751.7478260869566 1779.628260869565 2091.9978260869566 2119.878260869565 
10548.01304347826 10575.458695652174 1732.0021739130434 1759.4478260869564 2062.121739130435 2089.567391304348 
