34151.26590038314 34179.285057471265 8044.488122605364 8072.507279693486 9078.618390804597 9106.63754789272 
34116.83984674329 34145.096551724135 8082.142528735632 8110.3992337164755 9312.337931034483 9340.594636015325 
34014.73946360153 34043.122605363984 8120.482758620689 8148.865900383142 8975.448275862069 9003.83141762452 
34759.675862068965 34788.350191570884 8646.702681992338 8675.377011494253 9348.407662835249 9377.081992337166 
33752.624521072794 33780.685823754786 8126.83908045977 8154.900383141762 8315.478927203065 8343.540229885057 
33911.030651340996 33939.04980842912 8501.693486590038 8529.71264367816 9024.996168582375 9053.015325670498 
33980.22528735632 34008.46666666667 7924.554789272031 7952.796168582376 8661.424521072797 8689.665900383141 
33832.1908045977 33860.38237547893 8100.9417624521075 8129.133333333333 8737.642911877394 8765.83448275862 
33961.52796934866 33989.75785440613 8216.259770114943 8244.489655172414 8815.286590038315 8843.516475095785 
33154.84061302682 33183.05900383142 8306.043678160919 8334.262068965518 8810.369348659004 8838.5877394636 
33794.39003831417 33822.30574712644 8358.761685823754 8386.677394636015 9078.24061302682 9106.15632183908 
33489.369348659005 33517.675862068965 8215.610727969348 8243.917241379311 8932.407662835249 8960.71417624521 
35297.92567049809 35327.00229885057 8230.239846743296 8259.316475095786 9499.462068965517 9528.538697318008 
34022.46513409961 34050.99770114943 8303.901915708811 8332.434482758621 9334.537931034483 9363.070498084291 
33871.13716475096 33899.04521072797 8233.466666666667 8261.374712643677 8924.28275862069 8952.190804597702 
34183.415325670496 34211.89042145594 8311.71417624521 8340.189272030651 8699.02835249042 8727.503448275862 
34786.10804597701 34814.376245210726 8340.368582375479 8368.636781609195 9064.947126436782 9093.215325670499 
34088.46283524904 34117.05287356322 8153.980076628352 8182.570114942529 9475.72337164751 9504.313409961685 
33352.87662835249 33381.213793103445 8285.409195402299 8313.746360153256 9062.420689655173 9090.75785440613 
33530.645977011496 33558.9601532567 8346.458237547893 8374.772413793104 9124.810727969349 9153.12490421456 
33742.85747126437 33771.01072796935 8254.386206896552 8282.539463601532 8661.650574712643 8689.803831417625 
33511.92107279693 33539.898084291184 8101.212260536398 8129.189272030651 8863.886590038313 8891.863601532566 
34106.86743295019 34135.49961685824 8586.434482758621 8615.066666666668 9217.46896551724 9246.101149425287 
33714.17011494253 33742.49578544062 7837.752490421456 7866.07816091954 9210.76398467433 9239.089655172414 
34145.73716475096 34174.30804597701 8140.649042145594 8169.219923371647 8723.311877394635 8751.88275862069 
33956.75325670498 33984.96781609196 8421.814559386974 8450.029118773946 9280.15938697318 9308.373946360154 
33772.701915708814 33800.939463601535 8203.98927203065 8232.226819923371 9253.395402298851 9281.632950191572 
34559.34636015326 34587.88275862069 8285.767816091953 8314.304214559386 8787.411494252874 8815.947892720307 
33511.50038314176 33539.67662835249 8129.845210727969 8158.021455938698 9065.688122605365 9093.864367816092 
34121.52643678161 34149.95938697318 8158.377011494253 8186.8099616858235 9053.016858237548 9081.449808429119 
34236.137931034486 34265.07662835249 8448.900383141763 8477.83908045977 9215.735632183909 9244.674329501915 
34535.88659003832 34563.940229885055 8020.629885057471 8048.683524904214 9103.24674329502 9131.300383141763 
34294.5662835249 34323.11800766284 8252.167816091955 8280.719540229886 9045.84214559387 9074.3938697318 
34454.10651340996 34482.65823754789 8415.83448275862 8444.386206896552 9126.140996168582 9154.692720306513 
33767.63448275862 33795.38544061303 8446.419923371648 8474.170881226053 9397.43141762452 9425.182375478927 
34524.42375478927 34553.13256704981 8353.8030651341 8382.511877394636 9174.197701149425 9202.906513409962 
34448.00153256705 34476.40766283525 8239.56091954023 8267.967049808429 9029.262068965518 9057.668199233716 
34072.9540229885 34101.574712643676 8216.011494252874 8244.632183908046 9117.83141762452 9146.452107279694 
34497.137931034486 34525.55172413793 8312.04980842912 8340.463601532567 9498.268199233717 9526.681992337164 
34452.73256704981 34481.39540229885 8181.958620689656 8210.621455938697 9132.966283524904 9161.629118773946 
33866.16551724138 33894.311111111114 8479.644444444444 8507.790038314177 8978.782375478928 9006.927969348659 
34005.6061302682 34033.80536398468 8459.445210727969 8487.644444444444 9086.690421455938 9114.889655172414 
33173.93793103448 33201.75019157088 8227.861302681993 8255.67356321839 9010.409195402299 9038.221455938698 
34618.402298850575 34647.226053639846 8468.107279693486 8496.931034482759 9486.835249042146 9515.659003831417 
33565.16091954023 33593.2183908046 8226.842911877395 8254.900383141763 8593.75478927203 8621.812260536399 
34528.9601532567 34557.27049808429 8410.324137931035 8438.63448275862 9019.370114942529 9047.680459770116 
33765.027586206896 33793.15785440613 8233.291954022989 8261.422222222222 8950.211494252873 8978.341762452108 
33964.26283524904 33992.81455938697 8157.132567049808 8185.684291187739 8757.017624521073 8785.569348659004 
33713.97701149425 33742.49808429119 8215.701149425287 8244.222222222223 8982.333333333334 9010.854406130267 
34585.19003831418 34613.8183908046 8385.009961685824 8413.638314176245 8984.450574712644 9013.078927203065 
