32057.713469387756 32085.93387755102 7805.852244897959 7834.072653061225 8756.566530612245 8784.78693877551 
31902.01387755102 31930.50775510204 7730.299591836735 7758.793469387755 8481.805714285714 8510.299591836734 
31477.408163265307 31505.804081632654 7919.914285714286 7948.310204081633 8164.530612244898 8192.926530612245 
31635.302040816325 31663.244897959183 7401.567346938776 7429.510204081633 8101.469387755102 8129.412244897959 
32185.408163265307 32213.926530612243 7581.587755102041 7610.1061224489795 8633.395918367347 8661.914285714285 
32019.511836734695 32047.675102040816 7663.862857142857 7692.02612244898 8805.262857142858 8833.42612244898 
31110.48 31138.659591836735 7465.753469387755 7493.933061224489 8677.77387755102 8705.953469387756 
32093.18775510204 32121.367346938776 7818.828571428571 7847.008163265306 8219.436734693878 8247.616326530613 
31203.85142857143 31232.210612244897 7557.116734693877 7585.475918367347 8671.643265306122 8700.002448979592 
31721.777959183673 31750.047346938776 7620.022857142857 7648.292244897959 8624.68 8652.949387755101 
31356.516734693876 31384.716734693877 7468.451428571429 7496.651428571428 8030.4228571428575 8058.622857142857 
31455.924081632653 31484.04244897959 7415.450612244898 7443.568979591837 8500.311836734694 8528.430204081633 
31466.437551020408 31494.437551020408 7657.608979591837 7685.608979591837 8335.070204081632 8363.070204081632 
31336.0106122449 31364.018775510205 7745.235102040816 7773.243265306122 8115.312653061224 8143.320816326531 
32357.113469387754 32385.98285714286 7829.378775510204 7858.248163265306 8651.215510204082 8680.084897959183 
31213.594285714287 31241.586122448978 7536.177959183674 7564.1697959183675 8034.814693877551 8062.806530612245 
31845.53714285714 31873.96163265306 7654.394285714286 7682.818775510204 8127.328979591836 8155.753469387755 
31702.231020408162 31730.418775510203 7738.72081632653 7766.908571428571 8267.17387755102 8295.361632653061 
31530.070204081632 31558.527346938776 7773.045714285714 7801.5028571428575 8372.564081632652 8401.021224489796 
32111.48 32139.79836734694 7669.37387755102 7697.692244897959 8495.116734693878 8523.435102040816 
31782.257142857143 31811.191836734695 7724.163265306122 7753.097959183673 9325.575510204082 9354.510204081633 
31799.019591836735 31827.113469387754 7428.631836734694 7456.725714285714 8601.219591836734 8629.313469387755 
31861.27836734694 31889.551836734692 7490.5028571428575 7518.776326530612 8096.719183673469 8124.992653061225 
32065.50367346939 32094.164897959185 7607.332244897959 7635.993469387755 8523.703673469388 8552.364897959184 
31693.804897959184 31722.274285714284 7663.331428571429 7691.80081632653 8600.290612244899 8628.76 
31826.006530612245 31854.20244897959 7751.728979591837 7779.924897959184 8900.108571428571 8928.304489795919 
31875.832653061225 31904.21632653061 7437.567346938776 7465.9510204081635 8270.44081632653 8298.824489795918 
31332.778775510204 31360.872653061226 7549.521632653061 7577.615510204082 8502.06448979592 8530.15836734694 
31447.795102040815 31476.076734693877 7545.146122448979 7573.4277551020405 8026.0604081632655 8054.3420408163265 
32136.425306122448 32164.61306122449 7463.311020408163 7491.498775510204 8115.155918367347 8143.343673469388 
31669.564081632652 31698.094693877552 7699.792653061225 7728.323265306122 8285.608979591836 8314.139591836734 
31885.352653061225 31913.92 7447.21387755102 7475.781224489796 8458.205714285714 8486.77306122449 
31383.18693877551 31411.276734693878 7544.211428571429 7572.301224489796 8154.537959183674 8182.627755102041 
32353.048163265306 32381.63591836735 7643.378775510204 7671.966530612245 8080.178775510204 8108.766530612245 
31916.905306122448 31945.28081632653 7584.570612244898 7612.94612244898 8904.803265306122 8933.178775510203 
32278.83918367347 32307.565714285713 7422.88 7451.606530612245 8304.17387755102 8332.900408163265 
31657.603265306123 31686.060408163266 7756.84 7785.297142857143 8755.991020408163 8784.448163265306 
31957.901224489797 31986.088979591837 7639.019591836734 7667.207346938775 8421.497142857143 8449.684897959183 
32327.909387755102 32356.46857142857 7860.476734693878 7889.035918367347 8488.109387755103 8516.668571428572 
31981.907755102042 32010.43836734694 7527.454693877551 7555.985306122449 8352.271020408163 8380.801632653061 
31563.084897959183 31591.284897959184 7598.488979591837 7626.688979591837 8342.623673469388 8370.823673469387 
32312.283265306123 32340.96897959184 7570.27918367347 7598.964897959184 8581.185306122448 8609.871020408164 
31800.191020408165 31828.35836734694 7743.684897959184 7771.852244897959 8030.276734693877 8058.444081632653 
32259.552653061226 32288.164897959185 7607.087346938775 7635.699591836735 8501.385306122449 8529.997551020408 
31932.251428571428 31960.70857142857 7569.443265306122 7597.900408163266 8515.235102040817 8543.692244897959 
31843.208979591836 31871.16 7774.829387755102 7802.780408163266 8394.233469387755 8422.184489795918 
31522.82612244898 31551.222040816327 7606.005714285714 7634.401632653061 8009.679183673469 8038.075102040816 
31886.995918367345 31915.314285714285 7560.138775510204 7588.457142857143 8445.604081632653 8473.922448979592 
32466.082448979592 32495.02530612245 7659.462040816326 7688.4048979591835 8353.670204081633 8382.61306122449 
31814.02857142857 31842.63673469388 7797.216326530613 7825.824489795918 8540.481632653062 8569.089795918368 
