8672.602531645569 8699.906329113925 1355.6025316455696 1382.9063291139241 1423.1215189873417 1450.4253164556962 
9123.369620253165 9153.078481012659 1423.167088607595 1452.8759493670887 1737.179746835443 1766.8886075949367 
9337.822784810127 9367.075949367088 1322.632911392405 1351.886075949367 1709.4556962025317 1738.7088607594937 
9201.040506329115 9229.293670886076 1307.572151898734 1335.825316455696 1775.2050632911391 1803.4582278481012 
9275.746835443038 9304.367088607594 1361.012658227848 1389.632911392405 1600.873417721519 1629.493670886076 
9029.372151898735 9057.967088607595 1414.7392405063292 1443.3341772151898 1657.3341772151898 1685.9291139240506 
8918.969620253165 8947.07088607595 1281.767088607595 1309.8683544303797 1623.9949367088607 1652.0962025316455 
9251.108860759494 9279.678481012657 1457.3620253164556 1485.9316455696203 1678.5392405063292 1707.1088607594936 
9007.969620253165 9036.450632911392 1180.513924050633 1208.9949367088607 1405.7291139240506 1434.2101265822785 
9178.184810126582 9207.07088607595 1432.5772151898734 1461.4632911392405 1727.0835443037975 1755.9696202531645 
8896.843037974684 8925.58987341772 1285.6025316455696 1314.3493670886076 1528.7037974683544 1557.4506329113924 
8857.896202531645 8886.13670886076 1274.2506329113924 1302.4911392405063 1441.2759493670885 1469.5164556962025 
8795.182278481012 8823.055696202531 1504.9037974683545 1532.7772151898735 1748.5113924050634 1776.3848101265824 
8959.248101265823 8987.19746835443 1361.1594936708861 1389.1088607594936 1591.4632911392405 1619.4126582278482 
9155.210126582278 9184.273417721519 1352.3240506329114 1381.3873417721518 1705.8303797468354 1734.893670886076 
9257.627848101265 9286.13417721519 1396.146835443038 1424.653164556962 1543.7417721518987 1572.2481012658227 
9021.574683544304 9049.33417721519 1273.9417721518987 1301.7012658227848 1716.726582278481 1744.486075949367 
8865.962025316456 8893.151898734177 1250.7215189873418 1277.9113924050632 1453.012658227848 1480.2025316455697 
9160.592405063291 9189.263291139241 1275.060759493671 1303.7316455696202 1536.9848101265823 1565.6556962025315 
8884.974683544304 8912.379746835442 1374.759493670886 1402.1645569620252 1579.5696202531647 1606.9746835443038 
9127.756962025316 9156.870886075949 1378.7949367088609 1407.9088607594936 1798.832911392405 1827.946835443038 
9172.13670886076 9201.111392405064 1339.807594936709 1368.7822784810126 1728.706329113924 1757.681012658228 
8802.632911392406 8830.658227848102 1298.253164556962 1326.2784810126582 1613.607594936709 1641.632911392405 
9204.516455696203 9232.921518987341 1376.7822784810126 1405.187341772152 1514.6303797468354 1543.0354430379746 
8984.475949367088 9012.235443037975 1332.4632911392405 1360.2227848101265 1505.0708860759494 1532.8303797468354 
9294.916455696202 9322.916455696202 1356.1696202531646 1384.1696202531646 1403.6126582278482 1431.6126582278482 
8687.93670886076 8716.025316455696 1377.6455696202531 1405.73417721519 1708.987341772152 1737.0759493670887 
8973.293670886076 9001.749367088607 1585.420253164557 1613.8759493670887 1514.8759493670887 1543.3316455696202 
8891.346835443039 8919.701265822785 1390.0810126582278 1418.4354430379747 1592.8278481012658 1621.1822784810126 
8978.524050632912 9007.093670886075 1423.4987341772153 1452.0683544303797 1766.2582278481013 1794.8278481012658 
9285.681012658228 9313.984810126582 1509.0354430379746 1537.3392405063291 1890.1240506329113 1918.427848101266 
8899.774683544303 8928.293670886076 1174.2810126582278 1202.8 1649.7367088607596 1678.2556962025317 
9034.703797468355 9063.374683544303 1291.8050632911393 1320.4759493670886 1572.8683544303797 1601.5392405063292 
9070.012658227848 9098.405063291139 1433.2911392405063 1461.6835443037974 1738.5822784810127 1766.9746835443038 
9425.911392405063 9455.60759493671 1555.0506329113923 1584.746835443038 1703.0379746835442 1732.73417721519 
8992.045569620253 9020.210126582278 1394.3493670886076 1422.513924050633 1649.1974683544304 1677.3620253164556 
9439.0 9468.341772151898 1442.4303797468353 1471.7721518987341 1693.3417721518988 1722.6835443037974 
8953.13417721519 8981.564556962025 1512.6025316455696 1541.0329113924051 1757.2481012658227 1785.6784810126583 
9027.235443037975 9055.083544303798 1347.4759493670886 1375.3240506329114 1639.6025316455696 1667.4506329113924 
8785.840506329114 8813.751898734177 1326.3215189873417 1354.232911392405 1552.486075949367 1580.3974683544304 
9185.098734177214 9213.567088607595 1367.1240506329113 1395.5924050632912 1681.7696202531645 1710.2379746835443 
9007.587341772152 9036.397468354431 1301.6 1330.4101265822785 1502.6126582278482 1531.4227848101266 
8880.511392405064 8908.384810126583 1434.346835443038 1462.2202531645569 1570.853164556962 1598.726582278481 
8644.843037974684 8672.792405063292 1412.146835443038 1440.0962025316455 1640.8050632911393 1668.7544303797467 
9087.129113924051 9115.711392405063 1394.812658227848 1423.3949367088608 1534.1037974683545 1562.686075949367 
9190.832911392405 9219.807594936708 1329.073417721519 1358.0481012658229 1713.959493670886 1742.93417721519 
8852.8582278481 8881.52911392405 1322.7569620253164 1351.427848101266 1618.9215189873419 1647.5924050632912 
9562.59746835443 9591.837974683544 1425.420253164557 1454.6607594936709 1615.7746835443038 1645.0151898734177 
9172.321518987343 9200.941772151898 1410.1316455696203 1438.7518987341773 1923.9037974683545 1952.5240506329114 
9420.245569620252 9448.562025316456 1362.0936708860759 1390.4101265822785 1592.7392405063292 1621.0556962025316 
