21354.281176470588 21382.569411764707 4926.39294117647 4954.681176470588 5432.14 5460.428235294117 
21824.955294117648 21853.714117647058 4827.0905882352945 4855.849411764706 5449.6258823529415 5478.384705882353 
21541.875294117646 21570.08705882353 4528.569411764706 4556.781176470588 5410.3341176470585 5438.545882352942 
21717.74823529412 21746.265882352942 4844.789411764706 4873.30705882353 5677.430588235294 5705.948235294118 
21506.164705882355 21534.75294117647 4429.7 4458.288235294118 4993.494117647058 5022.082352941176 
20863.749411764707 20891.378823529412 4727.425882352941 4755.0552941176475 5176.725882352941 5204.355294117647 
21696.09176470588 21724.28 4979.450588235294 5007.638823529412 5430.43294117647 5458.621176470589 
21161.10823529412 21188.996470588234 4525.76705882353 4553.655294117647 5156.237647058823 5184.1258823529415 
21609.918823529413 21639.06 4834.136470588235 4863.277647058823 5541.001176470589 5570.142352941177 
21847.171764705883 21875.824705882354 4947.883529411764 4976.536470588236 5453.407058823529 5482.06 
21425.188235294117 21453.38823529412 4777.252941176471 4805.452941176471 5041.176470588235 5069.376470588235 
21615.776470588236 21644.070588235296 4932.582352941176 4960.876470588235 5329.952941176471 5358.247058823529 
21428.56588235294 21456.965882352943 4742.642352941177 4771.042352941176 5150.777647058823 5179.177647058824 
21771.078823529413 21799.502352941177 4856.796470588235 4885.22 5606.349411764706 5634.77294117647 
21565.84588235294 21594.163529411766 4799.328235294118 4827.645882352941 5739.822352941176 5768.14 
21283.048235294118 21311.383529411763 4722.483529411765 4750.818823529412 5209.989411764705 5238.324705882353 
21444.417647058825 21472.8 4736.764705882353 4765.14705882353 5613.617647058823 5642.0 
21981.07294117647 22009.66705882353 4756.914117647058 4785.508235294118 5523.108235294118 5551.702352941176 
21408.617647058825 21436.835294117645 4650.376470588235 4678.594117647059 5339.452941176471 5367.670588235294 
21553.15882352941 21581.7 4919.14705882353 4947.6882352941175 5462.076470588236 5490.617647058823 
21638.503529411766 21666.856470588235 4756.08 4784.43294117647 5506.585882352942 5534.938823529412 
22013.51411764706 22042.27294117647 4877.9494117647055 4906.708235294118 5158.5729411764705 5187.331764705882 
21171.301176470588 21199.31294117647 4667.642352941177 4695.654117647059 5233.054117647059 5261.065882352941 
21514.969411764705 21543.216470588235 4884.410588235294 4912.657647058823 5126.604705882353 5154.8517647058825 
21487.692941176472 21516.198823529412 4874.592941176471 4903.098823529412 5450.94 5479.445882352941 
21395.034117647057 21423.210588235295 4747.981176470588 4776.157647058823 5432.292941176471 5460.469411764706 
21015.034117647057 21043.098823529413 4731.075294117647 4759.14 4950.54 4978.604705882353 
21459.512941176472 21487.689411764706 4987.195294117647 5015.371764705882 5458.1835294117645 5486.36 
21602.194117647057 21630.311764705883 4689.229411764706 4717.34705882353 5204.252941176471 5232.370588235294 
22098.624705882354 22127.04235294118 4910.907058823529 4939.324705882353 5635.095294117647 5663.512941176471 
21733.94 21762.275294117648 4783.463529411764 4811.7988235294115 5683.222352941177 5711.557647058824 
21616.32705882353 21644.397647058824 4798.085882352942 4826.156470588236 5198.9976470588235 5227.068235294118 
21371.532941176472 21399.67411764706 4693.78 4721.921176470588 5274.8741176470585 5303.0152941176475 
21770.191764705884 21798.785882352942 4707.768235294117 4736.362352941176 4987.93294117647 5016.52705882353 
21718.810588235294 21746.59294117647 4873.163529411765 4900.945882352941 5311.092941176471 5338.875294117647 
21522.36470588235 21550.65294117647 4683.976470588235 4712.264705882353 5409.835294117647 5438.123529411765 
21188.50705882353 21216.46 4788.083529411765 4816.036470588236 5169.671764705882 5197.624705882353 
21544.769411764704 21572.98117647059 4777.110588235294 4805.322352941176 4994.287058823529 5022.498823529411 
21394.26 21422.81882352941 4914.348235294117 4942.907058823529 5410.907058823529 5439.465882352941 
21848.20588235294 21877.223529411764 4758.835294117647 4787.85294117647 5137.264705882353 5166.282352941176 
21663.948235294116 21692.389411764707 4689.81294117647 4718.254117647059 5505.383529411764 5533.824705882353 
21185.147058823528 21212.70588235294 4833.6882352941175 4861.247058823529 5127.441176470588 5155.0 
21814.86705882353 21843.97294117647 5080.784705882353 5109.890588235294 5514.114117647059 5543.22 
21367.82588235294 21396.137647058822 4758.425882352941 4786.737647058823 5569.649411764706 5597.961176470588 
21567.28705882353 21595.234117647058 4870.475294117647 4898.4223529411765 5353.757647058824 5381.704705882353 
21069.32 21097.40823529412 4675.343529411764 4703.431764705882 5067.743529411765 5095.831764705882 
21267.171764705883 21295.777647058825 4547.465882352941 4576.071764705883 5309.901176470588 5338.507058823529 
21287.12705882353 21315.550588235295 4552.321176470588 4580.744705882353 5268.43294117647 5296.856470588235 
21551.52588235294 21579.855294117646 4775.814117647059 4804.143529411765 5255.82 5284.149411764706 
21556.828235294117 21584.969411764705 4826.604705882353 4854.745882352941 5128.228235294117 5156.369411764706 
