6251.572881355933 6280.3525423728815 727.6406779661017 756.4203389830509 799.4881355932204 828.2677966101695 
6720.3050847457625 6749.745762711865 728.5762711864406 758.0169491525423 1049.6440677966102 1079.084745762712 
6281.633898305085 6310.091525423729 790.142372881356 818.6 1044.5322033898306 1072.9898305084746 
6302.403389830509 6330.827118644068 776.1491525423729 804.5728813559322 902.1491525423729 930.5728813559322 
6273.423728813559 6302.406779661017 649.9118644067796 678.8949152542373 821.3728813559322 850.3559322033898 
6205.128813559322 6233.349152542373 620.5525423728814 648.7728813559322 667.0101694915254 695.2305084745763 
6439.047457627119 6467.48813559322 768.4372881355932 796.8779661016949 716.3186440677966 744.7593220338983 
6441.962711864407 6470.48813559322 748.5389830508475 777.064406779661 1073.742372881356 1102.2677966101694 
6182.105084745763 6209.901694915255 695.0542372881356 722.8508474576271 842.2237288135593 870.0203389830508 
6450.894915254237 6479.183050847458 698.2 726.4881355932204 782.8101694915255 811.0983050847458 
6360.105084745763 6388.020338983051 703.8169491525424 731.7322033898305 764.3254237288136 792.2406779661017 
6529.705084745763 6557.5694915254235 831.0271186440677 858.8915254237288 869.1118644067797 896.9762711864407 
6106.1796610169495 6134.46779661017 660.535593220339 688.8237288135593 885.4847457627119 913.7728813559322 
6506.881355932203 6534.983050847458 682.7118644067797 710.8135593220339 815.8135593220339 843.9152542372881 
6437.186440677966 6465.745762711865 710.1016949152543 738.6610169491526 931.8474576271186 960.4067796610169 
6045.705084745763 6074.077966101695 716.9423728813559 745.3152542372882 911.9932203389831 940.3661016949153 
6255.552542372881 6283.518644067796 580.7389830508474 608.7050847457627 738.4169491525424 766.3830508474576 
6266.1016949152545 6295.169491525424 795.3389830508474 824.4067796610169 932.3559322033898 961.4237288135594 
6391.718644067797 6419.972881355932 688.1254237288135 716.3796610169492 892.8881355932203 921.142372881356 
6468.423728813559 6497.322033898305 685.4406779661017 714.3389830508474 867.6271186440678 896.5254237288135 
6378.481355932204 6406.88813559322 689.6847457627118 718.0915254237289 1009.4135593220338 1037.8203389830508 
6585.840677966102 6614.789830508475 725.5525423728814 754.5016949152542 1144.264406779661 1173.213559322034 
6421.315254237288 6450.433898305085 598.6203389830508 627.7389830508474 814.3152542372882 843.4338983050848 
6522.406779661017 6550.542372881356 677.9152542372881 706.0508474576271 785.7457627118644 813.8813559322034 
5991.732203389831 6019.783050847458 695.2237288135593 723.2745762711864 794.3593220338983 822.4101694915254 
6420.95593220339 6449.718644067797 757.8372881355932 786.6 871.2101694915254 899.9728813559323 
6328.806779661017 6357.484745762712 756.1118644067797 784.7898305084746 792.8237288135593 821.5016949152542 
6335.796610169492 6364.135593220339 611.271186440678 639.6101694915254 733.0 761.3389830508474 
6322.17627118644 6349.905084745763 687.3796610169492 715.1084745762712 778.6338983050847 806.3627118644068 
6303.579661016949 6331.833898305084 718.9186440677967 747.1728813559322 1020.6813559322034 1048.935593220339 
6135.166101694916 6162.623728813559 629.1661016949153 656.6237288135593 1029.5898305084745 1057.0474576271185 
6373.264406779661 6401.46779661017 770.6542372881356 798.857627118644 810.535593220339 838.7389830508474 
6303.227118644068 6331.447457627119 691.0915254237289 719.3118644067797 1058.2610169491525 1086.4813559322033 
6121.454237288136 6149.437288135593 659.5898305084746 687.5728813559322 838.1152542372881 866.0983050847458 
5828.742372881356 5855.55593220339 670.2338983050847 697.0474576271187 762.0135593220339 788.8271186440678 
6116.294915254237 6143.938983050847 687.2610169491526 714.9050847457627 877.4305084745763 905.0745762711864 
6258.579661016949 6286.172881355932 728.8508474576271 756.4440677966102 830.3254237288136 857.9186440677967 
6392.552542372881 6421.077966101695 625.6881355932203 654.2135593220339 1160.3661016949152 1188.8915254237288 
6228.620338983051 6255.874576271186 763.806779661017 791.0610169491525 974.4677966101694 1001.7220338983051 
6572.5864406779665 6601.840677966102 741.2983050847457 770.5525423728814 975.2813559322034 1004.535593220339 
6294.833898305084 6322.4610169491525 717.0881355932204 744.7152542372881 878.1389830508475 905.7661016949153 
5942.484745762712 5969.993220338983 704.264406779661 731.7728813559322 654.6033898305085 682.1118644067797 
6200.95593220339 6228.837288135594 760.7016949152543 788.5830508474576 1145.2440677966101 1173.1254237288135 
6436.501694915254 6465.840677966102 739.7728813559322 769.1118644067797 1067.671186440678 1097.0101694915254 
6116.877966101695 6145.2 728.1830508474576 756.5050847457627 948.4542372881356 976.7762711864407 
6098.871186440678 6126.294915254237 717.142372881356 744.5661016949152 810.3457627118644 837.7694915254237 
6274.061016949153 6301.874576271186 605.5186440677966 633.3322033898305 810.8915254237288 838.7050847457627 
6142.1322033898305 6170.5389830508475 649.6237288135593 678.0305084745763 973.8101694915255 1002.2169491525424 
6258.31186440678 6286.650847457627 769.5322033898306 797.871186440678 1071.4474576271186 1099.786440677966 
6379.64406779661 6407.966101694915 671.3220338983051 699.6440677966102 826.8474576271186 855.1694915254237 
