41251.43873015873 41279.48952380953 10359.753015873015 10387.80380952381 11218.565714285714 11246.616507936507 
41317.96253968254 41346.18158730159 10631.40380952381 10659.622857142856 11244.308571428572 11272.52761904762 
41130.759365079364 41158.96253968254 10331.553015873016 10359.75619047619 11472.845079365079 11501.048253968254 
41503.65904761905 41532.24634920635 10394.547936507937 10423.135238095238 11270.373333333333 11298.960634920635 
41380.29142857143 41408.47555555555 10454.227936507936 10482.412063492064 11186.56126984127 11214.745396825398 
41879.25587301587 41907.57650793651 10234.528888888888 10262.849523809524 11344.795555555556 11373.11619047619 
41528.21968253968 41556.41333333333 10171.83238095238 10200.026031746032 11160.533968253969 11188.727619047619 
40949.06920634921 40977.00571428571 10436.370793650794 10464.307301587301 11490.551746031746 11518.488253968255 
41437.73396825397 41466.19111111111 10319.549841269842 10348.006984126983 11146.257777777777 11174.71492063492 
40354.59492063492 40382.73142857143 10400.626666666667 10428.763174603175 11040.40126984127 11068.537777777778 
41045.933333333334 41074.003174603175 10278.806349206348 10306.87619047619 11462.55238095238 11490.622222222222 
40886.14857142857 40913.94857142857 10204.704126984127 10232.504126984128 10485.091428571428 10512.891428571429 
41888.86031746032 41917.26666666667 10352.136507936508 10380.542857142857 11321.263492063492 11349.66984126984 
41141.57587301587 41169.80761904762 10458.737777777778 10486.969523809525 10997.229841269842 11025.461587301586 
41193.74412698413 41222.39492063492 10574.198095238095 10602.84888888889 11704.515555555556 11733.166349206349 
41557.32634920635 41585.95492063492 10262.180317460317 10290.808888888889 11116.631111111112 11145.259682539683 
41233.3073015873 41261.54539682539 10115.389841269842 10143.627936507937 11270.929523809524 11299.16761904762 
40945.572698412696 40973.54095238095 10176.96 10204.928253968254 11023.664761904762 11051.633015873016 
41934.36190476191 41962.968253968254 10088.4 10117.00634920635 10801.844444444445 10830.450793650794 
41574.30857142857 41602.44825396825 10225.064126984127 10253.20380952381 11608.426031746032 11636.565714285714 
41114.48 41142.829206349204 10335.8926984127 10364.241904761904 11702.800634920635 11731.149841269842 
40876.60888888889 40904.60571428572 10215.970793650793 10243.967619047618 11532.80253968254 11560.799365079365 
41739.49841269841 41768.40634920635 10543.107936507937 10572.015873015873 11742.873015873016 11771.780952380952 
41510.4526984127 41538.824126984124 10055.468571428572 10083.84 11305.528888888888 11333.900317460317 
41573.64380952381 41601.92 10519.20253968254 10547.47873015873 11460.586666666666 11488.862857142858 
41143.32 41171.66285714286 10291.634285714286 10319.977142857142 11363.697777777777 11392.040634920635 
41307.20444444445 41335.63936507936 10282.163174603174 10310.598095238096 11502.833015873015 11531.267936507937 
41762.76634920635 41791.252063492066 10350.321904761904 10378.807619047619 11516.744126984127 11545.229841269842 
40710.84444444445 40738.83174603175 10365.212698412699 10393.2 11042.180952380952 11070.168253968253 
41364.793650793654 41393.15238095238 10127.412698412698 10155.771428571428 10947.4 10975.75873015873 
41498.7453968254 41527.37079365079 10425.005714285715 10453.631111111112 11389.446984126984 11418.07238095238 
41814.95365079365 41843.56 10219.509206349207 10248.115555555556 11188.575873015872 11217.182222222222 
41277.543492063494 41305.66095238095 10118.23873015873 10146.35619047619 10898.587936507936 10926.705396825397 
41629.95936507937 41658.346666666665 10749.581587301587 10777.968888888889 11535.96253968254 11564.34984126984 
41749.55174603175 41778.06285714286 10037.288253968254 10065.799365079365 11096.710476190476 11125.221587301587 
41319.76634920635 41348.09968253968 10144.144126984127 10172.477460317461 11518.11873015873 11546.452063492063 
41411.94603174603 41440.339682539685 10257.885714285714 10286.279365079365 11358.380952380952 11386.774603174603 
42333.22666666667 42362.137777777774 10581.328253968253 10610.239365079366 11730.740952380953 11759.652063492063 
41224.02222222222 41251.77777777778 10054.228571428572 10081.984126984127 11010.501587301587 11038.257142857143 
41956.93523809524 41985.735238095236 10557.401904761904 10586.201904761905 11416.074920634921 11444.87492063492 
41652.30158730159 41681.02222222222 10557.247619047619 10585.968253968254 11423.142857142857 11451.863492063492 
42030.76063492063 42059.64952380952 10391.132063492063 10420.020952380952 11657.601904761905 11686.490793650793 
41284.51682539682 41312.659682539685 10353.935873015873 10382.07873015873 11119.758095238096 11147.900952380953 
41376.44571428571 41404.734603174606 10373.648888888889 10401.937777777777 11671.31873015873 11699.60761904762 
41411.066031746035 41439.33904761905 10366.970793650793 10395.24380952381 11522.040634920635 11550.31365079365 
41167.36380952381 41195.75428571428 10506.728888888889 10535.119365079365 11408.395555555555 11436.78603174603 
41279.4926984127 41307.73714285714 10208.718095238095 10236.96253968254 11026.943492063492 11055.187936507937 
41079.01650793651 41107.0926984127 10015.83238095238 10043.908571428572 10606.143492063493 10634.219682539682 
41322.89587301587 41351.495873015876 10269.457777777778 10298.057777777778 11447.191111111111 11475.791111111112 
42527.3473015873 42556.27746031746 10450.575873015872 10479.506031746032 11940.613968253969 11969.544126984127 
