1487.504 1514.864 94.664 122.024 129.88 157.24 
1454.144 1481.944 90.224 118.024 110.288 138.088 
1829.232 1856.912 87.792 115.472 159.456 187.136 
1568.968 1596.928 94.328 122.288 121.68 149.64 
1547.984 1576.944 93.04 122.0 109.4 138.36 
1569.512 1597.312 105.072 132.872 177.232 205.032 
1600.76 1629.28 87.808 116.328 120.544 149.064 
1551.376 1579.416 87.016 115.056 125.664 153.704 
1467.824 1496.424 83.144 111.744 140.904 169.504 
1444.408 1472.048 100.192 127.832 126.944 154.584 
1678.8 1705.52 89.344 116.064 111.128 137.848 
1566.096 1594.376 103.616 131.896 142.52 170.8 
1634.848 1662.728 88.288 116.168 130.088 157.968 
1519.408 1548.248 98.648 127.488 116.968 145.808 
1499.392 1525.312 90.392 116.312 127.656 153.576 
1594.224 1620.984 85.824 112.584 109.088 135.848 
1587.064 1614.144 109.784 136.864 124.104 151.184 
1534.032 1561.272 98.992 126.232 128.072 155.312 
1594.912 1623.552 79.032 107.672 123.944 152.584 
1599.152 1627.632 89.432 117.912 148.872 177.352 
1661.184 1688.784 90.224 117.824 113.544 141.144 
1846.488 1875.928 85.448 114.888 150.368 179.808 
1819.776 1850.656 82.496 113.376 145.928 176.808 
1722.36 1750.08 88.72 116.44 141.536 169.256 
1443.568 1471.568 102.704 130.704 150.248 178.248 
1726.56 1753.84 95.496 122.776 127.568 154.848 
1719.736 1748.056 86.656 114.976 156.496 184.816 
1715.32 1743.4 87.616 115.696 107.592 135.672 
1732.184 1759.864 94.624 122.304 124.944 152.624 
1927.056 1954.816 94.656 122.416 118.696 146.456 
1829.688 1858.448 86.608 115.368 117.136 145.896 
1755.56 1785.0 79.28 108.72 128.96 158.4 
1728.376 1759.016 80.496 111.136 140.512 171.152 
1764.008 1792.888 118.968 147.848 153.488 182.368 
1619.152 1647.032 87.392 115.272 126.272 154.152 
1754.776 1782.936 87.456 115.616 139.504 167.664 
1653.728 1683.528 93.688 123.488 143.08 172.88 
1592.352 1622.272 94.632 124.552 118.504 148.424 
1800.792 1828.992 94.136 122.336 110.64 138.84 
1745.136 1773.056 94.168 122.088 122.776 150.696 
1445.104 1472.904 92.904 120.704 113.464 141.264 
1514.608 1544.008 80.848 110.248 120.616 150.016 
1553.424 1580.664 92.704 119.944 126.744 153.984 
1482.752 1510.592 89.072 116.912 109.616 137.456 
1617.88 1646.24 87.88 116.24 135.12 163.48 
1633.136 1661.816 92.976 121.656 129.304 157.984 
1617.4 1646.24 84.24 113.08 132.776 161.616 
1536.328 1564.168 92.216 120.056 121.568 149.408 
1609.848 1637.608 84.448 112.208 89.968 117.728 
1618.44 1646.56 87.2 115.32 110.0 138.12 
