46390.82191011236 46419.0691011236 12030.063483146067 12058.310674157303 13392.52415730337 13420.771348314607 
46806.94494382023 46835.46741573034 11916.734269662922 11945.256741573034 13682.630337078652 13711.152808988763 
46807.14269662921 46835.48258426967 11758.184831460674 11786.524719101124 12682.979775280899 12711.319662921349 
47507.316292134834 47535.95393258427 11875.046629213482 11903.684269662921 13300.928651685394 13329.566292134832 
47154.284831460674 47182.57696629214 11737.655617977529 11765.947752808988 12713.56011235955 12741.852247191011 
46829.12359550562 46857.20224719101 12016.870786516854 12044.949438202248 12848.859550561798 12876.938202247191 
47126.57865168539 47154.91292134832 12175.351123595505 12203.685393258427 13028.1797752809 13056.51404494382 
47137.87303370787 47166.207303370786 11854.73820224719 11883.072471910113 12882.608988764045 12910.943258426967 
47130.79101123595 47159.035393258426 11842.507303370787 11870.75168539326 12887.9202247191 12916.164606741573 
47877.64831460674 47906.19606741573 12183.086516853933 12211.634269662922 12863.760674157304 12892.308426966292 
46521.769101123595 46550.114606741576 11805.294382022472 11833.63988764045 13185.280337078651 13213.625842696629 
47276.29775280899 47304.80337078652 11924.207865168539 11952.713483146068 12978.758426966293 13007.26404494382 
47510.105056179775 47538.85224719101 11961.113483146068 11989.860674157304 13300.779213483145 13329.526404494381 
47344.95505617977 47373.24438202247 11933.525280898877 11961.814606741573 12877.466292134832 12905.755617977527 
46492.20224719101 46519.98314606742 11658.797752808989 11686.578651685393 12697.85393258427 12725.634831460675 
47028.926404494385 47057.3702247191 11860.384269662922 11888.82808988764 12751.75224719101 12780.19606741573 
46591.77584269663 46620.261797752806 12093.781460674158 12122.267415730337 13288.33202247191 13316.81797752809 
46784.07584269663 46812.463483146064 11806.67415730337 11835.061797752809 13176.800561797752 13205.188202247191 
47229.54382022472 47257.90617977528 12119.498876404494 12147.861235955057 13161.875280898876 13190.237640449439 
46466.97528089888 46495.07640449438 11896.379775280899 11924.480898876405 12798.537078651685 12826.638202247192 
46603.27191011236 46631.01348314607 11914.047191011236 11941.788764044944 12552.631460674158 12580.373033707865 
47065.71292134831 47094.229775280895 11744.55 11773.066853932583 12593.594943820224 12622.111797752808 
47127.53202247191 47155.90561797753 11962.043258426966 11990.416853932584 12796.818539325843 12825.19213483146 
47457.28146067416 47485.86853932584 12012.469662921349 12041.056741573033 13690.39382022472 13718.980898876405 
47192.05393258427 47220.16348314607 11851.025842696628 11879.135393258426 12667.22808988764 12695.337640449437 
47054.05561797753 47082.16235955056 11929.193258426967 11957.3 12918.589325842697 12946.69606741573 
46239.60224719101 46267.87191011236 11686.33820224719 11714.60786516854 13279.062921348315 13307.332584269663 
47031.77359550562 47059.94775280899 11759.706179775281 11787.880337078652 12787.897191011236 12816.071348314606 
46474.520224719105 46502.41629213483 11728.562359550562 11756.458426966292 13102.683146067417 13130.579213483146 
47013.121348314606 47041.62696629213 11909.525842696628 11938.031460674158 13046.975280898876 13075.480898876405 
47608.176404494385 47636.597752808986 11846.802808988765 11875.224157303372 12914.451685393258 12942.873033707865 
46782.910112359554 46811.06741573034 11601.505617977527 11629.662921348314 12720.719101123595 12748.876404494382 
47598.512359550565 47626.69775280899 12057.888764044943 12086.07415730337 13310.652808988763 13338.83820224719 
46749.30280898877 46777.73258426967 11959.25224719101 11987.68202247191 12884.965730337079 12913.395505617978 
47339.10224719101 47367.44775280899 11899.144382022472 11927.48988764045 13158.113483146068 13186.458988764045 
47642.083146067416 47670.7797752809 11822.934269662921 11851.630898876405 12582.813483146067 12611.51011235955 
46707.06460674157 46735.1095505618 12149.292134831461 12177.337078651686 12798.598314606741 12826.643258426966 
46803.18258426966 46831.39887640449 12109.41573033708 12137.63202247191 13051.22191011236 13079.438202247191 
46880.72078651685 46908.93707865169 12046.158988764046 12074.375280898876 12744.698314606741 12772.914606741573 
46769.67471910112 46798.082022471914 11924.573595505619 11952.980898876405 12841.47808988764 12869.885393258426 
47509.229775280895 47537.78033707865 12021.18202247191 12049.732584269663 13510.07808988764 13538.628651685392 
46707.307303370784 46735.44494382023 12017.897191011236 12046.034831460674 12721.116292134831 12749.25393258427 
46428.03988764045 46456.04550561798 11751.843258426967 11779.848876404494 12735.343258426967 12763.348876404494 
46750.5691011236 46778.855617977526 12037.077528089887 12065.36404494382 12924.85 12953.136516853932 
46822.627528089884 46851.020786516856 11984.35786516854 12012.751123595506 12676.245505617977 12704.638764044943 
46590.65 46618.75674157304 12005.152808988763 12033.259550561797 12923.015168539327 12951.121910112359 
47231.77640449438 47260.54887640449 11964.307303370786 11993.0797752809 12929.096629213484 12957.869101123595 
47392.73539325843 47420.864606741576 11855.93202247191 11884.061235955056 12724.190449438202 12752.319662921349 
46624.464606741574 46652.45337078652 11946.911235955056 11974.9 12875.616292134831 12903.605056179775 
47098.12584269663 47126.65393258427 11906.63988764045 11935.16797752809 13124.15393258427 13152.68202247191 
