45492.76187683285 45521.521407624634 11449.835190615835 11478.594721407624 12258.313196480938 12287.072727272727 
44855.53020527859 44883.650439882695 11344.172434017595 11372.292668621702 12346.031671554252 12374.151906158359 
44049.58651026393 44077.64809384164 11113.146627565982 11141.208211143696 11938.979472140762 11967.041055718475 
44570.92961876833 44599.46920821114 11366.372434017596 11394.91202346041 12213.16715542522 12241.706744868035 
44200.9073313783 44229.07741935484 11424.790029325513 11452.960117302053 11856.39413489736 11884.5642228739 
44835.90615835777 44864.32551319648 11424.976539589443 11453.395894428153 12391.850439882697 12420.269794721407 
44760.836363636365 44789.34662756598 11474.417008797654 11502.927272727273 12621.513782991202 12650.024046920822 
45273.56187683284 45302.359530791786 11470.482697947215 11499.280351906158 12507.582404692082 12536.380058651026 
44585.74428152492 44613.79120234604 11200.060997067449 11228.107917888563 12087.090322580645 12115.13724340176 
45210.638123167155 45239.130791788855 11344.670381231672 11373.163049853372 12388.036950146628 12416.529618768329 
45165.63460410557 45194.18885630499 11363.136070381232 11391.690322580645 12871.262170087977 12899.81642228739 
45213.70146627566 45242.387683284454 11461.557771260997 11490.243988269794 12480.414076246334 12509.100293255133 
44895.17478005865 44923.51788856305 11387.51788856305 11415.860997067448 12787.875659824047 12816.218768328446 
45384.76891495601 45413.13548387097 11213.21173020528 11241.578299120234 12624.85982404692 12653.226392961877 
44858.14252199414 44886.76129032258 11529.204105571847 11557.822873900293 13188.76129032258 13217.380058651026 
44553.48563049854 44581.32140762464 11331.34486803519 11359.18064516129 12223.418181818182 12251.253958944282 
44827.07917888563 44855.58357771261 11235.595307917889 11264.099706744868 12626.988269794721 12655.4926686217 
45123.775366568916 45152.112609970674 11382.31495601173 11410.65219941349 12569.954252199414 12598.291495601174 
44163.34897360704 44191.346041055716 11246.457478005865 11274.454545454546 12446.214076246335 12474.211143695014 
45423.888563049855 45452.49853372434 11589.847507331378 11618.457478005865 12762.360703812317 12790.970674486804 
44795.118475073315 44823.619941348974 11353.954252199414 11382.455718475074 12544.171260997067 12572.672727272728 
45215.29090909091 45243.65454545455 11393.378885630498 11421.742521994134 12302.255718475073 12330.61935483871 
44481.27507331378 44509.407038123165 11374.283870967742 11402.415835777127 12454.990615835777 12483.122580645162 
44677.1431085044 44705.342521994135 11326.682697947213 11354.88211143695 12106.911436950146 12135.110850439884 
44930.6862170088 44958.94428152493 11437.401759530792 11465.659824046921 12050.472140762464 12078.730205278593 
44487.36363636364 44515.57771260997 11122.598240469208 11150.812316715543 12670.809384164222 12699.023460410557 
44419.96715542522 44447.67976539589 11480.691495601173 11508.404105571848 12536.245747800587 12563.95835777126 
44295.577126099706 44323.60351906158 11152.656304985338 11180.682697947213 11881.251612903226 11909.278005865102 
44991.89677419355 45020.38357771261 11430.700293255131 11459.187096774194 12634.011143695016 12662.497947214077 
45132.913196480935 45161.60234604106 11415.97771260997 11444.666862170088 12861.919061583578 12890.608211143695 
44707.131964809385 44735.24340175953 11484.33431085044 11512.445747800586 12188.953079178886 12217.064516129032 
45142.750146627564 45171.45982404692 11355.999413489735 11384.709090909091 12442.154838709677 12470.864516129031 
44992.98299120235 45021.56363636364 11173.264516129033 11201.845161290323 11935.19120234604 11963.77184750733 
45335.56187683284 45363.59413489736 11180.872727272726 11208.904985337243 12727.875659824047 12755.907917888562 
44475.577126099706 44503.64457478006 11539.14604105572 11567.21348973607 12835.316129032259 12863.38357771261 
45138.75953079179 45166.9560117302 11339.868035190615 11368.064516129032 12440.07624633431 12468.272727272728 
44972.58357771261 45000.67448680352 11270.586510263929 11298.677419354839 12635.202346041056 12663.293255131965 
44665.41935483871 44693.77126099707 11539.0146627566 11567.366568914957 12450.5073313783 12478.859237536657 
44334.650439882695 44362.66803519062 10979.418768328445 11007.436363636363 11683.63870967742 11711.656304985338 
45071.03988269795 45099.59706744868 11419.550146627565 11448.1073313783 12727.541348973607 12756.09853372434 
44204.005278592376 44232.014076246334 11285.260410557185 11313.269208211144 11946.999413489735 11975.008211143695 
44713.73137829912 44742.13020527859 11409.432258064517 11437.831085043988 12538.637536656892 12567.036363636364 
44829.083284457476 44857.75190615836 11188.678592375367 11217.347214076246 12221.092082111438 12249.760703812317 
44636.15542521994 44664.131964809385 11192.061583577713 11220.038123167156 11657.026392961878 11685.00293255132 
45344.26862170088 45372.822873900295 11282.957771260997 11311.512023460411 12558.799413489736 12587.35366568915 
44669.888563049855 44698.00879765396 11336.642228739003 11364.762463343108 12706.33137829912 12734.451612903225 
45770.72668621701 45799.33665689149 11465.521407624634 11494.13137829912 12451.503812316716 12480.113782991202 
43943.84574780059 43972.08035190616 11383.253372434017 11411.487976539589 12033.65513196481 12061.889736070381 
45323.79530791789 45351.69853372434 11129.246920821115 11157.150146627566 12145.28211143695 12173.185337243402 
45323.113782991204 45351.770674486805 11612.606451612903 11641.263343108505 13114.260410557185 13142.917302052785 
