52676.1393939394 52704.58888888889 13247.578787878789 13276.028282828283 14678.977777777778 14707.427272727273 
52771.64848484848 52800.11565656566 13325.009595959596 13353.476767676768 15096.234343434344 15124.701515151515 
51692.26919191919 51720.26919191919 13241.981313131313 13269.981313131313 14825.481313131313 14853.481313131313 
52986.29898989899 53014.64747474747 13191.675252525252 13220.023737373738 14350.112121212122 14378.460606060606 
52912.85 52941.284343434345 13598.360101010101 13626.794444444444 15090.774242424242 15119.208585858585 
52733.02222222222 52761.38585858586 13732.342929292929 13760.706565656566 14786.481818181817 14814.845454545455 
52301.76868686869 52330.12222222222 13850.190404040404 13878.54393939394 15023.329292929293 15051.682828282828 
53092.20606060606 53120.69090909091 13300.256565656566 13328.741414141414 14498.372727272726 14526.857575757576 
52494.385353535356 52522.30707070707 13227.483838383838 13255.405555555555 14638.75909090909 14666.680808080808 
52206.371717171714 52234.89191919192 13202.682323232324 13231.202525252525 14435.846464646465 14464.366666666667 
53279.65101010101 53308.451515151515 13179.79494949495 13208.595454545455 15255.44393939394 15284.244444444445 
52307.1994949495 52335.53282828283 13498.830808080807 13527.164141414141 14479.219696969696 14507.55303030303 
52951.19343434343 52979.37777777778 13281.49898989899 13309.683333333332 14689.15303030303 14717.337373737373 
52484.576262626266 52512.81616161616 13576.361616161616 13604.601515151515 14097.64191919192 14125.881818181819 
52734.229797979795 52762.7398989899 13579.775252525253 13608.285353535353 14709.007575757576 14737.517676767677 
51810.73434343434 51838.52222222222 13198.66111111111 13226.44898989899 14932.103030303031 14959.89090909091 
52214.05454545454 52242.195959595956 13326.529292929294 13354.670707070707 14988.423232323232 15016.564646464647 
52123.40555555555 52151.21363636364 13636.440909090908 13664.24898989899 14393.587373737373 14421.395454545454 
52592.04646464647 52620.33181818182 13442.771212121212 13471.056565656565 14750.536363636364 14778.821717171717 
53234.97727272727 53263.257575757576 13380.64898989899 13408.929292929293 14627.537878787878 14655.818181818182 
52762.50101010101 52790.930303030305 13325.152525252524 13353.581818181818 14217.642424242424 14246.071717171717 
52666.91161616162 52695.47474747475 13612.242424242424 13640.805555555555 14662.45202020202 14691.015151515152 
51594.28787878788 51622.44191919192 13330.141414141413 13358.295454545454 14701.868686868687 14730.022727272728 
51689.402525252524 51717.31919191919 13041.074242424242 13068.99090909091 14679.776262626263 14707.692929292929 
51385.49393939394 51413.41818181818 13084.660606060606 13112.584848484848 14099.968686868688 14127.89292929293 
53218.98484848485 53247.74747474748 13661.14393939394 13689.906565656565 14577.540404040405 14606.30303030303 
52602.1106060606 52630.39595959596 13308.486868686869 13336.772222222222 14795.787373737374 14824.072727272727 
52122.29595959596 52150.41464646465 13170.904545454545 13199.023232323232 14589.987878787879 14618.106565656566 
52382.066666666666 52410.076767676765 13519.824242424242 13547.834343434344 14645.915151515152 14673.925252525252 
52372.99292929293 52401.447474747474 13451.722727272727 13480.177272727273 14726.7 14755.154545454545 
52230.49141414141 52258.708585858585 13279.769191919191 13307.986363636364 14998.254040404041 15026.471212121212 
53568.235353535354 53596.96515151515 13857.369191919192 13886.09898989899 14337.917171717172 14366.646969696969 
52416.21212121212 52444.26262626263 13515.280303030304 13543.330808080807 14785.060606060606 14813.111111111111 
52746.37222222222 52774.73080808081 13488.427777777777 13516.786363636364 14258.367171717171 14286.725757575758 
52778.04696969697 52806.420707070705 13496.15303030303 13524.526767676767 14790.678282828283 14819.05202020202 
52555.919191919194 52584.257575757576 13435.080808080807 13463.419191919193 14922.79292929293 14951.131313131313 
52635.84242424242 52664.38787878788 13348.607575757576 13377.15303030303 14594.80202020202 14623.347474747476 
52600.87929292929 52629.222727272725 13419.10909090909 13447.452525252525 14272.288383838384 14300.631818181819 
53177.15505050505 53205.74848484848 13428.569191919192 13457.162626262627 14764.604545454546 14793.19797979798 
52618.916666666664 52647.32575757576 13447.2398989899 13475.64898989899 14691.85101010101 14720.2601010101 
52222.74797979798 52251.038383838386 13567.99292929293 13596.283333333333 14664.874242424243 14693.164646464646 
52209.08383838384 52237.326262626266 13485.131818181819 13513.374242424243 14737.083838383838 14765.326262626262 
52240.63787878788 52268.708585858585 13434.45606060606 13462.526767676767 14580.25909090909 14608.329797979797 
52184.76919191919 52213.18838383839 13421.370202020202 13449.789393939394 14871.092424242424 14899.511616161617 
51932.05656565657 51960.27121212121 13483.730808080809 13511.945454545454 14428.30404040404 14456.518686868687 
53087.332323232324 53115.923232323235 13540.274242424242 13568.865151515152 14313.120202020202 14341.711111111112 
52241.08585858586 52268.99747474748 13208.419191919193 13236.330808080807 14553.4898989899 14581.401515151516 
52206.811111111114 52235.00808080808 13405.39191919192 13433.58888888889 14888.881818181819 14917.078787878789 
52826.302525252526 52854.52222222222 13242.537373737374 13270.75707070707 14729.317676767676 14757.537373737374 
52115.333333333336 52143.62373737374 13518.166666666666 13546.45707070707 14864.691919191919 14892.982323232323 
