94.68888888888888 122.8 61.111111111111114 89.22222222222223 52.13333333333333 80.24444444444444 
59.82222222222222 88.6 45.422222222222224 74.2 40.24444444444445 69.02222222222223 
109.82222222222222 137.93333333333334 58.666666666666664 86.77777777777777 47.422222222222224 75.53333333333333 
106.6 137.37777777777777 59.13333333333333 89.91111111111111 57.86666666666667 88.64444444444445 
96.22222222222223 123.66666666666667 60.68888888888889 88.13333333333334 48.06666666666667 75.5111111111111 
85.11111111111111 110.22222222222223 55.71111111111111 80.82222222222222 46.8 71.91111111111111 
71.62222222222222 98.84444444444445 61.28888888888889 88.5111111111111 45.28888888888889 72.5111111111111 
107.68888888888888 134.13333333333333 65.4888888888889 91.93333333333334 53.46666666666667 79.91111111111111 
86.93333333333334 112.26666666666667 54.6 79.93333333333334 50.28888888888889 75.62222222222222 
123.97777777777777 155.9777777777778 58.0 90.0 57.75555555555555 89.75555555555556 
61.955555555555556 89.06666666666666 61.022222222222226 88.13333333333334 42.733333333333334 69.84444444444445 
74.55555555555556 101.11111111111111 61.46666666666667 88.02222222222223 44.91111111111111 71.46666666666667 
68.17777777777778 97.95555555555555 51.24444444444445 81.02222222222223 40.733333333333334 70.5111111111111 
60.644444444444446 86.75555555555556 57.955555555555556 84.06666666666666 49.15555555555556 75.26666666666667 
93.75555555555556 122.08888888888889 56.888888888888886 85.22222222222223 52.75555555555555 81.08888888888889 
91.17777777777778 115.73333333333333 50.24444444444445 74.8 44.55555555555556 69.11111111111111 
49.577777777777776 77.57777777777778 51.91111111111111 79.91111111111111 40.86666666666667 68.86666666666666 
92.82222222222222 121.82222222222222 54.6 83.6 45.48888888888889 74.4888888888889 
98.28888888888889 127.06666666666666 57.422222222222224 86.2 50.82222222222222 79.6 
77.0 103.55555555555556 55.333333333333336 81.88888888888889 54.888888888888886 81.44444444444444 
58.68888888888889 86.57777777777778 50.53333333333333 78.42222222222222 35.13333333333333 63.022222222222226 
78.53333333333333 106.75555555555556 48.06666666666667 76.28888888888889 57.888888888888886 86.11111111111111 
67.64444444444445 94.08888888888889 64.86666666666666 91.31111111111112 47.51111111111111 73.95555555555555 
59.75555555555555 88.64444444444445 57.666666666666664 86.55555555555556 38.111111111111114 67.0 
72.91111111111111 102.8 58.62222222222222 88.5111111111111 50.82222222222222 80.71111111111111 
81.75555555555556 110.75555555555556 55.31111111111111 84.31111111111112 56.17777777777778 85.17777777777778 
81.44444444444444 114.44444444444444 62.86666666666667 95.86666666666666 45.48888888888889 78.4888888888889 
64.55555555555556 90.66666666666667 56.666666666666664 82.77777777777777 47.82222222222222 73.93333333333334 
85.26666666666667 109.15555555555555 55.22222222222222 79.11111111111111 45.62222222222222 69.5111111111111 
77.77777777777777 107.33333333333333 59.62222222222222 89.17777777777778 54.77777777777778 84.33333333333333 
53.28888888888889 80.73333333333333 51.333333333333336 78.77777777777777 40.51111111111111 67.95555555555555 
80.68888888888888 110.13333333333334 54.888888888888886 84.33333333333333 45.84444444444444 75.28888888888889 
84.08888888888889 112.75555555555556 60.46666666666667 89.13333333333334 48.111111111111114 76.77777777777777 
102.28888888888889 131.17777777777778 65.97777777777777 94.86666666666666 47.977777777777774 76.86666666666666 
86.0 115.55555555555556 67.04444444444445 96.6 58.28888888888889 87.84444444444445 
117.33333333333333 147.66666666666666 56.22222222222222 86.55555555555556 55.86666666666667 86.2 
42.13333333333333 69.02222222222223 51.08888888888889 77.97777777777777 35.577777777777776 62.46666666666667 
74.35555555555555 103.13333333333334 63.06666666666667 91.84444444444445 49.68888888888889 78.46666666666667 
49.8 76.24444444444444 64.4 90.84444444444445 36.13333333333333 62.577777777777776 
54.75555555555555 82.08888888888889 46.022222222222226 73.35555555555555 39.93333333333333 67.26666666666667 
66.75555555555556 92.31111111111112 60.355555555555554 85.91111111111111 46.13333333333333 71.68888888888888 
73.97777777777777 101.86666666666666 54.06666666666667 81.95555555555555 51.55555555555556 79.44444444444444 
99.04444444444445 126.71111111111111 66.62222222222222 94.28888888888889 53.86666666666667 81.53333333333333 
117.97777777777777 147.3111111111111 48.266666666666666 77.6 53.06666666666667 82.4 
107.4 137.51111111111112 58.51111111111111 88.62222222222222 59.977777777777774 90.08888888888889 
73.4888888888889 101.15555555555555 52.22222222222222 79.88888888888889 46.84444444444444 74.5111111111111 
67.62222222222222 98.06666666666666 50.53333333333333 80.97777777777777 45.422222222222224 75.86666666666666 
62.422222222222224 88.2 55.266666666666666 81.04444444444445 43.666666666666664 69.44444444444444 
51.4 77.84444444444445 60.17777777777778 86.62222222222222 36.08888888888889 62.53333333333333 
54.53333333333333 79.31111111111112 45.22222222222222 70.0 37.62222222222222 62.4 
