46820.02402234637 46848.33407821229 12312.811731843576 12341.121787709497 13537.074301675977 13565.3843575419 
47352.4217877095 47380.58938547486 11891.013966480446 11919.18156424581 12947.427374301677 12975.59497206704 
47592.277094972065 47620.79944134078 11826.034078212291 11854.556424581006 12970.014525139664 12998.53687150838 
47042.67150837989 47071.13798882681 12421.649162011174 12450.1156424581 13025.956424581005 13054.422905027934 
47070.21284916201 47098.1374301676 11693.955865921787 11721.880446927375 12915.179329608938 12943.103910614525 
47541.52905027933 47570.12402234637 12010.897765363128 12039.492737430168 13503.277653631285 13531.872625698325 
47371.81452513966 47400.35083798883 12024.69441340782 12053.230726256983 13059.635754189943 13088.172067039106 
47107.34357541899 47135.22067039106 11997.399441340782 12025.27653631285 13303.427374301677 13331.304469273742 
47737.26927374302 47765.62402234637 12090.205027932961 12118.559776536313 13415.576536312848 13443.931284916202 
47093.33072625698 47121.76927374302 11931.881005586592 11960.319553072626 12821.93966480447 12850.378212290503 
47040.76592178771 47069.27988826816 11945.224022346369 11973.737988826815 13103.35251396648 13131.866480446928 
47353.62849162011 47381.737430167595 11754.617318435754 11782.72625698324 13218.751396648046 13246.86033519553 
47370.40391061453 47398.898324022346 11972.138547486033 12000.632960893854 13325.331284916201 13353.825698324023 
46514.24022346369 46542.14525139665 11968.298882681564 11996.203910614526 12916.0 12943.90502793296 
47318.132960893854 47346.35363128492 11871.945810055866 11900.166480446927 13403.350837988826 13431.571508379888 
47272.4094972067 47300.71396648045 12107.831284916201 12136.135754189943 13266.342458100558 13294.646927374302 
46491.00223463687 46518.88491620112 11844.672625698324 11872.55530726257 13017.192178770949 13045.074860335195 
46958.02067039106 46986.33072625698 11993.21061452514 12021.52067039106 13054.065363128491 13082.375418994414 
47726.06815642458 47754.70782122905 12187.679888268156 12216.319553072626 12983.442458100559 13012.082122905027 
48091.76815642458 48120.399441340785 12009.351955307262 12037.983240223464 13534.32122905028 13562.95251396648 
47477.861452513964 47505.78324022346 11832.124022346368 11860.045810055866 12490.66592178771 12518.587709497207 
47444.92290502793 47473.110055865924 11910.135195530725 11938.322346368715 12859.637988826815 12887.825139664805 
47504.87988826816 47533.013966480445 11935.039106145252 11963.173184357542 12849.097765363129 12877.231843575419 
47197.50558659218 47225.88547486033 12175.055865921788 12203.435754189944 13471.170391061452 13499.55027932961 
47376.83184357542 47405.43519553073 11869.87374301676 11898.477094972068 13225.932402234637 13254.535754189945 
47845.348044692735 47873.79776536313 12105.174860335195 12133.624581005586 13327.024022346368 13355.47374301676 
46597.182122905026 46625.4530726257 12029.84972067039 12058.120670391061 12493.925139664805 12522.196089385476 
47430.60726256983 47459.26368715084 11964.224581005587 11992.881005586592 13031.534636871509 13060.191061452513 
47576.000558659216 47604.33854748603 12137.791061452514 12166.129050279329 13026.112290502793 13054.450279329609 
47593.39553072626 47621.93184357542 11803.01284916201 11831.549162011173 12999.339664804469 13027.875977653632 
47517.27932960894 47545.100558659215 11923.44972067039 11951.27094972067 13450.720670391062 13478.541899441341 
46662.66536312849 46690.620670391065 11813.564804469273 11841.520111731843 12978.972625698325 13006.927932960894 
47886.29720670391 47914.44245810056 12202.286033519553 12230.431284916202 13512.8 13540.945251396648 
47290.636312849165 47318.904469273744 11816.214525139665 11844.482681564246 13295.18938547486 13323.457541899441 
47385.77988826816 47414.18770949721 11893.7687150838 11922.176536312849 12952.187709497206 12980.595530726257 
47115.98156424581 47144.24972067039 11719.179888268156 11747.448044692737 12756.333519553073 12784.601675977654 
46704.056983240225 46731.82793296089 11838.107262569833 11865.878212290503 12783.386592178771 12811.157541899442 
46880.102793296086 46908.41005586592 11887.488268156425 11915.795530726256 12475.443575418994 12503.750837988828 
47604.49273743017 47632.956424581 11727.802793296089 11756.266480446928 13454.325139664805 13482.788826815642 
47825.00223463687 47853.678212290506 12054.178212290502 12082.854189944133 13194.493854748604 13223.169832402235 
46139.48044692737 46167.32122905028 11888.95530726257 11916.796089385474 12619.664804469274 12647.505586592179 
46845.8843575419 46873.89273743017 11908.758659217878 11936.767039106146 12924.208379888269 12952.216759776536 
47895.43296089386 47923.85195530726 11973.22625698324 12001.645251396649 12757.44972067039 12785.8687150838 
47764.25474860335 47792.872067039105 11778.693296089385 11807.31061452514 13128.26592178771 13156.883240223464 
47609.879329608935 47638.43240223463 11903.18659217877 11931.739664804469 12801.10279329609 12829.655865921788 
47185.29497206704 47213.83687150838 12233.339664804469 12261.88156424581 13389.540782122906 13418.082681564245 
47563.14581005587 47591.65977653631 11909.198882681565 11937.712849162011 13267.99497206704 13296.508938547486 
46684.28826815642 46711.75195530726 11908.7156424581 11936.179329608938 12657.975418994414 12685.439106145252 
46616.24748603352 46644.459776536314 11792.730726256983 11820.943016759777 12336.845251396648 12365.057541899441 
47288.97597765363 47317.367039106146 12138.931284916202 12167.322346368715 12698.266480446928 12726.657541899442 
