39216.28609271523 39244.3821192053 9616.438410596027 9644.534437086093 10545.703311258278 10573.799337748344 
39373.61854304636 39401.62847682119 9560.217880794702 9588.227814569536 10775.916556291391 10803.926490066226 
40114.800662251655 40143.707947019866 9918.29072847682 9947.198013245034 11080.681456953642 11109.588741721855 
39561.12119205298 39589.28013245033 9595.203973509933 9623.362913907285 10536.094701986754 10564.253642384107 
39331.435099337745 39359.68344370861 9710.723178807946 9738.971523178809 10980.064238410596 11008.312582781457 
38893.44900662252 38921.59139072848 10008.644370860928 10036.786754966888 10584.144370860928 10612.286754966888 
39731.37218543046 39759.94834437086 9852.759602649006 9881.335761589404 11021.259602649006 11049.835761589404 
39634.75960264901 39663.12052980132 9860.067549668875 9888.428476821193 10827.991390728477 10856.352317880795 
39875.191390728476 39903.58543046358 9614.313907284768 9642.707947019868 11165.515894039736 11193.909933774834 
39266.16821192053 39294.5059602649 9733.34370860927 9761.681456953642 10926.552317880794 10954.890066225165 
39492.53774834437 39520.782781456954 10033.494701986754 10061.739735099338 10875.643708609272 10903.888741721854 
39764.42913907285 39792.84966887417 9823.545033112583 9851.965562913907 10782.899337748344 10811.31986754967 
39047.23576158941 39074.8417218543 9642.984105960264 9670.590066225166 10457.129801324503 10484.735761589403 
39249.462913907286 39277.496026490066 9836.363576158941 9864.396688741723 10446.641721854305 10474.674834437086 
39485.49933774835 39513.539072847685 9997.469536423841 10025.509271523179 10684.81059602649 10712.850331125828 
39477.453642384105 39505.596026490064 9750.78476821192 9778.927152317881 10838.817880794702 10866.960264900663 
39293.37483443708 39321.7059602649 9870.801986754966 9899.133112582782 10892.354966887417 10920.686092715232 
39315.82052980133 39343.89668874172 9790.307284768212 9818.38344370861 11293.138410596026 11321.214569536423 
38973.2178807947 39001.41655629139 9893.83046357616 9922.029139072847 10369.092052980133 10397.29072847682 
39716.25562913907 39744.64635761589 9779.384768211921 9807.775496688742 10572.553642384106 10600.944370860927 
38759.455629139076 38787.02516556291 9673.965562913907 9701.535099337749 10567.376158940397 10594.945695364238 
39814.49933774835 39842.73774834437 9807.681456953642 9835.919867549668 10603.499337748344 10631.73774834437 
39520.961589403974 39549.223178807944 9863.183443708609 9891.445033112583 11395.650331125828 11423.911920529801 
39584.99337748344 39613.4238410596 9903.28476821192 9931.71523178808 10693.576158940397 10722.006622516556 
39846.85364238411 39875.164900662254 10218.72119205298 10247.032450331126 10829.058940397352 10857.370198675497 
39666.66225165563 39694.97350993378 10235.778145695363 10264.08940397351 10787.85430463576 10816.165562913908 
40244.44966887417 40273.39668874172 10265.138410596026 10294.085430463576 11203.284105960265 11232.231125827815 
39407.41589403973 39435.588079470195 9738.81986754967 9766.992052980133 10870.932450331125 10899.104635761589 
39464.9940397351 39493.60993377483 9758.305298013245 9786.92119205298 10192.768874172185 10221.384768211921 
39167.029801324505 39195.52649006622 10010.791390728476 10039.288079470198 10786.043046357616 10814.539735099337 
40095.62450331126 40124.485430463574 10002.558278145696 10031.419205298012 10770.266887417218 10799.127814569536 
39586.986754966885 39615.36092715232 9797.692052980132 9826.066225165563 10952.072847682119 10980.44701986755 
39986.223178807944 40014.69337748345 10055.52119205298 10083.991390728477 10561.911920529801 10590.382119205298 
39571.65099337749 39599.89933774834 9705.107947019867 9733.356291390728 10639.650993377483 10667.899337748344 
39579.91589403973 39608.74039735099 9874.167549668875 9902.992052980133 10990.498675496689 11019.323178807947 
39062.50264900662 39090.33708609272 9706.164900662252 9733.999337748344 10420.297350993378 10448.13178807947 
39420.95165562914 39449.3821192053 9766.696688741722 9795.12715231788 11107.256291390728 11135.686754966888 
40008.716556291394 40037.1536423841 9632.776158940398 9661.213245033112 10459.584105960264 10488.02119205298 
39762.774834437085 39791.096026490064 9745.576158940397 9773.897350993377 11086.337748344371 11114.65894039735 
39402.461589403974 39431.03443708609 9719.428476821193 9748.001324503311 11004.176821192053 11032.749668874172 
39986.894701986756 40015.46754966887 9891.503973509934 9920.076821192053 10848.61655629139 10877.18940397351 
39850.06688741722 39878.487417218545 9945.282119205298 9973.702649006622 10969.497350993377 10997.917880794703 
39364.55099337748 39392.607284768215 9955.23642384106 9983.292715231788 10622.113907284769 10650.170198675496 
39293.994701986754 39322.385430463575 9810.279470198675 9838.670198675496 10460.71655629139 10489.107284768212 
39245.73178807947 39274.17218543046 10005.877483443708 10034.317880794702 10765.21523178808 10793.655629139073 
40057.67549668874 40086.13907284768 9718.135761589405 9746.599337748345 10819.026490066226 10847.490066225166 
39002.05033112583 39030.01059602649 9801.056953642385 9829.017218543046 10690.54701986755 10718.507284768211 
39427.003973509934 39455.47417218543 9847.858278145695 9876.328476821192 10643.123178807948 10671.593377483443 
39838.43112582782 39867.11655629139 9745.470860927153 9774.15629139073 10555.477483443708 10584.162913907285 
39822.01721854305 39850.199337748345 9877.801986754966 9905.984105960264 10899.917880794703 10928.1 
