22736.666292134832 22764.947191011237 5054.67191011236 5082.952808988764 5716.1044943820225 5744.385393258427 
23000.762921348316 23029.403370786516 5254.33595505618 5282.976404494382 5988.212359550562 6016.852808988764 
22733.870786516854 22762.415730337078 4953.5224719101125 4982.067415730337 5679.679775280899 5708.224719101124 
22316.385393258428 22344.368539325842 5187.2112359550565 5215.1943820224715 5622.812359550562 5650.795505617977 
22681.3797752809 22709.565168539324 5218.733707865169 5246.919101123595 5669.413483146068 5697.598876404494 
22488.757303370785 22516.86966292135 5146.95393258427 5175.066292134831 5911.1168539325845 5939.229213483146 
22748.387640449437 22777.393258426968 5192.297752808989 5221.303370786517 5871.398876404494 5900.404494382023 
22368.791011235957 22396.723595505617 4878.060674157304 4905.993258426966 5501.251685393258 5529.184269662921 
22246.301123595505 22274.32359550562 4987.4977528089885 5015.520224719101 5288.244943820225 5316.267415730337 
22862.911235955056 22891.360674157302 5079.7932584269665 5108.242696629213 5764.2932584269665 5792.742696629213 
22354.30224719101 22382.886516853934 4928.274157303371 4956.858426966292 5498.470786516854 5527.055056179775 
22428.74943820225 22457.1595505618 5015.137078651685 5043.547191011236 5482.603370786517 5511.013483146067 
22509.642696629213 22537.760674157304 4989.620224719101 5017.738202247191 5340.777528089888 5368.8955056179775 
23168.05393258427 23196.829213483146 5253.475280898876 5282.250561797753 5845.919101123595 5874.6943820224715 
21963.049438202248 21990.695505617976 5186.998876404495 5214.644943820224 5425.015730337079 5452.661797752809 
22908.8202247191 22937.53370786517 5100.741573033708 5129.455056179775 5733.820224719101 5762.533707865168 
22610.251685393258 22638.268539325843 5149.392134831461 5177.408988764045 5590.914606741573 5618.931460674157 
23158.93033707865 23187.73370786517 5191.4078651685395 5220.2112359550565 5663.773033707866 5692.576404494382 
22539.291011235957 22567.695505617976 5163.976404494382 5192.380898876405 5834.425842696629 5862.830337078652 
22050.116853932584 22078.403370786516 5232.425842696629 5260.712359550562 5566.880898876405 5595.167415730337 
22790.106741573032 22818.70786516854 5139.460674157303 5168.061797752809 6191.949438202248 6220.550561797752 
22849.419101123596 22878.149438202247 5154.531460674158 5183.261797752809 5887.003370786517 5915.733707865169 
23155.57415730337 23184.641573033707 4985.591011235955 5014.658426966292 5395.5966292134835 5424.66404494382 
22423.97640449438 22452.010112359552 5002.751685393258 5030.785393258427 5510.560674157304 5538.594382022472 
22295.632584269664 22323.862921348315 5088.273033707866 5116.503370786517 5728.093258426967 5756.323595505618 
22639.808988764045 22668.14606741573 5165.314606741573 5193.651685393258 5547.831460674157 5576.168539325843 
22524.744943820224 22552.54831460674 5101.767415730337 5129.570786516854 5590.598876404494 5618.402247191011 
22900.201123595507 22929.026966292135 5304.425842696629 5333.251685393258 5896.807865168539 5925.633707865169 
22585.891011235955 22614.419101123596 5043.55393258427 5072.08202247191 5633.138202247191 5661.666292134832 
22679.903370786516 22708.291011235957 5082.6168539325845 5111.004494382022 5564.6 5592.987640449438 
22541.132584269664 22569.480898876405 4889.87415730337 4918.222471910112 5719.806741573034 5748.155056179775 
22761.201123595507 22789.173033707866 5235.723595505618 5263.695505617978 5195.234831460674 5223.2067415730335 
22998.721348314608 23027.642696629213 5162.030337078651 5190.951685393258 6242.226966292134 6271.148314606741 
22852.386516853934 22880.7797752809 4942.62808988764 4971.021348314607 5688.262921348314 5716.656179775281 
22229.322471910113 22256.878651685394 4991.429213483146 5018.985393258427 5399.693258426966 5427.249438202247 
22961.305617977527 22989.91797752809 5077.816853932584 5106.429213483146 5884.687640449438 5913.3 
22593.139325842698 22621.341573033707 5135.150561797753 5163.352808988764 5594.105617977528 5622.307865168539 
23014.191011235955 23042.921348314605 5239.11797752809 5267.848314606742 5410.2808988764045 5439.011235955056 
22349.458426966292 22377.773033707865 5046.655056179775 5074.969662921349 5554.076404494382 5582.391011235955 
22595.83146067416 22624.337078651686 5083.005617977528 5111.511235955056 5645.853932584269 5674.359550561798 
23060.81235955056 23089.37415730337 5196.531460674158 5225.093258426967 5615.419101123595 5643.980898876404 
22773.71011235955 22802.18764044944 5074.2438202247195 5102.721348314607 5669.608988764045 5698.086516853932 
22872.63820224719 22901.32359550562 5268.233707865169 5296.919101123595 5545.9977528089885 5574.683146067416 
22114.047191011236 22142.47415730337 5219.507865168539 5247.934831460674 5748.957303370787 5777.384269662922 
22376.15617977528 22404.229213483148 5166.015730337079 5194.088764044944 5530.324719101123 5558.397752808989 
22769.991011235954 22798.462921348313 5174.856179775281 5203.32808988764 5658.440449438202 5686.912359550562 
22223.173033707866 22251.588764044944 5217.751685393258 5246.167415730337 5806.161797752809 5834.577528089888 
22559.252808988764 22587.14606741573 5146.471910112359 5174.365168539326 5718.286516853933 5746.179775280899 
21625.24157303371 21652.662921348314 5024.8258426966295 5052.247191011236 5255.005617977528 5282.426966292135 
22407.25056179775 22435.50337078652 5018.031460674158 5046.284269662921 5541.677528089887 5569.930337078652 
