41814.5670886076 41843.377215189874 10353.45 10382.260126582278 11510.086075949366 11538.896202531645 
41291.659493670886 41320.27658227848 10411.048734177215 10439.66582278481 11293.330379746836 11321.94746835443 
41928.99936708861 41957.33797468354 10638.923417721518 10667.262025316455 11636.505696202532 11664.844303797468 
41897.38544303797 41926.28734177215 10266.420253164557 10295.322151898734 10905.95506329114 10934.856962025317 
41840.870253164554 41869.20886075949 10365.882911392406 10394.221518987342 11513.566455696202 11541.905063291139 
41880.63164556962 41909.682278481014 10382.774050632912 10411.824683544304 11794.340506329114 11823.391139240506 
41838.41329113924 41867.33101265823 10271.289873417722 10300.207594936708 11480.81835443038 11509.736075949368 
40863.1246835443 40891.067721518986 10301.52658227848 10329.469620253165 10995.9917721519 11023.934810126582 
41944.91265822785 41973.14367088608 10391.953797468355 10420.184810126582 11544.906329113925 11573.137341772152 
41212.99367088608 41241.11392405063 10477.914556962025 10506.034810126583 10878.177215189873 10906.29746835443 
40676.83417721519 40704.85632911392 10149.543037974683 10177.565189873418 11350.713924050633 11378.736075949368 
41714.612658227845 41742.97341772152 10520.087341772152 10548.448101265823 11458.486075949368 11486.846835443039 
41678.37088607595 41706.80759493671 10426.503797468355 10454.940506329114 11592.744303797468 11621.181012658228 
41795.27341772152 41823.98227848101 10362.722784810127 10391.43164556962 11642.191139240505 11670.9 
40897.266455696205 40925.21582278481 10212.813924050633 10240.763291139241 11625.690506329114 11653.639873417722 
41945.53417721519 41973.777848101265 10421.793670886076 10450.037341772151 10988.654430379747 11016.898101265822 
41379.634177215186 41408.16898734177 10280.852531645569 10309.387341772152 11293.07088607595 11321.605696202532 
40866.928481012656 40895.03607594937 10470.311392405063 10498.418987341773 11315.542405063292 11343.65 
42259.7746835443 42288.5246835443 10386.603797468355 10415.353797468355 11506.53417721519 11535.28417721519 
41929.737341772154 41958.40189873418 10236.174050632912 10264.838607594937 11353.509493670887 11382.174050632912 
41281.41518987342 41310.2 10625.487974683545 10654.272784810126 11197.617721518987 11226.40253164557 
42349.81012658228 42378.556962025315 10619.303797468354 10648.050632911392 11631.37341772152 11660.120253164558 
41400.843670886075 41429.027215189875 10164.701265822785 10192.884810126583 11080.653797468354 11108.837341772152 
41785.40063291139 41813.982911392406 10521.520886075949 10550.103164556962 11521.628481012658 11550.210759493672 
41662.064556962025 41690.69746835443 10467.428481012657 10496.061392405063 11146.121518987342 11174.754430379748 
41171.89430379747 41200.12215189874 10208.5082278481 10236.736075949368 11138.5082278481 11166.736075949368 
42008.4746835443 42036.712025316454 10057.95253164557 10086.189873417721 11252.10759493671 11280.344936708861 
41617.34240506329 41645.71582278481 10240.510126582278 10268.883544303797 11245.804430379747 11274.177848101266 
41874.87151898734 41903.29873417722 10441.513924050632 10469.941139240505 11594.023417721519 11622.450632911392 
41934.79430379747 41963.59493670886 10588.487341772152 10617.287974683544 11347.598101265823 11376.398734177215 
41280.744303797466 41309.035443037974 10540.912025316456 10569.203164556962 11524.984810126582 11553.27594936709 
41623.08037974683 41651.564556962025 10509.68164556962 10538.16582278481 12084.466455696203 12112.950632911392 
41488.166455696206 41515.84683544304 10194.16329113924 10221.843670886075 11277.438607594937 11305.118987341772 
41713.29683544304 41741.6164556962 10242.293670886076 10270.61329113924 11568.91075949367 11597.230379746836 
42147.200632911394 42176.11835443038 10619.871518987342 10648.789240506328 11002.187974683544 11031.105696202532 
41744.3417721519 41772.86075949367 10380.541139240506 10409.060126582279 11624.189873417721 11652.708860759494 
41831.156329113925 41859.74493670886 10270.121518987342 10298.710126582278 11445.05506329114 11473.643670886077 
42006.38291139241 42034.72784810127 10624.503164556962 10652.848101265823 11428.01582278481 11456.360759493671 
42062.77658227848 42091.46962025316 10262.244936708861 10290.937974683544 11424.352531645569 11453.045569620253 
41372.563924050635 41400.652531645566 10124.08924050633 10152.177848101266 11745.709493670885 11773.798101265822 
41967.27848101266 41996.05063291139 10192.031645569621 10220.803797468354 11390.867088607594 11419.639240506329 
41717.75316455696 41746.26898734177 10576.572784810127 10605.088607594937 11176.335443037975 11204.851265822785 
41540.387974683545 41569.00506329114 10308.789873417722 10337.406962025316 11284.919620253164 11313.53670886076 
41752.810759493674 41781.405696202535 10521.364556962026 10549.959493670885 11670.456329113924 11699.051265822785 
42162.50316455696 42191.11075949367 10578.54746835443 10607.155063291139 11933.42088607595 11962.028481012658 
41939.27341772152 41967.909493670886 10648.55506329114 10677.191139240505 11984.76075949367 12013.396835443038 
41342.93670886076 41371.30063291139 10135.746835443038 10164.110759493671 10980.537974683544 11008.901898734177 
41107.895569620254 41136.04113924051 10270.462025316456 10298.60759493671 11113.655063291139 11141.800632911392 
42041.277848101265 42070.01835443038 10589.505696202532 10618.246202531645 11311.84746835443 11340.587974683544 
41779.94430379747 41808.16265822785 10324.30506329114 10352.523417721519 11038.703797468355 11066.922151898734 
