7164.963076923077 7192.470769230769 922.1323076923077 949.64 936.3015384615385 963.8092307692308 
7267.695384615385 7296.495384615385 901.7876923076923 930.5876923076924 1130.7569230769232 1159.556923076923 
6996.867692307692 7025.0215384615385 818.6061538461538 846.76 1093.4676923076922 1121.6215384615384 
6799.858461538462 6827.750769230769 1003.1353846153846 1031.0276923076924 1165.966153846154 1193.8584615384616 
7686.369230769231 7716.107692307693 876.276923076923 906.0153846153846 1078.1384615384616 1107.876923076923 
7399.489230769231 7428.058461538461 841.396923076923 869.9661538461538 1143.72 1172.2892307692307 
7130.6861538461535 7159.101538461538 867.4707692307692 895.8861538461539 1273.7784615384614 1302.1938461538462 
7030.412307692308 7059.027692307693 802.3046153846154 830.92 1189.196923076923 1217.8123076923077 
7221.593846153846 7249.824615384616 840.4246153846154 868.6553846153846 1027.24 1055.4707692307693 
7276.030769230769 7304.261538461538 895.2461538461539 923.4769230769231 1050.6615384615384 1078.8923076923077 
7064.683076923077 7091.883076923077 882.76 909.96 1172.2676923076924 1199.4676923076922 
6891.184615384615 6919.569230769231 797.0615384615385 825.4461538461538 1046.3692307692309 1074.753846153846 
7145.621538461539 7174.498461538462 925.4676923076923 954.3446153846154 1224.3446153846153 1253.2215384615386 
7374.649230769231 7402.772307692308 962.08 990.2030769230769 1120.9107692307691 1149.033846153846 
7333.886153846154 7362.963076923077 924.0092307692307 953.0861538461538 1241.7476923076922 1270.8246153846153 
7442.84 7471.532307692308 827.5784615384615 856.2707692307692 1043.8092307692307 1072.5015384615385 
7365.529230769231 7394.329230769231 882.483076923077 911.2830769230769 976.16 1004.96 
7015.332307692308 7043.04 858.4861538461538 886.1938461538462 1003.9323076923077 1031.64 
7231.246153846154 7260.0615384615385 792.6153846153846 821.4307692307692 1078.4615384615386 1107.2769230769231 
7311.0215384615385 7339.898461538462 953.5292307692308 982.4061538461539 1159.3446153846153 1188.2215384615386 
6872.907692307693 6901.569230769231 970.0615384615385 998.723076923077 1088.676923076923 1117.3384615384616 
7399.96 7429.76 880.5907692307692 910.3907692307693 1175.636923076923 1205.436923076923 
7071.415384615385 7098.984615384616 896.8461538461538 924.4153846153846 1011.6769230769231 1039.246153846154 
7267.409230769231 7296.547692307692 883.9015384615385 913.04 926.4092307692308 955.5476923076923 
7039.972307692307 7068.372307692308 844.4338461538462 872.8338461538461 946.1723076923076 974.5723076923077 
6905.335384615385 6932.966153846154 826.5661538461538 854.1969230769231 1225.3815384615384 1253.0123076923078 
6844.141538461538 6872.156923076923 898.4338461538462 926.4492307692308 1213.8492307692309 1241.8646153846155 
7083.2307692307695 7111.215384615384 854.1846153846154 882.1692307692308 949.1846153846154 977.1692307692308 
7268.3569230769235 7296.910769230769 908.5107692307693 937.0646153846154 1154.1876923076923 1182.7415384615385 
7108.596923076923 7135.966153846154 764.0276923076923 791.396923076923 1368.5507692307692 1395.92 
6926.11076923077 6954.449230769231 847.48 875.8184615384615 1120.9876923076922 1149.3261538461538 
7003.756923076923 7031.587692307692 735.4030769230769 763.2338461538461 891.2492307692307 919.08 
6808.867692307692 6836.344615384615 807.5138461538462 834.9907692307693 1096.2369230769232 1123.7138461538461 
7371.790769230769 7399.975384615384 975.16 1003.3446153846154 1057.4061538461538 1085.5907692307692 
6335.916923076923 6362.993846153846 850.5476923076923 877.6246153846154 1030.3015384615385 1057.3784615384616 
7474.443076923077 7503.704615384615 920.6584615384616 949.92 1361.8123076923077 1391.0738461538463 
7133.19076923077 7161.683076923077 905.2830769230769 933.7753846153846 1006.56 1035.0523076923077 
7010.298461538461 7038.436923076923 882.96 911.0984615384615 1249.9753846153847 1278.1138461538462 
7254.347692307692 7283.486153846154 932.84 961.9784615384615 1163.5015384615385 1192.64 
7355.276923076923 7383.661538461539 1078.4615384615386 1106.8461538461538 1277.4769230769232 1305.8615384615384 
7018.264615384615 7046.449230769231 892.603076923077 920.7876923076923 1081.2030769230769 1109.3876923076923 
7036.455384615385 7064.932307692307 883.44 911.9169230769231 1177.4553846153847 1205.9323076923076 
7400.043076923077 7428.673846153846 897.8276923076924 926.4584615384615 1423.043076923077 1451.6738461538462 
7466.655384615385 7496.963076923077 953.5323076923077 983.84 1162.486153846154 1192.793846153846 
7085.184615384615 7114.153846153846 837.0153846153846 865.9846153846154 1142.0923076923077 1171.0615384615385 
7098.058461538461 7126.996923076923 1076.8738461538462 1105.8123076923077 1094.7815384615385 1123.72 
7077.707692307692 7105.707692307692 921.7384615384616 949.7384615384616 1106.8615384615384 1134.8615384615384 
7126.529230769231 7154.744615384616 1017.1446153846153 1045.36 1277.6215384615384 1305.836923076923 
7019.612307692308 7048.9353846153845 918.52 947.843076923077 1089.1353846153845 1118.4584615384615 
7081.8 7109.076923076923 1223.8461538461538 1251.123076923077 1364.6461538461538 1391.923076923077 
