30891.99493670886 30920.657383966245 7239.627848101266 7268.29029535865 8165.256540084388 8193.918987341773 
30114.565400843883 30142.83122362869 7469.054852320675 7497.320675105485 7885.194092827004 7913.459915611815 
31053.170464135022 31082.128270042194 7377.554430379747 7406.51223628692 7979.6472573839665 8008.605063291139 
31128.217721518988 31155.97299578059 7324.6818565400845 7352.437130801688 8233.091139240507 8260.84641350211 
31126.467510548522 31154.691139240505 7429.125738396625 7457.349367088607 7954.733333333334 7982.956962025317 
31135.945147679326 31164.185654008437 7420.814345991561 7449.054852320675 8087.561181434599 8115.801687763713 
31187.822784810127 31216.881856540083 7427.324894514768 7456.383966244725 8497.531645569621 8526.590717299578 
30468.21687763713 30496.634599156117 7279.95105485232 7308.368776371308 8322.896202531645 8351.313924050633 
30533.70464135021 30561.569620253165 7213.5864978902955 7241.451476793249 7998.502109704641 8026.367088607595 
30660.337552742618 30688.759493670885 7531.620253164557 7560.042194092827 8292.164556962025 8320.586497890296 
30521.367088607596 30549.57805907173 7438.772151898735 7466.983122362869 7808.0801687763715 7836.291139240507 
30458.54852320675 30486.7805907173 7421.856540084388 7450.088607594937 7779.0843881856545 7807.316455696203 
31415.38734177215 31444.003375527427 7239.526582278481 7268.142616033755 8062.530801687763 8091.146835443038 
30960.567088607593 30988.786497890294 7581.904641350211 7610.124050632911 7956.799156118143 7985.018565400844 
30714.95611814346 30743.209282700424 7155.11223628692 7183.365400843882 7694.06582278481 7722.318987341772 
30553.715611814347 30582.06160337553 7529.458227848101 7557.804219409282 8541.373839662447 8569.719831223629 
31102.952742616035 31131.42953586498 7495.682700421941 7524.159493670886 8348.762869198312 8377.239662447257 
30573.972151898735 30602.301265822785 7237.8118143459915 7266.140928270042 7956.929957805907 7985.259071729958 
30586.528270042196 30614.840506329114 7346.967088607595 7375.2793248945145 8166.718143459916 8195.030379746835 
29970.481856540086 29998.393248945147 7342.376371308017 7370.2877637130805 7759.49029535865 7787.401687763713 
29951.415189873416 29979.588185654007 7362.529113924051 7390.702109704642 8063.8160337552745 8091.989029535865 
31241.251476793248 31270.23459915612 7636.605907172996 7665.589029535865 8192.183966244726 8221.167088607595 
30448.05316455696 30476.230379746834 7214.0151898734175 7242.1924050632915 8067.145991561181 8095.323206751055 
30188.567088607593 30216.643037974685 7266.503797468355 7294.579746835443 8210.537552742617 8238.613502109705 
30489.277637130803 30517.53924050633 7527.847257383966 7556.108860759494 7920.336708860759 7948.598312236287 
30369.675105485232 30397.459915611813 7098.827004219409 7126.611814345992 7943.054852320675 7970.839662447257 
30657.086919831225 30685.411814345993 7307.601687763713 7335.926582278481 8432.51729957806 8460.842194092827 
30962.325738396623 30991.013502109705 7313.199156118143 7341.886919831224 8046.540928270042 8075.228691983122 
30836.022784810128 30864.723206751056 7198.520675105486 7227.221097046414 7930.634599156118 7959.335021097047 
31337.103797468353 31365.639662447258 7654.082700421941 7682.618565400844 8275.968776371308 8304.504641350211 
31353.696202531646 31381.962025316454 7299.620253164557 7327.886075949367 7880.046413502109 7908.31223628692 
30577.555274261602 30605.200843881856 7349.154430379747 7376.8 8117.449789029536 8145.095358649789 
30342.12151898734 30370.35358649789 7195.530801687763 7223.762869198312 8023.172151898734 8051.404219409283 
30434.67341772152 30462.67341772152 7279.968776371308 7307.968776371308 8271.386497890295 8299.386497890295 
31404.79324894515 31433.15611814346 7445.932489451477 7474.295358649789 8398.26582278481 8426.628691983122 
31285.200843881856 31313.825316455695 7447.238818565401 7475.863291139241 8887.913924050634 8916.538396624472 
30469.568776371307 30497.526582278482 7257.037130801687 7284.994936708861 7907.8852320675105 7935.843037974683 
30749.506329113923 30777.73417721519 7323.029535864979 7351.257383966245 8239.586497890296 8267.814345991561 
30975.43375527426 31004.218565400843 7459.779746835443 7488.564556962026 8408.535021097046 8437.319831223629 
30803.781434599157 30832.211814345992 7372.7856540084385 7401.216033755274 7875.481856540085 7903.91223628692 
31307.108860759494 31335.788185654008 7402.121518987342 7430.800843881857 8305.636286919831 8334.315611814345 
30630.843037974682 30658.96540084388 7307.100421940928 7335.2227848101265 8432.281856540085 8460.404219409284 
30544.661603375527 30572.91898734177 7473.433755274262 7501.691139240506 7871.8810126582275 7900.138396624473 
30635.706329113924 30663.301265822785 7121.769620253164 7149.364556962026 8081.828691983123 8109.423628691983 
30669.940928270044 30698.181434599155 7582.177215189873 7610.4177215189875 8187.734177215189 8215.974683544304 
30765.31476793249 30793.6776371308 7454.327426160337 7482.69029535865 7952.044725738397 7980.407594936709 
30296.157805907173 30324.284388185653 7549.406751054852 7577.533333333334 7874.035443037975 7902.162025316456 
31046.702953586497 31075.17974683544 7368.715611814346 7397.1924050632915 8194.960337552742 8223.437130801687 
30534.20253164557 30562.379746835442 7367.316455696203 7395.493670886076 7667.548523206751 7695.725738396624 
30243.906329113925 30271.855696202532 7270.990717299578 7298.940084388186 7774.096202531646 7802.045569620253 
