38705.80202020202 38734.15218855219 9430.781818181818 9459.131986531987 10764.317171717172 10792.66734006734 
38648.74612794613 38676.75959595959 9669.49696969697 9697.510437710438 10621.557575757575 10649.571043771044 
39375.75016835017 39404.51447811448 9766.972390572391 9795.7367003367 10843.275420875421 10872.03973063973 
38696.66464646465 38725.04511784512 9682.721885521885 9711.102356902356 10836.971043771044 10865.351515151515 
38768.506397306395 38797.07542087542 9768.385185185185 9796.954208754209 10104.119191919192 10132.688215488215 
38928.159595959594 38956.31784511785 9613.085521885521 9641.243771043772 10668.290909090909 10696.44915824916 
38416.4835016835 38444.50707070707 9615.28484848485 9643.308417508417 10699.241077441078 10727.264646464646 
39155.49898989899 39184.145454545454 9640.074747474748 9668.721212121212 10099.347474747476 10127.993939393938 
38000.45252525253 38028.63097643098 9838.149494949495 9866.327946127945 10114.455892255892 10142.634343434343 
38537.333333333336 38565.148148148146 9732.296296296296 9760.111111111111 10494.804713804713 10522.619528619529 
38377.08013468014 38405.28215488215 9737.810774410775 9766.012794612794 10761.830976430976 10790.032996632997 
38974.17441077441 39002.56161616161 9695.016161616162 9723.403367003368 10704.53468013468 10732.921885521886 
38689.93939393939 38718.063973063974 9267.784511784512 9295.90909090909 10472.784511784512 10500.90909090909 
39402.292929292926 39430.63636363636 9700.518518518518 9728.861952861953 10837.986531986531 10866.329966329966 
38475.07542087542 38503.09562289562 9664.226936026937 9692.247138047138 10514.627609427609 10542.647811447812 
38985.38047138047 39013.82828282828 9720.57239057239 9749.020202020201 10375.619528619529 10404.06734006734 
38759.66464646465 38788.02828282828 9426.556902356902 9454.920538720538 10481.284175084174 10509.647811447812 
38712.985185185185 38741.409427609426 9473.432996632997 9501.857239057239 11069.749494949496 11098.173737373738 
39589.674747474746 39618.16632996633 9880.880134680134 9909.371717171718 10665.624242424243 10694.115824915825 
38877.194612794614 38905.558249158246 9566.834343434344 9595.19797979798 10390.275420875421 10418.639057239057 
39104.94343434343 39133.145454545454 9668.293602693602 9696.495622895623 10884.017508417508 10912.21952861953 
38927.34074074074 38955.603367003365 9688.761616161617 9717.024242424242 10414.919865319865 10443.182491582491 
38296.54612794613 38324.66060606061 9536.529292929294 9564.643771043771 10271.923232323232 10300.037710437711 
39272.02491582491 39300.819528619526 9685.560269360269 9714.354882154883 10452.506397306397 10481.30101010101 
39151.17104377104 39179.72323232323 9735.26531986532 9763.817508417509 10514.049831649832 10542.60202020202 
39167.7797979798 39196.11313131313 9568.173737373738 9596.50707070707 10719.628282828282 10747.961616161616 
38568.135353535356 38596.35084175084 9679.650505050506 9707.865993265994 10521.041077441078 10549.256565656566 
39541.173737373734 39570.06599326599 9539.94478114478 9568.837037037038 11009.614814814815 11038.50707070707 
38788.28686868687 38816.41818181818 9822.82558922559 9850.956902356902 10453.158922558923 10481.290235690236 
38709.251851851855 38737.100336700336 9500.46734006734 9528.315824915824 10344.979124579124 10372.82760942761 
38125.525925925926 38153.53265993266 9333.630303030302 9361.637037037037 10459.165656565656 10487.17239057239 
38424.60134680135 38453.04242424243 9611.54074074074 9639.981818181817 10543.92457912458 10572.365656565657 
39166.97239057239 39195.48080808081 9558.706397306398 9587.214814814815 10471.393265993265 10499.901683501683 
38714.64848484848 38743.146801346804 9799.56430976431 9828.062626262627 10743.65521885522 10772.153535353535 
40102.4531986532 40131.04915824916 9592.635016835016 9621.230976430976 10666.746127946128 10695.342087542087 
38769.806734006735 38798.25454545455 9523.628282828282 9552.076094276093 10634.658585858586 10663.106397306397 
38964.79326599326 38993.052525252526 9579.274747474747 9607.534006734008 10280.749494949496 10309.008754208755 
39072.497643097646 39100.84781144781 9883.52457912458 9911.874747474747 10440.777104377104 10469.127272727274 
39200.76835016835 39229.525925925926 9568.738047138047 9597.495622895623 10925.63367003367 10954.391245791247 
39091.00404040404 39119.58653198653 9754.418181818182 9783.000673400673 10420.96026936027 10449.54276094276 
39558.39461279461 39587.135353535356 9592.020875420876 9620.761616161617 10272.559595959596 10301.300336700337 
38712.9872053872 38741.502356902354 9689.266666666666 9717.781818181818 10516.384511784512 10544.899663299664 
39500.405387205385 39529.12929292929 9740.792592592592 9769.516498316498 10505.05521885522 10533.779124579125 
38382.704377104375 38410.73468013468 9543.165656565656 9571.19595959596 10838.222895622896 10866.2531986532 
39118.2202020202 39146.701683501684 9325.112457912457 9353.593939393939 10177.03164983165 10205.513131313131 
39058.69898989899 39086.884175084175 9537.412794612794 9565.59797979798 10523.463299663299 10551.648484848485 
39249.125925925924 39277.5468013468 9525.338047138048 9553.758922558922 10558.226936026937 10586.647811447812 
39505.36835016835 39533.95084175084 9528.506397306397 9557.08888888889 10724.853198653198 10753.43569023569 
38483.54208754209 38511.555555555555 9421.498316498317 9449.511784511784 10621.585858585859 10649.599326599327 
39015.56767676768 39043.71919191919 9808.26127946128 9836.412794612794 10971.59797979798 10999.749494949496 
