833.61 859.71 75.21 101.31 96.73 122.83 
1147.33 1176.73 71.33 100.73 88.99 118.39 
1098.87 1126.32 67.32 94.77 83.53 110.98 
953.73 982.28 78.86 107.41 88.14 116.69 
1132.78 1159.93 71.98 99.13 77.93 105.08 
1180.39 1209.29 72.34 101.24 70.07 98.97 
1286.7 1315.3 81.2 109.8 98.02 126.62 
1070.59 1098.49 76.84 104.74 96.72 124.62 
978.73 1007.63 80.98 109.88 94.63 123.53 
914.68 943.68 69.09 98.09 84.81 113.81 
1013.25 1041.1 68.7 96.55 93.44 121.29 
868.17 896.42 74.29 102.54 102.16 130.41 
934.57 962.37 78.22 106.02 77.35 105.15 
809.16 835.16 83.98 109.98 96.3 122.3 
855.37 884.67 73.42 102.72 88.02 117.32 
1164.07 1191.97 70.77 98.67 88.89 116.79 
1116.07 1145.47 64.02 93.42 99.05 128.45 
900.02 927.87 66.97 94.82 83.89 111.74 
1244.08 1274.78 78.68 109.38 108.18 138.88 
1055.24 1083.64 73.04 101.44 92.84 121.24 
997.39 1026.89 74.19 103.69 107.57 137.07 
1061.6 1089.65 77.05 105.1 116.06 144.11 
1109.28 1137.78 86.88 115.38 130.72 159.22 
840.16 867.01 67.16 94.01 108.2 135.05 
1082.86 1110.81 74.57 102.52 131.46 159.41 
829.7 857.55 79.7 107.55 89.62 117.47 
947.95 974.65 83.71 110.41 112.28 138.98 
1100.29 1129.14 74.61 103.46 96.56 125.41 
951.69 977.89 89.5 115.7 107.12 133.32 
852.78 880.23 78.18 105.63 99.79 127.24 
950.19 978.84 77.44 106.09 102.04 130.69 
730.09 756.09 74.98 100.98 95.53 121.53 
1169.5 1199.8 76.6 106.9 90.46 120.76 
1170.4 1198.85 77.93 106.38 106.72 135.17 
973.64 999.79 76.9 103.05 96.12 122.27 
824.13 853.28 76.88 106.03 105.79 134.94 
1131.56 1159.41 74.41 102.26 91.1 118.95 
936.29 965.04 72.06 100.81 92.58 121.33 
1262.86 1291.86 80.86 109.86 93.94 122.94 
973.6 1001.2 69.25 96.85 93.22 120.82 
836.92 864.77 84.61 112.46 87.2 115.05 
1161.15 1188.75 81.2 108.8 83.97 111.57 
989.91 1017.56 71.71 99.36 104.41 132.06 
977.88 1005.58 73.63 101.33 98.21 125.91 
931.41 958.76 77.48 104.83 94.69 122.04 
1022.49 1052.29 80.59 110.39 105.21 135.01 
1096.02 1125.12 83.42 112.52 125.41 154.51 
1039.72 1067.72 77.13 105.13 87.24 115.24 
794.39 821.14 87.74 114.49 105.98 132.73 
1022.0 1049.65 81.55 109.2 91.43 119.08 
