4597.508333333333 4626.1125 342.1958333333333 370.8 619.425 648.0291666666667 
5008.0375 5035.558333333333 420.24583333333334 447.76666666666665 552.0375 579.5583333333333 
4746.283333333334 4775.2625 461.4916666666667 490.47083333333336 525.7833333333333 554.7625 
4830.4375 4858.479166666667 366.6458333333333 394.6875 577.4375 605.4791666666666 
4916.670833333334 4945.629166666667 340.73333333333335 369.69166666666666 536.7125 565.6708333333333 
4533.033333333334 4560.783333333334 282.825 310.575 480.9916666666667 508.7416666666667 
4939.1625 4967.454166666666 422.68333333333334 450.975 695.9125 724.2041666666667 
4641.1 4669.454166666666 297.89166666666665 326.24583333333334 520.1833333333333 548.5375 
4865.725 4892.9125 484.51666666666665 511.70416666666665 621.9333333333333 649.1208333333333 
4868.7625 4897.366666666667 364.8666666666667 393.47083333333336 516.9708333333333 545.575 
4800.158333333334 4829.1375 277.3041666666667 306.28333333333336 455.325 484.3041666666667 
4596.895833333333 4624.958333333333 360.5416666666667 388.6041666666667 438.2625 466.325 
4717.208333333333 4746.125 437.625 466.5416666666667 666.8333333333334 695.75 
4918.966666666666 4948.7375 396.9458333333333 426.71666666666664 518.8833333333333 548.6541666666667 
4859.391666666666 4888.266666666666 438.2875 467.1625 499.64166666666665 528.5166666666667 
4726.733333333334 4754.0875 347.00416666666666 374.35833333333335 412.69166666666666 440.04583333333335 
4828.779166666666 4857.2375 483.40416666666664 511.8625 562.6125 591.0708333333333 
4971.583333333333 4999.4375 395.8125 423.6666666666667 638.5833333333334 666.4375 
4772.4 4801.4625 362.12916666666666 391.19166666666666 490.65 519.7125 
5211.220833333334 5239.325 477.47083333333336 505.575 552.9708333333333 581.075 
5024.895833333333 5053.895833333333 305.5833333333333 334.5833333333333 479.6041666666667 508.6041666666667 
4721.645833333333 4750.333333333333 360.1041666666667 388.7916666666667 596.8541666666666 625.5416666666666 
4914.933333333333 4943.641666666666 377.82916666666665 406.5375 638.7666666666667 667.475 
5026.279166666666 5055.3 361.3833333333333 390.40416666666664 548.8208333333333 577.8416666666667 
4588.108333333334 4614.4625 293.775 320.12916666666666 491.10833333333335 517.4625 
4647.308333333333 4675.079166666666 387.99583333333334 415.76666666666665 524.35 552.1208333333333 
4694.6875 4722.375 432.02916666666664 459.71666666666664 514.0208333333334 541.7083333333334 
4776.925 4805.05 421.27916666666664 449.40416666666664 592.55 620.675 
4669.108333333334 4697.504166666667 405.4 433.79583333333335 420.275 448.67083333333335 
4650.575 4678.825 386.6375 414.8875 427.3666666666667 455.6166666666667 
4744.9875 4773.508333333333 475.0083333333333 503.52916666666664 643.8625 672.3833333333333 
5098.754166666667 5127.629166666667 462.525 491.4 598.0458333333333 626.9208333333333 
4632.3375 4660.379166666667 349.10833333333335 377.15 548.0458333333333 576.0875 
4909.729166666667 4937.520833333333 352.3333333333333 380.125 483.3541666666667 511.1458333333333 
4779.479166666667 4807.625 332.0375 360.18333333333334 471.9791666666667 500.125 
4816.329166666666 4845.016666666666 496.12083333333334 524.8083333333333 618.8291666666667 647.5166666666667 
4769.829166666666 4797.475 305.80833333333334 333.45416666666665 489.95416666666665 517.6 
4895.379166666667 4924.191666666667 355.98333333333335 384.79583333333335 564.0041666666667 592.8166666666667 
4628.233333333334 4656.420833333334 397.29583333333335 425.48333333333335 513.0666666666667 541.2541666666667 
4880.941666666667 4909.004166666667 310.3375 338.4 547.15 575.2125 
4695.579166666666 4724.225 340.45416666666665 369.1 613.6625 642.3083333333333 
4642.166666666667 4670.291666666667 360.2916666666667 388.4166666666667 469.0 497.125 
4843.925 4871.945833333333 486.7583333333333 514.7791666666667 523.425 551.4458333333333 
4714.108333333334 4742.4625 449.65416666666664 478.0083333333333 460.98333333333335 489.3375 
5055.558333333333 5085.266666666666 452.87083333333334 482.57916666666665 593.6833333333333 623.3916666666667 
4724.891666666666 4753.829166666666 441.80833333333334 470.74583333333334 607.1833333333333 636.1208333333333 
4775.320833333333 4804.383333333333 292.8208333333333 321.8833333333333 489.8625 518.925 
4787.995833333333 4816.9125 413.99583333333334 442.9125 571.9541666666667 600.8708333333333 
4947.129166666667 4975.525 329.92083333333335 358.31666666666666 561.5458333333333 589.9416666666667 
4896.6125 4925.216666666666 327.175 355.77916666666664 447.7375 476.34166666666664 
