49739.140482573726 49767.864343163536 12489.392493297588 12518.116353887399 13813.325469168902 13842.049329758713 
49503.42198391421 49531.45415549598 12695.625737265416 12723.657908847184 13287.387131367292 13315.419302949062 
49496.91474530831 49525.47506702413 12693.131903485255 12721.692225201072 14388.54745308311 14417.107774798927 
48943.32707774799 48971.286863270776 12502.621983914209 12530.581769436998 13717.42091152815 13745.380697050938 
49400.59946380697 49428.68257372654 12495.449329758712 12523.532439678283 14179.749597855229 14207.832707774798 
49288.74209115282 49316.969973190346 12465.46327077748 12493.691152815014 13544.27292225201 13572.500804289544 
48938.11903485255 48966.30402144772 12551.86434316354 12580.049329758713 13580.872386058982 13609.057372654155 
49368.896514745305 49397.15924932976 12363.140482573726 12391.403217158177 13556.384450402145 13584.647184986596 
49298.796246648795 49326.943699731906 12527.849865951743 12555.997319034852 14067.270777479893 14095.418230563002 
49427.43699731903 49455.764075067025 12869.560321715817 12897.887399463807 13599.461126005363 13627.78820375335 
49603.212868632705 49631.5908847185 12563.188739946381 12591.56675603217 13323.601608579089 13351.97962466488 
48982.94638069705 49011.235924932975 12308.544235924934 12336.833780160858 13491.823056300269 13520.112600536193 
49144.29705093834 49172.44986595174 12650.235388739946 12678.388203753351 13099.15764075067 13127.310455764075 
49699.90402144772 49728.69222520107 12884.890616621984 12913.678820375335 13933.4509383378 13962.239142091154 
50005.28418230563 50033.95710455764 12733.697050938337 12762.369973190349 13508.675603217158 13537.34852546917 
49075.19731903485 49103.13833780161 12677.508310991958 12705.449329758712 14353.45201072386 14381.393029490617 
49660.72493297587 49689.204825737266 12787.464879356568 12815.944772117962 13906.625737265416 13935.10563002681 
48685.07667560322 48713.2 12256.073994638069 12284.197319034853 13470.73619302949 13498.859517426274 
49259.88042895442 49288.30402144772 12520.802680965147 12549.226273458446 14208.017158176945 14236.440750670241 
49554.93726541555 49583.28579088472 12573.017694369973 12601.366219839141 13768.398391420911 13796.74691689008 
49667.956568364614 49696.36943699732 12695.959249329759 12724.372117962466 13996.634852546917 14025.047721179624 
48969.20268096515 48997.52439678284 12403.430563002681 12431.752278820375 13551.049865951743 13579.371581769437 
49336.83324396783 49365.36943699732 12709.026273458445 12737.562466487936 13646.197855227882 13674.734048257373 
48900.8890080429 48929.387667560324 12480.393029490617 12508.891689008044 13573.996246648794 13602.49490616622 
49993.89061662198 50022.42144772118 12475.79946380697 12504.330294906165 14222.756568364612 14251.287399463807 
49922.86380697051 49951.681501340485 12541.740482573727 12570.5581769437 13631.745844504021 13660.563538873994 
50150.60053619303 50179.05361930295 12414.034852546916 12442.487935656836 13931.477211796248 13959.930294906166 
50041.94155495978 50070.35710455764 12431.110455764076 12459.52600536193 13773.231099195711 13801.646648793565 
49464.563538874 49492.94959785523 12418.16943699732 12446.555495978553 13627.193565683647 13655.579624664879 
49386.608042895445 49414.64825737265 12453.197855227882 12481.238069705094 14022.63217158177 14050.672386058981 
49025.42680965147 49053.593029490614 12404.461662198391 12432.627882037534 13825.075603217158 13853.2418230563 
49654.6509383378 49683.015549597854 12499.865415549597 12528.230026809651 13614.101340482574 13642.465951742628 
49611.428418230564 49639.79302949062 12916.822520107238 12945.187131367293 13567.361394101878 13595.72600536193 
49766.676139410185 49795.04075067024 12509.579624664879 12537.944235924933 13780.743163538875 13809.107774798927 
49395.62412868633 49424.047721179624 12436.27292225201 12464.696514745308 13701.05308310992 13729.476675603217 
49410.23378016086 49438.89865951743 12327.756568364612 12356.421447721179 13837.802144772118 13866.467024128686 
49486.0745308311 49513.96193029491 12390.4418230563 12418.329222520108 13617.385522788203 13645.27292225201 
49977.52493297587 50006.02895442359 12840.897587131367 12869.401608579088 13833.661662198392 13862.165683646113 
49820.23431635389 49848.93136729222 12651.759785522789 12680.456836461126 13868.858981233245 13897.556032171582 
49241.37747989276 49269.21930294906 12491.374798927614 12519.216621983915 14086.002144772117 14113.843967828418 
49956.16621983914 49984.8471849866 12539.943699731903 12568.624664879357 14505.691689008043 14534.372654155495 
49570.62305630027 49599.20750670241 12427.885790884719 12456.470241286863 13757.950134048257 13786.534584450403 
48550.0927613941 48578.065951742625 12431.596782841823 12459.569973190348 13180.159785522788 13208.132975871315 
50014.713136729224 50043.52815013405 13060.745308310992 13089.560321715817 13964.758713136729 13993.573726541556 
49259.439142091156 49287.89490616622 12288.374798927614 12316.83056300268 13365.876139410188 13394.331903485254 
49477.11528150134 49505.76139410188 12400.33512064343 12428.981233243967 13787.697050938337 13816.343163538873 
49724.69383378016 49753.235388739944 12532.071849865952 12560.613404825737 13748.203217158178 13776.744772117963 
48822.79785522788 48851.07667560322 12677.017694369973 12705.296514745309 13639.100804289545 13667.37962466488 
49660.42252010724 49688.763002680964 12423.712064343163 12452.05254691689 14063.3581769437 14091.698659517426 
49468.61501340483 49496.76514745309 12493.258445040214 12521.408579088471 13683.025201072385 13711.175335120643 
