5018.481632653061 5047.216326530613 345.50204081632654 374.23673469387757 579.2775510204082 608.0122448979591 
4996.583673469388 5025.338775510204 433.0122448979592 461.7673469387755 464.9714285714286 493.7265306122449 
4953.657142857143 4981.534693877551 402.9224489795918 430.8 506.1265306122449 534.0040816326531 
4878.955102040816 4907.444897959183 384.0163265306122 412.50612244897957 507.71020408163264 536.2 
4765.94693877551 4794.579591836735 471.2734693877551 499.9061224489796 646.0081632653062 674.6408163265306 
5009.457142857143 5038.314285714286 459.2530612244898 488.1102040816327 659.9673469387756 688.8244897959183 
4840.3877551020405 4868.2040816326535 441.53061224489795 469.3469387755102 606.0408163265306 633.8571428571429 
4758.595918367347 4786.677551020408 295.24897959183676 323.33061224489796 539.6367346938775 567.7183673469387 
5074.587755102041 5103.363265306122 400.1387755102041 428.9142857142857 523.3836734693878 552.1591836734694 
4859.265306122449 4887.65306122449 346.0 374.38775510204084 526.0204081632653 554.4081632653061 
4911.6122448979595 4940.3877551020405 378.6734693877551 407.44897959183675 580.4081632653061 609.1836734693877 
4837.171428571429 4864.94693877551 409.0489795918367 436.82448979591834 584.5387755102041 612.3142857142857 
4952.081632653061 4980.163265306122 359.0612244897959 387.14285714285717 481.57142857142856 509.6530612244898 
5205.595918367347 5235.391836734694 449.35102040816327 479.1469387755102 542.8408163265306 572.6367346938775 
4982.991836734694 5012.318367346938 446.7469387755102 476.0734693877551 663.5428571428571 692.869387755102 
5048.040816326531 5077.591836734694 438.6530612244898 468.2040816326531 709.0 738.5510204081633 
4718.289795918367 4745.595918367347 281.57551020408164 308.8816326530612 488.35102040816327 515.6571428571428 
4788.824489795918 4816.497959183674 292.51836734693876 320.1918367346939 433.41632653061225 461.0897959183674 
4968.624489795919 4997.297959183674 405.62448979591835 434.29795918367347 454.8897959183673 483.56326530612245 
4851.1469387755105 4879.228571428572 372.7795918367347 400.8612244897959 420.0244897959184 448.1061224489796 
4971.102040816327 4998.2040816326535 489.16326530612247 516.265306122449 540.1836734693877 567.2857142857143 
4840.151020408163 4867.681632653062 446.1714285714286 473.70204081632653 500.6612244897959 528.1918367346939 
4963.3591836734695 4991.7673469387755 303.54285714285714 331.9510204081633 493.25714285714287 521.665306122449 
4994.74693877551 5023.787755102041 455.3795918367347 484.4204081632653 451.21632653061226 480.25714285714287 
4861.755102040816 4890.591836734694 398.51020408163265 427.3469387755102 521.1632653061224 550.0 
4565.955102040816 4592.138775510204 240.79183673469387 266.9755102040816 343.36326530612246 369.5469387755102 
4797.848979591837 4825.338775510204 475.29795918367347 502.7877551020408 580.195918367347 607.6857142857143 
5228.122448979592 5257.34693877551 467.2244897959184 496.44897959183675 491.48979591836735 520.7142857142857 
4767.94693877551 4795.089795918368 372.0285714285714 399.1714285714286 613.2326530612245 640.3755102040816 
4814.963265306123 4843.595918367347 389.0040816326531 417.63673469387754 430.8612244897959 459.49387755102043 
4927.693877551021 4955.632653061224 325.6938775510204 353.6326530612245 552.0816326530612 580.0204081632653 
4655.730612244898 4682.730612244898 370.8326530612245 397.8326530612245 463.9142857142857 490.9142857142857 
5049.824489795918 5078.416326530612 323.130612244898 351.72244897959183 542.4979591836735 571.0897959183674 
5018.138775510204 5046.444897959183 438.46530612244896 466.77142857142854 581.9142857142857 610.2204081632653 
4881.073469387755 4909.073469387755 388.869387755102 416.869387755102 676.4408163265306 704.4408163265306 
4938.065306122449 4966.49387755102 388.8612244897959 417.28979591836736 642.738775510204 671.1673469387755 
5039.648979591837 5067.016326530612 325.38367346938776 352.75102040816324 519.3428571428572 546.7102040816327 
5031.375510204081 5060.008163265306 451.1714285714286 479.80408163265304 616.0897959183674 644.7224489795918 
5153.004081632653 5181.881632653061 385.0448979591837 413.9224489795918 576.9836734693878 605.861224489796 
4957.089795918368 4985.681632653062 401.47755102040816 430.069387755102 595.6816326530612 624.2734693877551 
4776.942857142857 4805.595918367347 344.61632653061224 373.26938775510206 574.6775510204081 603.3306122448979 
4946.804081632653 4975.089795918368 344.43673469387755 372.72244897959183 522.2938775510204 550.5795918367347 
4947.028571428571 4974.804081632653 481.1918367346939 508.9673469387755 685.6612244897959 713.4367346938775 
4793.669387755102 4820.751020408164 369.62857142857143 396.71020408163264 579.0367346938775 606.1183673469387 
4891.902040816327 4919.657142857143 481.37142857142857 509.1265306122449 759.1469387755102 786.9020408163266 
5116.0775510204085 5144.179591836734 392.0163265306122 420.1183673469388 761.4857142857143 789.5877551020408 
4647.559183673469 4674.661224489796 291.8857142857143 318.9877551020408 441.0081632653061 468.1102040816327 
4762.763265306123 4791.008163265306 472.6204081632653 500.865306122449 595.8448979591836 624.0897959183674 
5006.6 5034.804081632653 365.1714285714286 393.37551020408165 628.9877551020409 657.1918367346939 
4638.49387755102 4665.902040816327 435.0857142857143 462.49387755102043 534.1061224489796 561.5142857142857 
