24989.283248730964 25017.6538071066 5889.405076142132 5917.775634517767 6460.587817258884 6488.958375634517 
25480.373604060915 25508.9269035533 5802.454822335026 5831.008121827411 6619.546192893401 6648.099492385787 
25687.82030456853 25716.28730964467 5999.845685279188 6028.31269035533 6397.865989847715 6426.332994923858 
25085.557360406092 25114.227411167514 5756.156345177665 5784.826395939086 6555.054822335025 6583.724873096447 
25266.7076142132 25295.02233502538 5670.575634517766 5698.89035532995 6262.753299492386 6291.068020304569 
25078.01725888325 25106.859898477156 5887.0020304568525 5915.844670050761 6698.347208121828 6727.189847715736 
25628.953299492387 25657.80609137056 6038.080203045685 6066.932994923858 6720.998984771573 6749.851776649746 
25652.706598984772 25681.80304568528 5858.5441624365485 5887.640609137055 6633.615228426396 6662.711675126903 
25087.5807106599 25115.47411167513 5684.930964467005 5712.824365482234 6622.986802030457 6650.880203045685 
24903.167512690354 24931.172588832487 5742.802030456853 5770.807106598984 6247.944162436548 6275.94923857868 
24923.53604060914 24951.373604060915 5805.409137055837 5833.246700507614 6613.358375634518 6641.195939086295 
25409.410152284265 25437.770558375636 6004.932994923858 6033.2934010152285 6370.369543147208 6398.729949238578 
25161.54314720812 25189.578680203045 5749.746192893401 5777.781725888325 6018.299492385787 6046.33502538071 
25832.32081218274 25861.4730964467 5709.620304568528 5738.772588832488 6679.330964467005 6708.483248730964 
25935.90152284264 25964.906598984773 5934.008121827411 5963.013197969543 6735.541116751269 6764.546192893401 
25135.92994923858 25164.23959390863 5773.742131979696 5802.051776649746 6488.858883248731 6517.168527918781 
25345.102538071067 25373.24467005076 5605.4629441624365 5633.605076142132 6177.249746192893 6205.391878172589 
24722.05583756345 24750.020304568527 5872.619289340101 5900.583756345178 6196.121827411168 6224.086294416244 
24989.187817258884 25017.223350253807 5763.725888324873 5791.761421319797 6235.33502538071 6263.370558375635 
25297.027411167513 25325.672081218276 5876.469035532995 5905.113705583756 6988.748223350254 7017.3928934010155 
25345.071065989847 25373.1269035533 5752.421319796954 5780.477157360406 6145.583756345178 6173.63959390863 
25417.257868020304 25445.821319796953 5760.998984771573 5789.562436548224 6592.34923857868 6620.91269035533 
25312.781725888326 25340.903553299493 5717.0609137055835 5745.1827411167515 6192.685279187817 6220.807106598984 
25474.522842639595 25503.324873096448 6018.375634517766 6047.177664974619 6988.964467005077 7017.766497461929 
25683.51472081218 25712.057868020303 5767.73807106599 5796.281218274112 6268.3928934010155 6296.936040609137 
25040.829441624366 25069.164467005077 5874.25076142132 5902.58578680203 6287.281218274112 6315.616243654822 
24982.979695431473 25010.720812182743 5807.532994923858 5835.274111675127 6412.741116751269 6440.482233502538 
24756.90456852792 24785.16852791878 5989.610152284264 6017.874111675127 6342.8284263959395 6371.092385786802 
25545.55126903553 25574.124873096447 5862.591878172589 5891.165482233502 6373.992893401015 6402.5664974619285 
25390.5807106599 25419.128934010154 6054.697461928934 6083.2456852791875 6308.991878172589 6337.540101522843 
25023.657868020306 25051.683248730966 5903.43959390863 5931.464974619289 6088.475126903553 6116.500507614213 
25030.29847715736 25058.288324873098 5752.882233502538 5780.872081218274 6420.3340101522845 6448.32385786802 
25423.421319796955 25452.20812182741 5960.1421319796955 5988.928934010152 6257.243654822335 6286.030456852792 
25207.579695431472 25236.16852791878 5821.513705583757 5850.102538071066 6673.564467005076 6702.1532994923855 
25110.722842639592 25138.930964467007 5712.047715736041 5740.255837563452 6236.626395939086 6264.834517766498 
25784.795939086296 25813.283248730964 5805.420304568528 5833.907614213198 6595.095431472081 6623.582741116751 
25520.22538071066 25548.722842639592 5679.139086294416 5707.6365482233505 6652.667005076142 6681.164467005076 
25179.27005076142 25207.32081218274 5773.772588832488 5801.823350253807 6526.280203045685 6554.330964467005 
24850.068020304567 24878.184771573604 5773.86497461929 5801.981725888325 6289.809137055838 6317.925888324873 
25393.28426395939 25421.629441624365 6032.878172588832 6061.223350253807 6452.406091370558 6480.751269035533 
25364.16852791878 25392.356345177664 5696.777664974619 5724.965482233502 6103.635532994924 6131.823350253807 
25080.078172588834 25108.595939086295 5839.844670050761 5868.362436548224 6575.1492385786805 6603.667005076142 
25152.17461928934 25180.443654822335 5748.727918781726 5776.996954314721 6244.727918781726 6272.996954314721 
24483.50355329949 24511.51878172589 5640.285279187818 5668.3005076142135 6656.432487309645 6684.447715736041 
25310.446700507615 25339.228426395937 5908.482233502538 5937.2639593908625 6307.791878172588 6336.573604060914 
25263.812182741116 25292.38578680203 5928.02538071066 5956.598984771574 6968.517766497462 6997.091370558375 
25832.30964467005 25861.167512690354 5884.827411167513 5913.685279187817 6546.294416243655 6575.15228426396 
24744.202030456854 24771.907614213196 5815.521827411168 5843.227411167512 6588.146192893401 6615.851776649746 
25247.191878172587 25275.262944162438 5829.1715736040605 5857.242639593908 6404.851776649746 6432.922842639594 
25472.345177664974 25501.162436548224 5772.725888324873 5801.543147208122 6564.9796954314725 6593.796954314721 
