23486.15425531915 23513.58510638298 5246.755319148936 5274.186170212766 5683.047872340426 5710.478723404255 
23931.982978723405 23960.190425531913 5586.940425531915 5615.147872340425 6007.993617021277 6036.201063829787 
23875.086170212766 23903.293617021278 5247.384042553192 5275.591489361702 5651.9053191489365 5680.112765957447 
23787.127659574468 23815.212765957447 5511.186170212766 5539.271276595745 6154.36170212766 6182.446808510638 
24173.872340425532 24202.297872340427 5303.872340425532 5332.297872340426 5650.914893617021 5679.340425531915 
24961.979787234042 24991.34680851064 5495.293617021277 5524.6606382978725 6678.054255319149 6707.4212765957445 
24003.305319148934 24031.51808510638 5598.034042553191 5626.246808510638 6106.7202127659575 6134.932978723405 
24443.174468085108 24471.860638297872 5487.631914893617 5516.318085106383 6393.28085106383 6421.967021276596 
23696.567021276594 23724.843617021277 5512.63085106383 5540.907446808511 6032.7904255319145 6061.067021276595 
24004.005319148935 24032.441489361703 5373.132978723404 5401.56914893617 6156.11170212766 6184.547872340426 
24648.848936170212 24677.662765957448 5563.934042553192 5592.747872340426 6355.253191489362 6384.067021276595 
23565.968085106382 23594.031914893618 5416.670212765957 5444.734042553191 6153.574468085107 6181.63829787234 
24114.40319148936 24142.865957446807 5554.732978723404 5583.195744680851 5935.5840425531915 5964.046808510639 
23830.141489361704 23858.604255319147 5338.74255319149 5367.205319148936 6036.13085106383 6064.593617021276 
23771.252127659576 23799.725531914894 5543.417021276596 5571.890425531915 6209.103191489362 6237.576595744681 
24301.171276595745 24330.256382978725 5590.692553191489 5619.777659574468 6256.46914893617 6285.554255319149 
24694.667021276597 24724.03936170213 5503.656382978724 5533.028723404255 6341.00744680851 6370.379787234043 
23286.72765957447 23314.47765957447 5502.296808510639 5530.046808510639 5994.174468085106 6021.924468085106 
24120.41914893617 24148.775531914893 5389.153191489362 5417.509574468085 6376.674468085106 6405.03085106383 
23983.703191489363 24012.44255319149 5490.9265957446805 5519.6659574468085 6199.820212765958 6228.559574468085 
23934.190425531913 23962.631914893616 5301.451063829787 5329.892553191489 6223.21170212766 6251.653191489362 
24271.814893617022 24300.889361702128 5406.213829787234 5435.28829787234 5888.123404255319 5917.197872340425 
23751.822340425533 23779.97659574468 5468.295744680851 5496.45 5897.5244680851065 5925.678723404255 
23989.372340425532 24017.25 5367.265957446809 5395.143617021276 5969.936170212766 5997.813829787234 
23700.609574468086 23728.902127659574 5391.2744680851065 5419.567021276595 6057.705319148936 6085.997872340426 
24210.25 24238.521276595744 5379.281914893617 5407.553191489362 6183.11170212766 6211.382978723404 
23808.147872340425 23836.40319148936 5413.855319148936 5442.110638297872 5772.435106382979 5800.690425531915 
24478.088297872342 24507.072340425533 5525.2744680851065 5554.258510638298 6365.832978723404 6394.817021276595 
24274.88829787234 24303.61170212766 5749.643617021276 5778.367021276596 6211.505319148936 6240.228723404255 
23475.77765957447 23503.235106382977 5252.181914893617 5279.639361702128 5465.267021276596 5492.724468085106 
24318.786170212767 24347.334042553193 5555.254255319149 5583.802127659575 6289.701063829787 6318.248936170213 
23887.305319148934 23915.3 5384.932978723405 5412.927659574468 5997.50744680851 6025.502127659574 
23662.098936170212 23690.32765957447 5353.753191489362 5381.981914893617 5983.354255319149 6011.582978723404 
24222.58936170213 24251.14255319149 5615.924468085106 5644.477659574468 5806.185106382979 5834.738297872341 
24268.482978723405 24297.536170212767 5429.217021276596 5458.270212765958 5831.025531914894 5860.0787234042555 
23700.968085106382 23729.22340425532 5518.468085106383 5546.723404255319 5934.574468085107 5962.829787234043 
23350.23829787234 23378.15319148936 5374.227659574468 5402.142553191489 6224.174468085106 6252.0893617021275 
23760.125531914895 23788.338297872342 5470.508510638298 5498.721276595745 6138.646808510638 6166.859574468085 
24212.928723404257 24241.636170212765 5568.08829787234 5596.795744680851 5794.7691489361705 5823.476595744681 
23965.225531914894 23993.124468085105 5294.9595744680855 5322.858510638298 5891.363829787234 5919.262765957446 
24485.34680851064 24514.001063829786 5336.362765957447 5365.017021276596 6197.251063829787 6225.9053191489365 
23479.11489361702 23506.90744680851 5399.146808510638 5426.939361702128 6048.7744680851065 6076.567021276595 
23959.709574468085 23987.837234042552 5327.613829787234 5355.741489361702 5838.7202127659575 5866.847872340426 
24114.697872340425 24143.10744680851 5454.703191489361 5483.112765957447 5702.240425531915 5730.65 
24082.0914893617 24110.35744680851 5427.58085106383 5455.846808510638 5791.804255319149 5820.070212765958 
24415.063829787236 24443.63829787234 5738.106382978724 5766.68085106383 6346.81914893617 6375.393617021276 
24171.198936170214 24200.108510638296 5514.656382978724 5543.565957446808 6591.071276595745 6619.9808510638295 
24359.452127659573 24388.106382978724 5563.776595744681 5592.43085106383 6307.132978723404 6335.787234042553 
23944.4 23972.782978723404 5262.548936170213 5290.931914893617 6296.644680851064 6325.027659574468 
24079.53404255319 24107.736170212767 5556.390425531915 5584.592553191489 6100.66170212766 6128.863829787234 
