28654.32 28682.555555555555 6813.102222222222 6841.337777777778 7474.075555555555 7502.311111111111 
28653.333333333332 28681.248888888887 6659.595555555556 6687.511111111111 7130.6177777777775 7158.533333333334 
29540.011555555557 29568.638222222224 6797.024888888889 6825.651555555555 8056.060444444444 8084.687111111111 
28819.220444444443 28847.593777777776 7016.567111111111 7044.940444444444 7353.8026666666665 7382.176 
28982.908444444445 29011.744 6940.881777777778 6969.717333333333 7651.677333333333 7680.5128888888885 
28873.314666666665 28901.763555555557 6842.519111111111 6870.968 7138.741333333333 7167.1902222222225 
29048.496 29077.011555555557 6772.184888888889 6800.700444444445 7572.269333333334 7600.784888888889 
28716.468444444443 28745.050666666666 6900.926222222222 6929.508444444445 7514.588444444445 7543.170666666667 
28462.51288888889 28490.47288888889 6904.281777777778 6932.241777777778 7168.926222222222 7196.886222222222 
29369.738666666668 29398.37422222222 6690.254222222222 6718.889777777777 7289.138666666667 7317.774222222222 
28453.836444444445 28481.596444444443 6987.880888888889 7015.640888888889 7606.107555555555 7633.867555555556 
28903.571555555554 28931.927111111112 6932.433777777778 6960.789333333333 7581.229333333334 7609.584888888889 
29982.784 30011.406222222224 7030.881777777778 7059.504 8026.130666666667 8054.752888888889 
29315.46222222222 29343.915555555555 6724.288888888889 6752.742222222222 7449.546666666667 7478.0 
29293.313777777777 29321.731555555554 6979.669333333333 7008.087111111111 7557.584888888889 7586.002666666666 
29500.796444444444 29529.58311111111 7082.8497777777775 7111.636444444444 7764.134222222222 7792.920888888889 
29200.33777777778 29228.835555555557 6553.36 6581.857777777778 7847.924444444445 7876.422222222222 
28866.504 28894.872888888887 6962.126222222222 6990.495111111111 7439.912888888889 7468.281777777778 
29245.16177777778 29273.681777777776 6922.770666666666 6951.290666666667 7799.290666666667 7827.810666666666 
29103.611555555555 29132.051555555554 6949.624888888889 6978.064888888889 7597.189333333334 7625.629333333333 
28692.501333333334 28720.448 6719.608 6747.554666666667 7307.4835555555555 7335.430222222222 
28744.800888888887 28772.685333333335 6907.765333333334 6935.649777777778 7290.067555555555 7317.952 
28899.092444444443 28927.723555555556 6993.261333333333 7021.892444444445 7684.776888888889 7713.408 
28890.893333333333 28919.071111111112 6659.022222222222 6687.2 7538.213333333333 7566.391111111111 
28575.666666666668 28603.875555555554 6783.7733333333335 6811.982222222222 7542.977777777778 7571.1866666666665 
28490.765333333333 28518.685333333335 6941.1031111111115 6969.023111111111 7406.529777777778 7434.449777777778 
29101.601777777778 29130.206222222223 6915.019555555556 6943.624 7622.326222222222 7650.930666666667 
29332.185777777777 29360.754666666668 6759.545777777777 6788.114666666666 7430.048 7458.616888888889 
29143.88 29172.133333333335 6760.875555555555 6789.1288888888885 8138.3822222222225 8166.635555555556 
29365.85777777778 29394.53777777778 7025.96 7054.64 8004.164444444445 8032.844444444445 
28664.64711111111 28692.802666666666 6788.144888888889 6816.300444444444 7833.558222222222 7861.713777777778 
29428.866666666665 29457.408888888887 6888.8133333333335 6917.355555555556 7608.364444444444 7636.906666666667 
29157.999111111112 29186.421333333332 7000.630222222222 7029.0524444444445 7677.479111111111 7705.901333333333 
28948.835555555557 28977.18666666667 6829.8533333333335 6858.204444444445 8058.457777777778 8086.808888888889 
28498.104 28526.406222222224 6737.486222222222 6765.788444444444 7294.312888888889 7322.615111111111 
29217.572444444446 29246.208 6834.043555555556 6862.6791111111115 7580.039111111111 7608.674666666667 
29712.80177777778 29741.530666666666 6937.975111111111 6966.704 7532.744 7561.4728888888885 
29378.371555555557 29407.020444444446 6871.122666666667 6899.771555555556 7610.9004444444445 7639.549333333333 
29681.549333333332 29710.313777777777 7139.936 7168.700444444445 7696.700444444445 7725.464888888889 
28793.140444444445 28821.171555555557 6622.104888888889 6650.136 7415.891555555556 7443.922666666666 
28939.210666666666 28967.028444444444 6701.926222222222 6729.744 7256.886222222222 7284.704 
29012.519111111113 29040.665777777776 6984.892444444445 7013.039111111111 7638.843555555555 7666.990222222223 
29168.39022222222 29197.074666666667 6859.6791111111115 6888.363555555556 7916.261333333333 7944.945777777778 
29025.098666666665 29053.458666666666 6882.738666666667 6911.098666666667 7772.152 7800.512 
28920.137777777778 28948.075555555555 6994.742222222222 7022.68 7495.013333333333 7522.9511111111115 
29418.40711111111 29446.64711111111 6761.7626666666665 6790.002666666666 7493.6648888888885 7521.904888888889 
29010.45688888889 29038.354666666666 6932.843555555555 6960.741333333333 7401.456888888889 7429.354666666667 
28532.26311111111 28560.174222222224 6766.080888888889 6793.992 7447.209777777778 7475.120888888889 
29149.921777777778 29177.99288888889 6981.855111111111 7009.926222222222 7588.592888888889 7616.664 
29030.341333333334 29058.49688888889 6791.728 6819.883555555555 7655.261333333333 7683.416888888889 
