27138.672641509434 27166.842452830188 6235.625471698113 6263.795283018868 6925.295283018868 6953.465094339623 
27327.58679245283 27356.558490566036 6371.874528301887 6400.846226415094 7321.049056603773 7350.020754716981 
26984.483962264152 27012.47924528302 6361.05 6389.045283018868 7093.1066037735845 7121.101886792453 
27237.450943396227 27265.75754716981 6331.625471698113 6359.932075471698 7166.564150943396 7194.8707547169815 
27681.361320754717 27710.00754716981 6541.936792452831 6570.583018867925 7357.8707547169815 7386.516981132076 
27272.416981132075 27300.737735849056 6279.7094339622645 6308.030188679245 6847.303773584906 6875.624528301887 
27922.480188679245 27951.159433962264 6570.230188679246 6598.909433962264 7155.527358490566 7184.206603773585 
27307.27075471698 27335.855660377358 6561.454716981132 6590.03962264151 6861.487735849057 6890.072641509434 
27420.911320754716 27449.51037735849 6648.024528301887 6676.62358490566 7150.232075471698 7178.831132075472 
26804.22547169811 26832.338679245284 6343.366981132075 6371.480188679246 6905.385849056604 6933.499056603773 
27278.437735849056 27306.9 6389.980188679246 6418.442452830189 7138.333962264151 7166.796226415095 
27187.164150943398 27215.28679245283 6095.050943396226 6123.17358490566 6455.3716981132075 6483.494339622642 
27184.39150943396 27213.13679245283 6332.316037735849 6361.061320754717 7155.938679245283 7184.683962264151 
27219.19716981132 27247.23962264151 6478.046226415095 6506.088679245283 7260.631132075472 7288.67358490566 
27420.234905660378 27448.92358490566 6247.598113207548 6276.28679245283 6930.310377358491 6958.999056603773 
27333.748113207548 27361.804716981133 6577.262264150943 6605.318867924529 7173.427358490566 7201.483962264151 
27268.312264150944 27296.519811320755 6319.571698113207 6347.779245283019 6890.595283018868 6918.802830188679 
26409.533018867925 26437.495283018867 6306.669811320755 6334.632075471698 7003.061320754717 7031.023584905661 
27302.193396226416 27330.580188679247 6420.990566037736 6449.377358490566 7261.882075471698 7290.268867924528 
27484.243396226415 27513.125471698113 6444.672641509434 6473.5547169811325 7120.07358490566 7148.955660377358 
26898.62830188679 26926.515094339622 6336.397169811321 6364.283962264151 6416.392452830189 6444.279245283019 
27885.299056603773 27914.256603773585 6337.681132075471 6366.638679245283 7222.166981132075 7251.124528301887 
27421.909433962264 27450.22547169811 6380.918867924528 6409.234905660377 7123.249056603773 7151.565094339622 
27963.82075471698 27992.646226415094 6388.646226415094 6417.471698113208 7231.179245283019 7260.004716981132 
27271.214150943397 27299.369811320754 6278.549056603773 6306.704716981132 7359.610377358491 7387.766037735849 
27432.170754716983 27460.80754716981 6278.798113207547 6307.434905660378 6953.661320754717 6982.298113207547 
27430.987735849056 27459.016037735848 6461.3933962264155 6489.421698113208 7488.034905660377 7516.063207547169 
27040.118867924528 27068.661320754716 6618.798113207547 6647.340566037736 7338.722641509434 7367.265094339623 
27612.525471698114 27640.978301886793 6637.832075471698 6666.284905660377 7376.751886792453 7405.204716981132 
27041.122641509435 27069.33962264151 6457.132075471698 6485.3490566037735 7107.971698113208 7136.188679245283 
27535.911320754716 27564.55283018868 6369.095283018868 6397.73679245283 7177.033962264151 7205.675471698113 
27915.300943396225 27944.017924528303 6338.131132075472 6366.848113207548 6762.857547169811 6791.574528301887 
27459.459433962264 27488.525471698114 6377.657547169812 6406.723584905661 7385.78962264151 7414.855660377359 
27681.416981132075 27710.162264150942 6598.6952830188675 6627.440566037736 7340.92641509434 7369.671698113208 
26923.993396226415 26951.837735849058 6437.215094339623 6465.059433962264 6765.729245283019 6793.57358490566 
27358.596226415095 27387.24245283019 6399.1952830188675 6427.8415094339625 6933.652830188679 6962.299056603773 
27267.567924528303 27295.78962264151 6397.2094339622645 6425.431132075471 6998.3792452830185 7026.600943396226 
27046.081132075473 27074.175471698112 6132.3122641509435 6160.406603773585 6948.156603773585 6976.250943396227 
27508.830188679247 27536.70283018868 6284.88679245283 6312.759433962264 6909.245283018868 6937.117924528302 
27544.502830188678 27572.65849056604 6458.696226415094 6486.851886792453 7118.153773584906 7146.309433962264 
27774.32641509434 27803.029245283018 6555.755660377358 6584.458490566038 7371.364150943396 7400.066981132076 
27021.922641509434 27049.70566037736 6535.932075471698 6563.715094339623 7048.25283018868 7076.035849056604 
27694.323584905662 27722.98867924528 6407.559433962264 6436.2245283018865 7249.568867924529 7278.233962264151 
27274.39528301887 27302.631132075472 6374.074528301887 6402.310377358491 7279.989622641509 7308.225471698113 
26619.749056603774 26647.758490566037 6316.918867924528 6344.928301886793 6678.767924528302 6706.777358490566 
27618.319811320755 27646.28679245283 6564.433018867924 6592.4 7117.131132075472 7145.098113207548 
27333.169811320753 27361.93396226415 6539.382075471698 6568.146226415094 7027.103773584906 7055.867924528302 
27420.803773584907 27449.138679245283 6207.600943396226 6235.935849056604 6635.728301886793 6664.063207547169 
27100.87830188679 27129.180188679245 6380.227358490566 6408.529245283019 6939.104716981132 6967.406603773585 
27321.0 27349.79716981132 6365.523584905661 6394.320754716981 7454.632075471698 7483.429245283019 
