19127.046666666665 19155.773333333334 4091.673333333333 4120.4 4828.113333333334 4856.84 
19001.318666666666 19029.892 4127.965333333334 4156.538666666666 4793.425333333334 4821.998666666666 
18243.502666666667 18271.649333333335 4053.849333333333 4081.996 4464.582666666666 4492.729333333334 
18810.332 18838.432 3915.4186666666665 3943.518666666667 4541.158666666666 4569.258666666667 
18466.305333333334 18494.312 3839.478666666667 3867.4853333333335 4438.678666666667 4466.685333333333 
18738.789333333334 18767.156 4097.362666666667 4125.729333333334 4335.336 4363.702666666667 
18892.092 18921.118666666665 4050.512 4079.538666666667 4821.025333333333 4850.052 
18841.612 18870.298666666666 4132.725333333334 4161.412 4484.092 4512.778666666667 
18872.629333333334 18901.416 4289.269333333334 4318.056 5024.656 5053.442666666667 
18772.913333333334 18801.28 4058.266666666667 4086.633333333333 4210.02 4238.386666666666 
18545.416 18573.216 3937.0026666666668 3964.8026666666665 4760.442666666667 4788.242666666667 
18801.476 18829.802666666666 4103.7626666666665 4132.089333333333 4353.942666666667 4382.269333333334 
18708.74 18736.74 4014.06 4042.06 4219.286666666667 4247.286666666667 
19084.006666666668 19113.2 4235.066666666667 4264.26 4663.62 4692.8133333333335 
19032.988 19061.681333333334 4230.788 4259.481333333333 4704.601333333333 4733.294666666667 
18768.124 18796.317333333332 3946.324 3974.517333333333 4432.857333333333 4461.050666666667 
18373.16 18400.64 3814.826666666667 3842.306666666667 4361.413333333333 4388.893333333333 
18649.721333333335 18678.001333333334 3897.1213333333335 3925.4013333333332 4383.281333333333 4411.561333333333 
19017.873333333333 19046.52 4024.4933333333333 4053.14 4259.206666666667 4287.8533333333335 
18901.104 18929.670666666665 3982.4306666666666 4010.9973333333332 4570.797333333333 4599.364 
18347.812 18376.198666666667 3948.732 3977.1186666666667 4570.638666666667 4599.025333333333 
18907.754666666668 18936.588 4062.208 4091.041333333333 4389.541333333334 4418.374666666667 
18527.130666666668 18555.050666666666 3879.0906666666665 3907.0106666666666 4291.997333333334 4319.917333333334 
18669.662666666667 18697.856 4000.756 4028.9493333333335 4480.089333333333 4508.282666666667 
18747.664 18775.964 4140.604 4168.904 4503.997333333334 4532.297333333333 
18969.570666666667 18998.090666666667 3991.764 4020.284 4570.117333333334 4598.637333333333 
18863.345333333335 18891.572 3981.0653333333335 4009.292 4403.012 4431.238666666667 
18455.704 18483.630666666668 3946.8773333333334 3974.804 4196.797333333333 4224.724 
18645.126666666667 18673.053333333333 4087.58 4115.506666666667 4388.233333333334 4416.16 
19009.22266666667 19037.749333333333 4125.856 4154.382666666666 4628.062666666667 4656.589333333333 
18885.197333333334 18913.524 3959.150666666667 3987.4773333333333 4850.557333333333 4878.884 
19078.994666666666 19107.514666666666 3980.134666666667 4008.654666666667 4519.794666666667 4548.314666666667 
18551.28 18579.68 4179.3133333333335 4207.713333333333 4528.2266666666665 4556.626666666667 
18898.56 18927.493333333332 4094.1866666666665 4123.12 4497.1466666666665 4526.08 
19083.412 19112.432 4096.285333333333 4125.305333333334 4463.412 4492.432 
18957.496 18986.116 3855.442666666667 3884.0626666666667 4553.042666666666 4581.662666666667 
18496.166666666668 18524.3 3922.3733333333334 3950.5066666666667 4486.94 4515.073333333334 
18935.95466666667 18964.034666666666 4018.3013333333333 4046.3813333333333 4491.528 4519.608 
18933.268 18961.814666666665 4087.7746666666667 4116.321333333333 5029.134666666667 5057.681333333333 
18879.156 18907.229333333333 3956.882666666667 3984.956 4330.582666666666 4358.656 
18655.632 18683.845333333335 4121.618666666666 4149.832 4397.0053333333335 4425.218666666667 
18636.590666666667 18665.537333333334 4045.364 4074.3106666666667 4484.750666666667 4513.6973333333335 
19192.737333333334 19221.624 4213.150666666666 4242.037333333334 4399.644 4428.530666666667 
18340.726666666666 18368.94 4078.6466666666665 4106.86 4370.113333333334 4398.326666666667 
18416.782666666666 18444.976 3973.296 4001.4893333333334 4624.649333333334 4652.842666666666 
18827.636 18855.996 4126.202666666667 4154.562666666667 4605.862666666667 4634.222666666667 
19410.122666666666 19439.576 4176.289333333333 4205.742666666667 4592.202666666667 4621.656 
18975.068 19003.894666666667 4251.181333333333 4280.008 4615.281333333333 4644.108 
19011.906666666666 19040.76 3923.24 3952.0933333333332 4413.386666666666 4442.24 
18588.814666666665 18616.661333333333 4038.6213333333335 4066.468 4758.094666666667 4785.941333333333 
