47972.654246575345 48000.974794520545 12239.10904109589 12267.429589041096 13143.670684931507 13171.991232876713 
48321.82904109589 48350.201643835615 12430.946849315069 12459.319452054795 13287.272876712328 13315.645479452054 
47612.32 47640.10904109589 12208.002191780823 12235.791232876712 13225.895342465754 13253.684383561644 
47962.313424657536 47990.79561643836 12170.891506849315 12199.373698630137 13324.387397260274 13352.869589041096 
48659.82356164383 48688.14410958904 12218.133150684931 12246.453698630137 12959.749589041096 12988.070136986302 
48196.64054794521 48225.15561643836 12001.213150684931 12029.728219178081 12936.780273972603 12965.295342465753 
48417.91671232877 48446.437260273975 12386.448219178083 12414.968767123288 13176.412602739727 13204.933150684932 
47801.18191780822 47829.63945205479 12117.806575342465 12146.264109589041 13205.447671232876 13233.905205479452 
48453.02191780822 48481.65753424657 12295.438356164384 12324.07397260274 13456.268493150685 13484.90410958904 
47722.30849315068 47750.59616438356 12281.620821917808 12309.908493150684 13268.185205479453 13296.472876712329 
47961.73917808219 47990.3501369863 12357.276164383562 12385.887123287672 12904.40493150685 12933.01589041096 
48262.06465753425 48290.77150684931 12385.319452054795 12414.026301369862 13818.856438356164 13847.563287671233 
47955.96657534246 47984.437808219176 12517.985753424657 12546.45698630137 13733.739178082193 13762.210410958904 
48647.20219178082 48675.78301369863 12288.980273972602 12317.56109589041 13218.563835616438 13247.144657534247 
48123.53534246575 48151.65863013699 12282.721643835617 12310.84493150685 12992.113424657535 13020.236712328768 
47386.34794520548 47413.838356164386 12018.468493150685 12045.95890410959 12553.276712328767 12580.767123287671 
48753.231780821916 48781.75232876712 11932.459178082192 11960.979726027397 13529.601643835616 13558.122191780822 
48312.65589041096 48340.90520547945 12303.042191780822 12331.291506849315 13178.653150684931 13206.902465753425 
48723.73095890411 48752.5693150685 12478.18301369863 12507.021369863014 13634.341917808219 13663.180273972603 
48416.181369863014 48444.75397260274 12308.693698630137 12337.266301369864 13125.537534246576 13154.1101369863 
48646.98849315068 48675.489863013696 12216.851506849314 12245.352876712328 13294.596712328766 13323.09808219178 
47970.83561643836 47999.13150684931 12055.117808219178 12083.413698630136 13777.402739726027 13805.698630136987 
48235.02849315068 48263.231232876715 11999.77095890411 12027.973698630138 13155.10794520548 13183.310684931506 
48646.86465753425 48675.05369863014 12272.500273972602 12300.689315068494 13650.85095890411 13679.04 
48205.15671232877 48233.419726027394 12277.871780821917 12306.134794520547 13065.02794520548 13093.29095890411 
48129.76109589041 48157.955616438354 12129.424109589041 12157.618630136987 13210.09808219178 13238.292602739726 
47579.84657534247 47607.61095890411 12119.698630136987 12147.46301369863 13261.071232876713 13288.835616438357 
47610.530958904106 47638.61863013699 12104.933698630137 12133.021369863014 13652.024109589041 13680.111780821917 
48014.965479452054 48043.157260273976 12049.64493150685 12077.836712328766 12904.62301369863 12932.814794520547 
48461.92054794521 48490.56712328767 12162.153424657534 12190.8 13350.575342465754 13379.22191780822 
48690.46794520548 48719.29534246575 12267.213150684931 12296.040547945206 13704.333698630136 13733.161095890411 
48110.685479452055 48138.92657534246 12324.992328767123 12353.233424657534 13103.641643835617 13131.882739726027 
48088.42904109589 48116.44273972603 12217.872876712328 12245.886575342465 13674.946849315069 13702.960547945206 
48516.890410958906 48545.27671232877 12061.816438356165 12090.202739726028 13262.021917808219 13290.408219178082 
48150.4602739726 48178.58904109589 12130.679452054794 12158.808219178081 13293.5698630137 13321.698630136987 
48598.417534246575 48626.77369863014 12158.395616438356 12186.751780821918 13077.105205479453 13105.461369863013 
48739.93643835616 48768.20493150685 12049.467945205479 12077.736438356163 13200.591232876712 13228.859726027396 
48744.04931506849 48772.77534246576 12284.216438356165 12312.942465753425 13289.51506849315 13318.241095890411 
47788.20493150685 47815.8898630137 12437.796712328767 12465.481643835616 13050.218630136986 13077.903561643836 
47898.17589041096 47926.43616438356 12245.21698630137 12273.477260273972 13225.723835616438 13253.98410958904 
49231.913424657534 49260.56547945205 12421.68602739726 12450.338082191782 13123.932602739726 13152.584657534246 
48146.81753424658 48175.168219178086 12443.620273972603 12471.97095890411 13842.573698630136 13870.924383561643 
49407.881095890414 49436.53863013699 12194.519452054794 12223.17698630137 13769.752328767123 13798.409863013698 
48269.241643835616 48297.39506849315 11899.682739726028 11927.836164383561 13092.093698630137 13120.24712328767 
48295.81150684931 48324.293698630136 12178.929315068493 12207.411506849316 13833.90191780822 13862.38410958904 
47443.56821917808 47471.39835616438 12261.710684931506 12289.540821917808 13538.009315068493 13565.839452054795 
48621.498630136986 48649.97808219178 12335.764383561644 12364.243835616438 13687.364383561644 13715.843835616439 
48062.45589041096 48090.716164383564 11977.524383561644 12005.784657534246 13050.23397260274 13078.494246575343 
48230.499178082195 48258.97041095891 12467.466301369863 12495.937534246576 13212.238904109588 13240.710136986301 
48913.78575342466 48942.191232876714 12091.311780821918 12119.717260273972 13731.048767123288 13759.454246575342 
