25081.01875 25109.294791666667 5553.664583333333 5581.940625 6382.6125 6410.888541666666 
24323.707291666666 24351.311458333334 5446.457291666667 5474.061458333334 6095.186458333334 6122.790625 
24700.780208333334 24729.384375 5812.707291666667 5841.311458333334 6452.373958333334 6480.978125 
24836.134375 24864.629166666666 5621.972916666667 5650.467708333334 6451.988541666667 6480.483333333334 
24574.307291666668 24603.067708333332 5757.171875 5785.932291666667 6238.286458333333 6267.046875 
23765.804166666665 23793.819791666665 5472.965625 5500.98125 6451.647916666667 6479.663541666667 
24367.028125 24395.439583333333 5524.095833333334 5552.507291666667 6133.892708333334 6162.304166666667 
24630.614583333332 24659.390625 5682.098958333333 5710.875 6387.21875 6415.994791666667 
24414.170833333334 24442.134375 5637.873958333334 5665.8375 5795.15 5823.113541666667 
24474.830208333333 24502.663541666665 5535.158333333334 5562.991666666667 6080.621875 6108.455208333334 
24591.929166666665 24620.741666666665 5700.465625 5729.278125 6761.689583333334 6790.502083333334 
24475.589583333334 24503.907291666666 5449.469791666666 5477.7875 6051.81875 6080.136458333333 
24830.514583333334 24858.80625 5853.655208333334 5881.946875 6137.160416666667 6165.452083333334 
24703.689583333333 24731.788541666665 5688.996875 5717.095833333334 6136.397916666667 6164.496875 
24097.457291666666 24125.847916666666 5607.639583333334 5636.030208333334 6498.446875 6526.8375 
23796.03125 23823.598958333332 5672.59375 5700.161458333333 6258.197916666667 6285.765625 
24485.798958333333 24513.715625 5623.965625 5651.882291666667 6554.694791666667 6582.611458333334 
24230.644791666666 24258.68125 5515.009375 5543.045833333334 6280.353125 6308.389583333334 
25018.634375 25047.389583333334 5844.045833333334 5872.801041666667 6613.498958333334 6642.254166666667 
24612.53125 24640.489583333332 5661.354166666667 5689.3125 6074.572916666667 6102.53125 
24856.894791666666 24885.155208333334 5625.873958333334 5654.134375 5990.623958333334 6018.884375 
24391.569791666665 24419.778125 5376.726041666667 5404.934375 6009.996875 6038.205208333334 
24252.752083333333 24281.439583333333 5647.147916666667 5675.835416666667 6060.16875 6088.85625 
24180.277083333334 24208.85 5804.35 5832.922916666666 5951.63125 5980.204166666666 
24414.985416666666 24443.277083333334 5567.808333333333 5596.1 6230.183333333333 6258.475 
24396.73125 24425.101041666665 5595.939583333334 5624.309375 6086.960416666667 6115.330208333334 
24497.416666666668 24526.119791666668 5689.317708333333 5718.020833333333 6517.40625 6546.109375 
24547.895833333332 24575.994791666668 5584.630208333333 5612.729166666667 6339.270833333333 6367.369791666667 
24703.822916666668 24731.96875 5716.421875 5744.567708333333 6624.572916666667 6652.71875 
24597.533333333333 24625.960416666665 5549.741666666667 5578.16875 6240.439583333334 6268.866666666667 
24805.161458333332 24833.713541666668 5542.90625 5571.458333333333 6255.619791666667 6284.171875 
24582.822916666668 24611.286458333332 5657.557291666667 5686.020833333333 6688.604166666667 6717.067708333333 
24323.452083333334 24351.988541666666 5632.004166666667 5660.540625 6000.941666666667 6029.478125 
24569.361458333333 24598.278125 5581.496875 5610.413541666667 6269.444791666667 6298.361458333334 
24245.052083333332 24272.598958333332 5534.802083333333 5562.348958333333 5921.385416666667 5948.932291666667 
24893.271875 24922.105208333334 5837.225 5866.058333333333 6373.448958333333 6402.282291666666 
24625.509375 24653.36875 5558.842708333334 5586.702083333334 6415.842708333334 6443.702083333334 
24562.145833333332 24589.989583333332 5750.114583333333 5777.958333333333 5857.65625 5885.5 
24356.235416666666 24384.35 5634.089583333333 5662.204166666666 6232.81875 6260.933333333333 
24553.435416666667 24581.930208333335 5561.169791666666 5589.664583333333 5904.695833333333 5933.190625 
24585.18125 24613.097916666666 5384.113541666667 5412.030208333334 6080.941666666667 6108.858333333334 
25017.079166666666 25045.271875 5524.740625 5552.933333333333 6179.422916666666 6207.615625 
23906.6375 23934.366666666665 5652.788541666667 5680.517708333334 6209.647916666667 6237.377083333334 
24813.7125 24841.967708333334 5458.780208333334 5487.035416666667 6237.420833333334 6265.676041666667 
24439.327083333334 24468.097916666666 5590.86875 5619.639583333334 6294.441666666667 6323.2125 
24514.60625 24543.554166666665 5633.017708333334 5661.965625 6533.147916666667 6562.095833333334 
24588.35 24616.407291666666 5774.339583333333 5802.396875 6456.7875 6484.844791666666 
24875.85 24904.021875 5624.855208333333 5653.027083333333 6245.745833333333 6273.917708333333 
24351.890625 24379.958333333332 5770.208333333333 5798.276041666667 5918.911458333333 5946.979166666667 
24650.58125 24678.919791666667 5601.664583333333 5630.003125 6149.320833333333 6177.659375 
