22322.20338983051 22350.38418079096 4859.423728813559 4887.604519774011 5543.553672316384 5571.734463276836 
22892.471186440678 22920.838418079096 4984.793220338983 5013.160451977401 5739.618079096045 5767.985310734463 
22634.115254237287 22662.318644067796 4934.883615819209 4963.087005649718 5535.589830508475 5563.793220338983 
22829.061016949152 22857.59209039548 5039.874576271186 5068.405649717514 5610.9762711864405 5639.507344632769 
22022.909604519773 22051.090395480227 5051.118644067797 5079.299435028249 5415.446327683616 5443.627118644068 
22658.24293785311 22686.915254237287 5049.627118644068 5078.299435028249 5406.937853107344 5435.610169491525 
22926.34011299435 22955.102824858757 5071.215819209039 5099.978531073446 5829.8937853107345 5858.656497175141 
22282.50734463277 22311.04406779661 5107.987570621469 5136.524293785311 5533.518644067796 5562.055367231638 
23089.48361581921 23118.302824858758 5123.907344632768 5152.726553672316 6124.167231638418 6152.986440677966 
22674.650847457626 22702.75254237288 4971.323163841808 4999.424858757062 5547.88813559322 5575.989830508474 
22492.75706214689 22521.20338983051 5140.604519774011 5169.050847457627 5629.38418079096 5657.830508474576 
22242.10056497175 22269.936723163843 5016.010169491526 5043.8463276836155 6081.394350282486 6109.230508474577 
22419.66779661017 22448.25536723164 4961.865536723164 4990.453107344632 5610.509604519774 5639.097175141243 
22242.414689265537 22270.32429378531 4942.883615819209 4970.793220338983 5826.996610169492 5854.906214689266 
22762.352542372882 22790.714124293787 5122.284745762712 5150.646327683616 5825.329943502825 5853.691525423729 
22168.905084745762 22196.989830508475 5014.933333333333 5043.018079096045 5308.4135593220335 5336.498305084746 
22508.057627118644 22536.79209039548 4989.453107344632 5018.187570621469 5767.351412429379 5796.085875706215 
21697.94350282486 21725.158192090395 4940.079096045198 4967.293785310734 5361.9717514124295 5389.186440677966 
22944.225988700564 22972.785310734464 5025.71186440678 5054.271186440678 5794.514124293785 5823.073446327684 
23132.949152542373 23161.27683615819 4962.542372881356 4990.870056497175 5284.920903954802 5313.248587570622 
22818.90395480226 22847.401129943504 5184.830508474576 5213.327683615819 5906.593220338983 5935.090395480226 
22349.439548022598 22377.53559322034 5117.558192090395 5145.654237288136 5742.49604519774 5770.59209039548 
22318.790960451977 22346.858757062146 5172.994350282486 5201.062146892656 5941.813559322034 5969.881355932203 
22716.35593220339 22744.898305084746 5255.525423728814 5284.067796610169 5908.870056497175 5937.412429378531 
22448.189830508476 22476.071186440677 5163.856497175141 5191.737853107345 5555.754802259887 5583.63615819209 
22897.558192090397 22926.4 4952.795480225988 4981.637288135593 5565.123163841808 5593.964971751412 
23110.4 23139.575141242938 5148.552542372881 5177.727683615819 5821.027118644068 5850.202259887005 
22787.805649717513 22816.506214689267 5182.172881355932 5210.873446327683 6123.732203389831 6152.432768361582 
22696.572881355933 22725.262146892655 5149.510734463277 5178.2 5646.183050847458 5674.8723163841805 
22216.054237288135 22243.96384180791 5167.99209039548 5195.901694915255 5593.099435028249 5621.009039548023 
22391.589830508474 22419.714124293787 5078.9457627118645 5107.070056497175 5259.674576271186 5287.798870056497 
22156.01694915254 22183.971751412428 4937.5649717514125 4965.5197740113 5645.502824858757 5673.457627118644 
22515.422598870056 22544.066666666666 5188.5694915254235 5217.213559322034 5796.806779661017 5825.450847457627 
22287.249717514125 22315.66779661017 5066.978531073446 5095.396610169491 5453.289265536723 5481.707344632769 
22640.802259887005 22669.169491525423 4988.576271186441 5016.943502824859 5781.497175141243 5809.864406779661 
22079.598870056496 22107.68361581921 4949.734463276836 4977.819209039548 5430.079096045198 5458.163841807909 
22543.23276836158 22571.51525423729 5150.402259887006 5178.684745762712 5742.910734463277 5771.193220338983 
22861.323163841807 22889.758192090394 5033.859887005649 5062.294915254237 5835.588700564972 5864.0237288135595 
22526.63615819209 22554.867796610168 4871.760451977401 4899.99209039548 5726.551412429379 5754.783050847458 
22658.574011299435 22686.70395480226 4965.308474576271 4993.438418079096 5849.935593220339 5878.065536723164 
22144.9209039548 22172.57627118644 5024.463276836158 5052.118644067797 5400.0 5427.655367231639 
22650.07231638418 22678.50734463277 5076.94802259887 5105.3830508474575 5654.100564971752 5682.535593220339 
22773.5197740113 22802.31638418079 5113.932203389831 5142.728813559322 5520.937853107344 5549.734463276836 
22660.95141242938 22689.375141242937 5056.318644067796 5084.742372881356 5358.640677966102 5387.064406779661 
22568.4 22596.75593220339 5135.648587570621 5164.004519774011 5606.631638418079 5634.987570621469 
22773.585310734463 22801.946892655367 4985.70395480226 5014.065536723164 5659.839548022599 5688.201129943503 
22327.430508474576 22355.69604519774 5062.198870056497 5090.464406779661 5726.419209039548 5754.684745762712 
22699.01581920904 22727.38870056497 5089.292655367231 5117.665536723164 5378.580790960452 5406.953672316384 
22066.350282485877 22094.46327683616 4957.604519774011 4985.717514124294 5769.079096045198 5797.192090395481 
22283.894915254237 22311.957062146892 4996.211299435028 5024.273446327684 5856.22824858757 5884.290395480226 
