49588.75555555556 49616.89312169312 12771.692063492064 12799.82962962963 13455.237037037037 13483.374603174603 
49442.22857142857 49470.16243386243 12434.678306878306 12462.61216931217 13849.995767195767 13877.929629629629 
50626.79682539683 50655.13809523809 12788.37619047619 12816.71746031746 13790.07724867725 13818.418518518518 
50187.41428571429 50215.75555555556 12855.943386243387 12884.284656084656 14609.049206349206 14637.390476190476 
49511.229629629626 49539.414814814816 12617.086772486773 12645.271957671957 13921.801058201057 13949.986243386244 
50510.3291005291 50538.95873015873 13041.948148148149 13070.577777777778 14453.128042328042 14481.757671957672 
49568.14021164021 49596.420634920636 12731.73544973545 12760.015873015873 13131.378306878307 13159.65873015873 
50582.195238095235 50610.68201058201 12850.70052910053 12879.1873015873 14156.920105820105 14185.406878306878 
49222.06349206349 49250.22222222222 12529.817460317461 12557.97619047619 13858.328042328043 13886.486772486773 
49741.65608465608 49769.62169312169 13046.584656084657 13074.550264550264 13856.761904761905 13884.727513227514 
49728.642328042326 49756.61058201058 12732.560317460317 12760.528571428571 14006.171428571428 14034.139682539682 
49823.74603174603 49852.3253968254 12646.568783068784 12675.148148148148 13662.851851851852 13691.431216931216 
49664.741798941795 49692.8291005291 12629.016931216931 12657.104232804233 14183.27619047619 14211.363492063492 
50057.13015873016 50085.862962962965 12943.971428571429 12972.704232804233 14053.368253968254 14082.101058201059 
50483.48412698413 50511.87566137566 12502.775132275132 12531.166666666666 13810.685185185184 13839.07671957672 
50219.939153439154 50248.21693121693 12686.513227513227 12714.791005291005 13717.71164021164 13745.989417989418 
50091.50211640212 50120.06825396825 12508.824867724868 12537.391005291005 14027.962433862434 14056.528571428571 
50330.33597883598 50359.14021164021 12913.997354497355 12942.801587301587 13658.452380952382 13687.256613756614 
50099.83015873016 50128.44126984127 12704.155555555555 12732.766666666666 13787.179365079364 13815.790476190476 
49041.28571428572 49069.01587301587 12773.949735449736 12801.679894179893 13785.671957671957 13813.402116402116 
50376.602116402115 50405.20264550264 12861.575661375662 12890.17619047619 14104.68148148148 14133.28201058201 
50102.11058201058 50130.48888888889 12678.020634920635 12706.398941798941 13786.51798941799 13814.896296296296 
49741.09788359788 49769.5582010582 12903.685185185184 12932.145502645502 14116.346560846561 14144.806878306877 
51232.43015873016 51261.461904761905 12776.168253968253 12805.2 14306.202645502646 14335.234391534392 
49507.25132275133 49535.49206349206 12485.082010582011 12513.322751322752 13714.60582010582 13742.846560846561 
50582.33227513228 50610.96984126984 12736.268783068783 12764.906349206349 14148.263492063492 14176.901058201058 
49795.65343915344 49823.68518518518 12931.015873015873 12959.047619047618 13401.484126984127 13429.515873015873 
49033.3582010582 49061.21534391534 12650.22328042328 12678.080423280424 13342.643915343915 13370.501058201058 
49144.718518518515 49172.88518518519 12796.51746031746 12824.684126984126 13799.348148148149 13827.514814814815 
50657.16243386243 50685.78941798942 13149.551322751322 13178.178306878306 14205.273544973545 14233.900529100529 
50382.94761904762 50411.20952380952 12745.18835978836 12773.450264550265 13811.143386243386 13839.40529100529 
50356.04232804233 50384.798941798945 12794.322751322752 12823.079365079366 14339.677248677248 14368.433862433862 
50421.1746031746 50449.608465608464 12810.156084656084 12838.589947089948 13824.867724867725 13853.301587301587 
49777.52380952381 49805.74867724867 12568.174603174602 12596.39947089947 13529.973544973545 13558.198412698413 
50100.59841269841 50128.82328042328 12668.865608465609 12697.090476190477 13755.783597883597 13784.008465608465 
50400.83492063492 50429.15767195767 12425.371957671958 12453.69470899471 13876.178835978835 13904.501587301587 
49879.59788359788 49907.735449735446 12678.846560846561 12706.984126984127 13571.698412698413 13599.83597883598 
50377.973015873016 50406.49947089947 12727.785185185185 12756.31164021164 14246.978306878307 14275.504761904762 
49543.46666666667 49571.572486772486 12712.315873015874 12740.421693121692 13717.720634920635 13745.826455026456 
49735.248148148145 49763.62645502645 12988.372486772487 13016.750793650794 13794.650264550264 13823.028571428571 
49678.24867724867 49706.21957671957 12792.671957671957 12820.642857142857 13841.492063492064 13869.462962962964 
49862.113756613755 49890.65079365079 12922.582010582011 12951.119047619048 14201.082010582011 14229.619047619048 
49748.93703703704 49777.15925925926 12539.40529100529 12567.627513227513 14317.974074074074 14346.196296296297 
49654.526455026455 49682.59259259259 12701.510582010582 12729.57671957672 13952.425925925925 13980.492063492064 
50245.92433862434 50274.23915343915 12719.530158730158 12747.844973544974 13752.501058201058 13780.815873015874 
50023.30582010582 50051.655026455024 12573.2291005291 12601.578306878308 13531.739682539683 13560.08888888889 
50297.72857142857 50325.61746031746 12906.527513227513 12934.416402116402 13945.262962962963 13973.151851851851 
51365.02169312169 51393.701587301584 12844.47671957672 12873.156613756613 14161.143386243386 14189.823280423281 
49724.56031746032 49753.0126984127 12790.102645502646 12818.555026455026 14048.480952380953 14076.933333333332 
50093.52804232804 50121.89047619048 12783.914285714285 12812.27671957672 13951.898412698412 13980.260846560846 
