43200.67696969697 43228.767878787876 10572.119393939394 10600.210303030302 11586.725454545454 11614.816363636364 
43046.47696969697 43074.62545454546 10985.961818181819 11014.110303030304 12001.586060606061 12029.734545454545 
42886.40606060606 42914.44242424242 11048.854545454546 11076.89090909091 12038.787878787878 12066.824242424242 
43630.35696969697 43658.93575757576 10861.229696969696 10889.808484848485 11593.023636363636 11621.602424242425 
43391.80121212121 43419.85575757576 10808.404242424242 10836.458787878788 11778.637575757575 11806.692121212121 
43657.85636363636 43686.25636363636 11061.32303030303 11089.72303030303 12153.826060606061 12182.22606060606 
43796.25636363636 43824.53212121212 10910.565454545454 10938.841212121211 12338.032121212122 12366.307878787879 
43349.46484848485 43377.64666666667 10843.867878787878 10872.049696969698 11413.834545454545 11442.016363636363 
43486.27393939394 43514.58909090909 10762.592121212121 10790.907272727272 11679.431515151515 11707.746666666666 
43957.024242424246 43985.35151515152 10867.209090909091 10895.536363636364 11922.866666666667 11951.19393939394 
44378.20303030303 44406.88787878788 10824.539393939394 10853.224242424243 11735.081818181818 11763.766666666666 
43020.20181818182 43048.232121212124 10751.41090909091 10779.441212121212 11583.735151515151 11611.765454545455 
43321.3303030303 43349.82121212121 10764.878787878788 10793.369696969698 11858.154545454545 11886.645454545454 
43162.846666666665 43191.07696969697 11158.219393939395 11186.449696969697 11265.67696969697 11293.907272727272 
43239.037575757575 43267.33454545455 10644.704242424243 10673.001212121213 11778.207272727273 11806.504242424242 
43493.97212121212 43522.387272727276 10849.387272727272 10877.802424242424 11858.36606060606 11886.781212121212 
42599.43151515152 42627.33757575758 10611.761818181818 10639.667878787879 11871.219393939395 11899.125454545454 
42914.05757575758 42942.13333333333 10964.287878787878 10992.363636363636 11717.221212121212 11745.29696969697 
43568.3503030303 43596.96848484848 10936.444242424242 10965.062424242424 12159.956363636364 12188.574545454545 
43224.77575757576 43253.05757575758 10737.40303030303 10765.684848484849 11743.036363636364 11771.318181818182 
43325.04242424243 43353.34545454545 10934.378787878788 10962.681818181818 11666.242424242424 11694.545454545454 
43267.6 43295.85151515152 10723.59696969697 10751.848484848484 11999.20606060606 12027.457575757575 
43435.33393939394 43463.82787878788 10780.706666666667 10809.200606060605 11472.297575757575 11500.791515151515 
43303.25878787879 43331.80121212121 11136.758787878787 11165.301212121212 11876.131515151515 11904.673939393939 
43499.868484848485 43528.24424242424 11065.42 11093.795757575757 12194.565454545454 12222.941212121212 
43384.02484848485 43412.12181818182 10850.897575757575 10878.994545454545 11817.067272727272 11845.164242424242 
43196.922424242424 43225.252727272724 10834.628484848485 10862.958787878788 11628.407272727272 11656.737575757576 
43521.10666666667 43549.75818181818 11044.400606060606 11073.052121212122 12122.585454545455 12151.236969696969 
43626.066666666666 43655.106060606064 11172.89393939394 11201.933333333332 12236.878787878788 12265.918181818182 
43026.32787878788 43054.60666666667 11083.197575757576 11111.476363636364 11535.54606060606 11563.824848484848 
43281.09393939394 43309.163636363635 10628.336363636363 10656.406060606061 11846.754545454545 11874.824242424242 
43794.419393939395 43822.864848484845 11016.258787878787 11044.704242424243 12406.98303030303 12435.428484848484 
43444.97090909091 43473.961818181815 11283.619393939394 11312.610303030304 12456.534545454546 12485.525454545455 
43426.21515151515 43454.67575757576 10926.436363636363 10954.896969696969 11741.906060606061 11770.366666666667 
43112.22787878788 43140.05818181818 10934.579393939393 10962.409696969697 12206.003636363637 12233.833939393939 
43045.74848484848 43074.11212121212 10735.10606060606 10763.469696969696 12219.330303030303 12247.69393939394 
44868.019393939394 44897.02545454545 10740.628484848485 10769.634545454546 12004.49212121212 12033.498181818182 
43447.98181818182 43476.142424242425 10765.418181818182 10793.578787878789 11162.430303030304 11190.59090909091 
43924.21575757576 43952.29151515151 10696.824848484848 10724.900606060606 11684.506666666666 11712.582424242424 
43572.69696969697 43601.08484848485 11014.481818181817 11042.869696969698 12331.848484848484 12360.236363636364 
43950.25454545455 43979.13333333333 10896.372727272726 10925.251515151514 11712.71515151515 11741.593939393939 
43146.695757575755 43174.85636363636 10782.495757575758 10810.656363636364 11878.744242424242 11906.904848484848 
42997.06606060606 43025.15090909091 10564.417575757576 10592.502424242424 11291.441818181818 11319.526666666667 
43793.998181818184 43822.15878787879 11104.710303030302 11132.870909090909 11977.28303030303 12005.443636363636 
43449.62848484849 43478.0103030303 11010.655757575758 11039.037575757577 11891.907272727272 11920.289090909091 
43535.63878787879 43564.14787878788 10952.753939393939 10981.263030303031 12247.353939393939 12275.86303030303 
43579.38848484848 43607.970303030306 10948.382424242423 10976.964242424243 12988.224848484848 13016.806666666667 
42850.972727272725 42878.8606060606 10878.675757575758 10906.563636363637 11995.89393939394 12023.781818181818 
44583.05272727273 44611.88303030303 11005.307272727272 11034.137575757575 12296.998181818182 12325.828484848485 
43822.785454545454 43851.206666666665 10951.982424242424 10980.403636363637 12087.518787878787 12115.94 
