49381.22540540541 49409.66594594595 12540.411891891892 12568.852432432432 13903.863243243244 13932.303783783784 
48840.82432432433 48869.03243243243 12637.194594594595 12665.402702702702 13583.862162162162 13612.070270270271 
49161.74648648649 49190.01945945946 12475.397837837838 12503.67081081081 13830.54108108108 13858.814054054053 
48938.0627027027 48966.00864864865 12405.162702702703 12433.10864864865 13269.36 13297.305945945945 
48528.6427027027 48556.54810810811 12304.675135135136 12332.58054054054 13661.307567567568 13689.212972972973 
48297.0 48324.813513513516 12277.105405405406 12304.918918918918 13201.87027027027 13229.683783783783 
48690.854594594595 48718.95189189189 12474.41945945946 12502.516756756757 13326.038378378378 13354.135675675676 
49616.00972972973 49644.55837837838 12172.831351351351 12201.38 13846.171891891892 13874.72054054054 
48531.33081081081 48559.37405405405 12321.557837837838 12349.60108108108 13538.77945945946 13566.822702702702 
49440.843783783785 49469.17351351352 12296.508648648649 12324.83837837838 13402.00054054054 13430.33027027027 
48813.70594594595 48842.14108108108 12517.097837837839 12545.532972972973 13807.846486486487 13836.281621621622 
49655.744864864864 49684.32864864865 12418.585405405405 12447.16918918919 13122.328648648649 13150.912432432433 
48792.18918918919 48820.321621621624 12268.032432432432 12296.164864864864 13471.545945945945 13499.678378378378 
48411.83513513514 48440.07297297297 12626.545945945945 12654.783783783783 14126.262162162162 14154.5 
49162.75837837838 49191.14216216216 12537.38 12565.763783783785 13634.471891891892 13662.855675675675 
49177.83891891892 49206.44432432432 12386.511891891892 12415.117297297298 13746.244324324325 13774.849729729729 
48172.263243243244 48200.274054054054 12491.182162162162 12519.192972972973 13034.706486486486 13062.717297297297 
49026.86 49055.29783783784 12456.58972972973 12485.027567567568 13913.395135135135 13941.832972972972 
49674.04108108108 49702.97351351351 12699.16 12728.092432432433 14327.143783783784 14356.076216216215 
48850.47783783784 48878.51027027027 12447.167027027028 12475.19945945946 13615.083243243243 13643.115675675675 
48031.82864864865 48059.91243243243 12314.758378378378 12342.842162162162 13529.936756756757 13558.020540540541 
48718.92918918919 48747.23189189189 12461.658918918918 12489.961621621622 13476.534594594594 13504.837297297297 
48740.79783783784 48769.16810810811 12430.476216216217 12458.846486486487 13146.522162162162 13174.892432432433 
48582.48054054054 48610.84 12314.434594594595 12342.794054054055 13295.653513513513 13324.012972972972 
48538.545945945945 48567.04864864865 12531.067567567568 12559.570270270271 13284.481081081081 13312.983783783784 
48328.47135135135 48356.58756756757 12359.530810810811 12387.647027027027 13342.774054054054 13370.89027027027 
49121.56324324325 49150.26864864865 12679.771351351352 12708.476756756756 13759.692972972973 13788.398378378379 
47763.8 47791.34054054054 12412.483783783784 12440.024324324324 13398.237837837838 13425.778378378378 
49434.413513513515 49463.14054054054 12342.37027027027 12371.097297297298 13261.035135135135 13289.762162162162 
48659.843783783785 48688.07351351351 12463.714054054055 12491.943783783783 13697.405945945946 13725.635675675676 
48788.86864864865 48817.12540540541 12468.579459459459 12496.836216216216 13465.684864864865 13493.941621621621 
49608.66 49637.34108108108 12454.546486486486 12483.227567567568 13055.854594594595 13084.535675675676 
47361.354594594595 47389.04108108108 12204.151891891892 12231.83837837838 13084.154594594595 13111.841081081082 
49818.50702702703 49847.155675675676 12478.993513513513 12507.642162162163 13682.28 13710.928648648649 
49563.59891891892 49592.09891891892 12439.661081081082 12468.161081081082 13534.252972972972 13562.752972972972 
48669.98972972973 48698.127567567564 12474.07081081081 12502.208648648648 13184.687027027026 13212.824864864864 
48933.256216216214 48961.62378378378 12208.142702702702 12236.51027027027 13826.277837837837 13854.645405405405 
48854.314594594594 48882.70918918919 12319.528108108108 12347.922702702703 13282.33081081081 13310.725405405405 
48797.80216216216 48825.891351351354 12270.856216216216 12298.945405405406 14144.591351351351 14172.680540540541 
49179.48432432432 49207.98432432432 12435.241081081082 12463.741081081082 13447.451891891891 13475.951891891891 
48571.83027027027 48599.873513513514 12467.735675675676 12495.778918918919 13299.035675675676 13327.078918918918 
49027.68702702703 49055.87891891892 12154.262702702703 12182.454594594594 13791.697837837837 13819.88972972973 
49104.54918918919 49133.076216216214 12471.716756756758 12500.243783783784 13590.214054054055 13618.741081081082 
48453.436216216214 48481.57405405406 12717.771351351352 12745.90918918919 13686.40918918919 13714.547027027027 
47942.34108108108 47970.44918918919 12502.797837837838 12530.905945945946 13332.924864864865 13361.032972972973 
49065.847027027026 49094.38216216216 12486.211891891891 12514.747027027028 13809.128108108109 13837.663243243243 
49121.634594594594 49149.80216216216 12476.837297297297 12505.004864864864 13670.937297297298 13699.104864864865 
48710.9345945946 48739.11297297297 12527.91837837838 12556.096756756757 13970.637297297297 13998.815675675676 
48401.48054054054 48429.66972972973 12459.05891891892 12487.248108108108 13784.545405405406 13812.734594594594 
48153.90972972973 48181.961081081085 12571.161081081082 12599.212432432432 13393.542162162163 13421.593513513513 
