25567.135353535352 25595.150505050504 5823.605050505051 5851.620202020202 6672.731313131313 6700.746464646465 
25458.643434343434 25486.941414141413 5717.249494949495 5745.547474747475 6427.976767676768 6456.2747474747475 
25864.8202020202 25893.3202020202 5927.557575757576 5956.057575757576 6877.113131313131 6905.613131313131 
25675.69898989899 25703.779797979798 5989.491919191919 6017.572727272727 6585.648484848485 6613.729292929293 
25655.21818181818 25684.233333333334 5960.465656565657 5989.480808080808 6363.10707070707 6392.122222222222 
25491.50101010101 25520.07676767677 5918.617171717172 5947.192929292929 6501.470707070707 6530.046464646464 
24590.558585858587 24618.427272727273 5839.563636363637 5867.432323232323 6541.306060606061 6569.174747474747 
25239.949494949495 25268.131313131315 5925.888888888889 5954.070707070707 6439.909090909091 6468.090909090909 
25376.258585858584 25404.637373737372 5812.319191919192 5840.69797979798 6048.046464646464 6076.425252525252 
25056.572727272727 25084.456565656565 5885.729292929293 5913.613131313131 6745.4414141414145 6773.325252525253 
24894.114141414142 24921.83131313131 5976.795959595959 6004.513131313131 6353.730303030303 6381.447474747475 
26059.964646464647 26089.060606060608 5965.550505050505 5994.646464646465 6266.015151515152 6295.111111111111 
25232.581818181818 25260.80909090909 5868.268686868687 5896.49595959596 6448.541414141414 6476.768686868687 
24889.12222222222 24917.27878787879 5626.470707070707 5654.627272727273 6518.728282828283 6546.884848484849 
25200.91414141414 25228.91919191919 5757.419191919192 5785.424242424242 6178.29797979798 6206.30303030303 
25234.3 25262.68888888889 5984.2747474747475 6012.663636363636 6551.027272727273 6579.416161616162 
25526.072727272727 25554.350505050505 5750.673737373738 5778.951515151515 6336.446464646465 6364.724242424242 
25716.39595959596 25744.911111111112 5876.815151515151 5905.330303030303 6494.042424242424 6522.557575757576 
25705.19191919192 25734.040404040403 5928.747474747474 5957.595959595959 6743.282828282829 6772.131313131313 
25616.823232323233 25644.934343434343 5731.888888888889 5760.0 6633.247474747474 6661.358585858586 
25954.425252525252 25983.354545454546 6102.965656565657 6131.894949494949 6618.49595959596 6647.425252525252 
25408.98888888889 25437.761616161617 5863.978787878787 5892.751515151515 6534.180808080808 6562.953535353536 
24732.338383838385 24759.944444444445 5895.954545454545 5923.560606060606 6479.459595959596 6507.065656565656 
25325.738383838383 25353.940404040404 5721.324242424243 5749.526262626263 6465.576767676767 6493.778787878788 
25684.737373737375 25713.176767676767 5826.813131313132 5855.252525252526 6425.767676767677 6454.207070707071 
25180.722222222223 25208.853535353537 5817.464646464647 5845.595959595959 6663.439393939394 6691.570707070707 
25191.339393939394 25219.465656565655 5863.829292929293 5891.955555555555 6210.561616161616 6238.687878787879 
24744.043434343435 24772.22525252525 5717.90202020202 5746.083838383838 6341.457575757576 6369.639393939394 
25540.052525252526 25568.71414141414 5922.0626262626265 5950.724242424242 6787.0020202020205 6815.663636363636 
25544.30707070707 25572.473737373737 5780.483838383839 5808.650505050505 6261.094949494949 6289.261616161616 
25157.916161616162 25186.20909090909 5697.3050505050505 5725.59797979798 6341.8656565656565 6370.158585858586 
25630.0 25658.383838383837 5938.267676767677 5966.651515151515 6588.50505050505 6616.888888888889 
25314.30909090909 25342.945454545454 5902.990909090909 5931.627272727273 6533.824242424243 6562.460606060606 
24815.41717171717 24843.634343434343 5501.5585858585855 5529.775757575758 6120.578787878788 6148.795959595959 
25242.664646464647 25271.18484848485 5952.5888888888885 5981.109090909091 6391.9070707070705 6420.427272727273 
25494.058585858587 25522.750505050506 5847.710101010101 5876.40202020202 6929.432323232323 6958.124242424243 
25696.575757575756 25725.41919191919 5841.585858585859 5870.429292929293 6654.313131313132 6683.156565656565 
25042.892929292928 25070.761616161617 5921.635353535354 5949.50404040404 6569.266666666666 6597.135353535354 
25483.643434343434 25512.163636363635 6057.986868686869 6086.507070707071 6904.8050505050505 6933.325252525253 
25270.3 25298.552525252526 5954.658585858586 5982.9111111111115 6683.5626262626265 6711.815151515151 
25159.010101010103 25186.636363636364 5835.141414141414 5862.767676767677 6250.636363636364 6278.262626262626 
25641.832323232324 25670.413131313133 5850.50404040404 5879.084848484848 6611.216161616162 6639.796969696969 
25469.650505050504 25498.049494949493 5763.908080808081 5792.307070707071 6295.610101010101 6324.009090909091 
25508.72525252525 25537.316161616163 5841.063636363637 5869.654545454546 6454.179797979798 6482.770707070707 
25864.577777777777 25892.759595959596 6003.724242424242 6031.90606060606 6267.729292929293 6295.9111111111115 
25564.570707070707 25593.61111111111 5910.979797979798 5940.020202020202 6413.449494949495 6442.489898989899 
25751.620202020204 25780.32222222222 5991.105050505051 6019.807070707071 6513.236363636363 6541.938383838384 
25402.528282828283 25431.18484848485 5828.826262626262 5857.482828282828 6490.629292929293 6519.2858585858585 
25634.640404040405 25662.640404040405 5822.170707070707 5850.170707070707 6445.357575757575 6473.357575757575 
25189.973737373737 25218.135353535352 5787.286868686869 5815.448484848484 6412.6 6440.761616161616 
