11540.169696969697 11567.876767676767 2186.8565656565656 2214.5636363636363 2330.5434343434345 2358.250505050505 
11784.888888888889 11812.939393939394 2045.4141414141413 2073.4646464646466 2200.2323232323233 2228.282828282828 
11752.826262626262 11780.78585858586 2104.866666666667 2132.8262626262626 2460.109090909091 2488.0686868686867 
11625.054545454546 11652.630303030302 2167.721212121212 2195.29696969697 2479.509090909091 2507.0848484848484 
11616.662626262627 11644.763636363636 1987.0969696969696 2015.1979797979798 2416.8343434343433 2444.9353535353534 
11524.69494949495 11552.40202020202 2015.0080808080809 2042.7151515151515 2120.2606060606063 2147.967676767677 
11866.713131313132 11894.632323232323 2177.7939393939396 2205.7131313131313 2386.420202020202 2414.339393939394 
11761.31111111111 11789.866666666667 2130.5333333333333 2159.088888888889 2504.9777777777776 2533.5333333333333 
11837.81212121212 11866.913131313131 2200.488888888889 2229.589898989899 2510.8121212121214 2539.913131313131 
11517.367676767677 11545.367676767677 2044.3373737373738 2072.3373737373736 2594.9333333333334 2622.9333333333334 
12270.050505050505 12298.818181818182 2183.6363636363635 2212.40404040404 2125.7373737373737 2154.5050505050503 
12295.169696969697 12324.775757575757 2171.3515151515153 2200.957575757576 2461.6646464646465 2491.270707070707 
11564.137373737374 11592.046464646464 2065.521212121212 2093.430303030303 2487.339393939394 2515.2484848484846 
11655.20606060606 11682.630303030302 2180.3070707070706 2207.731313131313 2192.589898989899 2220.0141414141412 
11801.931313131314 11829.810101010102 2117.658585858586 2145.537373737374 2709.941414141414 2737.820202020202 
11815.658585858586 11844.446464646464 2048.1737373737374 2076.9616161616163 2487.4868686868685 2516.2747474747475 
11988.852525252525 12017.165656565656 2144.5292929292928 2172.8424242424244 2272.418181818182 2300.731313131313 
11552.052525252526 11580.355555555556 2149.90101010101 2178.2040404040404 2437.012121212121 2465.3151515151517 
11643.840404040404 11672.20404040404 2108.3353535353535 2136.69898989899 2349.9313131313133 2378.2949494949494 
12098.290909090909 12126.69494949495 2249.078787878788 2277.4828282828285 2463.6545454545453 2492.058585858586 
11647.331313131313 11675.79595959596 2078.30101010101 2106.7656565656566 2304.189898989899 2332.6545454545453 
12132.818181818182 12161.959595959595 2036.3939393939395 2065.5353535353534 2304.161616161616 2333.3030303030305 
11262.773737373738 11291.379797979798 2189.4404040404042 2218.0464646464648 2251.430303030303 2280.0363636363636 
11467.713131313132 11495.642424242424 1962.5414141414142 1990.470707070707 2388.2282828282828 2416.1575757575756 
11853.89898989899 11882.080808080807 2159.4141414141413 2187.59595959596 2380.979797979798 2409.161616161616 
12135.272727272728 12163.939393939394 2202.010101010101 2230.6767676767677 2267.7070707070707 2296.373737373737 
11812.333333333334 11841.0 2100.030303030303 2128.6969696969695 2424.121212121212 2452.787878787879 
11849.353535353535 11877.111111111111 1982.2525252525252 2010.010101010101 2227.868686868687 2255.626262626263 
11654.759595959596 11683.082828282828 2059.6181818181817 2087.941414141414 2345.3151515151517 2373.638383838384 
11828.434343434343 11857.70707070707 2046.79797979798 2076.070707070707 2181.5353535353534 2210.808080808081 
11855.414141414141 11883.555555555555 2131.131313131313 2159.2727272727275 2316.6161616161617 2344.757575757576 
11365.951515151515 11394.60808080808 2237.2444444444445 2265.90101010101 2374.890909090909 2403.5474747474746 
12152.10909090909 12181.371717171718 2057.2 2086.462626262626 2621.2909090909093 2650.553535353535 
11488.541414141415 11516.248484848486 1972.2484848484848 1999.9555555555555 2192.1070707070708 2219.8141414141414 
11905.006060606062 11933.541414141415 2034.9555555555555 2063.490909090909 2322.4707070707072 2351.0060606060606 
12149.70707070707 12179.020202020201 2064.5656565656564 2093.878787878788 2495.838383838384 2525.151515151515 
11719.450505050505 11747.864646464646 2200.1878787878786 2228.6020202020204 2369.9252525252527 2398.339393939394 
11706.082828282828 11733.830303030303 2029.4868686868688 2057.2343434343434 2460.69898989899 2488.446464646465 
11604.9898989899 11633.565656565657 2063.191919191919 2091.7676767676767 2541.3838383838383 2569.959595959596 
11727.282828282829 11755.969696969696 2150.212121212121 2178.89898989899 2593.4949494949497 2622.181818181818 
12143.551515151516 12172.50101010101 2147.5616161616163 2176.511111111111 2495.581818181818 2524.5313131313133 
11903.971717171717 11932.557575757575 2280.5878787878787 2309.1737373737374 2341.0929292929295 2369.6787878787877 
12026.224242424243 12054.375757575757 2078.2646464646464 2106.4161616161614 2286.6181818181817 2314.769696969697 
12298.171717171717 12327.68686868687 2132.020202020202 2161.5353535353534 2287.878787878788 2317.3939393939395 
11982.278787878788 12011.056565656565 2372.612121212121 2401.389898989899 2691.0969696969696 2719.8747474747474 
11708.945454545454 11737.18787878788 2088.8848484848486 2117.1272727272726 2454.1272727272726 2482.369696969697 
11760.61616161616 11788.939393939394 2187.212121212121 2215.5353535353534 2501.6161616161617 2529.939393939394 
12053.351515151515 12081.917171717172 2047.270707070707 2075.836363636364 2411.9474747474746 2440.5131313131315 
11602.781818181818 11630.711111111112 2066.2363636363634 2094.1656565656567 2617.357575757576 2645.2868686868687 
11724.557575757575 11752.69898989899 2192.5575757575757 2220.69898989899 2452.00202020202 2480.1434343434344 
