5292.476 5321.276 419.536 448.336 658.676 687.476 
4914.816 4943.296 305.136 333.616 413.496 441.976 
4836.768 4863.868 433.328 460.428 540.128 567.228 
4975.904 5004.904 434.504 463.504 522.784 551.784 
5111.424 5138.884 543.624 571.084 799.504 826.964 
5269.368 5298.628 569.888 599.148 641.128 670.388 
5068.408 5096.028 379.748 407.368 486.048 513.668 
5138.276 5167.056 407.016 435.796 666.796 695.576 
4575.444 4602.984 371.004 398.544 543.844 571.384 
5346.48 5375.64 340.68 369.84 438.76 467.92 
5056.012 5084.292 570.612 598.892 643.932 672.212 
4904.952 4933.232 322.732 351.012 477.792 506.072 
5205.596 5234.456 436.016 464.876 676.636 705.496 
4900.98 4928.48 372.78 400.28 608.58 636.08 
5194.208 5223.428 488.928 518.148 736.248 765.468 
4852.916 4880.696 386.936 414.716 428.636 456.416 
5347.956 5376.556 450.196 478.796 724.316 752.916 
4929.984 4957.624 427.224 454.864 614.144 641.784 
5370.2 5400.12 513.46 543.38 583.64 613.56 
5300.328 5328.948 407.928 436.548 533.808 562.428 
4973.588 5001.508 467.268 495.188 625.628 653.548 
5127.196 5156.016 324.896 353.716 722.316 751.136 
4902.396 4929.196 433.776 460.576 541.676 568.476 
5371.928 5401.588 384.968 414.628 584.048 613.708 
5264.896 5294.156 443.636 472.896 702.136 731.396 
4890.832 4918.132 465.632 492.932 554.192 581.492 
5197.148 5225.888 460.588 489.328 704.788 733.528 
4871.952 4900.172 462.292 490.512 613.312 641.532 
4960.572 4987.992 349.452 376.872 583.692 611.112 
4926.492 4954.132 361.732 389.372 622.132 649.772 
4829.012 4857.212 501.092 529.292 605.972 634.172 
5426.536 5455.936 475.376 504.776 708.856 738.256 
5189.864 5218.964 547.684 576.784 882.704 911.804 
4980.6 5008.64 551.4 579.44 612.448 640.488 
5203.552 5232.952 379.712 409.112 699.072 728.472 
4661.812 4688.932 376.592 403.712 395.172 422.292 
4653.612 4681.032 429.572 456.992 836.172 863.592 
4906.132 4933.832 418.572 446.272 626.132 653.832 
5245.976 5275.056 391.556 420.636 483.336 512.416 
5059.664 5086.744 420.784 447.864 594.344 621.424 
4959.696 4987.476 469.656 497.436 611.016 638.796 
5466.864 5498.004 460.564 491.704 671.384 702.524 
5153.812 5182.112 344.352 372.652 501.972 530.272 
5274.788 5302.768 579.888 607.868 659.348 687.328 
5064.032 5092.172 484.492 512.632 575.192 603.332 
5268.416 5297.336 467.396 496.316 686.256 715.176 
4918.396 4945.696 474.656 501.956 493.396 520.696 
5168.024 5194.944 376.804 403.724 585.024 611.944 
4780.036 4808.136 430.536 458.636 618.116 646.216 
4835.236 4863.236 378.396 406.396 636.036 664.036 
