28413.971945701356 28442.166515837103 6598.840723981901 6627.035294117647 7518.881447963801 7547.076018099548 
28935.25339366516 28963.80995475113 6571.542986425339 6600.099547511312 7571.447963800905 7600.004524886878 
28503.685067873303 28531.992760180994 6780.85701357466 6809.164705882353 6920.29592760181 6948.603619909502 
28548.12398190045 28576.780090497738 6757.961085972851 6786.617194570135 7229.259728506788 7257.915837104072 
28309.654298642534 28337.835294117645 6798.7447963800905 6826.925791855204 7627.088687782805 7655.269683257919 
28727.77194570136 28755.821719457013 6631.609049773756 6659.658823529412 7519.8398190045245 7547.889592760181 
28622.752036199094 28651.005429864254 6844.896832579186 6873.150226244344 7463.453393665159 7491.706787330317 
28509.786425339367 28537.913122171947 6818.116742081448 6846.243438914027 7481.990045248869 7510.116742081448 
28441.147511312218 28469.197285067872 6647.876018099548 6675.925791855204 7177.6407239819 7205.690497737556 
28249.08959276018 28277.723076923077 7024.15294117647 7052.786425339366 7661.085067873303 7689.718552036199 
28582.52036199095 28611.56108597285 6670.782805429864 6699.823529411765 7494.3891402714935 7523.429864253394 
28359.247963800906 28387.433484162895 6708.971945701357 6737.157466063349 7357.442533936652 7385.628054298642 
28695.292307692307 28723.713122171946 6861.210859728507 6889.631674208144 7389.939366515837 7418.360180995475 
28245.976470588233 28273.73665158371 6841.442533936652 6869.202714932127 7493.5828054298645 7521.342986425339 
28678.205429864254 28706.526696832578 6588.137556561086 6616.458823529411 7764.010859728507 7792.332126696832 
28559.16380090498 28587.75656108597 6907.969230769231 6936.561990950227 7224.046153846154 7252.638914027149 
28429.425339366517 28457.493212669684 6723.235294117647 6751.303167420814 7227.58371040724 7255.651583710407 
28940.21809954751 28968.747511312216 6691.566515837104 6720.09592760181 7219.091402714932 7247.620814479638 
28403.27511312217 28432.13031674208 6676.673303167421 6705.52850678733 7631.96742081448 7660.82262443439 
27994.379185520364 28022.18009049774 6689.704977375565 6717.505882352942 7382.1393665158375 7409.940271493213 
28146.111312217196 28173.898642533935 6779.179185520362 6806.966515837104 7640.4597285067875 7668.247058823529 
28933.70226244344 28962.213574660633 6627.308597285068 6655.819909502263 7531.770135746607 7560.281447963801 
28209.10769230769 28237.42443438914 6734.089592760181 6762.406334841629 7030.00814479638 7058.324886877828 
28228.396380090497 28256.70407239819 6721.898642533936 6750.206334841629 7071.215384615384 7099.523076923077 
29238.837104072398 29267.660633484164 6756.117647058823 6784.941176470588 7543.3574660633485 7572.180995475113 
28309.370135746605 28337.33846153846 6726.605429864253 6754.573755656109 7376.958371040724 7404.926696832579 
28507.98371040724 28536.304977375567 6746.965610859728 6775.2868778280545 7601.590045248869 7629.911312217195 
28590.33665158371 28618.653393665158 6608.092307692307 6636.409049773755 7426.196380090498 7454.513122171946 
28923.57194570136 28952.22805429864 6753.721266968326 6782.377375565611 7803.314027149321 7831.9701357466065 
27863.2371040724 27891.169230769232 6487.02443438914 6514.956561085973 7171.983710407239 7199.915837104072 
28271.453393665157 28300.17737556561 6614.272398190045 6642.996380090498 7249.51221719457 7278.236199095023 
28567.4371040724 28596.102262443437 6795.731221719457 6824.396380090498 7770.482352941176 7799.147511312217 
28720.075113122173 28748.857918552036 6595.251583710407 6624.034389140272 7739.790045248868 7768.572850678733 
28368.30769230769 28396.60180995475 6807.837104072398 6836.131221719457 7478.85520361991 7507.149321266968 
28319.323076923076 28347.36380090498 6595.653393665159 6623.694117647059 7180.911312217195 7208.952036199095 
28643.75656108597 28672.249773755655 6780.779185520362 6809.272398190045 7476.874208144796 7505.367420814479 
27959.362895927603 27987.874208144796 6615.3221719457015 6643.833484162896 7374.5438914027145 7403.05520361991 
28705.066063348415 28733.42805429864 6831.971040723982 6860.3330316742085 7397.441628959276 7425.803619909502 
28643.98371040724 28672.17375565611 6828.906787330317 6857.0968325791855 7346.323076923077 7374.513122171946 
28639.700452488687 28668.03076923077 6792.795475113122 6821.125791855204 7615.451583710407 7643.781900452489 
28352.34841628959 28380.656108597286 6763.945701357466 6792.253393665158 7302.904977375566 7331.212669683258 
28168.225339366516 28196.23438914027 6722.501357466063 6750.510407239819 7176.564705882353 7204.573755656109 
28758.925791855203 28787.260633484162 6949.921266968326 6978.256108597285 7198.7131221719455 7227.047963800905 
27989.194570135747 28017.0407239819 6824.601809954751 6852.447963800905 7285.932126696833 7313.778280542986 
28327.676018099548 28355.929411764704 6943.870588235294 6972.123981900452 7529.354751131222 7557.60814479638 
28663.139366515836 28691.596380090497 6828.664253393666 6857.1212669683255 7366.220814479638 7394.6778280542985 
28277.43257918552 28305.609049773757 6760.016289592761 6788.192760180996 7278.6407239819 7306.817194570136 
29073.978280542986 29102.340271493213 6788.1954751131225 6816.557466063348 7422.118552036199 7450.4805429864255 
28416.944796380092 28445.24343891403 6589.483257918552 6617.781900452489 6952.379185520362 6980.6778280542985 
28329.961990950225 28358.025339366515 6627.025339366516 6655.088687782805 7190.853393665158 7218.916742081448 
