2950.6969696969695 2978.6969696969695 202.5151515151515 230.5151515151515 271.1515151515151 299.1515151515151 
2939.357575757576 2967.7515151515154 172.44848484848484 200.84242424242424 214.6 242.9939393939394 
2661.090909090909 2688.6666666666665 112.75757575757575 140.33333333333334 222.57575757575756 250.15151515151516 
2383.121212121212 2409.969696969697 135.63636363636363 162.4848484848485 214.6060606060606 241.45454545454547 
2823.569696969697 2851.7818181818184 112.05454545454545 140.26666666666668 158.8121212121212 187.02424242424243 
2657.3030303030305 2684.939393939394 124.3030303030303 151.93939393939394 168.78787878787878 196.42424242424244 
2481.8848484848486 2509.551515151515 137.4 165.06666666666666 154.5818181818182 182.24848484848485 
2869.2060606060604 2898.660606060606 145.63030303030303 175.0848484848485 222.87272727272727 252.3272727272727 
2699.806060606061 2727.3818181818183 139.9878787878788 167.56363636363636 162.74545454545455 190.3212121212121 
2867.9030303030304 2896.9636363636364 126.78181818181818 155.84242424242424 187.20606060606062 216.26666666666668 
2509.5151515151515 2536.5151515151515 114.93939393939394 141.93939393939394 170.0909090909091 197.0909090909091 
2773.048484848485 2801.4727272727273 121.68484848484849 150.1090909090909 166.29090909090908 194.71515151515152 
2616.921212121212 2645.163636363636 139.8909090909091 168.13333333333333 180.4060606060606 208.64848484848486 
2567.4060606060607 2595.193939393939 149.43636363636364 177.22424242424242 200.70909090909092 228.4969696969697 
2571.3151515151517 2599.224242424242 126.65454545454546 154.56363636363636 227.1030303030303 255.0121212121212 
2945.3333333333335 2975.6969696969695 148.0909090909091 178.45454545454547 255.42424242424244 285.7878787878788 
2682.551515151515 2710.581818181818 120.30909090909091 148.33939393939394 183.1878787878788 211.21818181818182 
3115.5333333333333 3144.806060606061 118.83636363636364 148.1090909090909 207.3212121212121 236.5939393939394 
2633.418181818182 2662.1454545454544 120.26666666666667 148.9939393939394 168.2969696969697 197.02424242424243 
2497.1454545454544 2524.357575757576 109.69090909090909 136.9030303030303 179.2969696969697 206.5090909090909 
2772.6242424242423 2801.139393939394 115.80606060606061 144.3212121212121 216.5939393939394 245.1090909090909 
2824.7090909090907 2853.6484848484847 130.5878787878788 159.52727272727273 188.25454545454545 217.1939393939394 
2655.0848484848484 2682.539393939394 143.93333333333334 171.38787878787878 216.75151515151515 244.20606060606062 
2725.9939393939394 2754.1454545454544 132.26666666666668 160.4181818181818 238.56969696969696 266.72121212121215 
2674.5939393939393 2702.4424242424243 146.26060606060605 174.1090909090909 212.44242424242424 240.29090909090908 
2761.1757575757574 2789.29696969697 109.35757575757576 137.47878787878787 189.0848484848485 217.20606060606062 
2541.060606060606 2568.757575757576 132.15151515151516 159.84848484848484 192.66666666666666 220.36363636363637 
3074.3151515151517 3104.4969696969697 119.10303030303031 149.28484848484848 235.1939393939394 265.3757575757576 
3006.921212121212 3036.3454545454547 173.64848484848486 203.07272727272726 251.98181818181817 281.4060606060606 
2509.278787878788 2537.9151515151516 118.58181818181818 147.21818181818182 199.92727272727274 228.56363636363636 
2778.8848484848486 2806.7939393939396 136.3090909090909 164.21818181818182 182.43030303030304 210.33939393939394 
2706.090909090909 2734.939393939394 122.0 150.84848484848484 225.87878787878788 254.72727272727272 
2766.2484848484846 2794.430303030303 133.92727272727274 162.1090909090909 284.3393939393939 312.5212121212121 
2776.9454545454546 2805.2484848484846 134.4909090909091 162.79393939393938 186.6727272727273 214.97575757575757 
2430.2363636363634 2458.2060606060604 117.47878787878788 145.44848484848484 178.0848484848485 206.05454545454546 
2675.139393939394 2701.7151515151513 131.56363636363636 158.13939393939393 175.1090909090909 201.6848484848485 
2761.0848484848484 2790.0848484848484 136.5090909090909 165.5090909090909 238.3272727272727 267.3272727272727 
2806.957575757576 2835.3818181818183 180.5939393939394 209.01818181818183 234.74545454545455 263.169696969697 
2779.3454545454547 2807.3151515151517 113.89090909090909 141.86060606060607 221.61818181818182 249.5878787878788 
2919.836363636364 2947.5636363636363 118.56363636363636 146.29090909090908 166.8969696969697 194.62424242424242 
2570.2484848484846 2598.581818181818 107.46060606060605 135.79393939393938 177.4909090909091 205.8242424242424 
2767.848484848485 2795.5757575757575 124.06060606060606 151.78787878787878 196.1818181818182 223.9090909090909 
2499.3636363636365 2526.3030303030305 124.56969696969696 151.5090909090909 195.03030303030303 221.96969696969697 
2771.0242424242424 2799.690909090909 106.06666666666666 134.73333333333332 164.56969696969696 193.23636363636365 
2693.212121212121 2721.3939393939395 129.66666666666666 157.84848484848484 179.96969696969697 208.15151515151516 
2623.10303030303 2651.10303030303 127.55151515151515 155.55151515151516 171.13333333333333 199.13333333333333 
2698.5333333333333 2726.3818181818183 128.8969696969697 156.74545454545455 245.53333333333333 273.3818181818182 
2650.2363636363634 2677.9030303030304 116.81212121212121 144.47878787878787 207.1757575757576 234.84242424242424 
2837.878787878788 2865.5454545454545 115.96969696969697 143.63636363636363 169.96969696969697 197.63636363636363 
3050.327272727273 3078.7818181818184 124.72121212121212 153.1757575757576 190.96363636363637 219.4181818181818 
