45703.953623188405 45732.07536231884 11522.063768115942 11550.185507246377 12304.36231884058 12332.484057971014 
45014.55014492754 45042.52115942029 11388.164637681159 11416.135652173913 12615.729855072464 12643.700869565217 
46151.832463768114 46180.61507246377 11552.838260869565 11581.620869565217 12518.96 12547.742608695653 
45763.71304347826 45791.93623188406 11625.368115942028 11653.591304347827 12254.48115942029 12282.704347826088 
45948.759420289854 45976.87826086956 11830.814492753623 11858.933333333332 12770.976811594202 12799.095652173914 
44921.96637681159 44950.29971014493 11586.972173913044 11615.305507246378 12742.473623188405 12770.80695652174 
45763.42550724638 45791.94724637681 11725.013913043478 11753.535652173912 12557.509565217391 12586.031304347825 
45288.02260869565 45316.59942028986 11088.808115942029 11117.384927536232 12538.842898550725 12567.419710144928 
45384.399420289854 45412.697971014495 11223.179130434783 11251.47768115942 12660.24579710145 12688.544347826088 
45270.0852173913 45298.63304347826 11522.52 11551.067826086957 12305.83884057971 12334.386666666667 
45705.90608695652 45734.18144927536 11432.19304347826 11460.4684057971 12039.735072463767 12068.010434782609 
44961.38202898551 44989.45739130435 11329.526956521739 11357.60231884058 12776.486376811594 12804.561739130435 
46281.941449275364 46310.83710144927 11409.242898550725 11438.138550724638 12945.955942028986 12974.851594202899 
45697.374492753625 45725.62666666666 11549.846956521738 11578.099130434783 12204.24115942029 12232.493333333334 
45366.72405797101 45394.97623188406 11331.164637681159 11359.416811594203 12469.138550724638 12497.39072463768 
45973.289855072464 46001.82028985507 11449.994202898552 11478.52463768116 12401.727536231883 12430.257971014493 
45611.38898550725 45639.64405797102 11611.319420289856 11639.574492753623 12754.081739130435 12782.336811594203 
45789.102608695655 45817.305507246376 11307.659130434782 11335.862028985508 12302.131594202898 12330.334492753624 
45431.82956521739 45459.97739130435 11688.681739130434 11716.829565217391 12869.670144927537 12897.817971014492 
46084.41043478261 46113.25971014493 11480.862608695652 11509.711884057971 12863.932173913043 12892.781449275362 
45633.25565217391 45661.96869565218 11590.499130434782 11619.212173913043 13053.780289855073 13082.493333333334 
45237.892753623186 45266.07246376811 11448.571014492754 11476.75072463768 12024.915942028985 12053.095652173914 
45462.467246376815 45490.48463768116 11490.104927536231 11518.12231884058 12337.994782608695 12366.012173913043 
45123.03652173913 45151.451014492755 11498.96115942029 11527.375652173912 12732.216231884058 12760.630724637682 
45655.79884057971 45683.69739130435 11574.219130434783 11602.11768115942 12470.23652173913 12498.135072463769 
45371.51072463768 45400.087536231884 11556.757101449275 11585.333913043478 12208.644057971014 12237.220869565217 
45526.50202898551 45554.64115942029 11309.32811594203 11337.467246376811 12591.119420289855 12619.258550724639 
45080.28115942029 45108.54202898551 11725.136231884058 11753.397101449274 12430.336231884057 12458.597101449275 
46174.44463768116 46203.180869565214 11537.859130434783 11566.59536231884 12777.479420289856 12806.215652173913 
45231.80811594203 45260.07188405797 11311.813913043477 11340.07768115942 12369.103768115941 12397.367536231885 
45397.09217391304 45425.46608695652 11541.831304347827 11570.205217391303 12291.935652173914 12320.30956521739 
45660.65623188406 45688.734492753625 11380.464927536232 11408.543188405798 12598.722898550724 12626.801159420289 
45384.832463768114 45413.293333333335 11389.919420289854 11418.380289855073 12803.125217391304 12831.586086956522 
45517.56289855072 45545.40927536232 11270.64115942029 11298.487536231883 12592.35420289855 12620.200579710145 
45108.73217391304 45137.48579710145 11552.595942028986 11581.349565217392 12928.022028985508 12956.775652173914 
45306.4747826087 45334.892173913046 11462.944347826087 11491.361739130434 12394.274782608696 12422.692173913043 
46069.16289855073 46097.79188405797 11326.067246376811 11354.696231884058 13049.815072463769 13078.444057971015 
44656.94260869565 44684.79768115942 11256.725217391304 11284.580289855072 12100.232463768116 12128.087536231884 
45366.83420289855 45394.70376811594 11259.793623188405 11287.663188405797 12398.39652173913 12426.266086956522 
44900.690434782606 44928.45855072464 11391.087536231884 11418.855652173914 12118.07884057971 12145.846956521738 
46061.164057971015 46089.92637681159 11421.36115942029 11450.12347826087 12949.126376811595 12977.888695652175 
45738.27072463768 45766.435942028984 11643.59536231884 11671.760579710144 12466.00695652174 12494.172173913043 
45339.35652173913 45367.54202898551 11299.8 11327.985507246376 12541.997101449275 12570.182608695652 
46423.27478260869 46451.61101449275 11716.051594202898 11744.387826086957 12723.016811594203 12751.35304347826 
45455.53739130435 45484.00115942029 11536.35188405797 11564.815652173913 12138.03884057971 12166.502608695651 
45148.637681159424 45176.56231884058 11381.4 11409.32463768116 12517.898550724638 12545.823188405797 
45639.75362318841 45668.147826086955 11753.452173913043 11781.846376811594 12654.005797101448 12682.4 
44494.92115942029 44523.04 11622.579130434782 11650.697971014493 12499.903768115943 12528.022608695652 
45193.775652173914 45222.16985507246 11393.190144927536 11421.584347826087 13081.343768115941 13109.737971014492 
45982.64289855072 46011.18492753623 11400.399420289856 11428.941449275362 13096.083478260869 13124.625507246377 
