45922.56752136752 45950.81538461539 11837.063247863249 11865.31111111111 12840.234188034188 12868.482051282052 
46564.85754985755 46593.68376068376 11969.578347578348 11998.404558404558 13215.60113960114 13244.42735042735 
46284.03475783476 46312.180056980054 11938.160113960113 11966.305413105412 12609.467806267807 12637.613105413106 
46475.15897435897 46503.694586894584 11677.928205128204 11706.463817663818 12539.099145299146 12567.634757834758 
46354.65242165242 46383.071225071224 11726.854700854701 11755.273504273504 13069.948717948719 13098.367521367521 
46913.557834757834 46942.11623931624 11778.3698005698 11806.928205128204 12779.805698005697 12808.364102564103 
46530.02279202279 46558.27350427351 11989.871794871795 12018.122507122507 13369.096866096867 13397.347578347579 
46697.73276353276 46726.26552706553 11385.501994301994 11414.034757834757 12657.895156695156 12686.42792022792 
46769.442165242166 46797.72991452991 11698.28547008547 11726.57321937322 12807.239886039886 12835.527635327635 
46434.47806267806 46462.73447293447 11479.11339031339 11507.3698005698 12733.552136752136 12761.808547008546 
46435.9207977208 46464.45641025641 11852.667236467236 11881.20284900285 12136.818233618234 12165.353846153846 
46180.7623931624 46209.127065527064 11523.893447293447 11552.25811965812 12413.129914529914 12441.494586894587 
46241.08660968661 46269.24045584045 11763.610826210826 11791.764672364672 12478.54245014245 12506.696296296297 
46448.901994301996 46477.43760683761 11833.933333333332 11862.468945868946 12565.3094017094 12593.845014245015 
46521.82678062678 46550.049002849 11180.148717948718 11208.37094017094 12283.225641025641 12311.447863247864 
46740.40227920228 46769.21994301994 11888.071794871796 11916.889458689458 13208.496296296296 13237.313960113961 
46640.609686609685 46669.24216524216 11894.792022792022 11923.4245014245 12907.353276353277 12935.985754985755 
45933.986324786325 45962.49344729345 11977.60170940171 12006.108831908832 13060.017663817664 13088.524786324786 
46214.205128205125 46241.94871794872 11502.199430199431 11529.94301994302 12605.71794871795 12633.461538461539 
46532.1396011396 46560.56125356125 11690.233618233618 11718.65527065527 12682.08547008547 12710.507122507122 
47074.82905982906 47103.13105413105 11813.450142450143 11841.752136752137 12709.623931623932 12737.925925925925 
45922.31623931624 45950.14245014245 11735.652421652421 11763.478632478633 12437.441595441596 12465.267806267806 
46998.17378917379 47026.67521367521 11476.635327635327 11505.136752136752 12672.176638176637 12700.678062678062 
46460.7150997151 46489.10256410256 11568.757834757835 11597.145299145299 12704.786324786324 12733.173789173788 
45722.64843304843 45750.611396011394 11570.429059829059 11598.392022792023 12898.924786324786 12926.88774928775 
46445.58689458689 46474.08547008547 11921.472934472935 11949.97150997151 12892.455840455841 12920.954415954417 
46742.94472934473 46771.39772079772 11714.070085470086 11742.523076923077 13085.050142450142 13113.503133903134 
46276.92364672365 46305.37378917379 11690.071794871796 11718.521937321937 12817.621652421652 12846.071794871796 
46088.53447293447 46116.85925925926 11882.326495726496 11910.651282051282 13087.51168091168 13115.836467236468 
46198.08945868946 46226.531054131054 11660.878632478632 11689.320227920229 13061.955555555556 13090.39715099715 
46563.43646723647 46591.986324786325 11532.516239316239 11561.066096866098 12435.302564102563 12463.852421652422 
46112.471794871795 46141.0301994302 11583.733903133903 11612.292307692307 12794.907692307692 12823.466096866097 
46416.31452991453 46444.62792022792 11521.94700854701 11550.260398860399 12666.129344729345 12694.442735042736 
45504.50484330484 45532.53618233618 11938.752706552707 11966.784045584045 12624.593162393163 12652.624501424501 
46248.69629629629 46276.82735042735 11676.08945868946 11704.220512820513 12854.021082621082 12882.152136752136 
45656.98062678063 45685.16011396011 11860.482051282052 11888.661538461538 12650.504843304843 12678.68433048433 
45639.64387464387 45667.73219373219 11519.065527065528 11547.153846153846 12676.079772079773 12704.16809116809 
46378.70655270655 46406.75213675214 11784.225071225072 11812.270655270655 12654.880341880342 12682.925925925925 
46257.500854700855 46285.606267806266 11679.452421652422 11707.557834757834 12616.443874643875 12644.549287749287 
46563.386894586896 46591.74017094017 11962.97378917379 11991.327065527066 13032.02792022792 13060.381196581196 
45628.54358974359 45656.694586894584 11706.312820512821 11734.463817663818 12715.777207977208 12743.928205128204 
46786.61766381766 46814.8170940171 11842.549287749287 11870.748717948718 12636.045014245014 12664.244444444445 
46353.65071225071 46381.89002849003 11670.240455840456 11698.479772079772 13070.00113960114 13098.240455840456 
46594.91339031339 46622.987464387465 11897.380626780627 11925.454700854702 12876.779487179487 12904.853561253562 
46030.309971509974 46058.05925925926 11714.848433048433 11742.597720797721 12630.22735042735 12657.976638176639 
46874.606267806266 46903.22165242165 11712.432478632478 11741.047863247863 12614.05641025641 12642.671794871794 
46300.5698005698 46329.02564102564 11735.598290598291 11764.05413105413 13047.962962962964 13076.418803418803 
46255.26666666667 46283.43475783476 11662.4603988604 11690.62849002849 12305.184045584045 12333.352136752137 
46794.67977207977 46823.420512820514 11588.090028490029 11616.83076923077 12962.545868945868 12991.28660968661 
46314.768660968664 46342.86837606838 11943.57207977208 11971.671794871794 13052.902564102564 13081.00227920228 
