32137.1776 32165.4256 7870.4256 7898.6736 8745.3296 8773.5776 
32943.3968 32972.0688 7958.0888 7986.7608 8741.6128 8770.2848 
32219.392 32248.048 7992.212 8020.868 8496.4 8525.056 
32627.4456 32655.9296 7984.3056 8012.7896 8382.4776 8410.9616 
32386.604 32414.672 7944.2 7972.268 8516.076 8544.144 
32667.548 32695.968 8043.688 8072.108 8282.564 8310.984 
32401.1824 32429.5344 7976.6184 8004.9704 8850.5104 8878.8624 
32349.0592 32377.1512 7908.7192 7936.8112 8580.1152 8608.2072 
32927.2456 32955.4616 7802.0296 7830.2456 8880.4936 8908.7096 
32119.0792 32147.0672 7809.7072 7837.6952 8315.5352 8343.5232 
32246.9344 32275.0424 7936.6544 7964.7624 8621.7824 8649.8904 
32753.2992 32781.6952 7827.0432 7855.4392 8658.1792 8686.5752 
32527.344 32555.396 7909.408 7937.46 8278.48 8306.532 
32064.228 32092.292 7934.876 7962.94 8637.724 8665.788 
32490.8328 32518.9368 7900.2648 7928.3688 8753.3288 8781.4328 
31542.7624 31570.6664 7755.8424 7783.7464 8845.0344 8872.9384 
32379.5256 32407.4456 7834.8256 7862.7456 8317.2216 8345.1416 
32623.1288 32651.4888 7900.5448 7928.9048 8154.1448 8182.5048 
32110.1248 32137.9568 7715.9128 7743.7448 8193.5888 8221.4208 
32570.2872 32598.4632 7762.0152 7790.1912 9121.7432 9149.9192 
32035.1784 32063.1464 7811.7744 7839.7424 8646.7384 8674.7064 
32119.4896 32147.5376 7840.4536 7868.5016 8422.2576 8450.3056 
32916.6032 32944.9872 7699.5512 7727.9352 8596.1632 8624.5472 
32379.3776 32407.4376 7674.3976 7702.4576 8486.5856 8514.6456 
32667.496 32696.308 7837.316 7866.128 8936.784 8965.596 
32873.7592 32902.7512 7943.8672 7972.8592 8754.6232 8783.6152 
32067.8224 32095.8024 7691.3264 7719.3064 8407.1904 8435.1704 
32458.1632 32486.5152 8018.0912 8046.4432 8599.4192 8627.7712 
32236.5168 32264.8248 7793.0368 7821.3448 8362.9888 8391.2968 
32932.488 32960.828 7711.296 7739.636 8238.12 8266.46 
32855.6064 32884.2584 7989.2984 8017.9504 9126.5184 9155.1704 
32570.7616 32598.9536 7793.1776 7821.3696 8542.2976 8570.4896 
32269.7936 32297.9976 7724.8976 7753.1016 8387.8736 8416.0776 
32863.292 32891.948 7781.64 7810.296 8457.524 8486.18 
31980.9576 32009.0456 7728.3976 7756.4856 8841.8616 8869.9496 
32191.5536 32219.6056 7894.2136 7922.2656 8555.9376 8583.9896 
32283.632 32312.204 7828.312 7856.884 8882.064 8910.636 
33120.188 33148.9 7797.996 7826.708 8681.06 8709.772 
31872.2696 31900.3856 7810.0616 7838.1776 8497.7016 8525.8176 
31599.0208 31626.7408 7828.6808 7856.4008 8399.0528 8426.7728 
32571.9528 32600.2328 7717.4448 7745.7248 8120.6088 8148.8888 
32041.4456 32069.7536 7649.4336 7677.7416 8502.7256 8531.0336 
33574.1648 33603.3528 7840.2928 7869.4808 8872.1648 8901.3528 
31854.7592 31882.7312 7759.5112 7787.4832 8243.3272 8271.2992 
32162.148 32190.456 7781.648 7809.956 8839.092 8867.4 
32782.1048 32810.4848 7935.9048 7964.2848 8979.2808 9007.6608 
31984.6584 32012.6984 7637.5624 7665.6024 8321.7784 8349.8184 
32756.972 32785.472 7901.172 7929.672 8497.5 8526.0 
32445.9624 32474.3344 7779.6864 7808.0584 8558.7864 8587.1584 
32622.816 32651.264 7717.112 7745.56 8330.96 8359.408 
