8274.13698630137 8302.808219178081 1241.7643835616439 1270.4356164383562 1392.2054794520548 1420.876712328767 
7964.575342465753 7992.493150684932 1205.3287671232877 1233.2465753424658 1460.2876712328766 1488.2054794520548 
8410.890410958904 8439.972602739726 1226.5616438356165 1255.6438356164383 1548.164383561644 1577.2465753424658 
8106.972602739726 8135.438356164384 1189.945205479452 1218.4109589041095 1340.6849315068494 1369.150684931507 
8160.024657534246 8188.8876712328765 1092.0931506849315 1120.9561643835616 1303.1616438356164 1332.0246575342467 
8309.775342465753 8338.145205479452 1160.7342465753425 1189.1041095890412 1424.4465753424658 1452.8164383561643 
8083.241095890411 8111.364383561644 1170.227397260274 1198.3506849315067 1477.8575342465754 1505.9808219178083 
8147.334246575342 8176.38904109589 1172.4712328767123 1201.5260273972603 1428.964383561644 1458.0191780821917 
8503.936986301369 8532.402739726027 1210.3068493150686 1238.772602739726 1477.786301369863 1506.2520547945205 
8216.13698630137 8244.739726027397 1063.164383561644 1091.7671232876712 1395.8219178082193 1424.4246575342465 
7990.13698630137 8018.890410958904 1167.2876712328766 1196.041095890411 1421.054794520548 1449.8082191780823 
8348.312328767122 8376.791780821917 1247.5863013698631 1276.0657534246575 1615.2575342465752 1643.7369863013698 
8172.320547945205 8199.909589041095 1141.6082191780822 1169.1972602739727 1390.8821917808218 1418.4712328767123 
8068.901369863013 8096.860273972603 1216.3808219178081 1244.3397260273973 1560.2849315068493 1588.2438356164384 
7963.901369863013 7991.87397260274 1210.4493150684932 1238.4219178082192 1365.2575342465752 1393.2301369863014 
8357.665753424657 8386.049315068492 1129.4328767123288 1157.8164383561643 1301.8438356164384 1330.227397260274 
8485.512328767123 8514.717808219179 1173.2657534246575 1202.4712328767123 1542.1835616438357 1571.3890410958904 
8517.47397260274 8546.227397260274 1135.4328767123288 1164.186301369863 1397.8712328767124 1426.6246575342466 
8119.279452054794 8147.854794520548 1193.978082191781 1222.5534246575342 1305.5397260273974 1334.1150684931506 
8350.25205479452 8379.731506849315 1087.1561643835616 1116.6356164383562 1378.1561643835616 1407.6356164383562 
8076.8794520547945 8104.12602739726 1163.0986301369862 1190.345205479452 1432.9205479452055 1460.1671232876713 
8553.876712328767 8583.13698630137 1246.86301369863 1276.123287671233 1629.4794520547946 1658.7397260273972 
7834.854794520548 7862.293150684932 1191.5260273972603 1218.964383561644 1445.0328767123287 1472.4712328767123 
8144.928767123288 8172.969863013699 1254.0931506849315 1282.1342465753426 1473.2712328767122 1501.3123287671233 
8656.602739726028 8685.972602739726 1210.5479452054794 1239.9178082191781 1622.3150684931506 1651.6849315068494 
7836.65205479452 7864.556164383562 1158.4602739726026 1186.3643835616438 1352.309589041096 1380.213698630137 
8622.520547945205 8650.972602739726 1091.5616438356165 1120.013698630137 1240.3150684931506 1268.7671232876712 
8519.66301369863 8548.52602739726 1174.8821917808218 1203.7452054794521 1704.4986301369863 1733.3616438356164 
8045.084931506849 8073.331506849315 1163.2356164383561 1191.482191780822 1258.2219178082191 1286.468493150685 
8033.646575342465 8062.12602739726 1020.6739726027397 1049.1534246575343 1403.6054794520549 1432.0849315068492 
8040.3369863013695 8068.501369863014 1209.8164383561643 1237.9808219178083 1499.9123287671232 1528.0767123287671 
7939.556164383562 7966.405479452054 1208.7068493150684 1235.5561643835617 1160.4739726027397 1187.323287671233 
8589.857534246576 8618.47397260274 1083.4328767123288 1112.0493150684931 1351.3506849315067 1379.9671232876713 
8161.8794520547945 8190.084931506849 1350.8657534246574 1379.0712328767124 1618.8246575342466 1647.0301369863014 
8146.3835616438355 8174.753424657534 1263.9178082191781 1292.2876712328766 1538.7534246575342 1567.123287671233 
8154.77808219178 8182.449315068493 1187.9561643835616 1215.627397260274 1390.545205479452 1418.2164383561644 
8595.323287671234 8625.076712328768 1236.3643835616438 1266.1178082191782 1615.145205479452 1644.8986301369864 
8293.276712328767 8321.824657534247 1302.8246575342466 1331.372602739726 1466.386301369863 1494.9342465753425 
8096.268493150685 8124.131506849315 1132.7205479452055 1160.5835616438355 1416.145205479452 1444.0082191780823 
8139.47397260274 8168.049315068493 1103.4739726027397 1132.0493150684931 1474.6931506849314 1503.268493150685 
8200.468493150685 8228.646575342465 1099.7561643835616 1127.9342465753425 1325.9068493150685 1354.0849315068492 
7900.46301369863 7927.87397260274 1082.545205479452 1109.9561643835616 1328.3671232876711 1355.7780821917809 
8176.106849315069 8204.572602739727 1221.7643835616439 1250.2301369863014 1438.4219178082192 1466.8876712328768 
8108.145205479452 8135.761643835616 1028.4191780821918 1056.035616438356 1536.7616438356165 1564.3780821917808 
8325.975342465754 8354.550684931506 1111.6602739726027 1140.2356164383561 1317.5506849315068 1346.1260273972603 
8128.641095890411 8157.641095890411 1197.490410958904 1226.490410958904 1515.8876712328768 1544.8876712328768 
8232.534246575342 8261.534246575342 1178.9041095890411 1207.9041095890411 1326.6849315068494 1355.6849315068494 
8378.868493150685 8406.635616438356 1048.4301369863015 1076.1972602739727 1389.4301369863015 1417.1972602739727 
8014.427397260274 8041.728767123288 1108.8109589041096 1136.1123287671232 1320.331506849315 1347.6328767123289 
8538.386301369863 8566.701369863014 1203.7835616438356 1232.0986301369862 1382.9753424657533 1411.2904109589042 
