52796.08715365239 52824.70428211587 13417.626196473551 13446.243324937028 15192.764735516374 15221.381863979848 
52284.172795969775 52312.58085642317 13777.492695214105 13805.900755667506 14867.187909319899 14895.5959697733 
53156.80100755668 53185.566750629725 13671.259445843829 13700.025188916876 14596.89420654912 14625.659949622166 
53442.23476070529 53471.09874055415 13665.582367758187 13694.446347607052 15230.645340050378 15259.509319899244 
51985.23324937028 52013.28362720403 13116.983879093199 13145.034256926952 13861.104785894207 13889.155163727959 
53432.52846347607 53461.28161209068 13663.281612090681 13692.03476070529 15705.75516372796 15734.508312342568 
51565.61561712846 51593.26297229219 13420.333501259445 13447.980856423173 14614.842317380353 14642.489672544081 
52194.39949622166 52222.96876574307 13793.36926952141 13821.938539042822 15407.54055415617 15436.109823677582 
52214.010579345086 52242.06599496221 13347.045843828715 13375.101259445844 14940.89974811083 14968.95516372796 
52087.43425692695 52115.54005037784 13362.366246851385 13390.472040302267 14498.776826196474 14526.882619647355 
52435.172795969775 52463.288664987405 13298.464987405541 13326.580856423174 14557.527959697733 14585.643828715365 
52422.10579345088 52450.209068010074 13659.037783375315 13687.141057934508 14507.911838790931 14536.015113350126 
52589.3395465995 52617.616624685135 13356.820654911839 13385.097732997481 14767.36725440806 14795.644332493703 
52729.45289672544 52757.714861460954 13541.274055415617 13569.536020151134 14726.84080604534 14755.102770780857 
53038.77934508816 53067.12191435768 13651.467002518892 13679.809571788413 15016.101763224182 15044.444332493702 
52376.98488664987 52405.21410579345 13542.672544080604 13570.901763224181 14668.589420654911 14696.818639798488 
52306.21964735517 52334.21964735517 13453.821662468514 13481.821662468514 14841.270025188916 14869.270025188916 
53584.865994962216 53613.667002518894 13434.692191435768 13463.493198992443 14743.881108312342 14772.682115869018 
52810.62569269521 52838.84735516373 13364.464483627204 13392.686146095717 14823.968261964736 14852.189924433249 
52156.141561712844 52184.16675062972 13280.48161209068 13308.506801007557 14346.345591939547 14374.370780856423 
52768.642317380356 52796.8992443325 13351.04282115869 13379.29974811083 14530.196473551638 14558.453400503779 
52018.045340050376 52046.219143576825 13188.443324937029 13216.617128463477 14855.604534005039 14883.778337531487 
52414.3717884131 52442.53047858942 13624.016624685139 13652.17531486146 14718.85289672544 14747.011586901763 
52857.45289672544 52885.70982367758 13674.81813602015 13703.075062972292 14441.394962216626 14469.651889168767 
52194.35314861461 52222.79395465995 13876.753652392947 13905.194458438287 15065.131486146096 15093.572292191437 
53230.616624685135 53259.22367758187 13367.188413098236 13395.795465994963 14661.354659949622 14689.961712846347 
52786.81309823677 52815.13047858942 13516.805541561713 13545.122921914357 15093.823173803527 15122.14055415617 
52865.54861460957 52894.32443324937 13524.430226700251 13553.20604534005 15338.29168765743 15367.06750629723 
52370.86649874056 52399.28967254408 13665.269521410579 13693.692695214106 14697.705289672544 14726.12846347607 
52637.31838790932 52665.315869017635 13421.245340050378 13449.24282115869 14289.648362720403 14317.645843828715 
52846.68564231738 52875.02317380353 13510.121410579344 13538.458942065492 15326.8040302267 15355.141561712846 
52754.25692695214 52782.400503778335 13165.591939546599 13193.735516372795 14560.531486146096 14588.675062972292 
53047.398488664985 53075.967758186394 13351.960201511334 13380.529471032745 15090.554659949623 15119.123929471032 
52947.91133501259 52976.583879093196 13371.326952141058 13399.999496221662 14805.908816120907 14834.581360201511 
52778.89219143577 52807.07103274559 13255.99798488665 13284.176826196473 14762.018136020151 14790.196977329975 
52429.74307304786 52457.76574307305 13613.937027707809 13641.959697732997 14527.624685138539 14555.647355163728 
52863.7717884131 52892.2 13488.88765743073 13517.315869017631 14449.336020151133 14477.764231738036 
53023.17531486146 53051.54055415617 13345.60604534005 13373.971284634761 14792.346599496223 14820.711838790932 
52546.44483627204 52574.825188916875 13480.558186397984 13508.938539042822 14603.459949622165 14631.840302267003 
52032.892695214105 52060.71385390428 13632.391435768262 13660.212594458439 14475.23274559194 14503.053904282116 
53835.277078085644 53863.91183879093 13366.357682619648 13394.992443324936 14774.382871536523 14803.017632241814 
53077.05793450882 53105.55667506297 13319.113350125945 13347.6120906801 15079.811083123426 15108.309823677582 
52852.97833753149 52881.34609571788 13746.134508816122 13774.50226700252 15138.92040302267 15167.288161209068 
53587.141561712844 53615.94256926952 13549.877078085643 13578.678085642317 14536.267506297228 14565.068513853905 
52297.26700251889 52325.54408060454 13207.052896725441 13235.329974811084 14760.231738035265 14788.508816120906 
52803.47909319899 52832.11637279597 13536.474055415618 13565.111335012594 15300.887153652393 15329.52443324937 
53120.95113350126 53149.5556675063 13465.903274559194 13494.507808564233 14847.422166246852 14876.026700251889 
52586.75113350126 52615.01309823678 13458.453904282116 13486.715869017633 14623.887153652393 14652.14911838791 
53922.344584382874 53950.94156171285 13816.402518891688 13844.999496221662 14853.405037783376 14882.00201511335 
52726.364231738036 52754.82267002519 13458.409571788414 13486.868010075566 14892.140050377833 14920.598488664988 
