51323.863938618924 51351.83836317136 13181.82557544757 13209.8 13612.879283887469 13640.853708439898 
52188.757544757034 52217.10025575448 12997.606649616368 13025.949360613811 14672.540153452685 14700.882864450128 
51000.35345268542 51028.52480818414 13177.043989769822 13205.215345268542 14319.230690537084 14347.402046035806 
52212.70690537085 52241.318158567774 13190.021483375958 13218.63273657289 14569.369309462916 14597.980562659846 
51757.65012787724 51786.074680306905 13229.368797953965 13257.793350383632 14698.292071611253 14726.71662404092 
52392.63171355499 52421.08184143223 13511.856777493605 13540.306905370844 14500.40409207161 14528.85421994885 
51266.071611253195 51294.05882352941 13153.797953964195 13181.78516624041 14503.066496163683 14531.053708439898 
51562.6378516624 51591.20818414322 13118.53810741688 13147.108439897698 15035.556010230179 15064.126342710997 
51451.83171355499 51479.81125319693 13477.652685421996 13505.632225063939 14468.049104859336 14496.028644501279 
51412.52685421995 51440.82864450128 13351.710997442455 13380.012787723785 14087.49104859335 14115.79283887468 
52244.45831202046 52273.06445012788 13295.593861892583 13324.2 14613.315089514066 14641.921227621484 
51265.07212276215 51292.995396419436 13266.5631713555 13294.486445012788 14366.604092071611 14394.5273657289 
51177.77135549872 51206.16777493606 13450.190792838875 13478.587212276216 14887.998976982097 14916.395396419437 
51859.6010230179 51887.79028132992 13403.360613810743 13431.549872122761 14870.59590792839 14898.78516624041 
51453.51304347826 51481.553964194376 13189.538618925832 13217.579539641943 14463.449104859335 14491.490025575447 
52003.74373401535 52032.11713554987 13009.597953964194 13037.971355498721 14334.457289002557 14362.830690537085 
51667.593350383635 51696.18158567775 13234.823529411764 13263.411764705883 14588.6905370844 14617.278772378517 
52153.401534526856 52181.88491048593 13457.936061381075 13486.419437340153 14949.168797953964 14977.652173913044 
51519.543734015344 51547.64603580563 12993.364705882354 13021.467007672634 14601.85831202046 14629.960613810741 
51965.99437340153 51994.562148337594 13376.191304347825 13404.759079283887 14632.68746803069 14661.255242966752 
51652.7810741688 51680.7631713555 12771.448593350384 12799.430690537085 14618.440920716113 14646.423017902813 
52090.559079283885 52118.88644501279 13203.495140664962 13231.822506393863 13823.482352941177 13851.809718670076 
51918.91662404092 51947.38721227621 13254.157033248082 13282.627621483376 14548.453708439898 14576.924296675192 
52384.09462915601 52412.83631713555 13315.473145780052 13344.21483375959 14806.746803069054 14835.488491048593 
51738.666496163685 51766.81739130435 13266.932480818414 13295.083375959079 14717.768797953964 14745.91969309463 
51784.553452685424 51813.18260869565 13163.916624040921 13192.54578005115 14633.108439897698 14661.737595907929 
52170.53401534527 52198.97902813299 13448.063427109975 13476.508439897698 14334.761636828645 14363.206649616368 
51574.252173913046 51602.46700767263 13162.408184143222 13190.623017902813 14577.083375959079 14605.29820971867 
51948.62762148338 51977.02915601023 13289.44347826087 13317.845012787724 13809.781074168797 13838.182608695652 
51276.630179028136 51304.747826086954 13249.313043478262 13277.430690537085 14033.159590792839 14061.277237851662 
52150.87212276215 52179.273657289 13250.002557544756 13278.40409207161 14335.631713554987 14364.033248081842 
51094.95191815857 51123.136061381076 13056.05421994885 13084.238363171355 14532.453196930946 14560.637340153453 
50824.413299232736 50852.2547314578 13227.339130434782 13255.180562659847 14403.597442455242 14431.438874680307 
52019.06138107417 52047.6726342711 13059.025575447571 13087.636828644501 14329.969309462916 14358.580562659847 
51978.87468030691 52007.424552429664 13243.542199488491 13272.092071611252 14350.25831202046 14378.808184143223 
51203.24398976982 51230.97033248082 12901.965217391304 12929.691560102301 14422.433248081841 14450.159590792839 
53079.233759590796 53108.24910485934 13418.162148337597 13447.177493606137 14626.489514066496 14655.504859335038 
51612.153964194375 51640.52992327366 13375.304859335038 13403.680818414323 14763.03631713555 14791.412276214834 
51591.56777493606 51619.703324808186 13182.746803069054 13210.882352941177 14117.391304347826 14145.526854219948 
51988.15294117647 52016.72071611253 13361.633759590793 13390.201534526854 14790.08388746803 14818.651662404092 
52339.7094629156 52368.07519181586 13305.58925831202 13333.954987212277 14572.039386189259 14600.405115089514 
51308.70230179028 51336.84808184143 13119.497698209718 13147.64347826087 14194.904347826086 14223.050127877237 
51688.034782608695 51716.446547314576 13605.510485933504 13633.922250639385 14438.947826086956 14467.35959079284 
51025.88081841432 51053.84757033248 12972.118670076727 13000.085421994885 14477.515089514067 14505.481841432225 
51868.21943734015 51896.574936061385 13176.932992327365 13205.288491048594 14520.150383631713 14548.505882352942 
51517.16982097187 51545.00613810742 13235.947314578005 13263.783631713555 14451.499744245524 14479.336061381075 
52298.87979539642 52327.38363171356 13270.035805626598 13298.539641943735 14722.923273657289 14751.427109974424 
51353.52327365729 51381.86598465473 13519.400511508951 13547.743222506393 15121.004092071611 15149.346803069053 
52450.39335038363 52478.88695652174 13052.298721227622 13080.792327365729 14450.979028132992 14479.4726342711 
50994.739130434784 51023.0537084399 13351.05115089514 13379.365728900255 14290.11253196931 14318.427109974424 
