23087.113333333335 23115.50222222222 5134.3133333333335 5162.702222222222 5465.168888888889 5493.557777777778 
23034.19 23062.523333333334 5253.501111111111 5281.834444444445 5537.856666666667 5566.19 
23034.955555555556 23063.194444444445 5288.355555555556 5316.594444444445 5704.1 5732.3388888888885 
22935.756666666668 22963.773333333334 5267.54 5295.556666666666 5733.045555555555 5761.062222222222 
23598.806666666667 23627.934444444443 5283.173333333333 5312.301111111111 5738.595555555556 5767.723333333333 
23557.152222222223 23586.035555555554 5314.035555555555 5342.918888888889 5683.652222222222 5712.535555555555 
22843.196666666667 22871.246666666666 5059.057777777778 5087.107777777778 5561.852222222222 5589.902222222222 
23109.786666666667 23138.37 5086.8422222222225 5115.425555555556 5637.508888888889 5666.0922222222225 
22785.64 22813.806666666667 5364.04 5392.206666666667 5592.017777777778 5620.184444444444 
22562.234444444446 22590.19 5031.678888888889 5059.634444444445 5625.123333333333 5653.078888888889 
22538.004444444443 22566.693333333333 5129.454444444445 5158.143333333333 5590.448888888889 5619.137777777778 
22861.814444444444 22889.931111111113 5117.786666666667 5145.903333333334 5612.114444444444 5640.231111111111 
22921.18888888889 22949.405555555557 5215.8388888888885 5244.055555555556 5515.211111111111 5543.427777777778 
22669.582222222223 22698.032222222224 5212.2155555555555 5240.665555555555 5555.793333333333 5584.243333333333 
22765.925555555557 22794.175555555557 5286.725555555556 5314.975555555556 6028.636666666666 6056.886666666666 
23199.333333333332 23227.777777777777 5101.677777777778 5130.122222222222 5682.555555555556 5711.0 
22940.16 22968.465555555555 5062.06 5090.365555555555 5578.793333333333 5607.098888888889 
22763.065555555557 22791.193333333333 5200.593333333333 5228.721111111111 5810.187777777778 5838.315555555556 
24108.15111111111 24137.54 5468.712222222222 5498.101111111111 6214.317777777777 6243.706666666667 
23601.993333333332 23630.62111111111 5089.46 5118.087777777778 6048.004444444445 6076.6322222222225 
22989.283333333333 23018.18888888889 5259.122222222222 5288.027777777777 5877.238888888889 5906.144444444444 
22232.417777777777 22260.084444444445 5360.545555555555 5388.212222222222 5706.962222222222 5734.6288888888885 
22652.93888888889 22681.23888888889 5210.9944444444445 5239.294444444445 5631.194444444444 5659.4944444444445 
22867.597777777777 22895.89222222222 5180.208888888889 5208.503333333333 5838.464444444445 5866.758888888889 
22512.917777777777 22541.20111111111 5322.651111111111 5350.934444444444 5644.095555555556 5672.3788888888885 
22679.766666666666 22708.016666666666 5164.477777777778 5192.727777777778 5546.355555555556 5574.605555555556 
22787.503333333334 22815.653333333332 4982.258888888889 5010.408888888889 5687.003333333333 5715.153333333334 
22620.38111111111 22648.614444444444 5295.475555555556 5323.708888888889 5561.536666666667 5589.77 
22495.034444444445 22522.81777777778 5042.928888888889 5070.712222222222 5327.3788888888885 5355.162222222222 
23450.414444444443 23479.836666666666 5204.781111111111 5234.203333333333 6286.525555555556 6315.947777777777 
23163.885555555556 23192.835555555557 5410.118888888889 5439.068888888889 6142.385555555556 6171.335555555555 
22772.15 22800.233333333334 5040.65 5068.733333333334 5583.761111111111 5611.844444444445 
23029.00222222222 23057.324444444443 5195.602222222222 5223.924444444445 5769.957777777778 5798.28 
23328.733333333334 23357.411111111112 5454.905555555555 5483.583333333333 5875.844444444445 5904.522222222222 
22798.85777777778 22827.724444444444 5080.502222222222 5109.368888888889 5603.535555555555 5632.402222222222 
22846.498888888887 22874.576666666668 5419.243333333333 5447.321111111111 5633.376666666667 5661.454444444445 
23231.01777777778 23259.90111111111 5329.301111111111 5358.184444444444 5538.562222222222 5567.445555555556 
22392.31333333333 22420.085555555557 4982.552222222223 5010.324444444444 5416.202222222222 5443.974444444444 
22618.924444444445 22647.018888888888 5235.585555555555 5263.68 5437.28 5465.374444444445 
22896.88888888889 22925.294444444444 5237.944444444444 5266.35 5711.222222222223 5739.627777777778 
22922.284444444445 22951.112222222222 5123.956666666667 5152.7844444444445 5658.506666666667 5687.334444444445 
23192.3 23220.67777777778 4862.072222222222 4890.45 5660.033333333334 5688.4111111111115 
22994.62 23023.114444444444 5075.297777777778 5103.792222222222 6043.52 6072.014444444444 
22844.376666666667 22872.693333333333 5176.304444444444 5204.6211111111115 5643.521111111111 5671.837777777778 
22767.217777777776 22795.97888888889 5146.351111111111 5175.112222222222 5891.4511111111115 5920.212222222222 
23423.836666666666 23452.992222222223 5099.892222222222 5129.047777777778 5929.503333333333 5958.658888888889 
23076.65777777778 23105.018888888888 5043.6577777777775 5072.018888888889 5953.724444444444 5982.085555555555 
23096.146666666667 23124.88 5209.6466666666665 5238.38 5474.824444444444 5503.557777777778 
22941.071111111112 22969.14888888889 5035.376666666667 5063.454444444445 5556.493333333333 5584.571111111111 
22993.835555555557 23022.574444444443 5368.441111111111 5397.18 5674.291111111111 5703.03 
