15144.382258064516 15172.688709677419 3093.527419354839 3121.833870967742 3452.543548387097 3480.85 
15368.672580645161 15396.793548387097 3071.3016129032258 3099.4225806451614 3501.7048387096775 3529.825806451613 
14976.724193548387 15004.724193548387 2953.0870967741935 2981.0870967741935 3378.2887096774193 3406.2887096774193 
14752.693548387097 14780.685483870968 3080.3467741935483 3108.3387096774195 3518.483870967742 3546.4758064516127 
15350.372580645162 15378.614516129031 2888.6629032258065 2916.9048387096773 3386.9854838709675 3415.2274193548387 
15136.83064516129 15165.451612903225 2918.7580645161293 2947.3790322580644 3080.185483870968 3108.8064516129034 
15166.837096774194 15195.054838709677 2974.143548387097 3002.3612903225808 3474.208064516129 3502.425806451613 
15630.133870967742 15658.89193548387 3042.1983870967742 3070.956451612903 3373.391935483871 3402.15 
15142.545161290323 15171.206451612903 2884.4967741935484 2913.158064516129 3445.141935483871 3473.803225806452 
15213.604838709678 15241.475806451614 3038.4919354838707 3066.3629032258063 3524.6693548387098 3552.5403225806454 
15525.15322580645 15553.91935483871 3068.0564516129034 3096.8225806451615 3398.3306451612902 3427.0967741935483 
15211.241935483871 15239.064516129032 3060.1935483870966 3088.016129032258 3379.1290322580644 3406.951612903226 
14885.753225806451 14913.906451612904 3047.4225806451614 3075.575806451613 3387.1887096774194 3415.341935483871 
14967.266129032258 14995.056451612903 2899.2580645161293 2927.048387096774 3212.5887096774195 3240.3790322580644 
15111.661290322581 15139.838709677419 2944.7419354838707 2972.9193548387098 3089.6774193548385 3117.8548387096776 
14885.306451612903 14912.588709677419 2924.5564516129034 2951.8387096774195 3307.1935483870966 3334.4758064516127 
15445.998387096774 15474.433870967741 3070.1677419354837 3098.6032258064515 3556.966129032258 3585.4016129032257 
15320.85806451613 15348.793548387097 3133.7129032258063 3161.648387096774 3424.7129032258063 3452.648387096774 
15201.31935483871 15229.553225806452 3045.9806451612903 3074.2145161290323 3429.141935483871 3457.375806451613 
15249.525806451613 15278.001612903226 3090.808064516129 3119.283870967742 3373.3645161290324 3401.840322580645 
15064.959677419354 15093.290322580646 3142.1129032258063 3170.4435483870966 3267.233870967742 3295.564516129032 
15530.583870967743 15559.132258064516 3269.059677419355 3297.608064516129 3736.7129032258063 3765.261290322581 
14898.91935483871 14926.90322580645 3084.983870967742 3112.967741935484 3260.8064516129034 3288.7903225806454 
15861.46129032258 15891.033870967742 3162.6870967741934 3192.259677419355 3956.9451612903226 3986.517741935484 
15159.432258064517 15187.609677419356 2939.7709677419357 2967.9483870967742 3236.9483870967742 3265.125806451613 
15243.491935483871 15271.604838709678 3118.9112903225805 3147.0241935483873 3373.766129032258 3401.8790322580644 
15362.754838709678 15390.948387096774 3064.2629032258064 3092.456451612903 3314.416129032258 3342.6096774193547 
15047.677419354839 15076.5 3132.8306451612902 3161.6532258064517 3316.9032258064517 3345.7258064516127 
15457.932258064517 15486.964516129032 3077.924193548387 3106.956451612903 3684.674193548387 3713.706451612903 
15234.929032258064 15263.71935483871 2997.372580645161 3026.1629032258065 3223.8322580645163 3252.622580645161 
15406.554838709677 15435.401612903226 3118.909677419355 3147.756451612903 3731.441935483871 3760.2887096774193 
15127.116129032258 15156.172580645161 3151.7129032258063 3180.7693548387097 3779.9225806451614 3808.9790322580643 
14648.170967741935 14676.259677419355 2885.9370967741934 2914.025806451613 3549.4774193548387 3577.5661290322582 
15228.024193548386 15256.59677419355 3103.3064516129034 3131.8790322580644 3570.733870967742 3599.3064516129034 
14870.837096774194 14898.796774193548 3127.006451612903 3154.966129032258 3378.1112903225808 3406.0709677419354 
15394.532258064517 15422.959677419354 3027.5564516129034 3055.983870967742 3497.0967741935483 3525.5241935483873 
15418.554838709677 15446.885483870969 2873.748387096774 2902.0790322580647 3054.506451612903 3082.8370967741935 
15515.475806451614 15544.725806451614 3178.532258064516 3207.782258064516 3615.0403225806454 3644.2903225806454 
14874.5 14902.564516129032 3040.5403225806454 3068.6048387096776 3432.983870967742 3461.048387096774 
15032.841935483872 15061.253225806451 2969.0032258064516 2997.414516129032 3666.9387096774194 3695.35 
15077.320967741936 15105.740322580645 3202.958064516129 3231.377419354839 3538.5467741935486 3566.966129032258 
14925.335483870967 14953.577419354839 3093.932258064516 3122.174193548387 3211.0612903225806 3239.303225806452 
15859.812903225806 15889.070967741936 3181.2 3210.458064516129 3811.990322580645 3841.248387096774 
15005.685483870968 15034.435483870968 3046.5564516129034 3075.3064516129034 3422.282258064516 3451.032258064516 
15131.079032258065 15159.36935483871 3037.748387096774 3066.0387096774193 3066.0306451612905 3094.3209677419354 
15221.520967741935 15249.520967741935 3033.158064516129 3061.158064516129 3537.053225806452 3565.053225806452 
15315.904838709677 15344.517741935484 2939.3967741935485 2968.009677419355 3427.1306451612904 3455.743548387097 
14817.327419354839 14845.020967741935 3134.7790322580645 3162.472580645161 3408.101612903226 3435.7951612903225 
14898.83064516129 14926.459677419354 3122.2096774193546 3149.8387096774195 3708.4758064516127 3736.1048387096776 
15144.090322580645 15173.30806451613 3054.7274193548387 3083.9451612903226 3745.2354838709675 3774.4532258064514 
