32543.59365079365 32572.173015873017 8033.073809523809 8061.653174603174 8957.133333333333 8985.712698412699 
32597.07619047619 32625.492857142857 7954.342063492063 7982.75873015873 8956.949206349207 8985.365873015873 
33053.811904761904 33082.37936507937 7966.597619047619 7995.16507936508 8788.311904761904 8816.879365079365 
32963.39444444444 32992.21587301587 7770.612698412699 7799.434126984127 8647.878571428571 8676.7 
33035.62698412698 33064.39682539683 7976.019841269841 8004.789682539683 8823.246031746032 8852.015873015873 
32113.484126984127 32141.26984126984 7879.242063492064 7907.027777777777 8767.944444444445 8795.730158730159 
32705.96984126984 32734.211904761905 7687.7 7715.942063492063 8546.08888888889 8574.330952380953 
32835.24285714285 32863.6873015873 7768.619841269841 7797.064285714286 8266.39365079365 8294.838095238096 
32565.631746031748 32593.480952380953 7906.492857142857 7934.342063492063 9029.742857142857 9057.592063492064 
33269.55634920635 33297.857936507935 7949.000793650794 7977.302380952381 8464.342063492064 8492.64365079365 
33054.176984126985 33082.125396825395 7834.2642857142855 7862.212698412698 8503.811904761904 8531.760317460317 
32529.053968253967 32557.05 8047.196825396825 8075.192857142857 8614.64126984127 8642.637301587301 
32474.01984126984 32502.428571428572 7960.511904761905 7988.920634920635 8894.797619047618 8923.20634920635 
32819.47539682539 32847.43968253968 8004.769047619047 8032.733333333334 8614.245238095238 8642.209523809524 
32698.031746031746 32726.353174603173 7970.825396825397 7999.146825396825 8557.412698412698 8585.734126984127 
32921.90555555555 32950.46111111111 8090.346031746032 8118.901587301587 8830.238888888889 8858.794444444444 
33108.68015873016 33137.148412698414 7973.021428571428 8001.489682539683 9546.823015873017 9575.29126984127 
32462.79126984127 32491.22380952381 7828.644444444444 7857.076984126984 8744.037301587301 8772.469841269842 
32950.42301587301 32979.03015873016 7942.387301587301 7970.9944444444445 8782.669047619047 8811.27619047619 
32874.97857142857 32902.83571428571 7739.9507936507935 7767.807936507937 9060.311904761904 9088.169047619047 
33255.87380952381 33284.81825396825 8031.028571428571 8059.973015873016 8192.556349206348 8221.500793650794 
31995.045238095237 32022.90634920635 7883.576984126984 7911.438095238095 8291.13253968254 8318.99365079365 
32950.1753968254 32978.48492063492 7826.167460317461 7854.4769841269845 8562.183333333332 8590.492857142857 
32709.75634920635 32738.27619047619 8028.704761904762 8057.2246031746035 8509.629365079365 8538.149206349206 
33246.19285714286 33274.903174603176 7879.157142857143 7907.86746031746 8598.415079365079 8627.125396825397 
32383.626984126986 32411.900793650795 8007.099206349207 8035.373015873016 8473.896825396825 8502.170634920634 
32781.833333333336 32810.04761904762 7836.730158730159 7864.944444444444 8639.817460317461 8668.031746031746 
31920.88412698413 31948.83253968254 7848.844444444445 7876.792857142857 8864.701587301588 8892.65 
33182.385714285716 33211.06825396825 7797.484920634921 7826.167460317461 8560.750793650794 8589.433333333332 
32808.7246031746 32837.37936507937 7660.260317460317 7688.91507936508 8329.827777777778 8358.48253968254 
32364.522222222222 32392.359523809522 7812.0142857142855 7839.851587301588 8642.736507936508 8670.57380952381 
32928.328571428574 32956.653968253966 7833.487301587302 7861.812698412698 8350.884126984127 8379.209523809524 
32950.29761904762 32978.694444444445 7940.3015873015875 7968.6984126984125 8254.123015873016 8282.519841269841 
33164.08492063492 33193.049206349206 7982.5690476190475 8011.533333333334 9086.775396825396 9115.739682539683 
32482.63888888889 32511.369047619046 7755.309523809524 7784.039682539683 8572.424603174602 8601.154761904761 
32529.057936507936 32557.240476190476 7700.085714285714 7728.268253968254 8291.240476190476 8319.423015873015 
32908.88253968254 32937.83492063492 8074.604761904762 8103.557142857143 8891.350793650794 8920.303174603174 
32363.963492063493 32392.396031746033 7963.622222222222 7992.054761904762 8877.71746031746 8906.15 
33168.44206349206 33197.160317460315 7894.124603174603 7922.842857142857 8822.219841269842 8850.938095238096 
32876.37301587302 32904.49206349206 7883.226190476191 7911.3452380952385 8367.325396825398 8395.444444444445 
31957.118253968252 31984.705555555556 7844.610317460318 7872.197619047619 8054.038888888889 8081.6261904761905 
33712.92619047619 33741.84285714286 7884.914285714286 7913.830952380952 8672.029365079365 8700.946031746033 
32877.491269841266 32905.69761904762 7881.931746031746 7910.138095238095 8768.65 8796.85634920635 
33016.88333333333 33045.21666666667 7975.407142857143 8003.740476190476 8811.899206349206 8840.23253968254 
32573.257142857143 32601.85238095238 7863.415873015873 7892.011111111111 8778.757142857143 8807.352380952381 
32583.72619047619 32612.06746031746 7711.543650793651 7739.8849206349205 8365.535714285714 8393.876984126984 
33423.89444444444 33452.58888888889 8201.965873015874 8230.660317460317 8964.83888888889 8993.533333333333 
33022.03253968254 33050.98095238095 8203.556349206348 8232.504761904762 9222.119841269841 9251.068253968255 
32958.79126984127 32986.56904761905 8110.870634920635 8138.648412698412 8925.275396825396 8953.053174603174 
33268.56825396825 33297.048412698416 7828.135714285714 7856.615873015873 8866.726984126984 8895.207142857143 
