31635.86611570248 31664.163636363635 7610.866115702479 7639.163636363636 8325.502479338844 8353.8 
31844.671900826444 31873.196694214876 7640.027272727273 7668.5520661157025 8247.481818181817 8276.006611570248 
30382.827272727274 30410.228099173553 7311.1 7338.500826446281 7914.571074380166 7941.9719008264465 
32193.827272727274 32222.794214876034 7599.339669421488 7628.306611570248 8393.538016528926 8422.504958677686 
31612.354545454546 31641.094214876033 7584.4826446280995 7613.222314049587 8113.453719008265 8142.193388429752 
31643.1520661157 31671.38347107438 7553.371074380166 7581.602479338843 8374.887603305786 8403.119008264463 
31520.446280991735 31549.19008264463 7752.55785123967 7781.301652892562 8578.099173553719 8606.842975206611 
31627.118181818183 31655.547933884296 7324.027272727273 7352.457024793389 7857.258677685951 7885.688429752066 
31808.237190082644 31837.179338842976 7621.047107438017 7649.989256198347 8595.369421487603 8624.311570247934 
31197.470247933885 31225.780165289256 7525.86694214876 7554.176859504132 8005.561157024794 8033.871074380166 
31418.132231404958 31446.995867768594 7620.520661157025 7649.384297520661 8528.917355371901 8557.780991735537 
30797.28347107438 30824.837190082646 7522.010743801653 7549.564462809917 8194.688429752066 8222.242148760331 
32363.837190082646 32393.035537190084 7606.746280991735 7635.944628099173 8455.738016528925 8484.936363636363 
30832.411570247932 30860.17603305785 7487.543801652892 7515.30826446281 8167.477685950414 8195.242148760331 
31288.376859504133 31316.64958677686 7646.64132231405 7674.914049586777 8259.50909090909 8287.781818181818 
31690.88347107438 31719.701652892563 7499.065289256198 7527.88347107438 8148.660330578512 8177.478512396694 
31731.61652892562 31760.13305785124 7362.794214876033 7391.310743801653 8295.161983471075 8323.678512396695 
31619.65123966942 31648.461157024794 7492.576859504132 7521.386776859504 8373.576859504132 8402.386776859505 
31304.381818181817 31332.39008264463 7160.348760330578 7188.3570247933885 8228.795041322313 8256.803305785124 
31307.778512396693 31336.038842975206 7526.303305785124 7554.563636363637 8245.216528925619 8273.476859504131 
31066.930578512398 31095.046280991737 7483.492561983471 7511.6082644628095 8057.62479338843 8085.740495867769 
32067.46776859504 32096.182644628097 7515.2900826446285 7544.004958677686 7883.6 7912.314876033058 
32215.62561983471 32244.24958677686 7815.27438016529 7843.898347107438 8800.757851239669 8829.381818181819 
30708.619834710742 30736.045454545456 7449.471074380165 7476.896694214876 7863.644628099173 7891.070247933884 
31359.319834710743 31387.840495867767 7426.125619834711 7454.646280991736 8012.757851239669 8041.278512396694 
31403.72314049587 31432.02479338843 7556.045454545455 7584.347107438017 8471.36776859504 8499.669421487602 
31852.114876033058 31880.813223140496 7695.490909090909 7724.189256198347 8652.139669421487 8680.838016528925 
31132.2347107438 31160.33388429752 7562.776033057851 7590.87520661157 8205.292561983471 8233.39173553719 
31275.971074380166 31304.34297520661 7562.376033057852 7590.747933884298 8484.276859504133 8512.648760330578 
31675.95041322314 31704.363636363636 7599.652892561983 7628.06611570248 8254.900826446281 8283.314049586777 
31067.82561983471 31095.978512396694 7636.614876033058 7664.767768595041 8016.966115702479 8045.1190082644625 
31791.30909090909 31820.061157024793 7369.251239669422 7398.003305785124 8406.036363636364 8434.788429752067 
31072.99008264463 31101.386776859505 7624.345454545454 7652.742148760331 8555.213223140496 8583.609917355372 
31146.138842975208 31174.345454545455 7528.047933884298 7556.254545454545 7919.874380165289 7948.080991735537 
31243.602479338842 31271.63966942149 7441.428925619834 7469.466115702479 8345.222314049586 8373.259504132231 
31177.87520661157 31205.817355371903 7488.763636363637 7516.705785123967 8276.164462809917 8304.106611570249 
31076.061983471074 31104.090909090908 7570.012396694215 7598.0413223140495 8212.582644628099 8240.611570247935 
31979.293388429753 32008.061983471074 7440.710743801653 7469.479338842975 8578.161157024793 8606.929752066115 
31296.705785123966 31324.879338842977 7435.4371900826445 7463.6107438016525 8347.43305785124 8375.606611570249 
31258.18512396694 31286.470247933885 7588.251239669422 7616.536363636364 8561.127272727274 8589.412396694215 
31508.24049586777 31535.9347107438 7453.773553719008 7481.467768595041 7876.240495867769 7903.934710743802 
31008.80909090909 31037.094214876033 7483.160330578512 7511.445454545455 8028.139669421487 8056.42479338843 
30978.321487603305 31006.22644628099 7217.887603305785 7245.792561983471 8176.8917355371905 8204.796694214876 
31533.543801652893 31562.130578512395 7714.9611570247935 7743.547933884298 8504.395041322314 8532.981818181817 
31560.480165289257 31588.81900826446 7596.513223140496 7624.852066115703 8227.752892561983 8256.09173553719 
31614.89008264463 31643.212396694216 7422.795041322314 7451.117355371901 8118.055371900827 8146.377685950413 
31219.70743801653 31247.60826446281 7368.004958677686 7395.905785123967 8130.773553719008 8158.674380165289 
31801.632231404958 31830.330578512396 7332.4586776859505 7361.157024793389 8165.326446280992 8194.02479338843 
30796.745454545453 30824.588429752068 7622.138016528926 7649.980991735537 7919.836363636364 7947.679338842975 
30988.880991735536 31016.89338842975 7593.013223140496 7621.025619834711 8526.575206611571 8554.587603305785 
