40432.44089456869 40460.62619808307 10186.718849840256 10214.904153354633 11442.76357827476 11470.948881789138 
41321.98274760383 41350.12332268371 10256.637699680512 10284.778274760383 11460.64408945687 11488.78466453674 
41517.32587859425 41545.881789137384 10380.817891373801 10409.373801916932 11188.837060702876 11217.392971246007 
41063.38338658147 41091.34185303514 10192.370607028754 10220.329073482428 11382.907348242812 11410.865814696486 
41046.017891373805 41074.564217252395 10223.398083067093 10251.944408945687 11246.832587859424 11275.378913738019 
40949.21661341853 40977.54568690096 10249.526517571885 10277.855591054313 10732.957827476039 10761.286900958467 
41321.435782747605 41350.23130990416 10454.023642172524 10482.819169329074 11453.176996805112 11481.972523961662 
40662.884345047925 40691.05047923323 10177.143130990415 10205.30926517572 11008.86837060703 11037.034504792333 
40883.7571884984 40912.29073482428 10299.166134185303 10327.699680511181 11326.961661341853 11355.495207667731 
41684.53482428115 41713.014057507986 10549.285623003196 10577.764856230033 11706.71054313099 11735.189776357827 
40606.853674121405 40635.17955271566 10059.729073482427 10088.054952076678 10949.834504792332 10978.160383386581 
41205.588498402554 41234.15079872205 10276.850479233226 10305.412779552717 11595.035782747604 11623.598083067092 
40597.55910543131 40625.699680511185 10006.49840255591 10034.638977635783 10977.626198083068 11005.766773162939 
40772.08178913738 40800.225559105435 10220.401277955272 10248.545047923322 11141.254313099042 11169.398083067093 
41457.40255591054 41485.776357827475 10160.891373801916 10189.26517571885 11185.507987220448 11213.88178913738 
41290.28690095847 41319.01214057508 10255.935463258786 10284.660702875399 11332.820447284344 11361.545686900958 
41079.97827476038 41108.36805111821 10579.994249201278 10608.384025559106 11423.776996805113 11452.166773162939 
41004.26134185304 41032.401916932904 10158.357188498403 10186.497763578274 11068.769329073482 11096.909904153355 
41054.989137380195 41083.26709265176 10192.506709265175 10220.78466453674 11571.995527156549 11600.273482428114 
41093.828115015975 41122.409584664536 10194.336102236422 10222.917571884984 11375.352076677316 11403.93354632588 
41045.966134185306 41074.29520766773 10042.451757188499 10070.780830670927 11164.716932907348 11193.046006389777 
40867.03067092652 40895.18722044728 10198.40766773163 10226.564217252397 11575.672843450478 11603.829392971245 
41871.21469648562 41900.18274760383 10383.134824281151 10412.102875399361 11632.476677316294 11661.444728434504 
41940.92204472843 41969.81341853035 10392.145686900958 10421.037060702876 11603.244728434505 11632.136102236422 
41173.143769968054 41201.52715654952 10182.552715654952 10210.936102236421 11784.808306709265 11813.191693290735 
41469.31948881789 41498.11501597444 10463.466453674122 10492.261980830672 11887.41214057508 11916.207667731629 
40974.55143769968 41002.95399361022 10130.500319488818 10158.90287539936 11187.455591054313 11215.858146964856 
41197.08178913738 41225.6089456869 10380.791054313098 10409.31821086262 11446.861341853035 11475.388498402555 
40549.94952076677 40578.169968051116 10277.125239616613 10305.345686900959 11275.792971246006 11304.013418530352 
40917.94952076677 40946.29137380192 10323.43194888179 10351.773801916934 11570.572523961662 11598.914376996805 
41299.86389776358 41328.15463258786 10074.173801916933 10102.464536741214 11103.336741214058 11131.627476038339 
40886.84728434505 40914.98466453674 10152.828115015975 10180.965495207667 11329.380830670927 11357.51821086262 
40975.04984025559 41003.38530351438 10141.132907348243 10169.468370607028 10944.426837060702 10972.76230031949 
41458.47156549521 41486.97635782748 10480.509904153354 10509.014696485623 11273.196805111822 11301.70159744409 
41124.57891373802 41153.25942492013 10285.409584664536 10314.090095846645 11153.821725239617 11182.502236421726 
40579.78977635783 40607.98466453674 10192.95910543131 10221.153993610224 11400.221086261981 11428.415974440895 
41691.50031948882 41719.72076677316 10485.832587859424 10514.05303514377 11186.308626198082 11214.529073482428 
41271.753993610226 41300.25878594249 10152.035143769968 10180.539936102236 11102.070287539937 11130.575079872204 
41846.29265175719 41874.87412140575 10359.608945686901 10388.190415335463 11601.017891373802 11629.599361022365 
41257.26389776358 41286.088178913735 10627.030670926517 10655.854952076677 11402.481150159745 11431.305431309904 
41843.885623003196 41872.70670926518 10579.617252396167 10608.438338658147 12045.991054313099 12074.81214057508 
41409.623642172526 41438.1124600639 10395.818530351438 10424.307348242812 11674.438338658147 11702.92715654952 
41612.47220447284 41641.06325878594 10313.312460063898 10341.903514376996 11028.09840255591 11056.68945686901 
40870.2607028754 40898.356549520766 10179.072204472843 10207.168051118211 10806.49392971246 10834.589776357827 
40390.89329073482 40418.73674121406 10431.506709265175 10459.350159744408 10870.244728434505 10898.088178913738 
41488.062619808305 41516.461980830674 10207.334185303514 10235.733546325879 11675.46517571885 11703.864536741214 
41101.9124600639 41129.87092651757 10249.458785942492 10277.417252396166 11182.113738019169 11210.072204472843 
41012.565495207666 41040.94568690096 10154.565495207667 10182.94568690096 11326.958466453674 11355.338658146964 
42311.26709265176 42339.98274760383 10513.513099041533 10542.22875399361 11450.548242811501 11479.263897763578 
41063.16038338658 41091.703514377 10206.377635782748 10234.920766773163 11236.230670926518 11264.773801916934 
