18489.57379310345 18518.24275862069 3881.7806896551724 3910.4496551724137 4561.222068965517 4589.891034482758 
18108.587586206897 18137.532413793102 3751.0841379310345 3780.0289655172414 4429.546206896552 4458.491034482759 
17374.921379310344 17402.673103448276 3696.2524137931036 3724.0041379310346 3972.500689655172 4000.2524137931036 
18318.97931034483 18347.662068965517 3800.248275862069 3828.9310344827586 4539.0 4567.68275862069 
17604.197241379312 17632.73517241379 3949.211034482759 3977.7489655172412 4294.273103448276 4322.811034482758 
17486.704827586207 17514.71172413793 3967.808275862069 3995.815172413793 4006.311724137931 4034.3186206896553 
18072.313103448276 18100.547586206896 4085.8579310344826 4114.092413793103 4433.561379310345 4461.795862068965 
18069.30896551724 18097.681379310347 3801.295172413793 3829.6675862068964 4182.5020689655175 4210.874482758621 
18216.251034482757 18244.582068965516 3789.464827586207 3817.7958620689656 4134.064827586207 4162.3958620689655 
18160.15172413793 18188.806896551723 3770.793103448276 3799.448275862069 3991.248275862069 4019.903448275862 
18003.63448275862 18031.84827586207 3909.9862068965517 3938.2 4392.579310344828 4420.793103448276 
17957.05517241379 17984.70344827586 3806.1724137931033 3833.8206896551724 4057.0344827586205 4084.6827586206896 
17554.012413793105 17581.412413793103 3848.0537931034482 3875.4537931034483 4117.1917241379315 4144.591724137931 
18097.888275862068 18126.42620689655 4051.129655172414 4079.6675862068964 4396.433103448276 4424.971034482759 
17944.375172413795 17973.05103448276 3763.5958620689657 3792.271724137931 4150.299310344828 4178.975172413793 
17687.653793103447 17716.067586206897 3846.4537931034483 3874.8675862068967 4317.577931034482 4345.991724137931 
17856.73379310345 17884.08551724138 3886.7062068965515 3914.057931034483 4318.713103448275 4346.064827586207 
18347.604137931034 18377.08 3762.5558620689653 3792.031724137931 4473.983448275862 4503.459310344828 
18320.85931034483 18348.769655172415 3838.48 3866.3903448275864 4067.376551724138 4095.286896551724 
18146.404137931033 18174.590344827586 3652.017931034483 3680.2041379310344 4279.776551724138 4307.96275862069 
18233.97655172414 18262.42482758621 3959.88 3988.328275862069 4331.390344827586 4359.838620689655 
18376.48827586207 18405.377931034483 3757.288275862069 3786.1779310344828 4308.164137931035 4337.053793103449 
18175.260689655173 18203.05379310345 3860.805517241379 3888.598620689655 4409.681379310345 4437.474482758621 
17869.89379310345 17898.224827586208 3729.9696551724137 3758.3006896551724 4013.031724137931 4041.36275862069 
17495.135172413793 17523.335172413794 3692.073103448276 3720.273103448276 4177.073103448276 4205.273103448276 
18155.212413793102 18184.19172413793 3695.7089655172413 3724.688275862069 4830.543448275862 4859.522758620689 
18762.779310344828 18791.931034482757 3809.537931034483 3838.689655172414 4257.889655172414 4287.041379310344 
18138.707586206896 18166.969655172416 3912.1075862068965 3940.369655172414 4532.466206896552 4560.728275862069 
18198.335172413794 18226.707586206896 3987.286896551724 4015.6593103448276 4661.086896551724 4689.459310344828 
18291.612413793104 18319.92275862069 3889.343448275862 3917.653793103448 4303.3158620689655 4331.626206896552 
17976.886896551725 18004.962758620688 3950.1558620689657 3978.231724137931 4364.245517241379 4392.321379310345 
18163.89379310345 18192.086896551726 3828.48 3856.673103448276 4240.714482758621 4268.907586206897 
18019.64551724138 18048.155862068965 3828.3558620689655 3856.866206896552 4221.666206896552 4250.176551724138 
18394.161379310346 18422.540689655172 3853.4303448275864 3881.809655172414 4316.899310344827 4345.278620689655 
17716.451034482758 17744.18896551724 3876.8786206896552 3904.616551724138 4323.451034482759 4351.188965517242 
18289.58620689655 18317.841379310346 3787.6758620689657 3815.9310344827586 4561.4689655172415 4589.724137931034 
18614.58620689655 18642.896551724138 3818.7379310344827 3847.0482758620687 4505.379310344828 4533.689655172414 
18207.204137931036 18235.721379310344 4060.1489655172413 4088.6662068965516 4458.590344827586 4487.1075862068965 
18044.939310344827 18072.57379310345 3834.401379310345 3862.0358620689653 4362.656551724138 4390.291034482759 
17910.184827586207 17938.54344827586 4036.1020689655174 4064.4606896551722 4371.046896551724 4399.405517241379 
18466.220689655172 18495.56551724138 3859.9517241379313 3889.2965517241378 4560.144827586207 4589.489655172414 
18139.65655172414 18168.166896551724 3704.063448275862 3732.573793103448 4665.097931034483 4693.608275862069 
18266.25655172414 18294.897931034484 3927.0289655172414 3955.670344827586 4041.8772413793104 4070.518620689655 
17936.696551724137 17964.806896551723 4047.0827586206897 4075.193103448276 4506.606896551724 4534.7172413793105 
18168.42482758621 18197.404137931033 3930.6455172413794 3959.6248275862067 4391.728275862069 4420.707586206897 
18162.85103448276 18191.416551724138 3637.7958620689656 3666.361379310345 3908.40275862069 3936.968275862069 
17963.849655172413 17991.60827586207 3809.7806896551724 3837.5393103448278 4358.256551724138 4386.015172413793 
17988.66896551724 18016.772413793104 3897.5655172413794 3925.6689655172413 4254.262068965517 4282.365517241379 
18265.064827586208 18293.568275862068 3899.72 3928.223448275862 4273.278620689655 4301.782068965517 
18128.958620689657 18157.606896551722 3851.848275862069 3880.496551724138 4106.386206896552 4135.0344827586205 
