37725.87944250871 37754.57630662021 9241.760975609755 9270.457839721254 10351.01881533101 10379.715679442508 
37244.49756097561 37272.59860627178 9243.8425087108 9271.943554006968 10242.145644599303 10270.24668989547 
37954.2181184669 37982.9149825784 9329.6606271777 9358.357491289198 10370.918466898955 10399.615331010453 
37365.86411149826 37394.05574912892 9204.487804878048 9232.67944250871 9857.205574912892 9885.397212543554 
37533.56794425087 37561.885017421606 9195.414634146342 9223.731707317073 10044.630662020905 10072.947735191638 
37398.917073170735 37427.16794425087 9228.286411149826 9256.537282229965 10371.05993031359 10399.310801393729 
38337.66829268292 38366.31289198606 9400.751916376306 9429.396515679442 10090.138675958187 10118.783275261325 
37678.79094076655 37707.43205574913 9432.073170731708 9460.714285714286 9962.947735191638 9991.588850174216 
38149.20975609756 38177.74982578397 9266.16794425087 9294.708013937283 10438.000696864112 10466.540766550523 
36988.34285714286 37015.816724738674 9129.314982578397 9156.788850174216 9812.848083623694 9840.321951219512 
37401.38466898954 37429.7574912892 9497.053658536586 9525.426480836237 10219.855052264807 10248.22787456446 
38364.22787456446 38393.28710801394 9337.813240418118 9366.872473867596 10722.085017421603 10751.14425087108 
36735.98675958188 36763.41533101045 9334.338675958188 9361.767247386759 10329.244599303136 10356.673170731707 
37792.70243902439 37821.42020905923 9084.514285714286 9113.23205574913 10375.918466898955 10404.636236933799 
36762.828571428574 36790.68919860627 9101.532404181185 9129.393031358884 10151.403484320557 10179.264111498258 
37725.73519163763 37754.020905923346 9370.010452961673 9398.296167247387 9908.184668989546 9936.470383275262 
37479.035540069686 37507.54425087108 9239.648780487805 9268.1574912892 10030.843902439025 10059.352613240419 
37877.9574912892 37906.44878048781 8999.52543554007 9028.016724738676 9922.922648083624 9951.41393728223 
37729.455052264806 37757.64668989547 9259.151916376306 9287.34355400697 10168.643205574914 10196.834843205575 
37684.89407665505 37713.46550522648 9316.688501742161 9345.259930313588 10145.169337979094 10173.740766550523 
37202.0425087108 37230.34216027874 9165.150522648084 9193.450174216028 9947.80905923345 9976.108710801394 
38004.74634146341 38033.007665505225 9456.251567944251 9484.512891986064 9994.478048780487 10022.7393728223 
37561.46968641115 37590.16655052265 9393.35818815331 9422.055052264808 10429.229268292684 10457.926132404182 
37535.83902439025 37564.29547038327 9101.793728222996 9130.250174216028 10491.570731707317 10520.027177700349 
37991.4181184669 38019.81533101045 9126.383275261323 9154.780487804877 10092.480836236933 10120.878048780487 
37166.83484320557 37195.200696864114 9533.653658536585 9562.019512195122 10009.570034843206 10037.935888501743 
37332.55052264808 37360.21951219512 9382.114982578398 9409.783972125435 10133.543554006968 10161.212543554007 
37213.14773519164 37241.31149825784 9243.196515679443 9271.360278745644 10256.649477351917 10284.813240418118 
36703.0905923345 36730.919860627175 9014.686411149825 9042.51567944251 9592.536585365853 9620.365853658537 
38131.4306620209 38159.963763066204 9332.901045296167 9361.434146341464 10148.319163763066 10176.852264808362 
37434.88083623693 37463.05505226481 9252.542857142857 9280.717073170732 10163.971428571429 10192.145644599303 
37728.68710801394 37757.143554006965 9103.331707317073 9131.788153310104 9865.415331010452 9893.871777003484 
38172.49128919861 38201.588850174216 9183.435540069686 9212.533101045296 10128.146341463415 10157.243902439024 
37912.068292682925 37940.2668989547 9161.862717770035 9190.061324041812 10094.977700348432 10123.17630662021 
37622.78118466899 37651.32822299652 9194.749825783972 9223.296864111499 10324.206271777004 10352.75331010453 
37669.73449477352 37698.2362369338 9246.710104529617 9275.211846689896 10267.459233449477 10295.960975609756 
37775.486411149825 37803.74076655052 9147.165853658536 9175.420209059233 10461.204181184668 10489.458536585365 
37294.79303135889 37323.29825783972 9331.336585365854 9359.84181184669 10531.688501742161 10560.193728222997 
37897.98745644599 37926.54843205575 9138.87944250871 9167.440418118467 10332.79930313589 10361.360278745644 
36559.67317073171 36587.63832752613 9421.112195121952 9449.077351916376 10091.62787456446 10119.593031358885 
37195.74982578397 37224.08780487805 9388.33519163763 9416.673170731707 10584.833449477352 10613.171428571428 
37714.9212543554 37742.67386759582 8909.924738675958 8937.677351916376 9935.064111498257 9962.816724738675 
37323.396515679444 37351.43135888502 8925.041114982578 8953.075958188154 9900.528919860628 9928.563763066202 
36883.73170731707 36911.439024390245 9194.909407665506 9222.616724738677 9714.02787456446 9741.73519163763 
37378.859233449475 37406.92543554007 9138.705923344947 9166.77212543554 10197.029965156795 10225.096167247386 
38380.796515679445 38409.73031358885 9253.723344947735 9282.657142857142 10594.367944250871 10623.301742160278 
37806.86341463414 37835.438327526135 9386.068989547039 9414.643902439024 10445.424390243903 10473.999303135888 
37302.79581881533 37330.93519163763 9391.820209059233 9419.959581881532 9772.785365853659 9800.924738675958 
37588.37282229965 37617.14634146341 9311.588850174216 9340.36236933798 10200.961672473868 10229.73519163763 
38147.140766550525 38175.93519163763 9416.203484320558 9444.997909407666 10421.680836236934 10450.475261324042 
