41819.831775700935 41848.19314641745 10355.218068535825 10383.579439252337 11356.339563862928 11384.70093457944 
42013.601869158876 42041.8323987539 10418.539563862929 10446.770093457944 11765.717133956387 11793.947663551402 
42227.481619937695 42255.45981308411 10241.182554517134 10269.16074766355 11521.765109034268 11549.743302180685 
42162.01495327103 42190.4230529595 10757.809345794392 10786.217445482866 11641.60062305296 11670.008722741433 
42002.3507788162 42030.55327102804 10441.839875389409 10470.042367601247 11009.68722741433 11037.889719626168 
41823.53457943925 41851.38816199377 10546.883489096574 10574.73707165109 11495.43800623053 11523.291588785047 
41341.52211838006 41369.478504672894 10875.456697819314 10903.41308411215 11160.104672897196 11188.061059190031 
42468.25295950156 42496.4523364486 10572.773208722741 10600.972585669782 11504.58629283489 11532.785669781932 
41850.45171339564 41878.604361370715 10377.523364485982 10405.67601246106 11737.052959501558 11765.205607476635 
41965.7570093458 41994.15887850467 10664.26168224299 10692.663551401869 11656.514018691589 11684.915887850468 
42137.15950155763 42165.424299065424 10526.156386292834 10554.421183800623 11822.583177570094 11850.847975077882 
42838.5769470405 42867.22492211838 10570.570716510903 10599.218691588785 12012.29968847352 12040.947663551402 
42474.70841121495 42503.31277258567 10528.938940809969 10557.543302180686 11425.309657320873 11453.914018691588 
41533.53021806854 41561.502180685355 10159.729595015577 10187.7015576324 11424.193769470405 11452.165732087227 
41811.7046728972 41839.841744548285 10503.022429906541 10531.159501557633 11135.408722741433 11163.545794392523 
42292.20934579439 42320.3214953271 10399.757632398754 10427.869781931464 11939.732710280374 11967.844859813084 
41945.194392523365 41973.181931464176 10468.767601246105 10496.755140186915 11409.328348909658 11437.315887850467 
42235.44984423676 42263.677258566975 10500.87352024922 10529.10093457944 11184.86105919003 11213.088473520249 
42138.78566978193 42167.06292834891 10540.935202492212 10569.21246105919 11279.293457943926 11307.570716510903 
42397.619937694704 42425.778816199374 10719.545171339563 10747.704049844237 11412.682242990653 11440.841121495327 
42163.42990654206 42191.769470404986 10664.140186915887 10692.479750778817 11505.065420560748 11533.404984423676 
41783.70404984424 41811.928348909656 10635.470404984424 10663.694704049843 11485.252336448599 11513.476635514018 
42279.95638629283 42308.16199376947 10712.26168224299 10740.467289719627 11869.043613707165 11897.2492211838 
42103.753894081 42131.81931464175 10456.118380062306 10484.183800623054 11710.57320872274 11738.638629283489 
42277.96947040498 42306.3214953271 10414.580062305296 10442.932087227415 11254.502180685358 11282.854205607477 
41933.53520249221 41961.77507788162 10667.585046728971 10695.82492211838 11381.469781931464 11409.709657320873 
42096.244236760125 42124.47788161994 10742.882866043614 10771.116510903426 11454.384423676012 11482.618068535825 
42095.677258566975 42123.99501557632 10699.527725856698 10727.845482866043 11571.730218068536 11600.047975077881 
42332.189408099686 42360.35451713396 10846.26417445483 10874.429283489097 11837.681619937695 11865.846728971963 
41867.47352024922 41895.72897196261 10376.1246105919 10404.380062305296 11455.482866043614 11483.73831775701 
42525.25919003115 42554.14080996885 10589.221806853582 10618.103426791276 11523.978816199377 11552.86043613707 
42825.36760124611 42853.96261682243 10592.473520249221 10621.068535825545 11769.077881619938 11797.672897196262 
41600.573208722744 41628.785046728975 10705.819314641745 10734.031152647975 11905.704049844237 11933.915887850468 
42603.097819314644 42631.614953271026 10570.37507788162 10598.892211838007 12012.945171339565 12041.46230529595 
41797.016822429905 41824.792523364486 10432.929595015576 10460.705295950156 11462.390654205608 11490.166355140187 
42247.42554517134 42275.78068535826 10507.459813084111 10535.814953271029 11211.609345794392 11239.964485981309 
42170.880996884734 42199.33894080997 10243.84984423676 10272.307788161994 11565.158255451714 11593.616199376947 
41907.84672897196 41936.317133956385 10096.684735202492 10125.155140186916 11474.765732087228 11503.236137071652 
42423.53520249221 42451.544548286605 10585.72523364486 10613.734579439253 11354.360747663552 11382.370093457945 
41975.946417445484 42004.71588785047 10805.528971962616 10834.2984423676 12472.890342679128 12501.659813084112 
42204.06542056075 42232.40809968847 10492.211838006231 10520.554517133956 11603.707165109034 11632.04984423676 
41605.60560747664 41633.67102803738 10686.38753894081 10714.452959501557 11827.583800623053 11855.649221183801 
42016.70841121495 42044.76760124611 10621.833021806853 10649.892211838007 10953.533956386293 10981.593146417445 
42132.42118380062 42160.841744548285 10669.819937694703 10698.240498442368 12059.495950155764 12087.916510903427 
42641.940809968844 42670.31152647975 10526.364485981308 10554.735202492211 12281.657320872275 12310.028037383177 
42194.46292834891 42222.705919003114 10307.89906542056 10336.142056074767 11898.846105919003 11927.089096573209 
42694.58940809969 42723.56448598131 10783.16261682243 10812.13769470405 12103.109657320872 12132.084735202492 
42730.33395638629 42758.96635514019 10572.835514018692 10601.467912772585 11516.960124610592 11545.592523364487 
42410.05981308411 42438.33395638629 10632.957009345795 10661.231152647975 11431.520872274143 11459.795015576325 
42463.96137071651 42492.755763239875 10737.927102803738 10766.721495327103 11225.098442367602 11253.892834890965 
