40792.09487179487 40820.52115384615 10357.899358974359 10386.325641025642 11033.248717948718 11061.675 
40803.89358974359 40832.48333333333 10383.541025641025 10412.13076923077 10716.739743589744 10745.329487179488 
41471.23782051282 41500.058333333334 10115.09358974359 10143.914102564102 10838.769871794872 10867.590384615385 
41291.3782051282 41319.916666666664 10387.90064102564 10416.439102564103 11427.403846153846 11455.942307692309 
40009.22948717949 40037.58525641025 10166.053205128204 10194.408974358974 10778.332051282052 10806.687820512821 
41011.277564102566 41039.626923076925 10266.899358974359 10295.248717948718 10824.072435897437 10852.421794871794 
41570.139102564106 41598.89230769231 10105.914743589743 10134.667948717948 11286.722435897436 11315.475641025641 
41050.69102564103 41079.05641025641 10210.428205128204 10238.79358974359 11037.075641025642 11065.441025641026 
41214.22756410256 41242.52243589744 9956.00641025641 9984.301282051281 11095.176282051281 11123.471153846154 
40149.87564102564 40177.52948717949 10232.98141025641 10260.635256410256 11029.426923076922 11057.08076923077 
40457.42115384615 40485.760897435895 10408.626282051282 10436.966025641026 11583.722435897436 11612.062179487179 
41003.303846153845 41031.39358974359 10234.252564102564 10262.342307692308 11086.483333333334 11114.573076923078 
41228.62051282051 41257.05961538461 10099.864102564103 10128.303205128204 11010.158974358974 11038.598076923077 
41433.90128205128 41462.26666666667 10062.747435897436 10091.11282051282 10897.465384615385 10925.83076923077 
41073.08205128205 41101.12051282051 10419.351282051282 10447.389743589743 11209.832051282052 11237.870512820513 
40928.248717948714 40956.56282051282 10322.751923076923 10351.066025641026 11266.505128205128 11294.819230769232 
41195.28782051282 41223.553846153845 10084.17564102564 10112.441666666668 10807.890384615384 10836.15641025641 
41501.31923076923 41529.81602564103 10195.271153846154 10223.767948717948 11198.973076923077 11227.469871794872 
40635.075 40663.196794871794 10206.001282051282 10234.123076923077 10683.709615384616 10711.83141025641 
40495.03974358975 40522.84102564103 10222.607051282052 10250.408333333333 10928.757692307692 10956.558974358974 
41302.60769230769 41331.001923076925 10311.934615384615 10340.328846153847 11206.364102564103 11234.758333333333 
41186.808333333334 41215.10641025641 10401.548717948717 10429.846794871795 10820.821153846155 10849.11923076923 
41531.11666666667 41559.42756410257 10015.430769230768 10043.741666666667 11496.244871794872 11524.555769230768 
41183.223076923074 41211.70064102564 10234.658974358974 10263.136538461538 11136.364102564103 11164.841666666667 
40941.502564102564 40969.84551282051 10084.78141025641 10113.124358974359 10818.15 10846.492948717949 
41258.38269230769 41286.847435897434 10428.696794871796 10457.161538461538 11370.369871794872 11398.834615384616 
41324.03141025641 41352.553846153845 10081.92564102564 10110.448076923078 11208.55064102564 11237.073076923078 
41106.35 41135.14166666667 10236.003846153846 10264.795512820512 11491.125641025641 11519.917307692307 
41545.46025641025 41574.06923076923 10264.316025641026 10292.925 11236.569230769232 11265.178205128204 
40436.40064102564 40464.77564102564 9972.163461538461 10000.538461538461 10938.88141025641 10967.25641025641 
41510.06025641026 41538.68525641026 10267.246153846154 10295.871153846154 10744.688461538462 10773.313461538462 
39872.15128205128 39900.02307692308 10121.769871794872 10149.641666666666 10781.478205128205 10809.35 
41255.98269230769 41284.18141025641 10098.457051282052 10126.655769230769 11168.790384615384 11196.989102564103 
41117.1 41145.34358974359 10087.176923076922 10115.420512820512 11370.85641025641 11399.1 
40777.26602564102 40805.320512820515 9911.147435897436 9939.201923076924 10958.753205128205 10986.807692307691 
41590.58525641025 41619.088461538464 10378.341666666667 10406.844871794872 10887.283974358974 10915.787179487179 
40398.441666666666 40426.775 10243.496153846154 10271.829487179488 11399.00576923077 11427.339102564103 
40684.70641025641 40712.82820512821 10266.071794871796 10294.19358974359 11330.565384615385 11358.687179487179 
41003.260897435895 41031.58141025641 10491.119871794872 10519.440384615385 10896.901923076923 10925.222435897436 
41381.41474358975 41409.78333333333 10125.007692307692 10153.376282051282 11014.709615384616 11043.078205128206 
41065.82243589743 41094.29358974359 10417.152564102564 10445.623717948718 11050.277564102564 11078.748717948718 
40908.58974358974 40936.72756410256 10189.285256410256 10217.423076923076 11502.24358974359 11530.38141025641 
40488.81858974359 40517.010897435895 10130.901923076923 10159.094230769231 11317.350641025641 11345.542948717948 
41185.06346153846 41213.26858974359 10125.451282051283 10153.65641025641 11021.51217948718 11049.717307692308 
40532.0858974359 40560.31987179487 10283.515384615384 10311.749358974359 11284.14358974359 11312.377564102564 
41444.682692307695 41473.317307692305 10118.791666666666 10147.426282051281 11512.676282051281 11541.310897435897 
40547.32884615385 40575.24551282051 10169.114102564103 10197.030769230769 11437.713461538462 11465.630128205128 
40754.1891025641 40782.5032051282 10054.419871794871 10082.733974358975 11370.682692307691 11398.996794871795 
40980.94038461539 41009.36987179487 10407.873076923077 10436.302564102563 10824.594230769231 10853.023717948718 
40695.15897435897 40723.42179487179 10319.687820512821 10347.950641025642 11351.402564102564 11379.665384615384 
