19089.64183006536 19118.00130718954 4057.5895424836604 4085.949019607843 4596.027450980392 4624.386928104575 
18728.52156862745 18756.515032679737 4065.19477124183 4093.1882352941175 4193.613071895425 4221.6065359477125 
18788.762091503268 18816.55294117647 4157.396078431372 4185.186928104576 4304.115032679739 4331.905882352941 
19219.881045751634 19248.52810457516 4185.488888888889 4214.135947712418 4855.966013071896 4884.613071895425 
19541.082352941175 19569.76862745098 4190.618300653595 4219.304575163399 4821.9254901960785 4850.611764705883 
19164.230065359476 19192.64183006536 4070.301960784314 4098.713725490196 4452.18431372549 4480.596078431373 
18836.96862745098 18865.07973856209 4096.648366013072 4124.759477124183 4864.269281045752 4892.380392156862 
19060.522875816994 19089.228758169935 4115.202614379085 4143.908496732026 4690.816993464052 4719.522875816993 
19415.01568627451 19444.107189542483 4120.669281045752 4149.760784313726 4680.577777777778 4709.669281045752 
19064.324183006534 19092.513725490197 4101.807843137255 4129.997385620915 4641.912418300653 4670.101960784314 
19247.986928104576 19276.581699346407 4346.509803921569 4375.104575163398 4967.470588235294 4996.065359477124 
19256.324183006534 19283.90588235294 4013.0235294117647 4040.60522875817 4542.5137254901965 4570.0954248366015 
19167.956862745097 19196.22483660131 4042.1660130718956 4070.433986928105 4535.98954248366 4564.25751633987 
19094.274509803923 19122.437908496733 3967.764705882353 3995.9281045751636 4429.0 4457.16339869281 
19513.58823529412 19542.091503267973 4198.83660130719 4227.339869281046 4580.444444444444 4608.9477124183 
19646.95163398693 19675.500653594772 4245.840522875817 4274.38954248366 4682.121568627451 4710.670588235294 
18929.517647058823 18957.844444444443 4129.380392156862 4157.707189542483 4580.713725490196 4609.040522875817 
19394.93202614379 19422.68366013072 4229.945098039216 4257.696732026144 4457.082352941176 4484.833986928104 
19153.24836601307 19181.875816993463 4069.3398692810456 4097.967320261438 4534.745098039216 4563.3725490196075 
19393.670588235294 19422.28496732026 4119.5921568627455 4148.206535947713 4890.356862745098 4918.971241830065 
19591.22614379085 19619.566013071897 4242.1738562091505 4270.5137254901965 4848.892810457516 4877.232679738562 
19095.270588235293 19123.61045751634 4170.081045751634 4198.42091503268 4591.237908496732 4619.577777777778 
19160.887581699346 19189.35816993464 4261.475816993464 4289.9464052287585 4685.233986928105 4713.704575163399 
19366.55947712418 19394.788235294116 3966.8013071895425 3995.0300653594772 4496.57908496732 4524.807843137255 
19929.244444444445 19958.028758169934 4310.6627450980395 4339.447058823529 4756.349019607843 4785.133333333333 
18720.49411764706 18748.47450980392 4170.7555555555555 4198.735947712418 4526.853594771242 4554.833986928104 
19317.661437908497 19346.086274509806 4012.334640522876 4040.759477124183 4367.667973856209 4396.092810457516 
19060.211764705884 19088.858823529412 4110.813071895424 4139.460130718954 4698.179084967321 4726.8261437908495 
18686.864052287583 18714.713725490197 4066.511111111111 4094.3607843137256 4149.8117647058825 4177.661437908497 
18857.864052287583 18886.09934640523 4181.752941176471 4209.988235294118 4915.739869281046 4943.9751633986925 
19600.53725490196 19629.315032679737 4127.177777777778 4155.955555555555 4539.23660130719 4568.014379084967 
19489.36470588235 19518.769934640524 4070.678431372549 4100.083660130719 4622.116339869281 4651.521568627451 
18858.465359477123 18886.93594771242 3931.2039215686273 3959.6745098039214 4641.295424836601 4669.766013071895 
18912.12549019608 18940.386928104574 4168.517647058824 4196.77908496732 4527.700653594771 4555.962091503268 
19213.320261437908 19241.392156862745 4135.065359477124 4163.137254901961 4922.3725490196075 4950.444444444444 
18955.073202614378 18983.413071895426 4165.870588235294 4194.21045751634 4523.772549019608 4552.112418300653 
18256.37777777778 18284.371241830064 4112.364705882353 4140.3581699346405 4616.5281045751635 4644.521568627451 
19025.38039215686 19054.164705882355 4193.576470588236 4222.360784313725 4777.164705882353 4805.949019607843 
18660.354248366013 18688.315032679737 4095.197385620915 4123.158169934641 4738.962091503268 4766.922875816994 
19388.291503267974 19416.788235294116 4169.951633986928 4198.448366013072 4534.664052287581 4563.160784313725 
19073.507189542484 19102.101960784315 4246.271895424837 4274.866666666667 4652.74248366013 4681.3372549019605 
19574.444444444445 19603.40522875817 4167.862745098039 4196.823529411765 4641.967320261438 4670.928104575163 
19303.107189542483 19331.695424836602 4007.551633986928 4036.139869281046 4547.950326797386 4576.538562091503 
19552.917647058825 19581.433986928103 4125.094117647059 4153.61045751634 4894.937254901961 4923.453594771242 
19338.291503267974 19366.925490196078 4124.396078431372 4153.030065359477 4879.435294117647 4908.069281045751 
19658.50980392157 19686.96732026144 4193.450980392156 4221.908496732026 4821.418300653595 4849.8758169934645 
19134.682352941178 19163.081045751635 4195.538562091503 4223.937254901961 4583.956862745098 4612.355555555556 
19152.366013071896 19180.712418300653 3914.823529411765 3943.169934640523 4682.032679738562 4710.3790849673205 
18954.780392156863 18982.38823529412 4002.5581699346403 4030.1660130718956 4674.067973856209 4701.675816993464 
18793.188235294117 18820.61960784314 4378.260130718954 4405.6915032679735 4605.913725490196 4633.345098039215 
