20801.552662721893 20828.884023668637 4651.783431952663 4679.114792899409 5208.197633136095 5235.528994082841 
21125.463905325443 21154.126627218935 4601.63550295858 4630.298224852071 5072.972781065088 5101.63550295858 
21241.685207100592 21269.80355029586 4694.998816568047 4723.117159763314 5478.756213017751 5506.874556213018 
20986.540828402365 21014.18579881657 4600.250887573964 4627.8958579881655 5045.730177514793 5073.375147928994 
21662.88047337278 21691.596449704142 4770.762130177515 4799.4781065088755 5277.7266272189345 5306.442603550296 
21483.357396449705 21511.505325443788 4817.156213017752 4845.304142011834 5295.055621301775 5323.203550295858 
21350.592899408282 21379.403550295858 4934.598816568047 4963.409467455621 5066.385798816568 5095.196449704142 
21151.03431952663 21179.117159763315 4717.815384615385 4745.898224852071 5136.294674556213 5164.377514792899 
21492.60473372781 21520.64023668639 4868.794082840237 4896.829585798817 5152.989349112426 5181.024852071006 
21077.152662721892 21105.347928994084 4677.927810650887 4706.123076923077 5167.407100591716 5195.602366863905 
21578.975147928995 21608.063905325445 4886.300591715976 4915.389349112426 5037.679289940828 5066.768047337278 
21753.872189349113 21782.676923076924 4715.594082840236 4744.398816568048 5532.576331360947 5561.381065088757 
21722.931360946746 21751.700591715977 4781.333727810651 4810.1029585798815 5485.363313609468 5514.132544378698 
21019.495857988164 21047.501775147928 4554.383431952663 4582.389349112426 5323.963313609467 5351.969230769231 
21292.743195266274 21320.678106508876 4738.370414201184 4766.305325443787 4931.447337278107 4959.38224852071 
21815.783431952663 21844.836686390532 4801.404733727811 4830.45798816568 5490.085207100592 5519.138461538461 
22030.704142011833 22059.50295857988 4804.366863905326 4833.165680473373 5596.343195266272 5625.142011834319 
21237.98698224852 21266.454437869823 4761.679289940828 4790.1467455621305 5238.608284023669 5267.075739644971 
21202.347928994084 21230.35976331361 4754.259171597633 4782.2710059171595 5062.555029585798 5090.566863905326 
21092.33846153846 21120.47455621302 4732.734911242604 4760.87100591716 5162.249704142012 5190.385798816568 
21305.14674556213 21333.51952662722 4706.063905325444 4734.4366863905325 5396.537278106509 5424.910059171598 
21298.939644970415 21327.324260355028 4729.590532544379 4757.975147928994 5203.442603550296 5231.827218934911 
21448.202366863905 21476.758579881658 4772.953846153846 4801.510059171597 5543.67573964497 5572.231952662722 
21123.779881656807 21151.915976331362 4620.614201183432 4648.750295857988 5115.785798816568 5143.921893491124 
21469.37396449704 21498.024852071005 4515.385798816568 4544.036686390533 5054.575147928994 5083.226035502958 
21121.72781065089 21149.757396449702 4687.142011834319 4715.171597633136 5367.627218934911 5395.656804733728 
21268.802366863907 21297.660355029584 4907.9384615384615 4936.796449704142 5085.281656804734 5114.139644970414 
21400.9325443787 21429.488757396448 4628.518343195266 4657.074556213018 5562.749112426036 5591.305325443787 
21457.137278106507 21485.368047337277 4637.8 4666.030769230769 5264.220118343195 5292.450887573965 
21309.758579881658 21337.33846153846 4596.474556213017 4624.054437869822 5177.847337278106 5205.427218934911 
21348.531360946745 21377.069822485206 4663.679289940828 4692.21775147929 5333.081656804734 5361.620118343195 
21323.166863905324 21351.255621301774 4755.492307692308 4783.581065088757 5356.166863905325 5384.255621301775 
21381.074556213018 21410.115976331363 4672.52426035503 4701.565680473373 5592.192899408284 5621.234319526628 
21371.810650887575 21400.42603550296 4769.532544378698 4798.147928994083 5146.9763313609465 5175.591715976331 
21502.76804733728 21530.957396449703 4722.318343195267 4750.507692307692 5486.631952662722 5514.821301775148 
21054.65325443787 21082.765680473374 4754.416568047337 4782.528994082841 5282.5644970414205 5310.676923076923 
21504.513609467456 21533.27100591716 4803.063905325444 4831.821301775148 5791.418934911243 5820.176331360947 
21018.985798816568 21046.83195266272 4685.110059171598 4712.956213017752 5027.536094674556 5055.38224852071 
21077.078106508874 21104.94201183432 4834.3562130177515 4862.220118343195 5433.155029585799 5461.0189349112425 
21093.70295857988 21122.05798816568 4711.1467455621305 4739.501775147929 5212.868639053255 5241.223668639053 
20799.170414201184 20827.39526627219 4669.052071005917 4697.276923076923 5260.466272189349 5288.691124260355 
21341.046153846153 21369.643786982248 4756.034319526627 4784.631952662722 5307.844970414201 5336.442603550296 
21476.510059171596 21505.237869822486 4734.652071005918 4763.379881656805 5476.302958579881 5505.030769230769 
21111.723076923077 21139.900591715977 4636.0603550295855 4664.237869822485 5120.0603550295855 5148.237869822485 
21604.675739644972 21632.675739644972 4659.581065088757 4687.581065088757 5160.859171597634 5188.859171597634 
21277.018934911244 21305.368047337277 4739.054437869822 4767.403550295858 5506.255621301775 5534.6047337278105 
20914.571597633138 20942.465088757395 4676.589349112426 4704.482840236687 5488.447337278107 5516.340828402367 
21357.32899408284 21385.263905325442 4597.210650887574 4625.1455621301775 5552.139644970414 5580.074556213018 
21626.51479289941 21654.917159763314 4990.491124260355 5018.89349112426 5277.585798816568 5305.988165680474 
21657.83550295858 21686.794082840235 4841.888757396449 4870.847337278106 5576.0189349112425 5604.9775147928995 
