136.47692307692307 166.7846153846154 58.96923076923077 89.27692307692308 68.61538461538461 98.92307692307692 
318.4923076923077 345.26153846153846 63.723076923076924 90.49230769230769 65.64615384615385 92.41538461538461 
155.16923076923078 182.63076923076923 54.38461538461539 81.84615384615384 51.815384615384616 79.27692307692308 
193.2923076923077 221.2923076923077 58.90769230769231 86.9076923076923 67.56923076923077 95.56923076923077 
233.55384615384617 262.7846153846154 68.63076923076923 97.86153846153846 68.35384615384615 97.58461538461539 
325.9384615384615 355.16923076923075 62.0 91.23076923076923 73.0923076923077 102.32307692307693 
233.16923076923078 262.24615384615385 60.16923076923077 89.24615384615385 69.16923076923077 98.24615384615385 
188.12307692307692 217.43076923076924 66.78461538461538 96.0923076923077 53.8 83.1076923076923 
244.06153846153848 272.44615384615383 60.323076923076925 88.70769230769231 77.27692307692308 105.66153846153846 
370.75384615384615 399.2923076923077 72.12307692307692 100.66153846153846 74.52307692307693 103.06153846153846 
275.32307692307694 303.0153846153846 69.26153846153846 96.95384615384616 66.01538461538462 93.70769230769231 
147.33846153846153 175.95384615384614 65.9076923076923 94.52307692307693 77.46153846153847 106.07692307692308 
509.7076923076923 537.7846153846153 66.70769230769231 94.78461538461538 78.29230769230769 106.36923076923077 
216.01538461538462 243.7076923076923 67.43076923076923 95.12307692307692 51.86153846153846 79.55384615384615 
273.2153846153846 301.2153846153846 59.36923076923077 87.36923076923077 65.03076923076924 93.03076923076924 
215.13846153846154 244.52307692307693 66.87692307692308 96.26153846153846 69.29230769230769 98.67692307692307 
159.8 187.4923076923077 71.87692307692308 99.56923076923077 56.50769230769231 84.2 
303.2 333.4307692307692 70.93846153846154 101.16923076923077 60.50769230769231 90.73846153846154 
173.73846153846154 203.12307692307692 57.93846153846154 87.32307692307693 63.95384615384615 93.33846153846154 
155.13846153846154 183.6769230769231 65.84615384615384 94.38461538461539 65.1076923076923 93.64615384615385 
320.95384615384614 350.6461538461538 69.87692307692308 99.56923076923077 70.67692307692307 100.36923076923077 
255.73846153846154 285.3538461538462 61.13846153846154 90.75384615384615 61.215384615384615 90.83076923076923 
301.16923076923075 329.4 64.93846153846154 93.16923076923077 60.323076923076925 88.55384615384615 
211.43076923076924 240.66153846153847 65.41538461538461 94.64615384615385 57.83076923076923 87.06153846153846 
183.55384615384617 209.7076923076923 71.81538461538462 97.96923076923076 67.93846153846154 94.0923076923077 
149.3846153846154 178.3846153846154 61.184615384615384 90.18461538461538 58.33846153846154 87.33846153846154 
207.84615384615384 236.30769230769232 61.33846153846154 89.8 70.0923076923077 98.55384615384615 
131.52307692307693 158.98461538461538 58.55384615384615 86.01538461538462 51.12307692307692 78.58461538461539 
128.83076923076922 157.75384615384615 61.53846153846154 90.46153846153847 60.41538461538462 89.33846153846154 
142.3846153846154 170.3846153846154 67.92307692307692 95.92307692307692 48.4 76.4 
202.8923076923077 230.8153846153846 72.27692307692308 100.2 63.83076923076923 91.75384615384615 
189.46153846153845 217.46153846153845 67.56923076923077 95.56923076923077 54.38461538461539 82.38461538461539 
127.66153846153846 155.96923076923076 75.6 103.9076923076923 68.47692307692307 96.78461538461538 
158.72307692307692 184.64615384615385 64.0923076923077 90.01538461538462 62.41538461538462 88.33846153846154 
296.2307692307692 324.2307692307692 70.84615384615384 98.84615384615384 63.04615384615385 91.04615384615384 
232.83076923076922 261.75384615384615 59.95384615384615 88.87692307692308 68.95384615384616 97.87692307692308 
302.7846153846154 332.7846153846154 60.52307692307692 90.52307692307693 60.61538461538461 90.61538461538461 
113.53846153846153 142.84615384615384 63.353846153846156 92.66153846153846 59.184615384615384 88.49230769230769 
154.5076923076923 183.04615384615386 61.92307692307692 90.46153846153847 67.61538461538461 96.15384615384616 
98.36923076923077 128.52307692307693 47.646153846153844 77.8 64.78461538461538 94.93846153846154 
192.75384615384615 222.44615384615383 65.49230769230769 95.18461538461538 63.12307692307692 92.81538461538462 
289.4769230769231 319.4769230769231 57.246153846153845 87.24615384615385 66.72307692307692 96.72307692307692 
125.70769230769231 153.7846153846154 63.784615384615385 91.86153846153846 50.784615384615385 78.86153846153846 
229.92307692307693 258.9230769230769 58.0 87.0 60.83076923076923 89.83076923076923 
110.67692307692307 139.2153846153846 58.16923076923077 86.70769230769231 42.87692307692308 71.41538461538461 
205.13846153846154 233.52307692307693 70.1076923076923 98.49230769230769 74.1076923076923 102.49230769230769 
210.95384615384614 237.41538461538462 65.32307692307693 91.78461538461538 74.95384615384616 101.41538461538461 
90.23076923076923 118.38461538461539 57.753846153846155 85.9076923076923 57.8 85.95384615384616 
166.04615384615386 196.04615384615386 61.61538461538461 91.61538461538461 89.58461538461539 119.58461538461539 
307.95384615384614 339.87692307692305 65.66153846153846 97.58461538461539 67.92307692307692 99.84615384615384 
