11166.644897959184 11194.706122448979 1924.3081632653061 1952.369387755102 2255.338775510204 2283.4 
11317.581632653062 11345.163265306122 2146.173469387755 2173.7551020408164 2340.7244897959185 2368.3061224489797 
11392.108163265306 11419.771428571428 1972.261224489796 1999.9244897959184 2210.026530612245 2237.6897959183675 
11655.377551020409 11683.265306122448 1966.9285714285713 1994.8163265306123 2311.4591836734694 2339.3469387755104 
12005.861224489796 12034.851020408163 2073.412244897959 2102.4020408163265 2347.45306122449 2376.442857142857 
11556.263265306123 11584.385714285714 2009.6204081632652 2037.7428571428572 2446.181632653061 2474.304081632653 
11573.748979591837 11601.820408163265 2048.0857142857144 2076.157142857143 2584.4632653061226 2612.534693877551 
11772.585714285715 11801.197959183673 2264.0244897959183 2292.6367346938778 2536.851020408163 2565.4632653061226 
12029.31224489796 12058.189795918368 2129.04693877551 2157.9244897959184 2724.7 2753.577551020408 
11733.955102040816 11762.720408163264 2099.0163265306123 2127.781632653061 2616.261224489796 2645.026530612245 
11637.142857142857 11665.336734693878 2135.0 2163.1938775510203 2403.734693877551 2431.9285714285716 
11687.510204081633 11715.92857142857 2179.2551020408164 2207.673469387755 2152.0408163265306 2180.4591836734694 
11085.369387755101 11113.236734693877 2066.9510204081635 2094.818367346939 2354.7775510204083 2382.6448979591837 
11811.936734693878 11840.25306122449 1988.6612244897958 2016.977551020408 2301.365306122449 2329.681632653061 
12227.548979591837 12256.661224489795 2092.7938775510206 2121.9061224489797 2304.834693877551 2333.9469387755103 
11382.767346938776 11410.910204081632 2196.818367346939 2224.9612244897958 2326.8489795918367 2354.991836734694 
11615.814285714287 11643.997959183673 2137.7224489795917 2165.9061224489797 2538.304081632653 2566.487755102041 
11827.68775510204 11856.014285714286 2081.1775510204084 2109.504081632653 2498.442857142857 2526.769387755102 
11658.322448979592 11686.730612244897 1834.0877551020408 1862.495918367347 2367.057142857143 2395.465306122449 
11527.851020408163 11555.585714285715 2166.6061224489795 2194.340816326531 2595.238775510204 2622.973469387755 
11743.779591836736 11772.044897959184 1998.830612244898 2027.095918367347 2468.2897959183674 2496.555102040816 
11842.802040816327 11871.85306122449 2001.3020408163266 2030.3530612244897 2176.169387755102 2205.2204081632653 
11479.297959183674 11507.522448979591 2124.9510204081635 2153.1755102040815 2377.0734693877553 2405.2979591836734 
11508.365306122449 11536.120408163266 2063.008163265306 2090.7632653061223 2326.079591836735 2353.834693877551 
11480.044897959184 11508.116326530613 1998.8714285714286 2026.942857142857 2581.412244897959 2609.4836734693877 
11974.84693877551 12003.367346938776 2108.5408163265306 2137.061224489796 2161.3367346938776 2189.8571428571427 
11738.828571428572 11767.624489795919 1957.4 1986.1959183673468 2366.1755102040815 2394.9714285714285 
11575.983673469387 11603.902040816327 2079.3816326530614 2107.3 2239.0857142857144 2267.004081632653 
11739.289795918367 11767.748979591837 2147.7795918367347 2176.238775510204 2427.269387755102 2455.7285714285713 
11603.875510204081 11632.25306122449 1790.0285714285715 1818.4061224489797 2090.181632653061 2118.5591836734693 
11549.046938775511 11576.904081632652 1993.2510204081632 2021.108163265306 2273.1897959183675 2301.04693877551 
11305.485714285714 11333.577551020408 2009.6387755102041 2037.7306122448979 2254.3632653061222 2282.455102040816 
11712.624489795919 11741.257142857143 2041.4918367346938 2070.124489795918 2248.2571428571428 2276.8897959183673 
11784.295918367347 11812.091836734693 2007.0510204081634 2034.8469387755101 2346.295918367347 2374.091836734694 
11845.267346938776 11873.542857142857 1987.930612244898 2016.2061224489796 2279.8795918367346 2308.1551020408165 
11653.787755102041 11681.726530612244 2056.1551020408165 2084.0938775510203 2509.012244897959 2536.9510204081635 
11675.944897959183 11704.220408163264 2103.434693877551 2131.7102040816326 2399.8836734693878 2428.159183673469 
11810.808163265307 11839.185714285713 1989.4714285714285 2017.8489795918367 2594.624489795918 2623.0020408163264 
11856.857142857143 11885.602040816326 2164.418367346939 2193.1632653061224 2573.265306122449 2602.0102040816328 
11694.773469387756 11723.436734693878 2002.0285714285715 2030.6918367346939 2508.4061224489797 2537.069387755102 
11153.497959183673 11181.385714285714 2073.895918367347 2101.783673469388 2353.9061224489797 2381.7938775510206 
11670.6 11698.538775510204 2070.6408163265305 2098.579591836735 2459.987755102041 2487.9265306122447 
11812.685714285713 11841.185714285713 2166.2877551020406 2194.7877551020406 2533.542857142857 2562.042857142857 
11069.848979591838 11096.797959183674 2197.2673469387755 2224.216326530612 2298.4816326530613 2325.430612244898 
11615.957142857143 11644.630612244899 2103.365306122449 2132.0387755102042 2221.7938775510206 2250.4673469387753 
11834.585714285715 11862.789795918367 1973.891836734694 2002.095918367347 2487.1775510204084 2515.3816326530614 
11549.191836734693 11577.069387755102 2078.569387755102 2106.4469387755103 2231.9469387755103 2259.8244897959185 
11448.25918367347 11476.585714285715 2108.8 2137.126530612245 2469.769387755102 2498.0959183673467 
11588.273469387756 11616.283673469388 2221.5183673469387 2249.5285714285715 2228.9061224489797 2256.9163265306124 
11441.94081632653 11469.348979591838 2068.8795918367346 2096.2877551020406 2430.1857142857143 2457.5938775510203 
