13438.157798165137 13467.093577981652 2453.0477064220186 2481.983486238532 2637.139449541284 2666.075229357798 
13359.185321100917 13388.47889908257 2583.6715596330273 2612.965137614679 3174.607339449541 3203.9009174311927 
13331.546788990825 13360.895412844036 2519.629357798165 2548.977981651376 3112.0330275229358 3141.3816513761467 
13144.17981651376 13172.666055045871 2525.7119266055047 2554.1981651376145 2672.6477064220185 2701.1339449541283 
12908.866055045872 12937.05871559633 2568.049541284404 2596.2422018348625 2721.994495412844 2750.1871559633028 
13329.091743119267 13358.532110091743 2461.853211009174 2491.293577981651 2892.0733944954127 2921.5137614678897 
13214.809174311926 13243.240366972477 2414.726605504587 2443.1577981651376 2846.7449541284404 2875.176146788991 
13143.528440366972 13171.56513761468 2487.9412844036697 2515.977981651376 2746.5467889908255 2774.5834862385323 
13449.849541284404 13478.739449541285 2574.4642201834863 2603.354128440367 2931.8770642201835 2960.7669724770644 
13046.319266055047 13075.264220183486 2556.6587155963302 2585.6036697247705 3046.823853211009 3075.7688073394497 
13088.091743119267 13117.146788990825 2439.348623853211 2468.4036697247707 2989.8256880733943 3018.880733944954 
13153.987155963303 13181.812844036698 2436.37247706422 2464.1981651376145 2898.2348623853213 2926.0605504587156 
13226.495412844037 13255.018348623853 2507.229357798165 2535.7522935779816 2841.2201834862385 2869.743119266055 
13255.348623853211 13284.302752293577 2528.229357798165 2557.183486238532 3132.0183486238534 3160.97247706422 
13001.366972477064 13029.80733944954 2508.9908256880735 2537.4311926605506 2776.605504587156 2805.045871559633 
13145.033027522935 13173.418348623853 2299.8128440366972 2328.1981651376145 2905.1339449541283 2933.519266055046 
12953.539449541284 12981.777981651376 2409.3467889908256 2437.5853211009176 2783.089908256881 2811.3284403669727 
13134.324770642203 13163.08623853211 2439.4532110091745 2468.2146788990826 2881.3247706422017 2910.08623853211 
12984.728440366973 13013.00366972477 2491.7743119266056 2520.049541284404 2758.022018348624 2786.2972477064222 
12807.869724770642 12836.282568807339 2502.6678899082567 2531.0807339449543 2891.7871559633027 2920.2 
12844.033027522935 12872.225688073395 2365.565137614679 2393.7577981651375 2516.4642201834863 2544.656880733945 
12668.132110091743 12695.774311926605 2488.104587155963 2515.7467889908257 2902.049541284404 2929.691743119266 
13036.277064220183 13064.497247706422 2442.31376146789 2470.5339449541284 2818.9467889908256 2847.166972477064 
13267.59266055046 13296.170642201834 2643.161467889908 2671.7394495412846 2858.537614678899 2887.1155963302754 
13123.433027522935 13151.524770642201 2374.781651376147 2402.873394495413 2588.8 2616.8917431192663 
12956.211009174312 12984.266055045871 2415.935779816514 2443.9908256880735 2754.6605504587155 2782.7155963302753 
13129.3376146789 13157.732110091743 2580.8788990825688 2609.273394495413 2921.4385321100917 2949.833027522936 
13489.671559633027 13517.992660550459 2477.2770642201835 2505.5981651376146 2995.056880733945 3023.377981651376 
13229.572477064221 13258.205504587157 2503.251376146789 2531.8844036697246 2768.205504587156 2796.838532110092 
12649.524770642201 12677.249541284404 2495.029357798165 2522.754128440367 2851.203669724771 2878.9284403669726 
13149.666055045871 13178.042201834862 2451.4 2479.776146788991 3151.7669724770644 3180.1431192660552 
13092.330275229358 13120.51376146789 2471.8899082568805 2500.0733944954127 2522.6330275229357 2550.816513761468 
13283.877064220183 13311.528440366972 2492.537614678899 2520.188990825688 2938.8220183486237 2966.473394495413 
13527.682568807339 13556.728440366973 2470.6550458715597 2499.7009174311925 2737.6366972477063 2766.6825688073395 
13126.05871559633 13154.875229357798 2408.040366972477 2436.8568807339448 2697.4990825688074 2726.315596330275 
13222.154128440367 13250.566972477065 2637.7229357798165 2666.1357798165136 3195.7045871559635 3224.1174311926607 
13502.911926605504 13531.554128440366 2406.159633027523 2434.8018348623855 2854.921100917431 2883.5633027522936 
13429.732110091743 13458.906422018348 2533.6036697247705 2562.777981651376 2878.7688073394497 2907.943119266055 
13314.401834862385 13342.594495412844 2449.9889908256882 2478.181651376147 2708.2275229357797 2736.4201834862383 
12994.161467889908 13022.133944954128 2626.37247706422 2654.3449541284403 3014.959633027523 3042.932110091743 
13105.700917431193 13133.829357798166 2409.921100917431 2438.049541284404 2754.5908256880734 2782.719266055046 
12936.060550458715 12963.656880733944 2324.987155963303 2352.5834862385323 2549.4825688073392 2577.078899082569 
13366.56513761468 13395.106422018349 2353.5284403669725 2382.069724770642 2797.3633027522937 2825.9045871559633 
13365.497247706422 13394.442201834863 2393.139449541284 2422.084403669725 2905.176146788991 2934.1211009174312 
12576.229357798165 12604.348623853211 2525.4862385321103 2553.605504587156 2834.7155963302753 2862.8348623853212 
13314.071559633028 13343.17247706422 2562.2 2591.300917431193 2741.475229357798 2770.5761467889906 
12926.511926605504 12954.438532110093 2437.1082568807337 2465.034862385321 2876.1908256880733 2904.1174311926607 
13207.85137614679 13236.383486238532 2520.337614678899 2548.8697247706423 2973.365137614679 3001.897247706422 
13558.25871559633 13587.056880733944 2623.5981651376146 2652.3963302752295 3312.8917431192663 3341.6899082568807 
12746.201834862386 12774.477064220184 2422.2477064220184 2450.5229357798166 2923.1284403669724 2951.4036697247707 
