17262.75107913669 17290.715107913667 3654.736690647482 3682.7007194244607 3963.851798561151 3991.8158273381296 
17414.195683453236 17442.71366906475 3490.771223021583 3519.2892086330935 3945.1237410071944 3973.641726618705 
17061.558273381295 17090.270503597123 3713.7309352517987 3742.443165467626 4221.421582733813 4250.133812949641 
17015.892086330936 17044.56834532374 3344.0575539568345 3372.73381294964 3951.7122302158273 3980.388489208633 
17056.33669064748 17084.75395683453 3572.401438848921 3600.818705035971 4173.092086330936 4201.5093525179855 
17565.244604316547 17593.266187050358 3613.4028776978416 3641.4244604316546 3978.6906474820144 4006.7122302158273 
17053.811510791365 17081.739568345325 3523.3007194244606 3551.228776978417 4093.3870503597122 4121.315107913669 
17074.715107913667 17102.938129496404 3621.4273381294965 3649.65035971223 3843.456115107914 3871.6791366906473 
17261.73237410072 17290.257553956835 3616.307913669065 3644.8330935251797 4017.092086330935 4045.6172661870505 
17009.894964028776 17038.189928057553 3862.6575539568344 3890.9525179856114 4009.844604316547 4038.139568345324 
17007.18129496403 17035.11654676259 3532.058992805755 3559.9942446043165 4043.3179856115107 4071.253237410072 
17381.802877697843 17409.98273381295 3467.443165467626 3495.6230215827336 3919.392805755396 3947.5726618705035 
17019.68920863309 17046.8690647482 3725.207194244604 3752.3870503597122 4082.7755395683453 4109.955395683453 
17516.728057553955 17544.943884892087 3724.1956834532375 3752.4115107913667 4148.346762589928 4176.562589928058 
17288.59856115108 17316.18129496403 3727.886330935252 3755.4690647482016 3792.5625899280576 3820.1453237410074 
17052.98417266187 17081.509352517987 3442.624460431655 3471.1496402877697 3855.581294964029 3884.106474820144 
17208.476258992807 17236.56978417266 3714.2244604316547 3742.3179856115107 3917.1021582733815 3945.1956834532375 
17646.733812949642 17675.589928057554 3600.4676258992804 3629.3237410071943 4276.179856115108 4305.035971223022 
17127.976978417268 17156.919424460433 3568.4374100719424 3597.379856115108 3858.3007194244606 3887.243165467626 
17449.247482014387 17477.7654676259 3452.2978417266186 3480.8158273381296 3951.7438848920865 3980.261870503597 
17073.66618705036 17102.18417266187 3540.443165467626 3568.9611510791365 3919.5007194244604 3948.0187050359714 
17183.602877697842 17211.84748201439 3534.717985611511 3562.9625899280577 4027.7539568345323 4055.9985611510792 
17123.90215827338 17152.08201438849 3537.240287769784 3565.4201438848922 4110.010071942446 4138.1899280575535 
17335.39856115108 17363.715107913667 3589.556834532374 3617.873381294964 4055.6647482014387 4083.9812949640286 
17391.397122302158 17419.404316546763 3604.282014388489 3632.2892086330935 3775.058992805755 3803.0661870503595 
17541.58705035971 17570.11942446043 3792.371223021583 3820.903597122302 3879.421582733813 3907.953956834532 
16759.926618705034 16787.8618705036 3529.2719424460433 3557.207194244604 3838.7395683453237 3866.674820143885 
17370.14964028777 17398.825899280575 3687.0273381294965 3715.703597122302 3932.717985611511 3961.3942446043166 
16335.660431654676 16362.703597122301 3543.9553956834534 3570.9985611510792 3706.602877697842 3733.6460431654677 
17352.139568345323 17380.85179856115 3726.7870503597123 3755.4992805755396 4158.175539568345 4186.887769784173 
17291.604316546764 17320.043165467625 3506.143884892086 3534.5827338129498 4115.122302158274 4143.561151079137 
17535.59856115108 17564.576978417266 3665.8359712230217 3694.814388489209 4028.7856115107916 4057.764028776978 
17819.69928057554 17848.548201438847 3678.1525179856117 3707.0014388489208 4135.11654676259 4163.9654676259 
17517.88345323741 17546.559712230217 3570.3223021582735 3598.9985611510792 4226.279136690648 4254.955395683453 
17030.8690647482 17058.88345323741 3699.063309352518 3727.0776978417266 4225.998561151079 4254.012949640288 
17763.211510791367 17792.024460431654 3527.4920863309353 3556.305035971223 3977.3482014388487 4006.1611510791367 
17529.53237410072 17558.03597122302 3527.68345323741 3556.1870503597124 3970.9208633093526 3999.4244604316546 
18047.771223021584 18076.742446043165 3849.4474820143887 3878.418705035971 4480.886330935252 4509.857553956835 
17317.271942446045 17345.83309352518 3454.315107913669 3482.8762589928056 4012.2 4040.7611510791367 
17765.70215827338 17794.658992805755 3689.270503597122 3718.2273381294963 4499.666187050359 4528.623021582734 
17129.405755395685 17157.132374100718 3531.9956834532372 3559.7223021582736 3636.074820143885 3663.801438848921 
16663.26330935252 16690.71654676259 3512.4575539568345 3539.9107913669063 4047.2561151079135 4074.7093525179857 
16991.06762589928 17019.607194244603 3698.578417266187 3727.117985611511 3917.578417266187 3946.117985611511 
17623.889208633092 17652.09784172662 3605.4575539568345 3633.66618705036 4252.198561151079 4280.407194244604 
17318.929496402878 17347.16690647482 3494.159712230216 3522.397122302158 4239.69928057554 4267.9366906474825 
17259.21582733813 17288.01438848921 3762.3309352517986 3791.1294964028775 4026.5323741007196 4055.3309352517986 
17059.559712230217 17087.66762589928 3607.8690647482013 3635.9769784172663 3982.286330935252 4010.3942446043166 
17044.345323741007 17071.96402877698 3599.0 3626.6187050359713 3977.9352517985612 4005.5539568345325 
17566.542446043164 17594.959712230215 3616.851798561151 3645.2690647482013 4048.621582733813 4077.0388489208635 
17535.693525179857 17564.470503597124 3790.923741007194 3819.7007194244607 3707.9021582733812 3736.6791366906473 
