17469.436363636363 17498.002797202797 3689.786013986014 3718.3524475524478 4190.66013986014 4219.226573426574 
17945.683916083915 17974.648951048952 3687.516083916084 3716.481118881119 4286.404195804196 4315.369230769231 
17993.346853146853 18021.94125874126 3726.018181818182 3754.6125874125873 4464.682517482517 4493.276923076923 
18192.97762237762 18222.026573426574 3638.3552447552447 3667.4041958041958 4399.446153846154 4428.495104895105 
18005.49090909091 18034.092307692306 3787.9804195804195 3816.581818181818 4399.0223776223775 4427.623776223776 
18347.455944055942 18376.42097902098 3940.7496503496504 3969.7146853146855 4206.553846153846 4235.518881118881 
17865.646153846155 17894.548251748252 3870.534265734266 3899.4363636363637 4282.394405594406 4311.296503496504 
18183.586013986012 18212.327272727274 3951.9146853146854 3980.655944055944 3961.9706293706295 3990.711888111888 
18060.87132867133 18089.99020979021 3761.179020979021 3790.297902097902 4548.206993006993 4577.325874125874 
18023.4979020979 18052.02237762238 3679.211188811189 3707.7356643356643 4475.672727272728 4504.197202797202 
17836.247552447552 17864.56923076923 3770.163636363636 3798.4853146853147 4400.688111888112 4429.0097902097905 
18236.103496503496 18264.865734265735 3876.837762237762 3905.6 4653.159440559441 4681.921678321678 
17840.163636363635 17868.394405594405 3650.2405594405595 3678.4713286713286 4096.772027972028 4125.002797202797 
17760.18181818182 17788.783216783217 3809.4755244755243 3838.076923076923 4433.727272727273 4462.328671328672 
18147.458741258743 18176.31888111888 3824.13006993007 3852.99020979021 4594.962237762238 4623.822377622378 
17986.532867132868 18014.854545454546 3818.9804195804195 3847.302097902098 3891.0153846153844 3919.337062937063 
17866.593006993007 17894.97062937063 3786.886713286713 3815.2643356643357 4222.096503496504 4250.474125874126 
17048.225174825177 17075.700699300698 3787.8545454545456 3815.33006993007 4042.008391608392 4069.483916083916 
17729.765034965036 17758.17762237762 3809.9048951048953 3838.3174825174824 4408.681118881119 4437.093706293706 
17897.875524475523 17926.4 3844.386013986014 3872.9104895104897 4470.344055944056 4498.868531468532 
18371.601398601397 18400.027972027972 3860.286713286713 3888.713286713287 4138.041958041958 4166.468531468531 
18123.476923076923 18152.295104895104 3700.1202797202795 3728.9384615384615 4047.0363636363636 4075.8545454545456 
17559.534265734266 17587.855944055944 3576.2895104895106 3604.6111888111886 4267.261538461538 4295.583216783217 
17420.47972027972 17448.570629370628 3648.843356643357 3676.934265734266 4141.773426573426 4169.864335664336 
17621.373426573427 17649.00979020979 3557.4713286713286 3585.107692307692 4256.737062937063 4284.3734265734265 
17232.04055944056 17259.565034965035 3566.697902097902 3594.2223776223777 4111.404195804196 4138.928671328671 
17901.784615384615 17929.784615384615 3860.8825174825174 3888.8825174825174 4500.071328671329 4528.071328671329 
18323.93986013986 18352.366433566433 4012.932867132867 4041.3594405594404 4394.772027972028 4423.198601398602 
17989.232167832168 18017.344055944057 3684.1762237762237 3712.288111888112 3963.5048951048952 3991.616783216783 
17567.647552447554 17595.920279720278 3568.54965034965 3596.8223776223776 4217.528671328671 4245.801398601398 
17712.064335664334 17740.525874125873 3904.8405594405594 3933.302097902098 4125.176223776224 4153.637762237762 
18105.395804195803 18133.766433566434 3741.9692307692308 3770.3398601398603 4171.724475524476 4200.095104895105 
17891.95944055944 17920.763636363637 3833.372027972028 3862.1762237762237 4329.77062937063 4358.5748251748255 
17862.418181818182 17890.586013986012 3555.942657342657 3584.1104895104895 4083.2503496503496 4111.418181818181 
18492.38041958042 18521.079720279722 3602.1706293706293 3630.86993006993 4146.890909090909 4175.59020979021 
17727.6027972028 17755.74965034965 3706.0433566433567 3734.19020979021 3914.393006993007 3942.53986013986 
18250.496503496503 18279.20979020979 3748.762237762238 3777.4755244755243 4432.013986013986 4460.727272727273 
17734.676923076924 17762.606993006993 3757.1874125874124 3785.1174825174826 4339.7048951048955 4367.634965034965 
18059.215384615385 18087.27132867133 3624.704895104895 3652.760839160839 4010.690909090909 4038.746853146853 
17475.281118881117 17503.4979020979 3908.9104895104897 3937.1272727272726 4531.33006993007 4559.546853146853 
18201.255944055945 18229.89230769231 3761.451748251748 3790.088111888112 4593.374825174825 4622.011188811189 
17693.074125874125 17720.801398601398 3920.5776223776224 3948.304895104895 4517.752447552448 4545.47972027972 
17116.706293706295 17144.34265734266 3533.5944055944055 3561.230769230769 3706.5034965034965 3734.13986013986 
17818.737062937063 17847.21958041958 3644.2475524475526 3672.73006993007 4077.806993006993 4106.289510489511 
18072.296503496502 18101.142657342658 3753.681118881119 3782.5272727272727 4400.14965034965 4428.995804195804 
17368.94125874126 17396.82237762238 3785.039160839161 3812.9202797202797 4019.6335664335666 4047.5146853146853 
18115.572027972026 18144.641958041957 3700.613986013986 3729.6839160839163 4457.914685314685 4486.984615384616 
18032.546853146854 18061.323076923076 3694.253146853147 3723.0293706293705 4095.1692307692306 4123.945454545455 
18061.755244755244 18090.615384615383 3650.7342657342656 3679.5944055944055 3996.909090909091 4025.769230769231 
18184.63216783217 18213.17762237762 3686.597202797203 3715.1426573426575 3985.2405594405595 4013.786013986014 
