44596.827138643064 44625.1191740413 11204.157522123895 11232.449557522124 12364.15162241888 12392.44365781711 
44749.24837758112 44777.581710914455 11119.401769911505 11147.735103244837 12033.894395280236 12062.227728613569 
44746.14159292035 44774.33628318584 11166.79646017699 11194.991150442478 12195.0 12223.194690265487 
45619.85545722714 45648.46312684366 10869.849557522124 10898.457227138642 11756.466076696166 11785.073746312684 
45448.11150442478 45476.8784660767 11399.819469026548 11428.586430678466 12355.052507374632 12383.819469026548 
44633.096755162245 44661.577581120946 11554.792920353982 11583.273746312685 12449.270796460178 12477.751622418878 
44831.93215339233 44860.54277286136 11318.283185840708 11346.893805309735 12600.702064896755 12629.312684365781 
44502.25250737463 44530.80412979351 11220.46784660767 11249.019469026549 12158.810029498525 12187.361651917405 
44900.05604719764 44928.74041297935 11249.530973451327 11278.215339233038 12537.604719764011 12566.289085545723 
44241.857227138644 44269.638938053096 11252.998820058998 11280.780530973452 12011.606489675516 12039.38820058997 
45085.33687315634 45113.75575221239 11311.758702064897 11340.177581120945 12314.018289085545 12342.437168141592 
44279.761061946905 44308.04424778761 11292.837758112095 11321.120943952803 12295.964601769912 12324.247787610619 
44225.5598820059 44254.18230088495 11462.374041297935 11490.996460176992 12429.185250737462 12457.807669616519 
44766.50442477876 44794.967551622416 11243.274336283186 11271.737463126843 12268.684365781712 12297.147492625369 
44061.27138643068 44089.30973451328 11226.578171091445 11254.616519174042 12007.587020648967 12035.625368731564 
44911.821828908556 44940.414749262534 10977.16401179941 11005.756932153392 11843.712684365782 11872.305604719764 
45499.352802359885 45527.98112094395 11154.786430678467 11183.414749262536 12447.656637168142 12476.284955752213 
44741.727433628315 44770.01061946902 11331.712684365782 11359.99587020649 12358.184660766961 12386.46784660767 
44549.0796460177 44577.18289085546 11065.262536873157 11093.365781710914 12431.253687315635 12459.356932153392 
45238.36873156342 45266.85250737463 11200.699115044248 11229.182890855458 12058.306784660766 12086.790560471976 
44816.01179941003 44844.19764011799 11484.306784660766 11512.492625368732 12197.129793510325 12225.315634218288 
44583.85073746313 44612.414159292035 11193.647197640117 11222.210619469026 12215.293215339234 12243.85663716814 
44755.54985250738 44784.02182890855 11320.833038348082 11349.305014749263 11924.750442477876 11953.222418879057 
44804.299705014746 44832.96342182891 11347.90442477876 11376.568141592921 12173.335103244837 12201.998820058998 
45172.647197640115 45201.27551622419 11397.142772861356 11425.771091445427 12455.169321533924 12483.797640117995 
44727.59823008849 44755.82831858407 11132.433038348083 11160.663126843658 12254.338643067847 12282.568731563422 
44106.078466076695 44134.35575221239 11321.417699115043 11349.694985250737 12237.898525073746 12266.17581120944 
44818.08731563422 44846.612389380534 11407.81592920354 11436.341002949852 12236.09616519174 12264.621238938053 
45099.42418879056 45127.730973451326 11294.848967551623 11323.15575221239 12388.813569321534 12417.1203539823 
44913.013569321534 44941.47079646018 11294.267256637168 11322.724483775812 12598.10796460177 12626.565191740414 
45003.012979351035 45031.79174041298 11227.945132743364 11256.72389380531 12311.859587020648 12340.638348082595 
45148.2790560472 45176.86017699115 11297.762831858407 11326.34395280236 13136.665486725664 13165.246607669616 
44438.73392330384 44467.06135693215 11096.232448377581 11124.5598820059 12147.509734513274 12175.837168141594 
43944.52684365782 43972.402949852505 11304.379351032449 11332.255457227138 11823.261356932153 11851.137463126845 
45528.95044247788 45558.1185840708 11272.528613569322 11301.696755162242 12978.21592920354 13007.384070796461 
44342.46489675516 44370.77463126844 11067.17581120944 11095.485545722713 12258.125663716814 12286.435398230089 
44552.502654867254 44581.101474926254 11414.729793510325 11443.328613569322 12125.608849557522 12154.207669616519 
45057.4 45086.04306784661 11427.565191740414 11456.208259587022 12603.078466076697 12631.721533923304 
44543.3197640118 44571.349262536874 11181.089675516225 11209.119174041298 12737.900884955752 12765.930383480825 
44329.799410029496 44358.21533923304 11121.014749262536 11149.430678466077 12213.631268436578 12242.047197640119 
43858.76696165192 43886.64601769912 11515.029498525073 11542.908554572272 12181.849557522124 12209.728613569321 
44453.38820058997 44482.16401179941 11257.326253687315 11286.102064896755 12517.385250737463 12546.161061946903 
44063.3622418879 44091.32389380531 11382.427138643068 11410.388790560472 12383.217699115045 12411.179351032448 
44740.894985250736 44769.361061946904 11136.697345132743 11165.16342182891 12405.12802359882 12433.594100294986 
44531.13333333333 44559.58761061947 11199.257227138643 11227.711504424778 12424.015339233038 12452.469616519174 
45155.88790560472 45184.61946902655 11175.67256637168 11204.404129793511 11969.625368731564 11998.356932153392 
44697.158112094396 44725.65958702065 11398.571091445428 11427.072566371682 12462.854277286136 12491.35575221239 
45182.44247787611 45210.74336283186 11088.06784660767 11116.368731563422 12271.519174041297 12299.82005899705 
44716.06194690266 44744.30383480826 11204.758112094396 11233.0 12392.837758112095 12421.079646017699 
45270.47315634218 45299.13982300885 11251.797640117995 11280.464306784661 12347.178171091446 12375.844837758112 
