47082.84563380282 47111.25971830986 12000.56676056338 12028.980845070422 13500.110422535212 13528.524507042253 
46669.94704225352 46698.34422535211 11691.74704225352 11720.144225352113 13035.256901408451 13063.654084507043 
46230.72676056338 46258.98309859155 12060.115492957746 12088.371830985916 13549.028169014084 13577.284507042254 
46537.02478873239 46565.18816901409 11881.495211267606 11909.658591549296 12886.075492957747 12914.238873239437 
46887.98028169014 46916.20563380282 12010.512676056338 12038.738028169015 13050.692957746478 13078.918309859155 
46854.12563380282 46882.58478873239 11605.73690140845 11634.196056338029 13255.317183098592 13283.776338028169 
46553.623098591546 46581.74985915493 11703.842816901408 11731.969577464788 13283.856901408451 13311.983661971832 
47126.413521126764 47154.74309859155 11824.664225352113 11852.993802816902 12906.562816901409 12934.892394366198 
47662.98197183099 47691.51154929578 11688.029859154929 11716.559436619718 12866.297464788733 12894.82704225352 
46787.37633802817 46815.40169014085 11675.376338028169 11703.401690140845 13439.796056338027 13467.821408450704 
47479.85746478873 47508.38704225352 11825.961690140844 11854.491267605634 13085.702535211267 13114.232112676056 
46992.96957746479 47021.468169014086 11986.797746478873 12015.296338028169 13269.321690140845 13297.820281690141 
46929.22873239437 46957.248450704225 11957.741408450704 11985.761126760563 12837.62028169014 12865.64 
46477.19042253521 46505.79887323944 11940.598873239436 11969.207323943661 13321.987605633803 13350.596056338029 
46945.714929577465 46973.93464788733 11895.647323943662 11923.867042253522 12786.044507042254 12814.264225352113 
46841.527887323944 46869.59549295775 11896.0461971831 11924.1138028169 12576.674366197183 12604.741971830987 
46872.358873239435 46900.72788732394 11800.398309859154 11828.767323943663 13894.98704225352 13923.356056338029 
46490.19211267606 46518.29915492958 11762.054084507043 11790.161126760564 13193.603380281691 13221.71042253521 
47253.27605633803 47281.715492957745 11863.738028169015 11892.177464788732 13394.247887323943 13422.687323943663 
46883.87718309859 46912.432112676055 11823.688450704225 11852.24338028169 12792.505352112676 12821.060281690141 
46823.73971830986 46852.19605633803 11878.30028169014 11906.75661971831 13608.70028169014 13637.15661971831 
47141.69126760563 47170.28281690141 11901.68 11930.271549295774 13699.88 13728.471549295775 
46926.291830985916 46954.53690140845 11705.674929577464 11733.92 13017.522816901408 13045.767887323944 
47428.01352112676 47456.44450704225 11839.455774647888 11867.88676056338 12923.086760563381 12951.517746478874 
46768.064788732394 46796.12112676056 11854.36338028169 11882.419718309859 12783.498591549296 12811.554929577465 
46852.438873239436 46881.0923943662 11927.357183098591 11956.010704225351 13089.483943661971 13118.137464788733 
47311.862535211265 47340.05408450704 11931.045633802816 11959.237183098592 13246.648450704226 13274.84 
47420.33521126761 47449.104225352115 11962.566197183098 11991.335211267606 13117.121126760563 13145.890140845071 
46894.3385915493 46922.56957746479 11636.885070422535 11665.116056338029 12961.631549295775 12989.862535211267 
46730.87267605634 46759.44169014085 11903.48676056338 11932.055774647888 12894.914929577464 12923.483943661971 
46250.12788732394 46278.420845070425 11984.184225352114 12012.477183098592 12375.364507042254 12403.657464788732 
46887.8123943662 46916.5476056338 11587.237746478873 11615.972957746479 12811.961690140844 12840.696901408452 
47033.56507042253 47062.035492957744 11800.581971830987 11829.052394366197 13126.024225352112 13154.494647887324 
46315.45464788732 46343.76450704225 11649.727887323943 11678.037746478873 13272.972957746479 13301.282816901408 
48200.69126760563 48229.98985915493 12367.89971830986 12397.198309859155 13783.702535211267 13813.001126760564 
46729.398873239435 46757.387605633805 11969.455211267607 11997.443943661972 12624.79323943662 12652.781971830986 
46446.178028169015 46474.44845070423 11811.834366197183 11840.104788732395 12942.383661971831 12970.654084507043 
46899.174084507045 46927.399436619715 12009.46985915493 12037.695211267606 12977.458591549295 13005.683943661972 
46381.394366197186 46409.28732394366 11695.608450704225 11723.501408450704 12508.580281690141 12536.47323943662 
46815.50309859155 46843.97070422535 12032.804507042254 12061.272112676057 13752.97633802817 13781.443943661972 
47015.90929577465 47044.28394366197 11748.202253521127 11776.57690140845 12435.838873239436 12464.213521126761 
46599.58309859155 46627.94084507042 11835.352112676057 11863.70985915493 12891.681690140846 12920.039436619718 
46927.579154929575 46955.95943661972 11896.641126760564 11925.021408450704 13390.134084507043 13418.514366197183 
46913.89408450704 46942.20676056338 11778.37014084507 11806.682816901408 13339.536338028169 13367.849014084508 
47121.22704225352 47149.52 11881.753802816902 11910.04676056338 12844.739718309858 12873.032676056338 
46543.56 46571.86704225352 11603.28957746479 11631.59661971831 12435.309295774648 12463.616338028169 
46754.925070422534 46783.001126760566 11699.088450704225 11727.164507042253 13412.640563380282 13440.71661971831 
47240.52281690141 47269.06366197183 11682.418591549296 11710.959436619718 13140.463661971831 13169.004507042253 
47584.976338028166 47613.736901408454 12055.35661971831 12084.117183098591 13100.105915492957 13128.86647887324 
46927.72112676056 46955.98309859155 11642.50985915493 11670.771830985916 13019.757746478874 13048.019718309859 
