38067.70790378007 38096.12371134021 9391.814432989691 9420.230240549829 10155.45704467354 10183.872852233677 
37739.33470790378 37767.43780068729 9365.650859106529 9393.753951890034 10243.338144329897 10271.441237113402 
37871.75257731959 37899.6941580756 9398.577319587628 9426.518900343643 9787.419243986255 9815.360824742267 
38527.743642611684 38556.57525773196 9539.664604810996 9568.496219931272 10394.090721649485 10422.92233676976 
37980.96288659794 38009.11408934708 9446.93883161512 9475.09003436426 10204.99381443299 10233.14501718213 
37847.80068728522 37876.0824742268 9186.113402061856 9214.395189003437 10400.491408934708 10428.773195876289 
37892.21374570447 37920.36494845361 9344.8529209622 9373.00412371134 10360.244673539519 10388.39587628866 
38296.68384879725 38325.30927835051 9683.250859106529 9711.876288659794 10795.037800687285 10823.66323024055 
39126.24742268041 39154.65979381443 9223.484536082475 9251.896907216495 10097.37113402062 10125.783505154639 
38262.77594501718 38291.58350515464 9323.198625429553 9352.00618556701 10478.793127147766 10507.600687285223 
38031.150515463916 38059.47010309278 9498.298281786942 9526.617869415808 9974.040549828178 10002.360137457044 
37597.21855670103 37625.290721649486 9379.548453608248 9407.6206185567 10151.359450171822 10179.431615120275 
38869.87147766323 38898.45910652921 9373.864604810997 9402.452233676975 10366.740893470791 10395.32852233677 
38478.37457044674 38507.051546391755 9416.278350515464 9444.955326460482 10606.109965635738 10634.786941580756 
38037.358075601376 38065.66735395189 9281.574570446735 9309.883848797252 10543.327147766324 10571.636426116838 
37592.82680412371 37620.905841924396 9393.503780068728 9421.582817869416 10199.785567010309 10227.864604810997 
38815.05498281787 38843.51202749141 9436.505154639175 9464.962199312715 10206.59793814433 10235.05498281787 
38335.06116838488 38363.82405498282 9450.607560137458 9479.370446735395 10318.129896907216 10346.892783505155 
37742.85154639175 37771.00274914089 9172.418556701032 9200.569759450173 10225.446048109965 10253.597250859106 
37875.60618556701 37903.99450171821 9496.798625429554 9525.186941580756 10099.91202749141 10128.300343642612 
37940.54364261169 37968.65704467354 9515.162199312716 9543.275601374571 10285.14501718213 10313.258419243986 
37836.29553264605 37864.817869415805 9647.0 9675.52233676976 10390.127147766323 10418.649484536083 
38162.079037800686 38189.948453608245 9232.711340206186 9260.580756013745 9901.347079037801 9929.216494845361 
38659.320962199316 38687.894845360825 9175.657731958763 9204.231615120276 10287.523711340205 10316.097594501718 
38321.46941580756 38350.160137457045 9578.734020618556 9607.424742268042 10446.99175257732 10475.682474226804 
38056.25910652921 38084.77800687285 9395.028865979382 9423.547766323025 10419.458419243987 10447.97731958763 
38561.278350515466 38589.49140893471 9448.883161512027 9477.09621993127 10341.98969072165 10370.202749140894 
37924.32577319587 37952.66941580756 9384.652233676976 9412.99587628866 10117.229553264604 10145.573195876288 
38439.09072164948 38467.73333333333 9299.417182130584 9328.059793814433 10395.451546391752 10424.0941580756 
38289.47285223367 38317.77869415808 9547.301030927834 9575.606872852233 10370.768384879724 10399.074226804123 
37846.07560137457 37874.31958762887 9165.90378006873 9194.147766323023 10360.601374570446 10388.845360824742 
38146.6439862543 38174.88453608247 9439.472164948453 9467.712714776631 10534.832989690722 10563.0735395189 
38366.959450171824 38395.821993127145 9447.254982817869 9476.117525773196 10607.224054982818 10636.086597938145 
38039.11408934708 38067.048797250856 9065.687972508591 9093.62268041237 10288.107216494845 10316.041924398625 
37656.37250859106 37684.57525773196 9280.207560137456 9308.41030927835 10523.55120274914 10551.753951890034 
37338.105154639175 37365.953951890035 9320.156701030928 9348.005498281787 10003.668728522336 10031.517525773195 
38606.50446735395 38635.349828178696 9465.195189003436 9494.040549828178 10437.999312714777 10466.84467353952 
38424.19518900344 38452.882474226804 9305.02680412371 9333.714089347079 10698.150515463918 10726.837800687284 
38142.8941580756 38171.090034364264 9356.91821305842 9385.114089347078 10155.344329896907 10183.540206185568 
37972.44536082474 38000.96426116839 9497.771821305842 9526.290721649484 10280.37319587629 10308.892096219932 
37978.349828178696 38006.65223367698 9357.339518900344 9385.641924398626 10284.229553264604 10312.531958762887 
38836.459793814436 38865.1058419244 9410.882474226804 9439.52852233677 10841.796563573884 10870.44261168385 
38003.5587628866 38031.55189003437 9366.307903780069 9394.301030927834 10020.325085910654 10048.31821305842 
38153.23642611684 38181.59381443299 9520.796563573884 9549.153951890034 10171.315463917526 10199.672852233676 
38346.090034364264 38374.4852233677 9438.749828178694 9467.14501718213 10359.131271477663 10387.5264604811 
38746.71821305842 38775.58075601375 9590.90378006873 9619.766323024054 10488.714776632303 10517.577319587628 
37933.768384879724 37961.830240549825 9467.362886597939 9495.424742268042 9950.397250859107 9978.45910652921 
38637.01237113402 38665.76151202749 9518.716838487973 9547.465979381443 10537.682474226804 10566.431615120275 
38585.451546391756 38613.7883161512 9540.228178694158 9568.564948453608 10434.36907216495 10462.705841924399 
37874.797250859105 37902.85910652921 9482.285223367697 9510.347079037801 10476.134020618556 10504.19587628866 
