11258.503157894736 11286.597894736842 1988.661052631579 2016.7557894736842 2372.576842105263 2400.6715789473683 
11483.75157894737 11513.10947368421 2052.1094736842106 2081.4673684210525 2218.5621052631577 2247.92 
11334.233684210527 11362.244210526316 2038.4442105263158 2066.4547368421054 2256.623157894737 2284.633684210526 
11037.431578947368 11066.136842105263 2017.8631578947368 2046.5684210526315 2362.242105263158 2390.9473684210525 
11337.0 11365.294736842105 1964.7368421052631 1993.0315789473684 2217.8315789473686 2246.1263157894737 
11276.797894736843 11305.22947368421 1982.861052631579 2011.2926315789473 2321.966315789474 2350.3978947368423 
11331.86947368421 11360.616842105263 1804.2168421052631 1832.9642105263158 2277.88 2306.627368421053 
11619.562105263158 11648.70947368421 2025.5305263157895 2054.677894736842 2477.8673684210526 2507.0147368421053 
11056.583157894736 11084.183157894737 1777.635789473684 1805.2357894736842 2406.8673684210526 2434.4673684210525 
10937.113684210526 10965.218947368421 2045.04 2073.1452631578945 2132.3873684210525 2160.4926315789476 
11446.244210526316 11474.854736842106 1980.917894736842 2009.5284210526315 2247.3915789473685 2276.002105263158 
11172.04 11200.62947368421 2015.2926315789473 2043.8821052631579 2572.303157894737 2600.892631578947 
10965.22947368421 10993.082105263158 2018.9557894736843 2046.8084210526315 2101.6189473684212 2129.4715789473685 
11704.233684210527 11733.570526315789 1941.0126315789473 1970.3494736842106 2611.254736842105 2640.5915789473684 
10916.058947368421 10943.269473684211 1924.9115789473685 1952.122105263158 2230.28 2257.4905263157893 
11478.374736842105 11507.585263157895 1979.8063157894737 2009.016842105263 2369.8168421052633 2399.0273684210524 
11534.947368421053 11563.863157894737 1920.3157894736842 1949.2315789473685 2567.9052631578948 2596.821052631579 
11320.181052631578 11348.181052631578 1961.0231578947369 1989.0231578947369 2318.338947368421 2346.338947368421 
11510.271578947368 11539.703157894737 2038.7557894736842 2068.1873684210527 2205.3347368421055 2234.7663157894735 
11744.214736842105 11773.035789473684 1969.32 1998.141052631579 2253.9094736842108 2282.7305263157896 
11350.267368421053 11378.646315789474 2043.6568421052632 2072.0357894736844 2221.7936842105264 2250.1726315789474 
11371.898947368421 11399.888421052632 1946.8042105263157 1974.7936842105264 2409.1305263157897 2437.12 
10860.122105263157 10887.89052631579 1955.8273684210526 1983.5957894736841 2126.701052631579 2154.4694736842107 
11420.964210526316 11449.06947368421 2051.164210526316 2079.2694736842104 2427.4378947368423 2455.543157894737 
11234.53894736842 11262.917894736842 2026.7494736842104 2055.1284210526314 2452.4652631578947 2480.8442105263157 
11112.157894736842 11140.673684210526 1873.0842105263157 1901.6 2312.694736842105 2341.2105263157896 
11220.271578947368 11247.945263157895 2059.6505263157896 2087.3242105263157 2114.955789473684 2142.6294736842106 
11252.073684210527 11281.042105263157 1955.2736842105264 1984.2421052631578 2056.694736842105 2085.6631578947367 
11294.597894736842 11323.46105263158 2159.44 2188.303157894737 2242.2084210526314 2271.0715789473684 
11065.174736842106 11093.543157894737 1956.3957894736843 1984.7642105263158 2181.922105263158 2210.2905263157895 
11148.46105263158 11176.597894736842 1924.44 1952.5768421052633 2224.7663157894735 2252.903157894737 
10945.574736842105 10973.006315789473 1924.0378947368422 1951.4694736842105 2180.258947368421 2207.6905263157896 
11175.69052631579 11204.227368421052 2061.416842105263 2089.9536842105263 2291.8905263157894 2320.4273684210525 
11628.378947368421 11657.326315789474 1971.0631578947368 2000.0105263157895 2104.705263157895 2133.6526315789474 
11221.764210526317 11249.943157894737 1937.9852631578947 1966.1642105263159 2145.458947368421 2173.637894736842 
11391.768421052631 11420.578947368422 1974.0526315789473 2002.8631578947368 2387.8842105263157 2416.694736842105 
11486.294736842105 11515.421052631578 1966.178947368421 1995.3052631578948 2366.9578947368423 2396.084210526316 
10783.776842105262 10811.62947368421 1832.7242105263158 1860.5768421052633 2015.9557894736843 2043.8084210526315 
10904.62947368421 10932.62947368421 2045.5347368421053 2073.5347368421053 2188.8084210526317 2216.8084210526317 
11449.467368421052 11478.067368421052 1965.4357894736843 1994.0357894736842 2110.762105263158 2139.362105263158 
11428.056842105263 11456.362105263157 1889.0357894736842 1917.341052631579 2018.5726315789473 2046.877894736842 
11194.924210526317 11223.197894736842 1943.5873684210526 1971.861052631579 2256.5347368421053 2284.8084210526317 
11219.303157894738 11248.113684210526 2007.2084210526316 2036.018947368421 2427.355789473684 2456.1663157894736 
11430.387368421052 11458.313684210527 1858.418947368421 1886.3452631578948 2121.0505263157893 2148.976842105263 
11198.69894736842 11227.067368421052 2045.3515789473684 2073.72 2228.435789473684 2256.8042105263157 
11481.797894736843 11510.355789473684 2054.1452631578945 2082.7031578947367 2377.9136842105263 2406.4715789473685 
11293.997894736842 11321.892631578947 2128.1557894736843 2156.0505263157893 2468.976842105263 2496.8715789473686 
11510.701052631579 11539.753684210526 2066.5852631578946 2095.637894736842 2494.7326315789473 2523.785263157895 
10933.037894736843 10960.595789473684 1994.1852631578947 2021.743157894737 2026.901052631579 2054.458947368421 
10629.075789473683 10656.202105263157 1937.1915789473685 1964.3178947368422 2129.6126315789475 2156.738947368421 
