52000.663819095476 52028.87738693468 13366.54824120603 13394.761809045227 14748.558291457286 14776.771859296483 
52865.601507537685 52894.179396984924 13450.644221105527 13479.222110552764 14709.154271356783 14737.73216080402 
52623.13718592965 52651.59447236181 13686.853266331658 13715.31055276382 14709.212562814071 14737.669849246231 
52069.95025125628 52098.01055276382 13422.920100502513 13450.980402010051 14363.176381909549 14391.236683417086 
52363.51055276382 52391.60854271357 13587.910050251256 13616.008040201004 14994.545728643216 15022.643718592964 
53241.07135678392 53269.335175879394 13225.875376884422 13254.1391959799 14665.739698492462 14694.00351758794 
52542.16984924623 52570.45376884422 13455.855778894473 13484.139698492463 14391.014070351759 14419.29798994975 
52509.93065326633 52538.26231155779 13385.078894472363 13413.410552763818 14675.362814070351 14703.694472361809 
53046.25527638191 53074.67236180905 13500.880904522613 13529.29798994975 14736.350753768844 14764.76783919598 
51838.82010050251 51866.729648241206 13307.229648241206 13335.1391959799 14709.267336683417 14737.17688442211 
53357.86984924623 53386.35728643216 13537.344723618091 13565.83216080402 14883.804522613065 14912.291959798995 
53041.4783919598 53069.79246231156 13524.181909547739 13552.495979899497 14395.654271356783 14423.968341708543 
52319.979899497484 52348.18090452261 13554.201005025127 13582.402010050251 13779.8391959799 13808.040201005026 
52503.12713567839 52531.23015075377 13315.242713567839 13343.345728643217 14656.705025125628 14684.808040201005 
52452.09346733669 52480.327135678395 13318.186432160805 13346.420100502513 14616.214070351758 14644.447738693467 
53628.85929648241 53657.278894472365 13359.007537688442 13387.427135678392 14648.8391959799 14677.25879396985 
52409.83366834171 52437.7959798995 13395.009547738693 13422.971859296482 14670.83366834171 14698.795979899498 
52887.23567839196 52915.83869346734 13293.484422110552 13322.08743718593 14816.019597989949 14844.622613065327 
53376.255778894476 53404.83869346734 13519.55728643216 13548.140201005026 14817.270854271357 14845.853768844221 
52962.75879396985 52991.11055276382 13309.43216080402 13337.78391959799 14507.412060301507 14535.763819095477 
53233.15929648241 53261.817587939695 13354.807537688443 13383.465829145729 14827.81256281407 14856.470854271356 
52921.264824120604 52949.551256281404 13765.239698492462 13793.526130653267 14558.149246231156 14586.43567839196 
53329.47236180904 53358.14824120603 13578.834170854272 13607.510050251256 14757.698492462312 14786.374371859296 
52536.48140703518 52564.91608040201 13490.441206030151 13518.875879396985 15082.868341708543 15111.303015075377 
53062.26582914573 53090.89899497487 13759.34120603015 13787.974371859296 15551.83366834171 15580.466834170855 
52163.48592964824 52191.56381909548 13420.563819095478 13448.641708542713 14600.430653266332 14628.508542713567 
53132.590452261305 53161.09296482412 13674.150753768845 13702.653266331658 15057.98743718593 15086.489949748744 
52492.518090452264 52520.76432160804 13269.744221105528 13297.990452261307 14857.44271356784 14885.688944723619 
52482.227638190954 52510.5391959799 13100.142211055276 13128.453768844221 14467.137185929649 14495.448743718593 
52868.90452261306 52897.246231155776 13470.947236180904 13499.288944723618 14979.597989949749 15007.939698492462 
53146.80351758794 53175.32864321608 13590.366331658292 13618.891457286432 14972.713065326634 15001.238190954773 
52935.147738693464 52963.47939698493 13811.898994974874 13840.230653266332 15024.991959798996 15053.323618090451 
52657.755778894476 52685.974371859294 13317.773366834172 13345.991959798996 14985.605025125627 15013.823618090451 
52899.663819095476 52927.982914572865 13548.79447236181 13577.113567839197 14830.402512562814 14858.721608040201 
53379.174874371856 53407.8608040201 13785.036683417085 13813.722613065327 15030.270351758794 15058.956281407036 
53095.97587939698 53124.43065326633 13448.70703517588 13477.161809045227 14441.563819095478 14470.018592964823 
51944.35979899498 51972.372361809044 13666.334673366835 13694.347236180905 14072.214070351758 14100.226633165828 
53004.524623115576 53033.26834170854 13509.187939698493 13537.931658291458 14658.866331658292 14687.610050251256 
52206.815075376886 52234.980904522614 13766.513567839196 13794.679396984924 14487.759798994975 14515.925628140703 
52917.32361809045 52945.96934673367 13609.798492462312 13638.444221105528 14996.620100502512 15025.265829145728 
52468.52060301507 52496.66884422111 13215.367336683417 13243.515577889448 15155.168844221105 15183.317085427136 
52554.456783919595 52582.67788944724 13494.61256281407 13522.83366834171 14434.652763819095 14462.873869346733 
53571.51256281407 53600.13065326633 13663.615577889448 13692.233668341709 14728.180904522613 14756.798994974873 
52825.471859296485 52853.79095477387 13381.552261306533 13409.87135678392 14424.471859296482 14452.790954773869 
52697.238693467334 52725.81909547739 13593.170854271357 13621.751256281406 14927.047738693467 14955.628140703517 
52234.94170854271 52263.1 13423.08743718593 13451.245728643216 15083.072361809045 15111.230653266332 
53041.610050251256 53070.024623115576 13328.529648241207 13356.944221105528 14452.635175879397 14481.049748743719 
52753.35628140703 52782.368844221106 13909.944221105528 13938.956783919599 15367.753266331658 15396.765829145728 
53378.511557788945 53407.07437185929 13506.571859296482 13535.134673366834 14284.813065326633 14313.375879396985 
52915.82763819095 52943.95829145729 13427.093969849246 13455.224623115579 14542.892964824121 14571.023618090452 
