4350.860869565217 4379.01304347826 374.2304347826087 402.38260869565215 418.2086956521739 446.3608695652174 
4518.186956521739 4547.1 280.55652173913046 309.4695652173913 421.9260869565217 450.8391304347826 
4776.965217391305 4805.704347826087 382.11739130434785 410.8565217391304 504.31304347826085 533.0521739130435 
4287.408695652174 4314.582608695652 284.3434782608696 311.5173913043478 547.1913043478261 574.3652173913043 
4423.260869565217 4450.978260869565 427.82173913043476 455.53913043478263 559.1304347826087 586.8478260869565 
4782.995652173913 4811.3 247.27826086956523 275.5826086956522 316.3 344.60434782608695 
4316.930434782608 4343.669565217391 231.95217391304348 258.6913043478261 348.1478260869565 374.88695652173914 
4385.8 4414.234782608695 302.45217391304345 330.88695652173914 366.1478260869565 394.5826086956522 
4542.260869565217 4570.695652173913 308.17391304347825 336.60869565217394 488.2608695652174 516.695652173913 
4556.05652173913 4583.730434782608 475.03478260869565 502.7086956521739 621.7521739130435 649.4260869565218 
4606.0 4634.739130434783 346.39130434782606 375.1304347826087 467.4347826086956 496.17391304347825 
4604.765217391305 4632.786956521739 479.0695652173913 507.0913043478261 569.2869565217392 597.3086956521739 
4335.252173913043 4364.143478260869 321.9478260869565 350.8391304347826 493.295652173913 522.1869565217391 
4567.334782608696 4596.291304347826 315.2695652173913 344.2260869565217 447.5086956521739 476.46521739130435 
4635.817391304347 4663.817391304347 391.9260869565217 419.9260869565217 510.6434782608696 538.6434782608695 
4484.51304347826 4512.773913043478 357.38260869565215 385.6434782608696 587.0782608695653 615.3391304347826 
4410.721739130435 4440.069565217392 255.24347826086955 284.5913043478261 424.4173913043478 453.76521739130436 
4327.891304347826 4354.891304347826 294.30434782608694 321.30434782608694 430.5869565217391 457.5869565217391 
4773.891304347826 4802.586956521739 405.32608695652175 434.0217391304348 473.32608695652175 502.0217391304348 
4565.960869565218 4594.069565217392 250.65652173913043 278.76521739130436 441.0913043478261 469.2 
4712.74347826087 4740.352173913044 253.87391304347827 281.4826086956522 427.96086956521737 455.5695652173913 
4394.473913043478 4422.3 310.3652173913043 338.1913043478261 450.9086956521739 478.73478260869564 
4695.708695652174 4724.795652173913 294.88260869565215 323.9695652173913 465.8391304347826 494.9260869565217 
4482.595652173913 4510.356521739131 355.5739130434783 383.33478260869566 383.5521739130435 411.31304347826085 
4823.408695652174 4853.017391304348 285.12608695652176 314.73478260869564 431.62608695652176 461.23478260869564 
4393.252173913043 4420.05652173913 341.9913043478261 368.795652173913 494.81739130434784 521.6217391304348 
4443.3 4470.452173913043 276.60434782608695 303.75652173913045 395.73478260869564 422.88695652173914 
5003.569565217392 5033.308695652174 417.61304347826086 447.3521739130435 529.7 559.4391304347826 
4208.373913043478 4235.808695652174 302.54782608695655 329.9826086956522 469.9391304347826 497.37391304347824 
4417.917391304348 4447.091304347826 280.9173913043478 310.0913043478261 504.7869565217391 533.9608695652174 
4292.147826086956 4318.908695652174 316.10434782608695 342.8652173913043 452.5826086956522 479.3434782608696 
4410.321739130435 4438.104347826087 391.45217391304345 419.23478260869564 503.32173913043476 531.104347826087 
4538.708695652174 4566.947826086956 325.66521739130434 353.90434782608696 524.7086956521739 552.9478260869565 
4514.452173913043 4542.321739130435 318.53913043478263 346.4086956521739 613.3652173913043 641.2347826086957 
4535.926086956521 4564.534782608695 228.4913043478261 257.1 399.7086956521739 428.31739130434784 
4564.895652173913 4592.569565217392 342.24347826086955 369.9173913043478 389.37391304347824 417.04782608695655 
4582.260869565217 4610.478260869565 387.5 415.7173913043478 505.7391304347826 533.9565217391304 
4524.078260869565 4551.447826086956 299.2304347826087 326.6 477.0782608695652 504.4478260869565 
4440.030434782609 4468.160869565218 249.18260869565216 277.31304347826085 457.33478260869566 485.46521739130435 
4525.730434782608 4553.01304347826 329.0130434782609 356.295652173913 553.9043478260869 581.1869565217391 
4848.747826086957 4877.508695652174 317.94347826086954 346.704347826087 614.7478260869565 643.508695652174 
4544.326086956522 4573.434782608696 331.4130434782609 360.5217391304348 586.2391304347826 615.3478260869565 
4601.273913043478 4631.339130434782 320.4695652173913 350.53478260869565 473.18695652173915 503.25217391304346 
4028.5304347826086 4054.9217391304346 375.0739130434783 401.46521739130435 467.6608695652174 494.0521739130435 
4542.330434782609 4570.982608695652 235.52608695652174 264.17826086956524 423.76521739130436 452.4173913043478 
4627.260869565217 4655.434782608696 348.0652173913044 376.2391304347826 492.0 520.1739130434783 
4486.317391304347 4513.165217391304 404.81739130434784 431.66521739130434 552.4478260869565 579.295652173913 
4502.939130434783 4531.221739130435 359.7086956521739 387.9913043478261 582.1130434782609 610.395652173913 
4359.365217391304 4387.104347826087 284.3 312.03913043478263 453.8434782608696 481.5826086956522 
4536.265217391305 4563.982608695652 336.04782608695655 363.76521739130436 428.6565217391304 456.37391304347824 
