6577.249180327869 6605.052459016393 674.855737704918 702.6590163934426 924.7081967213114 952.5114754098361 
6706.783606557377 6735.472131147541 748.144262295082 776.8327868852459 1095.0622950819672 1123.7508196721312 
6586.527868852459 6614.544262295082 731.9868852459016 760.0032786885246 1061.9213114754098 1089.9377049180328 
6772.790163934426 6801.6590163934425 759.8393442622951 788.7081967213114 1047.9540983606557 1076.822950819672 
6627.327868852459 6655.0327868852455 896.327868852459 924.0327868852459 1041.5737704918033 1069.27868852459 
6531.268852459017 6559.56393442623 803.9409836065573 832.2360655737705 1123.7770491803278 1152.072131147541 
6482.213114754099 6509.622950819672 704.4426229508197 731.8524590163935 837.5081967213115 864.9180327868852 
6483.796721311475 6511.698360655738 799.5180327868852 827.4196721311475 1022.0098360655737 1049.9114754098362 
6142.222950819672 6168.550819672131 748.0426229508197 774.3704918032787 745.583606557377 771.911475409836 
6558.901639344263 6587.524590163935 692.7704918032787 721.3934426229508 989.5409836065573 1018.1639344262295 
6820.268852459017 6848.777049180328 764.5639344262295 793.072131147541 1067.9573770491804 1096.4655737704918 
6754.449180327869 6783.727868852459 884.3672131147541 913.6459016393443 1030.0393442622951 1059.3180327868852 
6389.03606557377 6416.675409836065 819.1016393442623 846.7409836065574 906.2983606557377 933.9377049180328 
6307.836065573771 6336.44262295082 833.4098360655738 862.016393442623 822.5081967213115 851.1147540983607 
6783.108196721311 6812.026229508197 699.944262295082 728.8622950819672 941.583606557377 970.5016393442623 
6715.042622950819 6742.993442622951 772.6983606557377 800.6491803278689 1155.255737704918 1183.2065573770492 
6925.44262295082 6955.229508196721 843.1803278688525 872.9672131147541 1200.27868852459 1230.0655737704917 
6658.993442622951 6687.927868852459 827.616393442623 856.5508196721312 944.9770491803279 973.911475409836 
6424.704918032787 6452.9672131147545 662.0491803278688 690.311475409836 669.1147540983607 697.3770491803278 
6322.793442622951 6351.006557377049 684.9245901639345 713.1377049180328 855.7934426229508 884.0065573770491 
6350.452459016394 6378.124590163934 707.0918032786885 734.7639344262295 807.6491803278689 835.3213114754099 
6401.068852459016 6429.183606557377 560.0688524590164 588.1836065573771 832.855737704918 860.9704918032787 
6832.6557377049185 6861.213114754099 820.2622950819672 848.8196721311475 1097.8852459016393 1126.4426229508197 
6418.924590163934 6446.645901639345 666.7770491803278 694.4983606557377 891.1377049180328 918.8590163934426 
6629.783606557377 6658.144262295082 677.0295081967213 705.3901639344263 905.3737704918033 933.7344262295082 
6613.629508196721 6642.318032786885 833.1049180327869 861.7934426229508 1033.2524590163935 1061.9409836065574 
6778.042622950819 6807.403278688525 753.1245901639344 782.4852459016394 845.3049180327869 874.6655737704918 
6730.616393442623 6759.255737704918 786.7311475409836 815.3704918032787 939.255737704918 967.8950819672131 
6400.881967213115 6428.439344262295 683.2098360655738 710.7672131147541 934.4524590163934 962.0098360655737 
6550.547540983606 6577.645901639345 869.0229508196721 896.1213114754098 1042.2360655737705 1069.3344262295082 
6384.747540983607 6413.042622950819 705.0918032786885 733.3868852459017 907.6491803278689 935.944262295082 
6816.636065573771 6845.52131147541 727.8655737704918 756.7508196721311 1062.5540983606556 1091.439344262295 
6597.550819672131 6626.649180327869 854.6983606557377 883.7967213114754 1086.4196721311475 1115.5180327868852 
6588.304918032787 6616.911475409836 714.8295081967213 743.4360655737705 958.3213114754099 986.927868852459 
6777.622950819672 6807.0327868852455 892.9508196721312 922.360655737705 1276.2295081967213 1305.639344262295 
6686.2819672131145 6714.363934426229 740.3639344262295 768.4459016393442 904.8885245901639 932.9704918032787 
6705.088524590164 6733.580327868853 749.1704918032787 777.6622950819672 933.6295081967213 962.1213114754098 
6625.691803278689 6654.118032786885 695.0032786885246 723.4295081967213 966.6918032786886 995.1180327868852 
6249.540983606557 6276.7213114754095 643.8688524590164 671.0491803278688 939.983606557377 967.1639344262295 
6771.872131147541 6800.232786885246 686.4131147540984 714.7737704918032 878.0852459016394 906.4459016393442 
6454.383606557377 6482.744262295082 648.6459016393443 677.0065573770491 818.9901639344263 847.3508196721311 
6500.0295081967215 6529.062295081967 751.127868852459 780.1606557377049 1007.6852459016393 1036.7180327868853 
6532.2819672131145 6560.740983606557 663.1180327868852 691.5770491803279 879.3803278688524 907.8393442622951 
6475.422950819672 6504.35737704918 624.7672131147541 653.7016393442623 890.8491803278689 919.7836065573771 
6451.383606557377 6480.432786885246 789.3016393442623 818.3508196721311 1140.5803278688525 1169.6295081967214 
6732.698360655738 6761.911475409836 729.0754098360655 758.2885245901639 1065.8295081967212 1095.0426229508196 
6492.547540983606 6521.137704918033 633.6786885245901 662.2688524590164 855.416393442623 884.0065573770491 
6307.586885245902 6334.898360655738 773.3245901639344 800.6360655737705 881.8 909.1114754098361 
6524.462295081968 6552.495081967213 704.8229508196721 732.855737704918 962.6098360655737 990.6426229508197 
6674.1573770491805 6702.239344262295 838.1081967213115 866.1901639344262 1227.0918032786885 1255.1737704918032 
