27872.92534562212 27901.4599078341 6583.450691244239 6611.9852534562215 7478.469124423963 7507.003686635945 
28218.779723502303 28247.22211981567 6648.300460829493 6676.742857142857 7147.171428571429 7175.613824884793 
28014.72995391705 28043.26912442396 6543.951152073732 6572.490322580645 7703.997235023042 7732.536405529954 
28287.4866359447 28316.39447004608 6428.233179723502 6457.141013824885 7372.569585253456 7401.477419354838 
27639.345622119814 27667.769585253456 6687.534562211981 6715.958525345623 7391.534562211981 7419.958525345623 
28633.194470046084 28661.664516129033 6432.701382488479 6461.171428571429 7109.0147465437785 7137.484792626728 
27555.918894009217 27583.762211981568 6477.5732718894005 6505.416589861751 7332.347465437788 7360.1907834101385 
28236.154838709677 28264.758525345624 6573.228571428572 6601.832258064516 7055.965898617512 7084.569585253456 
27894.273732718895 27922.822119815668 6564.379723502304 6592.9281105990785 7520.776036866359 7549.324423963134 
27785.56405529954 27813.77603686636 6582.421198156682 6610.6331797235025 7324.296774193548 7352.508755760368 
27458.88479262673 27486.663594470047 6887.290322580645 6915.069124423963 7348.373271889401 7376.152073732719 
27966.85529953917 27994.864516129033 6789.302304147465 6817.311520737328 7235.11797235023 7263.127188940092 
27361.79723502304 27389.83870967742 6530.258064516129 6558.299539170507 7148.05069124424 7176.092165898617 
27227.27281105991 27254.991705069126 6520.844239631337 6548.563133640553 7305.434101382489 7333.152995391705 
28254.203686635945 28282.844239631337 6593.881105990783 6622.521658986175 7565.0746543778805 7593.715207373272 
27668.39262672811 27696.581566820278 6398.475576036866 6426.664516129033 7227.899539170507 7256.088479262673 
27270.10599078341 27298.290322580644 6626.230414746544 6654.414746543779 7394.147465437788 7422.331797235023 
28078.31059907834 28107.029493087557 6439.439631336406 6468.158525345622 7035.14470046083 7063.863594470046 
27408.010138248846 27436.604608294932 6702.295852534562 6730.890322580645 7179.784331797235 7208.378801843318 
28083.220276497697 28111.56129032258 6533.989861751152 6562.330875576037 7624.782488479263 7653.123502304147 
28292.500460829495 28320.74930875576 6638.680184331797 6666.929032258065 7477.823041474654 7506.0718894009215 
28410.69585253456 28439.336405529953 6732.018433179724 6760.658986175115 7466.940092165899 7495.580645161291 
27899.978801843317 27928.46267281106 6714.342857142857 6742.826728110599 6960.269124423963 6988.752995391705 
28186.018433179725 28214.433179723503 6726.382488479263 6754.797235023041 7634.806451612903 7663.2211981566825 
28296.049769585254 28324.7133640553 6577.077419354839 6605.741013824885 7193.3078341013825 7221.971428571429 
28064.523502304146 28093.242396313362 6733.251612903226 6761.970506912442 6923.634101382489 6952.352995391705 
28335.615668202765 28364.01198156682 6520.7216589861755 6549.11797235023 7333.758525345622 7362.154838709677 
27746.25806451613 27774.19815668203 6767.428571428572 6795.3686635944705 6948.529953917051 6976.470046082949 
27851.641474654378 27879.91797235023 6533.876497695853 6562.152995391705 7320.742857142857 7349.01935483871 
27651.38801843318 27679.194470046084 6453.517050691245 6481.323502304147 6959.908755760369 6987.715207373272 
28051.55944700461 28079.527188940094 6685.734562211982 6713.702304147466 7218.752995391705 7246.7207373271885 
28113.63410138249 28142.16866359447 6599.8 6628.334562211981 7254.652534562212 7283.187096774193 
28268.094930875577 28296.809216589863 6560.919815668202 6589.634101382489 7155.712442396313 7184.4267281105995 
28304.470046082948 28333.0 6512.258064516129 6540.78801843318 7538.087557603687 7566.617511520737 
27797.733640552997 27826.203686635945 6666.885714285714 6695.355760368663 7410.70599078341 7439.176036866359 
28534.30138248848 28562.946543778802 6774.172350230415 6802.817511520738 7864.1308755760365 7892.776036866359 
28369.37603686636 28397.70322580645 6738.3391705069125 6766.666359447005 7389.048847926268 7417.37603686636 
27712.590783410138 27741.010138248846 6664.070046082949 6692.489400921659 7523.470967741935 7551.890322580645 
27862.22857142857 27890.975115207373 6563.247004608295 6591.993548387097 7419.0165898617515 7447.763133640553 
27847.644239631336 27875.741013824885 6545.741013824885 6573.8377880184335 7308.008294930875 7336.105069124424 
27718.29677419355 27746.582488479264 6639.435023041475 6667.7207373271885 7027.951152073732 7056.236866359447 
27744.13456221198 27772.618433179723 6685.157603686636 6713.641474654378 7208.793548387097 7237.2774193548385 
28058.327188940093 28086.20737327189 6453.373271889401 6481.253456221199 7023.373271889401 7051.253456221199 
27808.31520737327 27836.868202764977 6546.024884792627 6574.577880184332 7301.960368663595 7330.5133640552995 
28230.26728110599 28258.74193548387 6553.700460829493 6582.175115207373 7510.400921658987 7538.875576036867 
28128.020276497697 28156.39815668203 6635.941935483871 6664.319815668203 7276.577880184332 7304.9557603686635 
27713.957603686635 27741.66267281106 6445.76866359447 6473.473732718894 7323.022119815668 7350.727188940092 
27732.093087557605 27760.03778801843 6345.2497695852535 6373.194470046083 6686.788940092166 6714.733640552995 
27433.767741935484 27462.06267281106 6428.182488479262 6456.477419354838 6997.237788018433 7025.532718894009 
27721.61935483871 27749.845161290323 6581.974193548387 6610.2 7340.186175115207 7368.41198156682 
