677.9333333333333 708.6666666666666 69.29333333333334 100.02666666666667 79.17333333333333 109.90666666666667 
465.9066666666667 493.97333333333336 67.42666666666666 95.49333333333334 86.21333333333334 114.28 
386.7733333333333 415.04 67.65333333333334 95.92 79.81333333333333 108.08 
534.0933333333334 561.16 53.693333333333335 80.76 62.973333333333336 90.04 
357.41333333333336 386.08 70.77333333333333 99.44 81.56 110.22666666666667 
253.34666666666666 282.74666666666667 68.13333333333334 97.53333333333333 76.30666666666667 105.70666666666666 
363.58666666666664 392.32 71.97333333333333 100.70666666666666 65.18666666666667 93.92 
604.48 636.08 69.61333333333333 101.21333333333334 81.62666666666667 113.22666666666667 
413.36 440.6933333333333 68.82666666666667 96.16 81.92 109.25333333333333 
485.6 514.6 72.68 101.68 82.24 111.24 
272.36 302.56 63.053333333333335 93.25333333333333 63.266666666666666 93.46666666666667 
461.48 489.28 70.88 98.68 71.53333333333333 99.33333333333333 
356.46666666666664 382.6 68.14666666666666 94.28 73.62666666666667 99.76 
454.1333333333333 483.93333333333334 65.26666666666667 95.06666666666666 77.49333333333334 107.29333333333334 
475.84 505.3066666666667 65.82666666666667 95.29333333333334 70.74666666666667 100.21333333333334 
401.36 428.0933333333333 75.25333333333333 101.98666666666666 85.81333333333333 112.54666666666667 
273.5466666666667 302.14666666666665 65.12 93.72 72.93333333333334 101.53333333333333 
564.76 592.8933333333333 79.36 107.49333333333334 73.72 101.85333333333334 
376.7866666666667 405.38666666666666 69.52 98.12 63.013333333333335 91.61333333333333 
200.08 227.14666666666668 68.81333333333333 95.88 87.61333333333333 114.68 
298.3066666666667 327.84 65.57333333333334 95.10666666666667 76.17333333333333 105.70666666666666 
574.5733333333334 603.3733333333333 67.49333333333334 96.29333333333334 76.72 105.52 
275.08 303.74666666666667 72.26666666666667 100.93333333333334 81.8 110.46666666666667 
429.38666666666666 458.6533333333333 65.08 94.34666666666666 63.49333333333333 92.76 
379.82666666666665 408.62666666666667 71.02666666666667 99.82666666666667 76.50666666666666 105.30666666666667 
393.58666666666664 421.12 63.36 90.89333333333333 67.06666666666666 94.6 
385.24 414.3066666666667 67.21333333333334 96.28 78.85333333333334 107.92 
399.0933333333333 426.96 74.81333333333333 102.68 78.42666666666666 106.29333333333334 
444.92 473.85333333333335 59.96 88.89333333333333 81.97333333333333 110.90666666666667 
287.3333333333333 315.46666666666664 66.38666666666667 94.52 75.76 103.89333333333333 
272.9866666666667 300.25333333333333 62.306666666666665 89.57333333333334 68.28 95.54666666666667 
332.94666666666666 360.48 67.45333333333333 94.98666666666666 78.46666666666667 106.0 
465.2 492.06666666666666 65.86666666666666 92.73333333333333 64.38666666666667 91.25333333333333 
235.05333333333334 263.58666666666664 68.41333333333333 96.94666666666667 57.52 86.05333333333333 
287.2 314.06666666666666 66.46666666666667 93.33333333333333 69.96 96.82666666666667 
326.73333333333335 355.06666666666666 60.6 88.93333333333334 72.76 101.09333333333333 
294.8933333333333 323.4266666666667 68.37333333333333 96.90666666666667 60.013333333333335 88.54666666666667 
432.7733333333333 460.1066666666667 58.89333333333333 86.22666666666667 58.88 86.21333333333334 
574.6133333333333 601.2133333333334 66.10666666666667 92.70666666666666 73.56 100.16 
770.9866666666667 802.12 63.653333333333336 94.78666666666666 71.92 103.05333333333333 
195.6 223.53333333333333 68.92 96.85333333333334 71.81333333333333 99.74666666666667 
538.9466666666667 567.7466666666667 69.70666666666666 98.50666666666666 74.69333333333333 103.49333333333334 
556.3066666666666 585.9066666666666 67.37333333333333 96.97333333333333 73.24 102.84 
357.92 386.32 65.22666666666667 93.62666666666667 64.86666666666666 93.26666666666667 
418.9066666666667 447.3066666666667 64.90666666666667 93.30666666666667 60.946666666666665 89.34666666666666 
676.3066666666666 704.44 71.45333333333333 99.58666666666667 85.2 113.33333333333333 
263.61333333333334 291.41333333333336 63.6 91.4 72.8 100.6 
567.1066666666667 593.84 73.37333333333333 100.10666666666667 74.38666666666667 101.12 
530.9333333333333 557.8 80.06666666666666 106.93333333333334 84.45333333333333 111.32 
136.64 163.77333333333334 62.57333333333333 89.70666666666666 52.45333333333333 79.58666666666667 
