15665.48527131783 15693.888372093023 3257.9581395348837 3286.3612403100774 3521.834108527132 3550.2372093023255 
15539.046511627907 15566.829457364342 3255.217054263566 3283.0 3610.8992248062013 3638.6821705426355 
15699.308527131783 15727.6496124031 3330.572093023256 3358.9131782945738 3947.750387596899 3976.091472868217 
15988.110077519379 16016.606201550389 3154.458914728682 3182.95503875969 3564.768992248062 3593.26511627907 
15644.900775193799 15672.691472868217 3298.8697674418604 3326.6604651162793 3616.319379844961 3644.11007751938 
15893.342635658915 15921.358139534883 3110.986046511628 3139.001550387597 3344.079069767442 3372.094573643411 
15718.931782945736 15746.947286821705 3322.303875968992 3350.319379844961 3763.6992248062015 3791.7147286821705 
15894.20465116279 15922.855813953489 3201.568992248062 3230.22015503876 3733.7782945736435 3762.429457364341 
15698.607751937985 15726.297674418605 3168.305426356589 3195.9953488372093 3496.320930232558 3524.0108527131783 
16195.899224806202 16224.403100775195 3401.1317829457366 3429.6356589147285 3719.875968992248 3748.3798449612405 
15795.365891472868 15823.947286821705 3362.164341085271 3390.7457364341085 3679.125581395349 3707.7069767441862 
16049.655813953488 16078.787596899225 3149.593798449612 3178.725581395349 3584.5472868217053 3613.679069767442 
16004.17519379845 16033.07441860465 3226.77984496124 3255.679069767442 3858.229457364341 3887.1286821705426 
15936.528682170543 15965.017054263566 3282.311627906977 3310.8 3852.95503875969 3881.443410852713 
15550.638759689922 15578.739534883722 3062.9643410852714 3091.0651162790696 3577.5767441860467 3605.677519379845 
15609.713178294574 15637.852713178294 3192.15503875969 3220.294573643411 3616.4031007751937 3644.5426356589146 
15577.027906976744 15605.206201550387 3356.2527131782945 3384.431007751938 3522.8651162790698 3551.0434108527134 
15666.896124031007 15695.423255813954 3265.5472868217053 3294.0744186046513 3632.4077519379844 3660.9348837209304 
15692.789147286821 15720.97519379845 2976.0062015503877 3004.1922480620156 3536.5643410852713 3564.750387596899 
15739.741085271318 15768.17519379845 3151.3922480620154 3179.8263565891475 3799.62480620155 3828.0589147286823 
16390.30387596899 16419.64496124031 3218.582945736434 3247.924031007752 3811.753488372093 3841.094573643411 
16064.933333333332 16092.724031007752 3120.367441860465 3148.1581395348835 3502.382945736434 3530.1736434108525 
16067.161240310077 16095.153488372092 3316.8976744186048 3344.88992248062 3597.866666666667 3625.858914728682 
16155.846511627908 16184.567441860465 3058.125581395349 3086.846511627907 3384.768992248062 3413.48992248062 
16266.685271317829 16295.103875968993 3219.390697674419 3247.8093023255815 3796.8015503875968 3825.22015503876 
15934.052713178295 15962.432558139535 3330.1147286821706 3358.494573643411 3571.4403100775194 3599.82015503876 
16375.817054263565 16404.91007751938 3264.8093023255815 3293.9023255813954 3888.646511627907 3917.739534883721 
16052.589147286822 16080.720930232557 3249.0077519379847 3277.139534883721 3597.9922480620153 3626.124031007752 
15628.351937984497 15656.336434108527 3305.9488372093024 3333.9333333333334 3478.359689922481 3506.344186046512 
16167.987596899226 16196.406201550388 3302.305426356589 3330.724031007752 3838.646511627907 3867.0651162790696 
15899.077519379845 15927.75968992248 3349.0852713178297 3377.767441860465 3561.4883720930234 3590.170542635659 
16429.446511627906 16459.05891472868 3307.0279069767444 3336.640310077519 3749.3767441860464 3778.9891472868217 
15788.953488372093 15817.68992248062 3297.8992248062013 3326.6356589147285 3785.1472868217056 3813.8837209302324 
15917.982945736434 15946.347286821705 3211.401550387597 3239.765891472868 3688.3472868217054 3716.711627906977 
15530.84031007752 15559.336434108527 3139.28992248062 3167.786046511628 3531.282170542636 3559.7782945736435 
16406.474418604652 16435.551937984495 3488.6914728682173 3517.768992248062 4014.8232558139534 4043.9007751937984 
15786.688372093024 15814.548837209302 3345.6108527131782 3373.4713178294573 3610.3860465116277 3638.246511627907 
15538.781395348837 15566.502325581396 3150.5178294573643 3178.2387596899225 3582.587596899225 3610.3085271317827 
15706.333333333334 15734.170542635658 3304.108527131783 3331.9457364341083 3709.922480620155 3737.7596899224804 
16216.582945736434 16245.001550387597 3202.908527131783 3231.327131782946 3695.908527131783 3724.327131782946 
15975.786046511628 16004.274418604651 3229.9565891472866 3258.44496124031 3742.584496124031 3771.0728682170543 
16193.8 16222.303875968992 3125.6217054263566 3154.125581395349 4095.141085271318 4123.64496124031 
15349.448062015505 15377.254263565892 3067.0527131782947 3094.858914728682 3276.51007751938 3304.3162790697675 
15647.972093023256 15675.80930232558 3361.7937984496125 3389.631007751938 3736.708527131783 3764.5457364341087 
15297.120930232559 15324.958139534883 3184.3767441860464 3212.213953488372 3661.5317829457363 3689.368992248062 
15750.30542635659 15779.018604651163 3289.165891472868 3317.8790697674417 3743.786046511628 3772.4992248062017 
15896.423255813954 15924.113178294574 3180.586046511628 3208.275968992248 3401.5162790697673 3429.2062015503875 
15721.23565891473 15749.196899224806 3221.5147286821707 3249.475968992248 3605.398449612403 3633.359689922481 
15805.634108527132 15833.688372093024 3192.3162790697675 3220.3705426356587 3692.587596899225 3720.641860465116 
15983.066666666668 16011.198449612402 3205.477519379845 3233.609302325581 3618.2372093023255 3646.368992248062 
