2857.9117647058824 2886.0882352941176 112.20588235294117 140.38235294117646 191.2058823529412 219.38235294117646 
2979.329411764706 3008.3882352941177 113.91764705882353 142.9764705882353 202.4470588235294 231.50588235294117 
2753.105882352941 2780.429411764706 138.84117647058824 166.16470588235293 247.45882352941177 274.7823529411765 
2835.176470588235 2862.5882352941176 132.8235294117647 160.23529411764707 209.42352941176472 236.83529411764707 
2548.1 2575.364705882353 119.1 146.36470588235295 190.98235294117646 218.24705882352941 
2863.358823529412 2891.858823529412 163.18235294117648 191.68235294117648 213.71176470588236 242.21176470588236 
3022.4117647058824 3052.323529411765 190.0 219.91176470588235 274.09411764705885 304.00588235294117 
2866.7764705882355 2895.4529411764706 131.30588235294118 159.98235294117646 246.89411764705883 275.5705882352941 
2900.6235294117646 2928.4764705882353 123.12941176470588 150.98235294117646 237.27058823529413 265.1235294117647 
2682.564705882353 2710.005882352941 147.41764705882352 174.85882352941175 310.6235294117647 338.06470588235294 
2917.029411764706 2944.9117647058824 135.23529411764707 163.11764705882354 189.91176470588235 217.7941176470588 
2973.5941176470587 3003.8882352941177 122.55294117647058 152.8470588235294 219.81764705882352 250.11176470588236 
2879.505882352941 2907.4764705882353 147.9294117647059 175.9 236.27058823529413 264.24117647058824 
2790.8176470588237 2818.464705882353 122.64117647058823 150.28823529411764 188.5235294117647 216.1705882352941 
3090.794117647059 3119.1176470588234 157.11764705882354 185.44117647058823 192.2058823529412 220.52941176470588 
2919.435294117647 2947.8176470588237 160.93529411764706 189.31764705882352 246.14117647058825 274.5235294117647 
2904.294117647059 2932.0 139.52941176470588 167.23529411764707 167.0 194.7058823529412 
2893.423529411765 2921.923529411765 130.54117647058823 159.04117647058823 186.54117647058823 215.04117647058823 
2932.211764705882 2961.211764705882 106.8 135.8 227.09411764705882 256.09411764705885 
2852.735294117647 2880.823529411765 99.55882352941177 127.6470588235294 254.7941176470588 282.88235294117646 
2802.9470588235295 2830.4470588235295 133.27058823529413 160.77058823529413 256.44117647058823 283.94117647058823 
2907.752941176471 2937.3411764705884 135.34117647058824 164.9294117647059 233.28235294117647 262.8705882352941 
2960.3823529411766 2989.4411764705883 128.44117647058823 157.5 213.3235294117647 242.38235294117646 
2995.1117647058823 3024.258823529412 147.81764705882352 176.96470588235294 217.11176470588236 246.25882352941176 
2666.7705882352943 2695.005882352941 143.73529411764707 171.97058823529412 248.3 276.5352941176471 
2663.364705882353 2691.2764705882355 140.68823529411765 168.6 181.01176470588234 208.92352941176472 
2866.064705882353 2895.3882352941177 156.1235294117647 185.4470588235294 236.24117647058824 265.56470588235294 
2754.829411764706 2782.741176470588 144.4764705882353 172.38823529411764 239.00588235294117 266.91764705882355 
2826.3176470588237 2853.7 121.81764705882352 149.2 255.49411764705883 282.8764705882353 
3003.3823529411766 3031.6470588235293 131.1764705882353 159.44117647058823 346.6764705882353 374.94117647058823 
3209.041176470588 3238.570588235294 141.42352941176472 170.95294117647057 187.45294117647057 216.98235294117646 
3030.252941176471 3059.605882352941 137.45882352941177 166.81176470588235 190.13529411764705 219.48823529411766 
3093.823529411765 3122.5882352941176 120.5 149.26470588235293 215.7058823529412 244.47058823529412 
3098.329411764706 3126.4470588235295 141.77058823529413 169.88823529411764 233.68235294117648 261.8 
2855.205882352941 2884.1176470588234 144.23529411764707 173.14705882352942 288.44117647058823 317.3529411764706 
3014.458823529412 3042.605882352941 145.19411764705882 173.34117647058824 210.81176470588235 238.95882352941177 
2758.6823529411763 2786.9764705882353 192.11176470588236 220.40588235294118 236.21176470588236 264.50588235294117 
2877.8117647058825 2905.1941176470586 118.48823529411764 145.87058823529412 193.04705882352943 220.4294117647059 
2829.923529411765 2858.070588235294 126.83529411764705 154.98235294117646 205.2764705882353 233.42352941176472 
3298.8470588235296 3328.994117647059 213.72941176470587 243.8764705882353 277.25882352941176 307.40588235294115 
2859.9882352941177 2887.9882352941177 138.13529411764705 166.13529411764705 257.16470588235296 285.16470588235296 
2921.070588235294 2950.6882352941175 123.12941176470588 152.74705882352941 280.18823529411765 309.8058823529412 
3041.1588235294116 3070.6588235294116 156.18823529411765 185.68823529411765 273.33529411764704 302.83529411764704 
3174.9 3203.2823529411767 154.9 183.28235294117647 227.13529411764705 255.51764705882354 
3000.9823529411765 3029.423529411765 128.62941176470588 157.0705882352941 199.86470588235295 228.30588235294118 
3050.670588235294 3079.7294117647057 114.05294117647058 143.11176470588236 194.43529411764706 223.49411764705883 
3040.823529411765 3069.4411764705883 147.11764705882354 175.73529411764707 244.76470588235293 273.38235294117646 
2846.676470588235 2874.5588235294117 121.91176470588235 149.7941176470588 203.54117647058823 231.42352941176472 
2923.0470588235294 2951.3411764705884 120.75294117647059 149.04705882352943 170.87058823529412 199.16470588235293 
2813.323529411765 2841.735294117647 138.38235294117646 166.7941176470588 197.3235294117647 225.73529411764707 
