6971.612121212122 6998.854545454546 911.2030303030303 938.4454545454546 1042.9151515151516 1070.1575757575758 
7538.754545454545 7567.254545454545 1089.3 1117.8 1289.3 1317.8 
7475.469696969697 7504.575757575758 954.1515151515151 983.2575757575758 1246.3181818181818 1275.4242424242425 
7654.503030303031 7683.881818181818 941.0787878787879 970.4575757575758 1135.6242424242423 1165.0030303030303 
7578.178787878788 7606.875757575757 877.269696969697 905.9666666666667 1053.8151515151515 1082.5121212121212 
6999.521212121213 7026.975757575758 856.9 884.3545454545455 1385.8848484848486 1413.3393939393939 
7550.80303030303 7579.787878787879 1168.9242424242425 1197.909090909091 1301.0151515151515 1330.0 
7021.118181818182 7048.421212121212 933.3 960.6030303030303 1133.4515151515152 1160.7545454545455 
7169.006060606061 7197.309090909091 1023.5515151515151 1051.8545454545454 1174.3696969696969 1202.6727272727273 
7311.333333333333 7339.909090909091 948.8030303030303 977.3787878787879 1126.8484848484848 1155.4242424242425 
6917.027272727273 6944.209090909091 846.1787878787878 873.3606060606061 1203.1181818181817 1230.3 
7220.439393939394 7248.833333333333 926.3181818181819 954.7121212121212 988.6515151515151 1017.0454545454545 
7147.512121212121 7175.163636363636 865.3151515151516 892.9666666666667 962.4212121212121 990.0727272727273 
7310.218181818182 7338.657575757576 843.369696969697 871.8090909090909 1104.0363636363636 1132.4757575757576 
7286.215151515152 7314.109090909091 961.5181818181818 989.4121212121212 1196.3666666666666 1224.260606060606 
7159.048484848485 7186.806060606061 854.2151515151515 881.9727272727273 1238.5939393939393 1266.351515151515 
7180.478787878787 7208.236363636363 867.069696969697 894.8272727272728 966.2060606060606 993.9636363636364 
7105.439393939394 7133.333333333333 875.2272727272727 903.1212121212121 1151.2575757575758 1179.1515151515152 
7427.372727272727 7455.812121212121 973.8575757575758 1002.2969696969697 1215.1606060606061 1243.6 
7002.339393939394 7030.490909090909 954.2787878787879 982.430303030303 1000.2181818181818 1028.3696969696969 
7231.590909090909 7259.80303030303 872.8636363636364 901.0757575757576 1022.7727272727273 1050.9848484848485 
7313.248484848485 7341.718181818182 833.9151515151515 862.3848484848485 1118.4 1146.8696969696969 
7299.981818181818 7328.269696969697 949.4363636363636 977.7242424242424 1091.3757575757577 1119.6636363636364 
7574.012121212121 7603.345454545454 1046.8454545454545 1076.178787878788 1302.2545454545455 1331.5878787878787 
7121.130303030303 7148.796969696969 811.1 838.7666666666667 1103.4636363636364 1131.1303030303031 
7211.666666666667 7239.787878787879 970.9848484848485 999.1060606060606 1114.8181818181818 1142.939393939394 
7147.690909090909 7175.342424242424 944.8575757575758 972.5090909090909 864.8121212121212 892.4636363636364 
7086.081818181819 7113.839393939394 967.5818181818182 995.339393939394 1039.2636363636364 1067.021212121212 
6993.60303030303 7021.421212121212 843.4666666666667 871.2848484848485 1141.6636363636364 1169.4818181818182 
7229.942424242424 7258.639393939394 942.760606060606 971.4575757575758 1322.730303030303 1351.4272727272728 
7280.4 7309.536363636364 868.6878787878788 897.8242424242425 1280.8848484848486 1310.021212121212 
7235.10303030303 7263.133333333333 999.9515151515152 1027.9818181818182 925.5878787878788 953.6181818181818 
7281.89696969697 7309.851515151515 884.7 912.6545454545454 982.4121212121212 1010.3666666666667 
7281.969696969697 7310.424242424242 932.3484848484849 960.8030303030303 1261.5757575757575 1290.030303030303 
6786.142424242425 6813.612121212122 854.6727272727272 882.1424242424242 988.9606060606061 1016.430303030303 
7235.984848484848 7264.030303030303 889.8181818181819 917.8636363636364 1032.5 1060.5454545454545 
7153.775757575758 7181.487878787879 793.7 821.4121212121212 1062.6848484848485 1090.3969696969698 
7253.460606060606 7281.521212121213 971.4606060606061 999.5212121212121 1228.7636363636364 1256.8242424242424 
7496.487878787879 7525.654545454546 917.5333333333333 946.7 1148.4878787878788 1177.6545454545455 
7459.648484848485 7488.845454545454 902.6484848484848 931.8454545454546 1148.9515151515152 1178.148484848485 
7213.048484848485 7241.927272727273 949.6393939393939 978.5181818181818 1132.5939393939393 1161.4727272727273 
7271.321212121212 7300.215151515152 830.4575757575758 859.3515151515152 1041.0787878787878 1069.9727272727273 
6942.893939393939 6971.090909090909 751.5151515151515 779.7121212121212 1177.0757575757575 1205.2727272727273 
7294.833333333333 7322.424242424242 907.060606060606 934.6515151515151 970.1363636363636 997.7272727272727 
7107.578787878788 7136.048484848485 933.5484848484848 962.0181818181818 1078.0333333333333 1106.5030303030303 
7437.951515151515 7466.724242424242 811.2848484848485 840.0575757575757 992.1030303030303 1020.8757575757576 
6993.430303030303 7020.748484848485 913.6272727272727 940.9454545454546 1183.1575757575758 1210.4757575757576 
7065.884848484849 7093.218181818182 966.869696969697 994.2030303030303 1065.612121212121 1092.9454545454546 
7444.193939393939 7472.481818181818 836.4515151515152 864.739393939394 1182.769696969697 1211.0575757575757 
7364.184848484849 7391.942424242424 1102.0484848484848 1129.8060606060606 1311.4272727272728 1339.1848484848485 
