47783.00947075209 47811.33259052925 11946.318662952646 11974.641782729805 13224.232311977716 13252.555431754874 
47032.27688022284 47060.35766016713 12318.368802228411 12346.449582172701 12989.243454038997 13017.324233983287 
47617.36545961003 47645.86128133705 12105.638440111421 12134.13426183844 12826.287465181058 12854.783286908078 
47620.75598885794 47649.51922005571 11863.636211699164 11892.399442896936 13094.647353760445 13123.410584958217 
47700.73927576602 47729.32144846797 12183.636211699164 12212.218384401114 13281.661281337047 13310.243454038997 
46263.41615598886 46291.12646239554 11696.237883008356 11723.948189415041 12925.313091922006 12953.02339832869 
47400.02061281337 47428.57493036212 11968.580501392758 11997.134818941504 13393.962116991643 13422.51643454039 
47979.54930362117 48008.09526462395 12039.340389972145 12067.88635097493 13481.418384401115 13509.9643454039 
47512.0991643454 47540.55320334262 12035.174373259053 12063.628412256267 13130.096378830083 13158.550417827299 
47708.81169916435 47737.313091922006 11892.728133704735 11921.229526462395 12884.324233983287 12912.825626740947 
47245.16991643454 47273.50139275766 11854.15320334262 11882.484679665738 12841.6573816156 12869.988857938719 
48139.26796657382 48167.83899721449 12159.674651810585 12188.245682451254 13216.022841225627 13244.593871866295 
47138.696378830085 47166.81337047354 11979.245125348189 12007.362116991644 13199.33426183844 13227.451253481895 
47978.460724233984 48006.68077994429 11953.992757660168 11982.212813370474 13149.193314763232 13177.413370473538 
47476.75376044568 47505.02395543175 12050.812256267409 12079.082451253482 13415.246796657382 13443.516991643453 
47416.33537604457 47444.70306406685 12152.087465181059 12180.455153203342 13681.953760445682 13710.321448467967 
47469.78217270195 47497.85459610028 12092.851810584958 12120.924233983287 12741.433983286908 12769.506406685237 
47355.37270194986 47383.52311977716 11893.587186629526 11921.737604456825 13055.598328690809 13083.748746518106 
47830.00947075209 47858.27688022284 12121.93983286908 12150.207242339833 12852.196100278552 12880.463509749303 
47898.860724233986 47927.50139275766 12073.058495821728 12101.699164345404 12638.256267409472 12666.896935933148 
47394.43844011142 47422.6139275766 11869.137604456824 11897.313091922006 13245.778272980502 13273.953760445682 
47313.23119777159 47341.6713091922 11905.796657381616 11934.236768802228 12930.57660167131 12959.016713091922 
47284.93314763231 47313.42896935933 12004.749303621169 12033.245125348189 13618.033426183843 13646.529247910863 
46994.33537604457 47022.24623955432 12088.719777158774 12116.630640668523 12931.474651810586 12959.385515320335 
46231.09860724234 46258.80612813371 11910.249025069637 11937.956545961002 12674.822841225627 12702.530362116991 
46903.20668523677 46931.535376044565 12129.529805013928 12157.858495821727 13620.702506963788 13649.031197771588 
47647.51922005571 47675.76155988858 11947.736490250696 11975.978830083566 13422.736490250696 13450.978830083566 
47445.99832869081 47474.313091922006 11984.758774373258 12013.073537604458 13010.892479108636 13039.207242339833 
47815.55097493036 47844.0217270195 11897.796100278552 11926.266852367688 12845.069080779944 12873.53983286908 
47271.28690807799 47299.27019498607 12067.682451253482 12095.66573816156 12986.487465181059 13014.470752089137 
47096.35821727019 47124.79554317549 11882.920891364902 11911.358217270195 13309.118662952646 13337.55598885794 
48071.46016713092 48100.181615598885 12064.694150417827 12093.415598885795 13246.766573816156 13275.488022284122 
47596.58718662953 47624.913091922004 12137.280779944289 12165.60668523677 12704.122005571031 12732.44791086351 
47088.19554317549 47116.50752089136 12056.89470752089 12085.206685236768 12313.496378830083 12341.80835654596 
47190.89415041783 47219.17270194986 11991.966573816157 12020.245125348189 13102.317548746518 13130.596100278552 
47389.34484679666 47417.506406685236 11819.133147632312 11847.294707520892 13030.339275766017 13058.500835654597 
47341.2930362117 47369.25403899721 12069.660724233983 12097.6217270195 12306.404456824512 12334.365459610028 
47126.03286908078 47154.34484679666 11975.411699164346 12003.723676880223 13125.383844011141 13153.69582172702 
46764.042896935935 46792.037325905294 12012.469080779943 12040.463509749303 13338.613927576602 13366.608356545961 
47228.67520891365 47257.212813370475 12049.410584958217 12077.948189415041 13315.491364902507 13344.028969359331 
47641.27799442897 47669.876880222844 12093.069080779944 12121.667966573816 13124.835097493036 13153.433983286908 
47569.29080779944 47597.54707520892 12114.079108635098 12142.335376044568 13536.613927576602 13564.870194986073 
46827.94373259053 46856.20278551532 11915.018941504179 11943.277994428969 13257.244568245125 13285.503621169917 
46870.38662952646 46898.61504178273 11629.211142061282 11657.439554317549 13286.467409470752 13314.69582172702 
46994.104735376044 47022.38885793872 12093.369359331477 12121.65348189415 13334.06295264624 13362.347075208914 
47223.37103064067 47251.646796657384 11999.54094707521 12027.816713091923 13280.688579387186 13308.9643454039 
47694.53816155989 47722.5799442897 11991.022841225627 12019.064623955432 12900.55208913649 12928.593871866295 
47138.3008356546 47166.28969359332 12137.15320334262 12165.142061281336 13014.593314763231 13042.58217270195 
47615.05292479109 47643.40389972145 11820.676880222842 11849.027855153203 13082.476323119778 13110.827298050139 
47424.28077994429 47452.665181058495 11877.280779944289 11905.665181058495 12797.69860724234 12826.083008356545 
