12703.88 12732.822857142857 2183.0990476190477 2212.041904761905 2319.5085714285715 2348.4514285714286 
12227.771428571428 12256.495238095238 2335.2285714285713 2363.9523809523807 2824.0095238095237 2852.733333333333 
12442.834285714285 12471.04380952381 2170.9866666666667 2199.1961904761906 2415.6438095238095 2443.8533333333335 
12499.4 12527.733333333334 2413.9714285714285 2442.304761904762 2723.1809523809525 2751.5142857142855 
12793.975238095238 12822.870476190476 2240.232380952381 2269.127619047619 2556.1561904761907 2585.0514285714285 
12202.83238095238 12230.318095238095 2236.8038095238094 2264.289523809524 2529.8514285714286 2557.3371428571427 
12572.161904761904 12600.390476190476 2382.019047619048 2410.247619047619 2576.6666666666665 2604.8952380952383 
12850.937142857143 12879.50857142857 2321.118095238095 2349.689523809524 2711.441904761905 2740.0133333333333 
12773.489523809523 12801.946666666667 2260.889523809524 2289.346666666667 2697.4038095238097 2725.8609523809523 
12384.769523809524 12413.398095238095 2311.693333333333 2340.321904761905 2608.9695238095237 2637.598095238095 
12718.100952380952 12746.786666666667 2527.177142857143 2555.862857142857 2695.215238095238 2723.9009523809523 
12920.948571428571 12949.481904761904 2314.424761904762 2342.958095238095 2412.500952380952 2441.0342857142855 
12811.946666666667 12840.470476190476 2384.441904761905 2412.9657142857145 2763.384761904762 2791.9085714285716 
12612.39238095238 12641.059047619048 2336.3352380952383 2365.001904761905 2808.5733333333333 2837.24 
12927.681904761905 12956.615238095239 2305.367619047619 2334.3009523809524 2762.0914285714284 2791.024761904762 
12428.598095238096 12456.855238095239 2424.826666666667 2453.0838095238096 2632.76 2661.017142857143 
12651.881904761905 12680.024761904762 2241.3866666666668 2269.5295238095237 2882.481904761905 2910.6247619047617 
12149.249523809523 12176.982857142857 2154.4685714285715 2182.2019047619046 2248.401904761905 2276.135238095238 
12644.754285714285 12673.211428571429 2269.7638095238094 2298.2209523809524 2587.5638095238096 2616.020952380952 
12523.468571428572 12551.401904761904 2399.2019047619046 2427.135238095238 2602.3733333333334 2630.306666666667 
12472.826666666666 12500.998095238096 2157.769523809524 2185.9409523809522 2450.055238095238 2478.2266666666665 
12676.354285714286 12704.401904761904 2344.5257142857145 2372.5733333333333 2685.0304761904763 2713.078095238095 
12724.074285714285 12752.902857142857 2463.7028571428573 2492.5314285714285 2681.2838095238094 2710.112380952381 
12514.405714285715 12542.967619047618 2185.8914285714286 2214.4533333333334 2835.539047619048 2864.1009523809525 
12533.506666666666 12561.64 2524.792380952381 2552.925714285714 2898.1447619047617 2926.2780952380954 
12556.594285714285 12584.641904761906 2352.7371428571428 2380.784761904762 2844.6609523809525 2872.7085714285713 
12740.375238095237 12769.156190476191 2291.4704761904763 2320.2514285714287 2572.575238095238 2601.3561904761905 
13195.979047619048 13224.740952380953 2395.6266666666666 2424.3885714285716 2728.3885714285716 2757.150476190476 
13118.81142857143 13147.859047619047 2574.822857142857 2603.870476190476 2705.582857142857 2734.630476190476 
12793.777142857143 12822.329523809523 2131.9295238095237 2160.481904761905 2683.52 2712.072380952381 
12826.255238095238 12854.664761904762 2265.2933333333335 2293.7028571428573 2819.655238095238 2848.064761904762 
12402.310476190476 12430.339047619047 2370.177142857143 2398.2057142857143 2646.8533333333335 2674.881904761905 
12312.0 12339.514285714286 2245.266666666667 2272.7809523809524 2687.133333333333 2714.647619047619 
12208.342857142858 12236.219047619048 2326.361904761905 2354.2380952380954 2751.5714285714284 2779.447619047619 
12562.08761904762 12590.306666666667 2407.8019047619046 2436.020952380952 2784.382857142857 2812.6019047619047 
12245.64380952381 12273.424761904762 2341.872380952381 2369.653333333333 2577.615238095238 2605.3961904761904 
12518.137142857142 12546.337142857143 2240.7371428571428 2268.937142857143 2555.460952380952 2583.6609523809525 
12663.906666666666 12692.468571428572 2262.6209523809525 2291.1828571428573 2412.0876190476192 2440.649523809524 
12664.990476190476 12692.6 2424.0857142857144 2451.695238095238 2568.961904761905 2596.5714285714284 
12377.112380952381 12404.998095238096 2372.3980952380953 2400.2838095238094 2748.9314285714286 2776.8171428571427 
12635.127619047618 12663.032380952382 2305.184761904762 2333.0895238095236 2520.2609523809524 2548.1657142857143 
12667.165714285715 12695.20380952381 2272.232380952381 2300.270476190476 2896.2609523809524 2924.2990476190475 
12708.518095238096 12737.499047619047 2472.041904761905 2501.022857142857 2789.118095238095 2818.0990476190477 
12513.777142857143 12542.967619047618 2215.2533333333336 2244.4438095238097 2712.7961904761905 2741.9866666666667 
12820.801904761905 12849.306666666667 2313.1066666666666 2341.6114285714284 2472.5638095238096 2501.0685714285714 
12257.192380952381 12284.849523809524 2101.287619047619 2128.944761904762 2424.8590476190475 2452.5161904761903 
12927.729523809523 12956.615238095239 2339.967619047619 2368.8533333333335 3016.862857142857 3045.7485714285713 
12853.611428571428 12882.801904761905 2315.792380952381 2344.982857142857 2621.830476190476 2651.020952380952 
12430.691428571428 12459.19619047619 2348.881904761905 2377.3866666666668 2755.424761904762 2783.9295238095237 
12354.407619047619 12382.398095238095 2400.4742857142855 2428.464761904762 2804.8171428571427 2832.807619047619 
