50427.90441558442 50455.97714285714 13084.114805194806 13112.187532467533 14124.166753246753 14152.23948051948 
51100.89038961039 51129.61506493507 12955.124155844156 12983.84883116883 14137.386493506494 14166.111168831168 
50819.29610389611 50847.36623376623 13168.135064935064 13196.205194805194 14233.122077922078 14261.192207792208 
50413.0238961039 50441.27324675325 12753.483636363637 12781.732987012987 14168.616103896104 14196.865454545454 
50719.64467532468 50748.00831168831 12835.14077922078 12863.504415584415 13975.777142857143 14004.14077922078 
51032.51948051948 51060.92987012987 13037.880519480519 13066.290909090909 14627.16103896104 14655.57142857143 
51627.67272727273 51656.51948051948 13006.35064935065 13035.197402597403 14287.005194805195 14315.851948051948 
51552.75896103896 51581.0161038961 12895.166753246753 12923.423896103895 14226.0187012987 14254.275844155844 
50526.48051948052 50554.64935064935 12797.210389610389 12825.379220779221 13867.049350649351 13895.218181818182 
51280.07116883117 51308.68155844156 12894.323116883117 12922.933506493506 14365.175064935065 14393.785454545454 
50625.75896103896 50653.67584415584 13196.44987012987 13224.366753246753 14380.514805194805 14408.431688311688 
51156.61662337662 51185.0425974026 12793.02961038961 12821.455584415584 14157.076363636364 14185.502337662338 
51455.9012987013 51484.5974025974 13100.963636363636 13129.65974025974 13577.197402597403 13605.893506493507 
50147.84987012987 50176.02649350649 12839.634285714286 12867.81090909091 14404.242077922077 14432.4187012987 
51346.46961038961 51375.142337662335 12722.778701298701 12751.451428571429 14261.703376623376 14290.376103896104 
51620.41246753247 51648.752727272724 12932.757922077923 12961.098181818183 14604.97090909091 14633.31116883117 
50406.27116883117 50434.543896103896 13037.562077922077 13065.834805194805 14607.36987012987 14635.642597402597 
50663.11948051948 50691.111688311685 13079.361038961039 13107.353246753246 14061.781818181818 14089.774025974026 
51136.54233766234 51164.92415584416 12960.99948051948 12989.381298701299 14711.360519480519 14739.742337662337 
51238.227012987016 51266.39844155844 12913.59844155844 12941.76987012987 14489.149090909092 14517.32051948052 
50905.45766233766 50933.917402597406 13303.30961038961 13331.76935064935 14223.158961038962 14251.618701298701 
50715.35220779221 50743.72103896104 13068.115844155844 13096.484675324675 13806.596363636363 13834.965194805194 
50348.44987012987 50376.836883116885 13010.81090909091 13039.197922077921 14428.457662337662 14456.844675324675 
50356.06753246753 50384.55324675325 13178.51948051948 13207.005194805195 14378.22077922078 14406.706493506494 
51260.161038961036 51288.150649350646 13298.038961038961 13326.028571428571 14328.31948051948 14356.309090909092 
50804.154285714285 50832.546493506496 13045.985454545455 13074.377662337662 14428.468571428572 14456.860779220779 
51794.24467532468 51822.784935064934 13134.475844155844 13163.016103896103 14792.59012987013 14821.13038961039 
50491.247272727276 50519.54857142857 13011.338181818182 13039.639480519481 13858.704415584416 13887.005714285715 
50895.76051948052 50923.835844155845 13218.682597402598 13246.757922077923 14554.277402597403 14582.352727272728 
50735.895584415586 50764.165714285715 12973.734545454545 13002.004675324675 14347.846233766233 14376.116363636364 
50668.74285714285 50696.6987012987 13046.38961038961 13074.345454545455 14120.563636363637 14148.51948051948 
50523.171428571426 50551.42597402597 12865.766233766233 12894.020779220778 14592.841558441558 14621.096103896103 
50942.122597402595 50970.33558441558 13168.013506493506 13196.226493506494 14505.709610389611 14533.922597402598 
51208.40987012987 51237.11896103896 12965.703376623376 12994.412467532467 14001.731948051947 14030.441038961038 
50791.87948051948 50820.20155844156 12768.043116883116 12796.365194805196 13607.341818181818 13635.663896103895 
51059.94285714286 51088.29090909091 12912.381818181819 12940.72987012987 14333.898701298702 14362.246753246753 
50699.93558441559 50728.21090909091 12996.813506493507 13025.08883116883 14368.722597402597 14396.997922077922 
50469.204675324676 50497.25142857143 13191.059220779222 13219.105974025973 14036.957922077921 14065.004675324675 
51283.88051948052 51312.56883116883 13124.828571428572 13153.516883116883 14255.56103896104 14284.24935064935 
51666.534545454546 51695.207272727275 12834.435844155843 12863.108571428571 14149.046233766234 14177.718961038961 
50895.474805194805 50923.40987012987 13012.752727272727 13040.687792207793 14461.628051948052 14489.563116883117 
51354.99792207792 51383.535584415586 13039.452467532468 13067.99012987013 14207.478441558442 14236.016103896103 
51572.9225974026 51601.26285714286 12931.865454545454 12960.205714285714 14234.530389610389 14262.870649350649 
51063.98805194805 51092.34649350649 12940.907532467532 12969.265974025973 14150.738701298702 14179.097142857143 
51261.1174025974 51289.69922077922 13060.818701298702 13089.40051948052 14129.852467532468 14158.434285714286 
50121.36675324675 50149.556363636366 13009.166753246753 13037.356363636363 14307.644675324675 14335.834285714285 
51050.59064935065 51079.28155844156 13321.928311688313 13350.619220779221 14674.167272727273 14702.858181818181 
50338.88987012987 50366.811948051945 12872.045714285714 12899.967792207792 13761.276883116883 13789.198961038961 
51437.54025974026 51465.98181818182 12659.72987012987 12688.171428571428 14377.064935064935 14405.506493506493 
51019.545454545456 51047.85974025974 12963.979220779222 12992.293506493506 14328.836363636363 14357.15064935065 
