13823.99304347826 13852.019130434783 2526.3060869565215 2554.3321739130433 3060.593043478261 3088.6191304347826 
13613.749565217391 13641.54956521739 2578.5408695652172 2606.3408695652174 2946.419130434783 2974.2191304347825 
13573.801739130435 13602.366956521739 2856.5582608695654 2885.1234782608694 3231.3060869565215 3259.871304347826 
13972.347826086956 14000.44347826087 2671.191304347826 2699.2869565217393 2787.4521739130437 2815.5478260869563 
13832.153043478262 13860.118260869565 2785.6747826086958 2813.64 3160.7530434782607 3188.7182608695653 
14248.968695652175 14277.751304347827 2700.2208695652175 2729.0034782608695 3181.7947826086956 3210.5773913043477 
13731.366956521739 13759.03652173913 2774.0191304347827 2801.688695652174 3190.4017391304346 3218.0713043478263 
14190.325217391304 14219.090434782609 2737.9078260869564 2766.6730434782608 3239.133913043478 3267.899130434783 
14187.866086956521 14217.005217391305 2812.5095652173914 2841.648695652174 3406.1182608695653 3435.257391304348 
14265.72347826087 14294.253913043478 2670.5843478260867 2699.114782608696 3077.5234782608695 3106.053913043478 
13715.182608695652 13743.330434782609 2751.3217391304347 2779.4695652173914 3108.0434782608695 3136.191304347826 
14223.260869565218 14251.48695652174 2681.1478260869567 2709.3739130434783 3337.6173913043476 3365.8434782608697 
14082.175652173913 14110.349565217392 2861.784347826087 2889.958260869565 2847.8365217391306 2876.0104347826086 
14365.24695652174 14394.020869565218 2771.1165217391303 2799.8904347826087 3171.76 3200.533913043478 
14293.306086956522 14322.175652173913 2807.166956521739 2836.0365217391304 3159.297391304348 3188.166956521739 
13795.132173913044 13823.227826086957 2640.906086956522 2669.001739130435 3114.1495652173912 3142.2452173913043 
14284.96695652174 14313.497391304349 2685.297391304348 2713.8278260869565 2945.653913043478 2974.184347826087 
14520.558260869566 14549.16695652174 2648.8017391304347 2677.4104347826087 2948.201739130435 2976.810434782609 
13764.775652173914 13793.245217391304 2586.210434782609 2614.68 3248.1930434782607 3276.662608695652 
14224.02608695652 14252.313043478262 2870.721739130435 2899.008695652174 3262.695652173913 3290.9826086956523 
13889.55652173913 13918.104347826087 2709.4608695652173 2738.008695652174 2958.4347826086955 2986.9826086956523 
14048.403478260869 14076.71652173913 2672.6730434782608 2700.986086956522 3199.9773913043477 3228.290434782609 
13767.46956521739 13796.095652173914 2622.7478260869566 2651.3739130434783 2911.5652173913045 2940.191304347826 
14167.241739130435 14195.841739130436 2670.554782608696 2699.1547826086958 3483.911304347826 3512.511304347826 
13934.187826086956 13961.779130434783 2753.9095652173914 2781.5008695652173 3004.44 3032.031304347826 
14303.055652173913 14332.420869565218 2761.0034782608695 2790.3686956521738 3544.351304347826 3573.7165217391303 
14084.648695652173 14113.39652173913 2596.918260869565 2625.6660869565217 2679.648695652174 2708.3965217391305 
14223.751304347827 14252.551304347826 2737.351304347826 2766.151304347826 2923.533913043478 2952.3339130434783 
14224.935652173914 14253.422608695651 2720.248695652174 2748.735652173913 3344.735652173913 3373.222608695652 
13872.944347826087 13901.248695652173 2673.9008695652174 2702.2052173913044 3297.3878260869565 3325.6921739130435 
13708.864347826087 13737.003478260869 2640.76 2668.899130434783 2748.473043478261 2776.6121739130435 
14017.405217391304 14045.605217391305 2671.9704347826087 2700.1704347826085 2902.144347826087 2930.344347826087 
13980.332173913044 14008.332173913044 2808.1930434782607 2836.1930434782607 2951.8017391304347 2979.8017391304347 
14070.250434782609 14099.059130434782 2755.7547826086957 2784.5634782608695 2934.4156521739133 2963.224347826087 
14020.20347826087 14048.455652173912 2760.56 2788.8121739130434 2959.951304347826 2988.2034782608694 
14194.97391304348 14223.382608695652 2795.913043478261 2824.3217391304347 3080.026086956522 3108.4347826086955 
13919.605217391305 13947.466086956521 2754.1878260869566 2782.048695652174 3209.4226086956523 3237.2834782608697 
14077.92 14106.537391304348 2751.0678260869563 2779.6852173913044 3123.7721739130434 3152.3895652173915 
14003.438260869565 14031.829565217391 2667.255652173913 2695.646956521739 2958.8034782608697 2987.1947826086957 
14322.488695652173 14350.897391304348 2907.1321739130435 2935.5408695652172 2981.5408695652172 3009.9495652173914 
14026.76 14055.012173913043 2742.229565217391 2770.4817391304346 2907.4121739130433 2935.664347826087 
13985.657391304348 14014.292173913043 2679.7530434782607 2708.3878260869565 2931.04 2959.6747826086958 
14069.72695652174 14098.248695652173 2665.744347826087 2694.2660869565216 3052.744347826087 3081.2660869565216 
14288.191304347825 14316.747826086956 2628.3391304347824 2656.895652173913 3222.704347826087 3251.2608695652175 
13937.939130434783 13966.278260869565 2662.3826086956524 2690.721739130435 3105.3739130434783 3133.7130434782607 
14096.67304347826 14125.20347826087 2758.3078260869565 2786.838260869565 2905.8121739130434 2934.342608695652 
13725.114782608696 13752.72347826087 2387.8278260869565 2415.4365217391305 2778.166956521739 2805.775652173913 
13927.44347826087 13955.88695652174 2584.521739130435 2612.965217391304 3224.060869565217 3252.504347826087 
13761.368695652174 13789.107826086956 2766.6121739130435 2794.351304347826 3206.8208695652174 3234.56 
14485.827826086957 14514.775652173914 2915.288695652174 2944.2365217391302 2992.601739130435 3021.5495652173913 
