333.28333333333336 364.6166666666667 68.73333333333333 100.06666666666666 71.26666666666667 102.6 
114.55 142.88333333333333 64.48333333333333 92.81666666666666 60.13333333333333 88.46666666666667 
128.96666666666667 155.96666666666667 60.35 87.35 45.56666666666667 72.56666666666666 
224.0 255.5 58.083333333333336 89.58333333333333 58.166666666666664 89.66666666666667 
177.91666666666666 205.08333333333334 53.333333333333336 80.5 56.03333333333333 83.2 
181.38333333333333 207.3 60.333333333333336 86.25 70.0 95.91666666666667 
218.38333333333333 245.96666666666667 69.48333333333333 97.06666666666666 70.65 98.23333333333333 
129.15 156.73333333333332 63.78333333333333 91.36666666666666 51.36666666666667 78.95 
75.98333333333333 102.65 62.766666666666666 89.43333333333334 47.65 74.31666666666666 
179.51666666666668 209.01666666666668 53.6 83.1 67.26666666666667 96.76666666666667 
144.13333333333333 170.21666666666667 62.483333333333334 88.56666666666666 57.3 83.38333333333334 
115.26666666666667 144.18333333333334 59.03333333333333 87.95 60.6 89.51666666666667 
183.0 210.58333333333334 59.3 86.88333333333334 50.35 77.93333333333334 
171.75 198.83333333333334 69.3 96.38333333333334 68.55 95.63333333333334 
226.03333333333333 255.36666666666667 61.21666666666667 90.55 66.96666666666667 96.3 
66.36666666666666 93.36666666666666 58.416666666666664 85.41666666666667 48.28333333333333 75.28333333333333 
83.31666666666666 112.4 62.06666666666667 91.15 66.0 95.08333333333333 
197.18333333333334 227.85 65.96666666666667 96.63333333333334 72.06666666666666 102.73333333333333 
150.1 177.93333333333334 58.68333333333333 86.51666666666667 53.03333333333333 80.86666666666666 
158.8 186.3 60.46666666666667 87.96666666666667 69.55 97.05 
206.8 234.21666666666667 63.016666666666666 90.43333333333334 67.16666666666667 94.58333333333333 
287.81666666666666 316.9 67.05 96.13333333333334 70.28333333333333 99.36666666666666 
108.78333333333333 136.95 57.36666666666667 85.53333333333333 54.38333333333333 82.55 
189.31666666666666 218.15 66.76666666666667 95.6 65.25 94.08333333333333 
211.25 242.08333333333334 71.06666666666666 101.9 70.46666666666667 101.3 
78.61666666666666 104.7 57.2 83.28333333333333 50.55 76.63333333333334 
120.48333333333333 147.23333333333332 63.4 90.15 57.6 84.35 
161.55 188.13333333333333 60.416666666666664 87.0 64.0 90.58333333333333 
127.33333333333333 156.41666666666666 60.36666666666667 89.45 64.56666666666666 93.65 
185.13333333333333 213.46666666666667 65.6 93.93333333333334 52.38333333333333 80.71666666666667 
101.26666666666667 128.68333333333334 55.0 82.41666666666667 48.666666666666664 76.08333333333333 
152.45 181.45 61.333333333333336 90.33333333333333 64.66666666666667 93.66666666666667 
99.13333333333334 125.8 54.65 81.31666666666666 54.016666666666666 80.68333333333334 
196.48333333333332 226.9 61.4 91.81666666666666 56.71666666666667 87.13333333333334 
196.93333333333334 226.51666666666668 64.08333333333333 93.66666666666667 60.483333333333334 90.06666666666666 
162.76666666666668 194.1 65.91666666666667 97.25 66.73333333333333 98.06666666666666 
122.76666666666667 151.68333333333334 62.43333333333333 91.35 59.93333333333333 88.85 
87.4 114.65 60.416666666666664 87.66666666666667 44.88333333333333 72.13333333333334 
109.38333333333334 138.63333333333333 64.96666666666667 94.21666666666667 60.95 90.2 
165.2 193.45 64.3 92.55 63.583333333333336 91.83333333333333 
239.13333333333333 268.1333333333333 58.11666666666667 87.11666666666666 57.916666666666664 86.91666666666667 
112.56666666666666 139.23333333333332 65.98333333333333 92.65 54.6 81.26666666666667 
248.86666666666667 277.28333333333336 67.78333333333333 96.2 72.01666666666667 100.43333333333334 
185.2 215.2 56.03333333333333 86.03333333333333 56.88333333333333 86.88333333333334 
149.3 177.8 61.266666666666666 89.76666666666667 64.18333333333334 92.68333333333334 
181.63333333333333 209.8 71.61666666666666 99.78333333333333 72.2 100.36666666666666 
190.26666666666668 219.1 63.21666666666667 92.05 59.516666666666666 88.35 
248.35 276.35 61.61666666666667 89.61666666666666 64.21666666666667 92.21666666666667 
116.28333333333333 146.95 61.68333333333333 92.35 48.68333333333333 79.35 
179.8 208.88333333333333 68.21666666666667 97.3 59.71666666666667 88.8 
