40146.76644736842 40175.28947368421 9933.707236842105 9962.230263157895 11418.404605263158 11446.927631578947 
40172.08289473684 40200.6125 9735.125657894738 9763.655263157894 10571.38552631579 10599.915131578948 
40113.636184210525 40142.682236842105 10071.313815789474 10100.359868421052 11145.965131578947 11175.011184210527 
39671.834210526315 39700.04802631579 9882.682894736841 9910.896710526316 10816.459210526316 10844.67302631579 
39390.192763157895 39418.18618421053 9855.156578947368 9883.15 10748.988815789473 10776.982236842105 
39796.782236842104 39824.749342105264 9895.407236842106 9923.374342105262 11248.249342105262 11276.21644736842 
39710.567763157895 39738.92302631579 9959.498684210526 9987.853947368421 10882.811184210526 10911.166447368421 
40296.43947368421 40324.82434210526 9609.038157894736 9637.42302631579 10527.419736842105 10555.804605263158 
39575.59539473684 39603.87171052631 9989.473684210527 10017.75 10642.878289473685 10671.154605263158 
39631.50197368421 39659.705921052635 9781.669736842105 9809.873684210526 10487.580921052631 10515.784868421053 
40059.2125 40087.77828947368 9875.50855263158 9904.074342105263 11138.034868421053 11166.600657894736 
40272.22171052632 40300.42894736842 9825.103289473684 9853.310526315789 10971.623026315789 10999.830263157895 
40215.936842105264 40244.469736842104 10025.992763157894 10054.525657894737 10632.476315789474 10661.009210526316 
39269.591447368424 39297.59802631579 9726.193421052632 9754.2 10757.005921052632 10785.0125 
38984.23947368421 39012.12105263158 9814.788815789474 9842.670394736842 10815.917105263157 10843.798684210526 
40696.642105263156 40725.02697368421 9798.250657894738 9826.63552631579 10825.444736842106 10853.829605263158 
40383.12763157895 40411.719736842104 9832.071710526316 9860.663815789474 11096.390789473684 11124.982894736842 
40773.49802631579 40802.30065789474 9998.836842105264 10027.63947368421 11258.820394736842 11287.623026315789 
40467.06710526316 40496.05394736842 9875.586842105264 9904.573684210527 10676.85 10705.836842105264 
38814.846052631576 38842.313157894736 9438.082894736843 9465.55 10303.181578947368 10330.648684210526 
39307.30065789474 39335.478289473685 9984.405921052632 10012.583552631579 10729.070394736842 10757.248026315789 
40343.29473684211 40371.95263157895 10056.242105263158 10084.9 11119.538157894736 11148.19605263158 
39607.850657894734 39635.88355263158 9879.17302631579 9907.205921052631 10999.324342105263 11027.357236842105 
40401.527631578945 40430.05065789474 9942.695394736842 9971.218421052632 11213.896052631579 11242.419078947369 
39565.42434210526 39593.78289473684 9868.532894736842 9896.891447368422 10842.490131578947 10870.848684210527 
40243.69934210526 40272.067763157895 9816.409868421053 9844.778289473685 10810.988815789473 10839.357236842105 
40554.432236842105 40582.728289473685 10126.70197368421 10154.998026315789 10993.20197368421 11021.498026315789 
39446.688157894736 39475.11907894737 10209.694736842106 10238.125657894738 11536.3 11564.730921052631 
40095.60263157895 40123.609210526316 9635.273684210526 9663.280263157894 10683.55 10711.556578947368 
39215.942763157895 39243.663157894734 9906.367105263158 9934.0875 10743.988815789473 10771.709210526316 
40344.24342105263 40372.86184210526 10017.375 10045.993421052632 10618.08552631579 10646.703947368422 
40701.296710526316 40730.096052631576 9874.990789473684 9903.790131578948 11196.066447368421 11224.865789473684 
39739.70789473684 39768.04013157895 9718.26052631579 9746.592763157894 10905.576315789474 10933.90855263158 
40192.35394736842 40220.804605263154 9865.715789473685 9894.166447368421 11111.15 11139.600657894736 
40206.159868421055 40234.600657894734 9818.353947368421 9846.794736842105 10954.626973684211 10983.067763157895 
40030.63157894737 40059.29276315789 10015.003289473685 10043.66447368421 11694.467105263158 11723.128289473685 
40489.42302631579 40518.29802631579 10188.182894736841 10217.057894736841 10849.080921052631 10877.955921052631 
39520.17105263158 39548.50986842105 9950.470394736842 9978.809210526315 10934.263157894737 10962.60197368421 
39551.87697368421 39580.2125 9866.834210526316 9895.169736842105 11121.192763157895 11149.528289473685 
39499.33881578947 39527.59210526316 9845.305921052632 9873.559210526315 10763.47697368421 10791.730263157895 
39898.31052631579 39926.882894736846 9896.132894736842 9924.705263157895 11272.297368421052 11300.869736842105 
39804.45065789474 39832.82565789474 10060.08552631579 10088.46052631579 11026.60197368421 11054.97697368421 
39894.176315789475 39922.41973684211 9749.817763157895 9778.061184210526 11121.636842105263 11149.880263157895 
39516.71710526316 39544.78289473684 9776.065789473685 9804.131578947368 10778.013157894737 10806.078947368422 
39568.423684210524 39596.653947368424 9712.95 9741.180263157894 10862.752631578947 10890.982894736842 
39623.804605263154 39651.96907894737 9799.952631578948 9828.117105263158 10637.04802631579 10665.2125 
39947.90657894737 39976.330921052635 9828.623684210526 9857.04802631579 10694.768421052631 10723.192763157895 
39209.788157894734 39237.54144736842 9652.166447368421 9679.919736842105 10571.426315789473 10599.179605263158 
39518.0072368421 39546.326315789476 9850.214473684211 9878.53355263158 10853.724342105263 10882.043421052631 
40147.4302631579 40175.97960526316 9991.92697368421 10020.476315789474 11443.272368421052 11471.821710526316 
