39.8 69.3 47.8 77.3 29.8 59.3 
34.36666666666667 63.2 52.166666666666664 81.0 29.7 58.53333333333333 
56.36666666666667 85.03333333333333 46.63333333333333 75.3 37.5 66.16666666666667 
46.1 73.43333333333334 55.666666666666664 83.0 39.46666666666667 66.8 
73.5 99.5 49.13333333333333 75.13333333333334 52.666666666666664 78.66666666666667 
38.233333333333334 65.73333333333333 42.166666666666664 69.66666666666667 30.9 58.4 
52.56666666666667 76.56666666666666 57.666666666666664 81.66666666666667 40.4 64.4 
53.233333333333334 84.23333333333333 55.7 86.7 41.333333333333336 72.33333333333333 
48.266666666666666 75.26666666666667 52.43333333333333 79.43333333333334 34.266666666666666 61.266666666666666 
42.86666666666667 71.7 55.56666666666667 84.4 30.066666666666666 58.9 
66.23333333333333 97.23333333333333 53.266666666666666 84.26666666666667 39.8 70.8 
45.9 74.4 56.266666666666666 84.76666666666667 36.56666666666667 65.06666666666666 
38.63333333333333 63.63333333333333 50.833333333333336 75.83333333333333 31.566666666666666 56.56666666666667 
50.333333333333336 80.0 62.833333333333336 92.5 40.266666666666666 69.93333333333334 
46.7 75.7 58.833333333333336 87.83333333333333 33.4 62.4 
33.93333333333333 61.6 50.0 77.66666666666667 26.0 53.666666666666664 
44.266666666666666 70.76666666666667 56.56666666666667 83.06666666666666 33.43333333333333 59.93333333333333 
52.666666666666664 88.33333333333333 51.13333333333333 86.8 36.8 72.46666666666667 
57.93333333333333 87.26666666666667 58.233333333333334 87.56666666666666 47.266666666666666 76.6 
45.13333333333333 72.63333333333334 45.7 73.2 28.3 55.8 
50.1 78.43333333333334 56.733333333333334 85.06666666666666 41.1 69.43333333333334 
42.5 70.0 41.833333333333336 69.33333333333333 32.833333333333336 60.333333333333336 
51.766666666666666 80.93333333333334 60.93333333333333 90.1 39.1 68.26666666666667 
58.03333333333333 88.03333333333333 53.03333333333333 83.03333333333333 37.46666666666667 67.46666666666667 
63.6 86.93333333333334 54.93333333333333 78.26666666666667 28.5 51.833333333333336 
43.06666666666667 68.73333333333333 57.766666666666666 83.43333333333334 34.733333333333334 60.4 
58.9 89.56666666666666 52.5 83.16666666666667 43.233333333333334 73.9 
40.233333333333334 67.06666666666666 49.96666666666667 76.8 33.733333333333334 60.56666666666667 
31.266666666666666 58.1 48.36666666666667 75.2 25.2 52.03333333333333 
39.1 66.93333333333334 46.56666666666667 74.4 31.066666666666666 58.9 
39.166666666666664 68.66666666666667 40.63333333333333 70.13333333333334 28.366666666666667 57.86666666666667 
57.36666666666667 85.2 65.13333333333334 92.96666666666667 48.7 76.53333333333333 
38.8 64.63333333333334 54.8 80.63333333333334 30.8 56.63333333333333 
37.96666666666667 63.8 45.86666666666667 71.7 31.933333333333334 57.766666666666666 
60.03333333333333 90.2 58.93333333333333 89.1 48.0 78.16666666666667 
65.13333333333334 91.8 47.0 73.66666666666667 38.4 65.06666666666666 
40.96666666666667 71.13333333333334 52.666666666666664 82.83333333333333 34.43333333333333 64.6 
42.56666666666667 69.73333333333333 46.1 73.26666666666667 36.9 64.06666666666666 
36.7 65.7 48.63333333333333 77.63333333333334 31.2 60.2 
57.03333333333333 87.03333333333333 57.93333333333333 87.93333333333334 47.333333333333336 77.33333333333333 
41.833333333333336 71.0 58.43333333333333 87.6 31.5 60.666666666666664 
43.86666666666667 71.03333333333333 50.4 77.56666666666666 35.86666666666667 63.03333333333333 
44.4 70.23333333333333 56.93333333333333 82.76666666666667 38.06666666666667 63.9 
35.36666666666667 61.36666666666667 53.43333333333333 79.43333333333334 26.866666666666667 52.86666666666667 
33.233333333333334 61.06666666666667 45.46666666666667 73.3 25.166666666666668 53.0 
45.03333333333333 72.36666666666666 56.13333333333333 83.46666666666667 34.03333333333333 61.36666666666667 
54.06666666666667 84.9 44.766666666666666 75.6 48.06666666666667 78.9 
34.6 61.6 37.0 64.0 28.6 55.6 
44.733333333333334 74.9 50.766666666666666 80.93333333333334 45.0 75.16666666666667 
56.666666666666664 85.5 49.833333333333336 78.66666666666667 44.333333333333336 73.16666666666667 
