20036.098717948717 20065.13717948718 4400.6435897435895 4429.682051282051 4651.226923076923 4680.265384615384 
19483.902564102566 19511.973076923077 4272.274358974359 4300.344871794872 4734.723076923077 4762.79358974359 
20139.45641025641 20168.15512820513 4323.328205128205 4352.026923076923 4870.071794871795 4898.7705128205125 
19392.970512820513 19420.90641025641 4219.496153846154 4247.432051282051 4658.496153846154 4686.432051282051 
19523.33846153846 19551.78717948718 4172.966666666666 4201.415384615385 4517.171794871795 4545.620512820513 
19139.228205128205 19167.11282051282 4184.6064102564105 4212.491025641026 4556.946153846154 4584.830769230769 
19932.407692307694 19961.023076923077 4313.3564102564105 4341.971794871795 4704.074358974359 4732.689743589744 
19524.214102564103 19552.88717948718 4371.630769230769 4400.303846153846 4709.791025641026 4738.464102564102 
19659.925641025642 19688.38717948718 4021.021794871795 4049.483333333333 4706.656410256411 4735.117948717949 
19911.576923076922 19940.04487179487 4343.839743589743 4372.307692307692 4919.653846153846 4948.121794871795 
19790.834615384614 19819.783333333333 4349.552564102564 4378.501282051282 4827.308974358974 4856.257692307692 
19732.74358974359 19761.01923076923 4506.820512820513 4535.096153846154 4891.551282051282 4919.826923076923 
19224.976923076923 19252.784615384615 4279.541025641026 4307.348717948718 4802.1435897435895 4829.951282051282 
19722.125641025643 19750.555128205127 4414.939743589744 4443.369230769231 5037.6 5066.029487179487 
19515.888461538463 19544.003846153846 4332.798717948718 4360.914102564103 4472.939743589744 4501.055128205128 
19743.124358974357 19771.483333333334 4174.066666666667 4202.425641025641 4556.932051282051 4585.291025641026 
19469.074358974358 19497.228205128205 4179.202564102564 4207.3564102564105 4844.151282051282 4872.305128205128 
19125.85769230769 19154.01153846154 4150.1461538461535 4178.3 4806.985897435898 4835.139743589743 
19355.36923076923 19383.285897435897 4123.080769230769 4150.997435897436 4529.458974358974 4557.375641025641 
19448.401282051283 19476.478205128205 4229.446153846154 4257.523076923077 4847.721794871795 4875.798717948718 
20334.439743589744 20363.696153846155 4374.6064102564105 4403.862820512821 4819.247435897436 4848.503846153846 
19470.45512820513 19498.576923076922 4276.179487179487 4304.301282051282 4667.570512820513 4695.692307692308 
19073.56282051282 19101.3 4009.1397435897434 4036.876923076923 4957.883333333333 4985.620512820513 
20149.046153846153 20177.94358974359 4320.276923076923 4349.174358974359 4863.95641025641 4892.8538461538465 
19478.996153846154 19506.611538461537 4189.079487179487 4216.694871794872 4445.3935897435895 4473.008974358974 
19819.533333333333 19848.046153846153 4330.7705128205125 4359.283333333334 4542.789743589744 4571.302564102564 
19374.257692307692 19402.546153846153 4277.95 4306.238461538462 4609.014102564102 4637.302564102564 
19592.684615384616 19621.235897435898 4353.120512820513 4381.671794871795 4727.120512820513 4755.671794871795 
19561.37948717949 19589.071794871794 4141.174358974359 4168.866666666667 4405.969230769231 4433.661538461539 
19817.874358974357 19846.534615384615 4396.534615384616 4425.194871794872 5171.387179487179 5200.047435897436 
19303.71153846154 19332.121794871793 4218.820512820513 4247.2307692307695 4712.173076923077 4740.583333333333 
19422.826923076922 19450.76923076923 4424.833333333333 4452.775641025641 4709.673076923077 4737.615384615385 
19179.810256410256 19207.944871794873 4366.983333333334 4395.117948717949 4933.656410256411 4961.791025641026 
19690.09358974359 19718.382051282053 4163.869230769231 4192.157692307693 4741.067948717949 4769.3564102564105 
19734.34487179487 19762.77435897436 4207.889743589743 4236.319230769231 4789.126923076923 4817.55641025641 
19672.73846153846 19701.64230769231 4189.46282051282 4218.366666666667 4726.558974358974 4755.46282051282 
19432.008974358974 19459.842307692306 4216.002564102564 4243.835897435897 4695.598717948718 4723.432051282051 
19470.553846153845 19498.291025641025 4081.4448717948717 4109.182051282051 4545.784615384616 4573.521794871795 
19569.957692307693 19598.002564102564 4409.483333333334 4437.528205128205 4945.842307692307 4973.887179487179 
19529.39358974359 19557.553846153845 4214.303846153846 4242.464102564102 4923.406410256411 4951.566666666667 
19844.919230769232 19873.258974358974 4231.002564102564 4259.342307692307 4682.8935897435895 4711.233333333334 
19540.43717948718 19568.603846153845 4229.738461538462 4257.905128205128 4485.719230769231 4513.885897435897 
19577.94871794872 19606.134615384617 4223.128205128205 4251.3141025641025 4915.5 4943.6858974358975 
19730.541025641025 19759.169230769232 4468.65 4497.278205128205 4744.707692307692 4773.335897435897 
19385.651282051283 19414.458974358975 4298.433333333333 4327.241025641026 4705.279487179487 4734.087179487179 
19568.17948717949 19596.9358974359 4247.301282051282 4276.057692307692 5015.692307692308 5044.448717948718 
19769.9 19798.470512820513 4313.303846153846 4341.874358974359 4779.694871794872 4808.265384615384 
19585.297435897435 19613.425641025642 4112.483333333334 4140.611538461539 5015.002564102564 5043.130769230769 
19419.289743589743 19447.270512820513 4204.834615384615 4232.815384615385 4634.315384615385 4662.296153846154 
19683.244871794872 19711.751282051282 4265.71282051282 4294.219230769231 4506.501282051282 4535.007692307692 
