41117.16038961039 41146.027272727275 9926.55974025974 9955.426623376623 11061.67987012987 11090.546753246754 
40480.69935064935 40508.874675324674 10355.371428571429 10383.546753246754 11164.757792207793 11192.933116883118 
40428.00519480519 40456.1025974026 10077.975974025974 10106.073376623377 11182.758441558442 11210.855844155843 
40663.16168831169 40691.61948051948 9973.051298701299 10001.50909090909 10830.35 10858.807792207792 
40377.87597402598 40406.19090909091 10048.476623376624 10076.791558441559 11125.233116883117 11153.548051948052 
40901.388311688315 40930.18051948052 10111.865584415584 10140.657792207792 11336.290909090909 11365.083116883117 
40090.272077922076 40118.908441558444 10195.684415584416 10224.32077922078 10970.168181818182 10998.804545454546 
40352.83766233766 40380.88636363636 9997.181818181818 10025.23051948052 11298.733766233767 11326.782467532468 
39985.875324675326 40013.823376623375 10054.644805194805 10082.592857142858 10754.927272727273 10782.875324675324 
40764.3474025974 40792.818181818184 10279.266233766233 10307.737012987012 11222.847402597403 11251.318181818182 
40320.825974025975 40349.05324675325 10093.780519480519 10122.007792207793 11038.83896103896 11067.066233766234 
40110.13311688312 40138.38961038961 10084.98051948052 10113.237012987012 10691.957792207791 10720.214285714286 
39769.944155844154 39797.921428571426 10171.733116883117 10199.710389610389 10929.236363636364 10957.213636363636 
40382.51103896104 40410.84220779221 10147.761038961038 10176.092207792208 10775.270779220778 10803.601948051948 
40223.69025974026 40251.95649350649 9951.495454545455 9979.761688311688 11119.034415584416 11147.30064935065 
40451.697402597405 40480.246103896105 9741.726623376624 9770.275324675325 11203.85974025974 11232.408441558442 
39478.772077922076 39507.0512987013 9870.044805194806 9898.324025974027 11000.103246753246 11028.382467532467 
40517.02857142857 40545.42792207792 9935.47987012987 9963.879220779221 10942.47012987013 10970.869480519481 
41139.337012987016 41167.67467532468 9839.843506493506 9868.181168831168 10956.824025974027 10985.161688311688 
41030.63896103896 41059.17467532468 10294.664935064935 10323.200649350649 11388.625974025974 11417.161688311688 
40489.455194805196 40517.86103896104 9855.841558441558 9884.247402597402 10768.701948051948 10797.107792207793 
40863.34025974026 40891.90194805195 10274.041558441559 10302.603246753246 11106.223376623377 11134.785064935066 
40204.08246753247 40232.062987012985 10097.209090909091 10125.18961038961 10946.433116883118 10974.413636363637 
40989.51883116883 41017.85974025974 9933.642207792207 9961.983116883117 10720.778571428571 10749.119480519481 
41028.77012987013 41057.28311688312 9877.968181818182 9906.48116883117 10757.335064935065 10785.848051948053 
40407.13701298701 40435.227922077924 9858.049350649351 9886.14025974026 10989.085064935065 11017.175974025973 
40601.174025974025 40629.674025974025 9980.943506493506 10009.443506493506 11063.011688311688 11091.511688311688 
40444.75844155844 40473.19675324675 10138.790909090909 10167.229220779222 10917.128571428571 10945.566883116882 
40719.7 40748.00844155844 10218.342857142858 10246.6512987013 11165.498701298702 11193.807142857142 
39418.39025974026 39446.156493506496 9852.286363636364 9880.052597402597 10504.721428571429 10532.487662337662 
39596.12597402598 39623.996103896105 9789.996103896105 9817.866233766234 10564.72987012987 10592.6 
40331.24025974026 40359.41558441558 10114.983766233767 10143.15909090909 10850.974025974027 10879.14935064935 
39937.45389610389 39965.24285714285 10056.531818181818 10084.32077922078 11116.148701298702 11143.937662337663 
40323.35844155844 40351.24480519481 9910.011038961038 9937.897402597402 11128.741558441558 11156.627922077922 
40330.58961038961 40359.13181818182 9997.287662337661 10025.82987012987 10900.648051948052 10929.19025974026 
40071.075974025975 40099.413636363635 9914.231818181817 9942.56948051948 10949.186363636363 10977.524025974026 
40614.67792207792 40642.82727272727 10117.785064935066 10145.934415584416 10968.275324675325 10996.424675324675 
40380.78246753247 40408.94155844156 9988.353896103896 10016.512987012988 11318.886363636364 11347.045454545454 
40235.51558441558 40263.684415584416 10159.06103896104 10187.22987012987 11058.47012987013 11086.638961038961 
40210.24935064935 40238.2525974026 10006.366233766234 10034.369480519481 10928.392207792207 10956.395454545454 
40901.82727272727 40930.320779220776 10294.612987012986 10323.106493506493 11012.548051948052 11041.041558441559 
39575.87337662338 39603.857142857145 9912.14935064935 9940.133116883117 10896.10064935065 10924.084415584415 
41144.16753246753 41172.823376623375 9917.462987012987 9946.118831168831 11434.576623376623 11463.232467532467 
40413.85 40442.11298701299 10173.418181818182 10201.681168831168 10518.668181818182 10546.931168831168 
40030.13701298701 40058.50064935065 9842.201948051948 9870.565584415584 10827.526623376623 10855.89025974026 
40085.11948051948 40113.333766233765 9982.843506493506 10011.057792207792 10964.931168831168 10993.145454545454 
40295.71363636364 40324.01233766234 10117.252597402598 10145.551298701299 11122.317532467532 11150.616233766234 
39985.08571428571 40013.1961038961 10038.926623376623 10067.037012987013 11560.17012987013 11588.280519480519 
39992.7012987013 40021.17857142857 9976.724025974027 10005.201298701299 10529.032467532468 10557.50974025974 
40430.59285714286 40458.49545454545 10076.540909090909 10104.443506493506 10806.677272727273 10834.57987012987 
