43939.315133531156 43967.33293768546 11096.973887240356 11124.991691394658 11981.288427299703 12009.306231454006 
43351.921068249256 43379.67774480712 11477.00118694362 11504.757863501483 12086.5293768546 12114.286053412463 
44037.73709198813 44065.493768545995 11333.53827893175 11361.294955489615 11544.481899109793 11572.238575667656 
43905.34896142433 43933.27181008902 10984.506231454006 11012.429080118694 12062.271810089022 12090.19465875371 
44402.11632047478 44430.73649851632 11003.009495548962 11031.629673590505 11936.671216617211 11965.291394658754 
44800.704451038575 44829.09020771513 11454.048664688427 11482.434421364986 12542.909198813057 12571.294955489615 
44768.9471810089 44797.20534124629 11149.858160237389 11178.116320474777 12154.659347181008 12182.917507418397 
43702.160830860535 43730.24094955489 10924.371513353115 10952.451632047478 12225.368545994066 12253.448664688427 
44243.36261127597 44271.57626112759 11107.386350148368 11135.6 11848.66528189911 11876.878931750742 
44749.86765578635 44778.612462908015 11208.250445103857 11236.995252225519 12227.94183976261 12256.686646884273 
44133.94836795252 44162.48545994065 11295.592284866469 11324.1293768546 12741.090801186943 12769.627893175075 
45076.30445103857 45104.67833827893 11056.141246290801 11084.515133531157 12869.13827893175 12897.512166172106 
43620.54836795252 43648.845103857566 11111.753115727002 11140.049851632048 12204.349554896142 12232.646290801187 
44861.310385756675 44890.099703264095 11105.435014836796 11134.224332344214 12417.740652818991 12446.52997032641 
44810.12878338279 44838.53234421365 11063.33056379822 11091.73412462908 12009.787537091988 12038.191097922849 
44367.46765578635 44395.55667655786 10775.33115727003 10803.420178041542 12553.986943620179 12582.075964391692 
44344.36735905045 44372.767952522256 11194.696735905045 11223.097329376855 12278.026112759644 12306.426706231454 
44487.77329376854 44516.04629080119 11117.94243323442 11146.215430267062 12221.983976261128 12250.256973293768 
44649.45816023739 44677.91216617211 11230.606528189912 11259.060534124628 11916.654005934719 11945.108011869435 
44347.94599406528 44376.39703264095 11185.008308605342 11213.45934718101 12222.210089020771 12250.661127596439 
44364.92700296736 44392.79347181009 11240.490801186943 11268.357270029674 12080.53827893175 12108.40474777448 
44234.6824925816 44262.913946587534 11165.623145400594 11193.854599406528 12154.513353115726 12182.744807121662 
44602.092581602374 44630.51394658754 11342.991691394658 11371.413056379823 12326.006528189911 12354.427893175074 
43929.159643916915 43957.097329376855 10844.851038575667 10872.788724035609 11990.367359050446 12018.305044510385 
44133.3234421365 44161.53709198813 11047.53412462908 11075.747774480713 12090.062314540059 12118.27596439169 
44218.4765578635 44246.69614243323 11148.559643916913 11176.779228486646 11882.900890207715 11911.120474777448 
44527.04747774481 44555.34421364985 11395.507418397627 11423.80415430267 12606.646884272997 12634.94362017804 
43558.52522255193 43586.55786350148 11252.679525222551 11280.712166172107 12311.3353115727 12339.367952522256 
44146.99940652819 44174.922255192876 11252.954896142433 11280.877744807121 12284.177448071217 12312.100296735905 
45093.99525222552 45122.77270029674 11137.876557863501 11166.654005934719 11802.437388724036 11831.214836795252 
44663.6059347181 44691.85519287834 11083.72462908012 11111.973887240356 12083.53175074184 12111.781008902077 
44258.73412462908 44286.90919881305 11083.906231454006 11112.081305637983 11626.40474777448 11654.579821958458 
44229.63916913947 44257.98931750742 11206.511572700298 11234.86172106825 12871.297922848664 12899.648071216618 
45332.29020771513 45360.81839762611 11416.569139465875 11445.097329376855 11969.076557863502 11997.604747774481 
44272.32878338279 44300.61958456973 10935.20415430267 10963.494955489614 12195.293175074185 12223.583976261127 
44581.490207715135 44610.098516320475 11502.923442136498 11531.53175074184 12454.709792284866 12483.318100890208 
44382.81899109792 44411.3293768546 11122.080118694363 11150.590504451038 12496.952522255193 12525.46290801187 
44515.5940652819 44544.20237388724 10852.706824925815 10881.315133531158 11955.341839762612 11983.950148367952 
44403.35133531157 44431.63026706231 11392.108011869435 11420.386943620178 12438.475964391691 12466.754896142433 
44251.14183976261 44279.20118694362 11159.744213649852 11187.80356083086 12127.625519287834 12155.684866468842 
44283.039762611275 44311.33353115727 11088.73709198813 11117.030860534125 12261.86172106825 12290.155489614242 
44445.27181008902 44473.72581602374 11118.710979228486 11147.164985163205 11989.678338278933 12018.132344213649 
44436.219584569735 44464.54302670623 11048.59940652819 11076.922848664688 12102.305637982196 12130.629080118695 
44125.98278931751 44154.525816023735 11279.297329376855 11307.840356083087 11981.048071216617 12009.591097922848 
43730.03798219585 43757.922255192876 11054.566172106825 11082.450445103857 12267.726409495548 12295.610682492581 
44775.82729970326 44804.509792284865 11228.904451038576 11257.586943620177 12535.124035608309 12563.80652818991 
44785.32997032641 44813.5584569733 11148.745400593472 11176.973887240356 11957.427893175074 11985.656379821958 
44257.584569732935 44285.87833827893 11054.813056379822 11083.106824925817 12295.516320474777 12323.810089020772 
44153.02314540059 44181.474183976265 11226.100296735905 11254.551335311573 12135.352522255193 12163.80356083086 
43939.02077151335 43967.07715133531 11206.80415430267 11234.86053412463 12215.480712166172 12243.53709198813 
