26250.87766990291 26279.08640776699 6141.484466019418 6169.693203883495 6625.149514563107 6653.358252427184 
26149.971844660195 26177.855339805825 6254.646601941748 6282.530097087379 6622.195145631068 6650.078640776699 
26075.995145631066 26103.723300970873 6249.781553398058 6277.5097087378645 7093.674757281553 7121.402912621359 
26713.4640776699 26741.62427184466 6075.658252427184 6103.818446601942 7009.036893203884 7037.19708737864 
26542.723300970873 26571.194174757282 6166.597087378641 6195.0679611650485 6731.02427184466 6759.495145631068 
26823.246601941748 26852.052427184466 6097.397087378641 6126.202912621359 6640.75145631068 6669.557281553398 
26406.474757281554 26434.819417475726 6231.984466019418 6260.329126213593 6840.6203883495145 6868.96504854369 
26102.961165048542 26130.995145631066 6161.5485436893205 6189.582524271845 6776.825242718447 6804.859223300971 
26460.774757281553 26488.95922330097 6103.740776699029 6131.9252427184465 6791.4058252427185 6819.590291262136 
26563.471844660195 26591.758252427186 6291.292233009709 6319.578640776699 6918.520388349514 6946.806796116505 
26540.954368932038 26568.871844660192 6055.143689320388 6083.061165048543 6812.206796116505 6840.12427184466 
26843.04077669903 26871.220388349513 6257.560194174757 6285.739805825243 6772.5359223300975 6800.715533980582 
26567.319417475726 26595.88737864078 6014.241747572815 6042.809708737864 6697.542718446602 6726.11067961165 
26628.28932038835 26656.38155339806 6170.823300970874 6198.915533980583 6614.978640776699 6643.070873786408 
26553.350485436895 26581.835922330098 6267.2242718446605 6295.709708737864 7195.039805825243 7223.525242718447 
26506.85145631068 26535.361165048544 6296.521359223301 6325.031067961165 7166.977669902913 7195.487378640777 
26903.18446601942 26932.082524271846 6288.194174757282 6317.092233009709 6934.9902912621355 6963.888349514563 
26311.62233009709 26339.301941747573 5974.525242718447 6002.204854368932 6551.156310679612 6578.835922330097 
26234.01359223301 26261.84854368932 6318.87281553398 6346.707766990291 6299.848543689321 6327.683495145631 
26811.94854368932 26840.836893203883 6337.817475728155 6366.705825242719 7182.63786407767 7211.526213592233 
26533.350485436895 26562.08349514563 6328.835922330097 6357.568932038835 6824.505825242719 6853.238834951457 
26816.501941747574 26845.108737864077 6297.463106796116 6326.069902912622 6717.181553398058 6745.788349514563 
26732.826213592234 26761.7 6183.360194174757 6212.233980582524 7200.17572815534 7229.049514563107 
26901.225242718447 26929.80291262136 6257.63786407767 6286.215533980582 7071.798058252427 7100.37572815534 
26308.814563106796 26337.042718446603 6054.232038834952 6082.460194174757 6788.969902912621 6817.1980582524275 
26586.05436893204 26614.72427184466 6242.719417475728 6271.38932038835 6984.267961165048 7012.9378640776695 
26097.596116504854 26125.27087378641 6205.125242718446 6232.8 6941.314563106796 6968.989320388349 
27046.421359223303 27075.46504854369 6366.7757281553395 6395.819417475728 6870.984466019418 6900.028155339805 
26020.46504854369 26048.780582524272 6261.149514563107 6289.46504854369 6834.804854368932 6863.1203883495145 
26637.196116504856 26665.832038834953 6365.565048543689 6394.200970873786 6999.759223300971 7028.395145631068 
26648.755339805826 26677.784466019417 6326.299029126214 6355.328155339806 7150.07572815534 7179.104854368932 
26472.579611650486 26500.870873786407 6260.463106796116 6288.754368932039 6793.21067961165 6821.501941747573 
26589.70291262136 26617.87766990291 6005.58640776699 6033.761165048543 6760.528155339805 6788.702912621359 
26901.9640776699 26930.53203883495 6021.138834951456 6049.706796116505 6744.070873786408 6772.638834951456 
26749.661165048543 26778.233980582525 6403.098058252427 6431.670873786407 7274.933009708738 7303.505825242719 
26211.928155339807 26240.782524271846 6435.792233009709 6464.646601941748 7339.957281553398 7368.811650485437 
26632.528155339805 26660.746601941748 6254.814563106796 6283.033009708738 6863.285436893204 6891.503883495146 
26852.25631067961 26880.668932038836 6278.935922330097 6307.348543689321 6778.790291262136 6807.202912621359 
26588.57572815534 26616.774757281553 6117.9640776699025 6146.163106796116 6952.381553398058 6980.580582524271 
26157.29417475728 26185.31844660194 6184.833009708738 6212.857281553398 6984.62427184466 7012.648543689321 
26327.50582524272 26355.12233009709 6102.098058252427 6129.714563106796 6753.835922330097 6781.452427184466 
26041.835922330098 26069.753398058252 6054.792233009709 6082.709708737864 6274.38932038835 6302.306796116505 
26215.78834951456 26244.336893203883 6137.264077669903 6165.812621359223 6287.652427184466 6316.200970873786 
26299.17572815534 26327.481553398058 6012.8213592233005 6041.12718446602 6553.855339805826 6582.161165048544 
26288.935922330096 26317.44563106796 6067.0815533980585 6095.591262135922 6905.858252427184 6934.367961165049 
25376.323300970875 25404.158252427183 6176.167961165049 6204.002912621359 7058.187378640777 7086.022330097087 
26092.94077669903 26120.829126213594 6239.664077669903 6267.552427184466 6765.125242718446 6793.01359223301 
26982.876699029126 27011.590291262135 6147.4446601941745 6176.158252427184 6928.226213592233 6956.939805825243 
26622.55339805825 26651.20873786408 6028.077669902913 6056.733009708738 6739.533980582524 6768.189320388349 
26911.853398058254 26940.53300970874 6281.028155339805 6309.707766990291 6569.057281553398 6597.7368932038835 
