44218.80358208955 44247.296119402985 11359.12 11387.612537313433 12126.92 12155.412537313432 
43694.151641791046 43722.72179104477 11312.471044776119 11341.04119402985 12121.48 12150.050149253731 
43691.62746268657 43719.475223880596 10958.31104477612 10986.15880597015 12012.591641791045 12040.439402985076 
43253.477611940296 43281.567164179105 10919.967164179105 10948.05671641791 12598.937313432836 12627.026865671642 
44268.85970149254 44296.9223880597 11033.06567164179 11061.128358208955 12271.841791044777 12299.90447761194 
44408.40298507463 44436.432835820895 11092.64776119403 11120.677611940298 12171.468656716417 12199.498507462686 
44296.42328358209 44325.03522388059 11395.011343283582 11423.62328358209 12217.811343283582 12246.42328358209 
44387.426268656716 44415.796417910446 11155.629253731344 11183.999402985075 11987.172537313432 12015.542686567163 
44656.72597014925 44685.23940298508 11347.31104477612 11375.82447761194 12736.931940298507 12765.44537313433 
43949.210746268654 43977.4047761194 11060.177910447761 11088.371940298508 11930.539104477612 11958.733134328359 
44448.90805970149 44477.579701492534 11239.72 11268.391641791044 12054.803582089553 12083.475223880598 
43981.150447761196 44009.571343283584 10999.228059701492 11027.64895522388 11980.084776119404 12008.505671641791 
44585.9623880597 44614.44 10992.893731343283 11021.371343283583 12409.093731343284 12437.571343283582 
45063.21313432836 45092.299701492535 11243.538507462687 11272.625074626865 12228.219104477612 12257.30567164179 
43600.4447761194 43628.76119402985 11209.36119402985 11237.677611940298 11778.65671641791 11806.973134328358 
44228.45194029851 44256.7623880597 11071.941492537313 11100.251940298507 11943.04 11971.350447761193 
44321.658507462686 44349.91223880597 10754.69432835821 10782.948059701492 11771.65552238806 11799.909253731343 
44050.1695522388 44078.160597014925 11038.047164179105 11066.038208955224 11966.453134328358 11994.444179104477 
43125.800597014924 43153.8752238806 11213.570746268657 11241.645373134328 11967.493134328359 11995.56776119403 
43444.382686567165 43472.337910447764 11021.478208955225 11049.433432835822 11970.248358208955 11998.203582089553 
43991.799402985074 44019.68597014925 11034.474029850746 11062.360597014926 11921.838208955223 11949.724776119403 
44151.65313432836 44179.88895522388 11119.518805970149 11147.754626865672 12353.877014925372 12382.112835820895 
43507.202985074626 43535.41791044776 11152.080597014925 11180.29552238806 12079.874626865672 12108.089552238805 
44033.249552238805 44061.4047761194 10897.80776119403 10925.962985074626 11838.201791044776 11866.357014925374 
44575.31164179104 44603.86686567164 11254.708656716419 11283.263880597015 11914.484776119403 11943.04 
43955.26149253731 43983.45552238806 10975.401791044776 11003.595820895522 11794.052537313433 11822.246567164178 
44339.78089552239 44368.18985074627 11153.124179104478 11181.533134328358 12526.679402985075 12555.088358208955 
44045.567164179105 44073.65074626866 11394.119402985074 11422.202985074628 11790.495522388059 11818.579104477612 
44738.44895522388 44767.46089552239 11191.568358208955 11220.580298507462 12527.580298507462 12556.59223880597 
44235.55582089552 44264.251343283584 11362.200597014926 11390.896119402985 12536.32895522388 12565.02447761194 
44126.751044776116 44154.90626865672 11070.425671641791 11098.580895522387 12070.736119402985 12098.891343283582 
44075.99701492537 44104.26268656716 10819.146268656716 10847.411940298507 12495.564179104478 12523.829850746268 
44465.884179104476 44494.65432835821 11107.481194029851 11136.251343283582 12170.776716417911 12199.546865671642 
44209.32776119403 44237.6352238806 11135.942686567165 11164.250149253732 12305.826268656716 12334.133731343283 
44987.99283582089 45016.53014925373 11401.536119402985 11430.073432835821 12270.843582089552 12299.380895522389 
44787.78089552239 44816.258507462684 10777.861492537313 10806.339104477613 12053.730149253732 12082.20776119403 
44426.939701492534 44455.22925373134 11017.993432835821 11046.282985074628 12405.133731343283 12433.42328358209 
44460.36119402985 44488.59701492537 11249.414925373134 11277.650746268657 12059.277611940299 12087.513432835822 
43608.87641791045 43637.37492537314 11231.228656716417 11259.727164179105 12053.470447761194 12081.968955223881 
44478.934925373134 44507.17671641791 10819.063283582089 10847.305074626865 11908.842388059702 11937.084179104477 
43120.08955223881 43148.149253731346 10931.89552238806 10959.955223880597 11876.659701492537 11904.719402985074 
44132.78686567164 44161.13611940299 11047.258507462686 11075.607761194029 12573.673432835822 12602.022686567165 
44430.92059701493 44458.977313432835 11126.063880597016 11154.120597014926 11982.189253731343 12010.245970149253 
43804.069850746266 43832.26089552239 10644.651940298507 10672.842985074627 12028.789253731344 12056.980298507462 
43635.41552238806 43663.49910447761 11129.746865671641 11157.830447761195 12685.460298507463 12713.543880597015 
44073.99940298507 44102.474029850746 11333.796417910447 11362.27104477612 11773.739701492537 11802.214328358208 
44562.210746268654 44590.69731343284 11199.437611940299 11227.924179104477 11981.69432835821 12010.180895522388 
44684.421492537316 44712.90507462686 11107.137910447762 11135.621492537313 12089.069253731343 12117.552835820896 
43498.66447761194 43526.99283582089 10991.267462686566 11019.595820895522 12299.419701492538 12327.748059701493 
44664.741492537316 44693.26686567164 11005.213134328358 11033.738507462687 11704.90567164179 11733.43104477612 
