45206.899125364434 45235.63090379009 11412.823323615161 11441.555102040817 13034.738775510205 13063.47055393586 
45219.52419825073 45247.90612244898 11487.61166180758 11515.99358600583 12639.28221574344 12667.664139941691 
45597.013994169094 45625.535860058306 11550.072303206996 11578.59416909621 13547.530029154519 13576.051895043733 
45293.89329446064 45322.42973760933 11530.310204081632 11558.84664723032 12597.686297376093 12626.222740524781 
45725.47930029155 45754.050728862974 11570.196501457725 11598.767930029155 13388.75335276968 13417.324781341107 
45200.130612244895 45228.285131195335 11284.384256559766 11312.538775510204 12524.092711370262 12552.2472303207 
45105.07696793003 45133.593002915455 11407.286880466472 11435.802915451895 12651.330612244898 12679.84664723032 
44771.03265306122 44799.54285714286 11371.330029154518 11399.840233236151 12781.641982507288 12810.15218658892 
45191.14344023324 45219.52536443149 11479.633236151603 11508.015160349854 12888.790670553935 12917.172594752186 
45319.19358600583 45347.49970845481 11156.371428571429 11184.677551020408 12713.872886297377 12742.179008746356 
45533.220408163266 45561.65772594752 11317.91137026239 11346.348688046648 12365.509037900874 12393.946355685131 
45545.88804664723 45574.17084548105 11396.220408163264 11424.503206997084 12751.599416909621 12779.88221574344 
45334.43381924198 45362.41049562682 11323.296793002915 11351.273469387756 12382.477551020409 12410.454227405247 
45898.190087463554 45926.767346938774 11692.606997084547 11721.184256559767 12511.510787172012 12540.08804664723 
45532.29562682216 45560.79125364432 11613.654227405248 11642.149854227406 12760.193586005831 12788.689212827989 
45573.22798833819 45601.580758017495 11650.335860058309 11678.68862973761 12563.43498542274 12591.787755102041 
45062.57551020408 45090.90787172012 11503.735860058308 11532.068221574344 12754.380174927113 12782.712536443149 
45750.44489795918 45778.71895043732 11784.53527696793 11812.809329446065 12124.144606413995 12152.418658892127 
45072.57842565598 45100.57551020408 11270.46472303207 11298.461807580175 12184.179008746356 12212.17609329446 
45227.65306122449 45255.88046647231 11325.842565597668 11354.069970845481 12450.65306122449 12478.880466472303 
45929.26413994169 45957.77725947522 11565.392419825073 11593.9055393586 12906.8472303207 12935.360349854227 
45675.98775510204 45704.29387755102 11280.841982507289 11309.148104956268 12310.124781341108 12338.430903790088 
45152.08688046647 45180.37551020408 11292.734110787173 11321.02274052478 12157.378425655977 12185.667055393586 
45172.11953352769 45200.33527696793 11237.909620991253 11266.125364431487 12577.650145772595 12605.865889212828 
45139.461224489794 45167.983090379006 11409.895626822157 11438.41749271137 11990.245481049562 12018.767346938776 
45498.47172011662 45526.751603498546 11341.008163265305 11369.28804664723 12040.33469387755 12068.614577259475 
44326.02390670554 44353.95685131195 11382.953935860058 11410.886880466473 12563.904373177842 12591.837317784257 
45318.07172011662 45346.57026239067 11123.389504373177 11151.888046647231 12319.730612244897 12348.229154518951 
44136.049562682216 44164.01749271137 11222.553935860058 11250.521865889214 12217.516034985423 12245.483965014577 
45610.69679300291 45639.34110787172 11530.457725947523 11559.102040816326 12549.778425655977 12578.422740524782 
45635.01632653061 45663.47113702624 11415.004664723032 11443.459475218659 12967.491545189505 12995.946355685131 
45287.13469387755 45315.06763848397 11417.930612244898 11445.863556851313 12639.889795918367 12667.822740524782 
45182.77201166181 45210.63790087464 11333.955685131195 11361.821574344023 12272.903206997085 12300.769096209913 
45606.552186588924 45635.39183673469 11489.604664723032 11518.444314868804 12327.773760932945 12356.613411078717 
45546.55335276968 45574.98192419825 11449.145189504374 11477.573760932944 12635.250145772594 12663.678717201166 
44727.045481049565 44755.217492711374 11437.144606413995 11465.316618075802 12277.293294460642 12305.465306122449 
45732.451895043734 45760.778425655975 11537.71720116618 11566.043731778425 12596.413994169096 12624.74052478134 
45128.54344023324 45156.683381924195 11515.607580174927 11543.74752186589 12635.78250728863 12663.922448979592 
45058.084548104955 45086.32944606414 11589.874635568513 11618.119533527697 12612.169096209913 12640.413994169096 
44920.16909620991 44948.66472303207 11364.769679300292 11393.265306122448 12254.002915451894 12282.498542274052 
45801.91895043732 45830.16967930029 11428.647813411078 11456.898542274052 12139.443731778425 12167.6944606414 
45481.56793002915 45510.016909620994 11184.492128279884 11212.94110787172 12655.139358600583 12683.58833819242 
44510.92536443149 44538.49970845481 11207.17609329446 11234.750437317784 12097.948688046647 12125.52303206997 
45033.57667638484 45061.39300291545 10982.699125364432 11010.515451895044 12278.815743440233 12306.632069970845 
45538.94052478134 45567.928862973764 11321.955102040816 11350.943440233235 12901.666472303206 12930.654810495627 
45059.230903790085 45087.6332361516 11099.227988338193 11127.630320699709 12337.420408163265 12365.822740524782 
46129.80058309038 46158.351603498544 11344.85306122449 11373.404081632652 12765.44198250729 12793.993002915451 
44693.32886297376 44721.054810495625 11631.62332361516 11659.349271137025 12530.923615160349 12558.649562682216 
45291.740524781344 45320.43731778426 11582.845481049562 11611.542274052477 12482.909620991253 12511.60641399417 
45713.824489795916 45742.34927113703 11328.841982507289 11357.366763848397 12809.728279883382 12838.25306122449 
