44827.32280701755 44855.39883040936 11264.13567251462 11292.211695906433 12973.246783625731 13001.322807017545 
45787.73742690058 45816.09415204678 11515.851461988304 11544.208187134504 12827.029824561403 12855.386549707602 
44994.73216374269 45022.91052631579 11228.469005847954 11256.647368421052 12480.188304093568 12508.366666666667 
44427.47953216374 44455.30701754386 11269.88596491228 11297.713450292398 12190.064327485381 12217.891812865497 
45355.30233918129 45383.91052631579 11520.413450292397 11549.0216374269 12423.390058479532 12451.998245614035 
45348.64678362573 45377.05614035088 11392.252046783626 11420.661403508771 12594.880701754386 12623.290058479532 
44848.7216374269 44877.148538011694 11625.777192982456 11654.204093567252 12871.756725146199 12900.183625730993 
45080.40935672515 45108.98538011696 11443.102339181287 11471.678362573099 12606.005847953216 12634.58187134503 
45308.825730994155 45337.03625730994 11516.694152046784 11544.904678362573 12637.170760233917 12665.381286549708 
45220.75906432749 45248.87309941521 11326.028070175438 11354.142105263158 12595.665497076023 12623.779532163742 
44917.85029239766 44946.315204678365 11453.218713450293 11481.683625730993 12473.119298245614 12501.584210526316 
45013.47134502924 45041.78128654971 11406.734502923977 11435.044444444444 12678.336842105264 12706.64678362573 
45071.634502923975 45100.198830409354 11356.771929824561 11385.336257309942 12434.669590643274 12463.233918128655 
45479.86432748538 45508.24152046783 11380.902339181286 11409.279532163742 12218.583625730995 12246.96081871345 
45724.92923976608 45753.069590643274 11349.332748538012 11377.473099415205 12306.011111111111 12334.151461988304 
45372.66959064327 45400.73684210526 11374.982456140351 11403.049707602338 12241.845029239767 12269.912280701754 
45199.940935672515 45228.098830409355 11187.99649122807 11216.154385964912 12270.397076023391 12298.554970760233 
44781.42339181287 44809.426315789475 11230.926315789473 11258.929239766081 12383.446783625732 12411.44970760234 
45008.15555555555 45036.5298245614 11301.79298245614 11330.167251461988 12382.061988304093 12410.43625730994 
44737.15847953216 44765.37777777778 11628.383625730994 11656.602923976609 12276.316374269007 12304.53567251462 
45176.76315789474 45204.95321637427 11306.543859649122 11334.733918128655 12294.739766081871 12322.929824561403 
45522.60350877193 45551.24678362573 11329.235087719298 11357.8783625731 12642.966081871346 12671.609356725146 
44496.14970760234 44524.33099415205 11402.804678362572 11430.98596491228 12576.804678362572 12604.98596491228 
45302.05029239766 45330.47719298246 11407.404093567251 11435.830994152047 12527.909941520467 12556.336842105264 
44542.940935672515 44570.96432748538 11280.02865497076 11308.052046783625 11776.80058479532 11804.823976608188 
44696.04795321637 44724.44269005848 11467.740935672515 11496.13567251462 12779.293567251461 12807.688304093568 
45236.545029239765 45265.141520467834 11298.986549707603 11327.583040935673 12408.188304093568 12436.784795321637 
45469.119883040934 45497.44152046784 11388.783625730994 11417.105263157895 12592.41812865497 12620.739766081871 
45603.716374269 45632.087719298244 11301.353801169591 11329.72514619883 12977.423976608186 13005.795321637426 
44790.37192982456 44818.57953216374 11189.737426900585 11217.945029239767 12083.82807017544 12112.03567251462 
45714.33859649123 45742.879532163744 11473.291812865496 11501.832748538012 12334.718713450293 12363.259649122807 
45710.854970760236 45739.19707602339 11118.223391812866 11146.565497076024 12475.890058479532 12504.23216374269 
45262.06198830409 45290.47426900585 11279.895321637427 11308.30760233918 12499.348538011696 12527.76081871345 
45715.20467836257 45743.619883040934 11303.938596491229 11332.353801169591 12631.713450292398 12660.12865497076 
44953.09766081871 44981.79649122807 11432.401754385965 11461.100584795322 12345.208771929825 12373.90760233918 
44093.93976608187 44121.6298245614 11201.223391812866 11228.913450292397 12510.267251461988 12537.957309941521 
45225.36725146199 45254.04269005848 11421.416959064327 11450.09239766082 12704.60701754386 12733.28245614035 
44805.880116959066 44834.07894736842 11379.283625730994 11407.482456140351 12645.663742690058 12673.862573099415 
44982.72573099415 45011.64385964912 11576.88947368421 11605.80760233918 12924.480116959065 12953.398245614035 
44658.77368421053 44687.41695906433 11405.34970760234 11433.99298245614 12381.867251461988 12410.51052631579 
44397.66081871345 44425.584795321636 11216.678362573099 11244.602339181287 12582.333333333334 12610.25730994152 
45087.145614035086 45115.54619883041 11293.233333333334 11321.633918128655 12545.519883040935 12573.920467836257 
44262.28888888889 44290.0081871345 11615.958479532164 11643.677777777777 12061.984795321638 12089.704093567252 
44536.5216374269 44564.7701754386 11184.890058479532 11213.138596491228 12415.726315789474 12443.97485380117 
45655.59941520468 45684.1783625731 11331.517543859649 11360.09649122807 12839.570175438597 12868.149122807017 
44012.51169590643 44040.37719298246 11161.052631578947 11188.91812865497 12250.692982456141 12278.558479532163 
45534.376608187136 45562.90292397661 11338.604678362573 11367.130994152047 12303.791812865496 12332.318128654972 
45044.735087719295 45072.72631578947 11403.659064327485 11431.65029239766 11934.261403508772 11962.252631578947 
44856.757894736846 44884.87777777778 11478.447953216375 11506.56783625731 12294.488888888889 12322.608771929825 
44963.82046783626 44991.77368421053 11281.86432748538 11309.81754385965 12253.206432748539 12281.159649122807 
