5675.48679245283 5704.241509433962 623.6377358490566 652.3924528301886 792.0716981132075 820.8264150943396 
5451.796226415095 5480.267924528302 481.96603773584906 510.4377358490566 653.0226415094339 681.4943396226415 
5655.154716981132 5683.966037735849 476.1358490566038 504.94716981132075 621.8528301886793 650.6641509433962 
5663.543396226415 5691.769811320754 544.5811320754717 572.8075471698113 652.3169811320755 680.5433962264151 
5671.981132075472 5701.1509433962265 421.35849056603774 450.52830188679246 616.566037735849 645.7358490566038 
5262.852830188679 5290.381132075472 521.1169811320755 548.6452830188679 657.5886792452831 685.1169811320755 
5718.271698113207 5747.347169811321 635.7056603773585 664.7811320754716 573.7245283018868 602.8 
5653.973584905661 5683.42641509434 527.1056603773585 556.5584905660378 598.8603773584906 628.3132075471698 
5343.758490566038 5370.796226415095 436.53207547169814 463.5698113207547 631.4 658.4377358490566 
5420.592452830188 5447.988679245283 583.7056603773585 611.1018867924528 713.0264150943397 740.422641509434 
5545.984905660377 5574.494339622642 631.5509433962264 660.0603773584905 754.0415094339622 782.5509433962264 
5519.622641509434 5547.66037735849 569.1132075471698 597.1509433962265 636.3584905660377 664.3962264150944 
5574.25283018868 5603.007547169811 379.4792452830189 408.23396226415093 782.1207547169811 810.8754716981132 
5555.8566037735845 5584.309433962264 578.9320754716981 607.3849056603774 750.4792452830188 778.9320754716981 
5688.788679245283 5716.939622641509 441.6943396226415 469.8452830188679 768.7698113207547 796.9207547169812 
5257.377358490566 5285.207547169812 694.2641509433962 722.0943396226415 745.811320754717 773.6415094339623 
5247.2754716981135 5275.483018867924 482.55849056603773 510.76603773584907 667.1811320754717 695.388679245283 
5305.8792452830185 5333.916981132075 539.4641509433962 567.5018867924529 783.8603773584906 811.8981132075472 
5412.509433962264 5440.132075471698 458.52830188679246 486.1509433962264 718.1509433962265 745.7735849056604 
5618.588679245283 5647.267924528302 471.06037735849054 499.7396226415094 710.7207547169811 739.4 
5188.041509433962 5215.815094339622 420.8716981132076 448.64528301886793 708.2867924528302 736.0603773584905 
5332.071698113207 5359.769811320754 421.18490566037735 448.88301886792453 480.01509433962264 507.7132075471698 
5339.641509433963 5367.0 458.66037735849056 486.0188679245283 595.3962264150944 622.7547169811321 
5426.354716981132 5454.883018867925 489.5056603773585 518.0339622641509 683.3547169811321 711.8830188679245 
5549.2754716981135 5577.728301886793 636.6716981132075 665.1245283018868 733.3698113207547 761.822641509434 
5637.184905660378 5665.939622641509 529.7320754716981 558.4867924528302 644.788679245283 673.5433962264151 
5414.090566037736 5441.883018867925 417.5811320754717 445.3735849056604 479.46792452830186 507.2603773584906 
5295.362264150944 5321.909433962264 622.5886792452831 649.1358490566038 730.6641509433962 757.211320754717 
5318.28679245283 5346.796226415095 571.1924528301887 599.7018867924528 788.833962264151 817.343396226415 
5615.007547169811 5643.441509433962 495.42264150943396 523.8566037735849 759.8566037735849 788.2905660377359 
5366.4301886792455 5395.147169811321 574.1471698113207 602.8641509433962 615.166037735849 643.8830188679245 
5583.720754716981 5611.5698113207545 507.0037735849057 534.8528301886793 649.5886792452831 677.4377358490566 
5359.203773584905 5386.977358490566 455.72830188679245 483.5018867924528 649.6 677.3735849056603 
5214.415094339623 5242.301886792453 496.3018867924528 524.188679245283 582.7358490566038 610.622641509434 
5369.649056603774 5398.649056603774 483.2150943396226 512.2150943396226 742.9509433962264 771.9509433962264 
5595.28679245283 5624.211320754717 550.2301886792453 579.1547169811321 736.4754716981132 765.4 
5535.011320754717 5563.615094339622 523.6150943396226 552.2188679245284 880.3509433962264 908.954716981132 
5181.8415094339625 5209.162264150943 472.46415094339625 499.7849056603774 700.7283018867925 728.0490566037736 
5589.154716981132 5617.5698113207545 538.1735849056604 566.5886792452831 785.3245283018867 813.7396226415094 
5424.909433962264 5453.62641509434 420.4377358490566 449.1547169811321 627.3811320754717 656.0981132075472 
5597.298113207547 5626.467924528302 508.5245283018868 537.6943396226416 728.1471698113207 757.3169811320755 
5587.8490566037735 5616.867924528302 519.7169811320755 548.7358490566038 741.1132075471698 770.1320754716982 
5036.91320754717 5064.705660377358 449.4603773584906 477.25283018867924 584.6679245283019 612.4603773584905 
5477.950943396227 5506.8566037735845 575.177358490566 604.0830188679246 691.6301886792453 720.5358490566038 
5435.51320754717 5464.324528301887 527.7584905660377 556.5698113207548 801.4566037735849 830.2679245283019 
5658.196226415094 5686.988679245283 513.8566037735849 542.6490566037736 783.8 812.5924528301887 
5636.905660377359 5665.415094339623 504.52830188679246 533.0377358490566 798.5094339622641 827.0188679245283 
5489.207547169812 5517.735849056604 504.52830188679246 533.0566037735849 694.3207547169811 722.8490566037735 
5622.88679245283 5651.415094339623 529.3962264150944 557.9245283018868 702.4528301886793 730.9811320754717 
5564.354716981132 5593.1283018867925 499.8641509433962 528.6377358490566 860.1094339622641 888.8830188679245 
