21356.552095808383 21385.450299401196 4589.3724550898205 4618.270658682634 5302.510179640719 5331.408383233533 
21208.679041916166 21237.098203592814 4831.5892215568865 4860.008383233533 5097.726946107784 5126.1461077844315 
21163.934131736525 21192.353293413173 4712.622754491018 4741.041916167665 5320.083832335329 5348.502994011976 
20752.56646706587 20780.470658682636 4643.776047904192 4671.680239520958 4860.835928143712 4888.740119760479 
21283.47904191617 21311.80239520958 4564.904191616766 4593.22754491018 5248.395209580838 5276.718562874252 
20914.82275449102 20943.565269461076 4756.050299401198 4784.792814371258 5015.140119760479 5043.8826347305385 
21009.149700598802 21037.730538922155 4806.281437125748 4834.862275449102 5143.850299401198 5172.431137724551 
21423.0622754491 21451.714970059882 4783.7688622754495 4812.421556886227 5152.852694610779 5181.5053892215565 
21152.555688622753 21180.897005988023 4602.441916167665 4630.783233532934 5058.226347305389 5086.567664670659 
21236.980838323354 21264.986826347304 4685.022754491018 4713.02874251497 5309.405988023952 5337.411976047904 
20963.980838323354 20992.08862275449 4745.268263473054 4773.376047904191 5039.292215568862 5067.4 
20396.614371257485 20424.470658682636 4565.8538922155685 4593.710179640719 5022.141317365269 5049.997604790419 
21310.42994011976 21339.2502994012 4795.082634730539 4823.902994011976 5058.819161676647 5087.639520958084 
21248.535329341317 21277.397604790418 4767.71497005988 4796.577245508982 5542.936526946108 5571.798802395209 
20466.065868263475 20494.02994011976 4441.62874251497 4469.592814371257 5104.191616766467 5132.1556886227545 
21415.045508982035 21443.83592814371 4874.039520958084 4902.82994011976 5178.081437125748 5206.8718562874255 
21417.25508982036 21445.88383233533 4799.087425149701 4827.716167664671 5296.422754491018 5325.051497005988 
21241.716167664672 21269.829940119762 4618.62634730539 4646.740119760479 5206.931736526946 5235.045508982036 
21219.79640718563 21248.065868263475 4577.071856287425 4605.34131736527 5248.700598802395 5276.970059880239 
21526.960479041914 21555.50538922156 4595.3437125748505 4623.888622754491 5139.613173652695 5168.158083832335 
21714.13652694611 21743.08862275449 4674.2502994011975 4703.202395209581 5416.405988023952 5445.358083832335 
21541.161676646705 21569.988023952097 4782.0898203592815 4810.916167664671 5554.065868263473 5582.892215568862 
20323.28862275449 20350.845508982035 4558.300598802395 4585.85748502994 5044.300598802395 5071.85748502994 
21565.330538922157 21594.156886227545 4765.97125748503 4794.797604790419 5350.761676646706 5379.588023952096 
21247.310179640717 21275.783233532933 4695.214371257485 4723.6874251497 5021.100598802395 5049.573652694611 
21598.0 21626.40718562874 4833.185628742515 4861.592814371257 5082.473053892216 5110.880239520958 
21116.22634730539 21144.956886227545 4615.549700598803 4644.280239520958 5213.3820359281435 5242.112574850299 
21764.301796407184 21793.583233532932 4481.5712574850295 4510.852694610779 5131.649101796407 5160.930538922155 
21478.79880239521 21507.463473053893 4828.708982035928 4857.37365269461 5210.625149700599 5239.289820359281 
20387.410778443114 20414.82395209581 4467.338922155689 4494.752095808383 4731.069461077845 4758.482634730539 
21068.009580838323 21096.11137724551 4514.291017964072 4542.392814371257 5251.273053892216 5279.374850299401 
20696.125748502993 20724.035928143712 4546.62874251497 4574.538922155689 4907.796407185629 4935.706586826347 
21465.74131736527 21494.34610778443 4725.417964071857 4754.022754491018 5206.441916167665 5235.046706586826 
20531.005988023953 20558.91616766467 4734.676646706587 4762.586826347306 5307.047904191617 5334.958083832335 
20548.650299401197 20576.79401197605 4650.159281437126 4678.302994011976 5193.111377245509 5221.255089820359 
21340.031137724553 21368.93532934132 4543.8155688622755 4572.719760479042 5391.534131736527 5420.4383233532935 
20660.180838323355 20688.06107784431 4666.869461077844 4694.7497005988025 4963.695808383233 4991.576047904192 
21289.677844311376 21317.7497005988 4645.462275449102 4673.534131736527 5156.055089820359 5184.1269461077845 
21134.65868263473 21163.035928143712 4749.083832335329 4777.461077844311 5178.329341317365 5206.706586826347 
21245.034730538922 21273.56766467066 4638.753293413174 4667.286227544911 5444.992814371258 5473.525748502994 
21324.128143712576 21352.65508982036 4830.679041916168 4859.205988023952 5339.595209580838 5368.122155688623 
20908.99880239521 20937.417964071858 4786.91497005988 4815.334131736527 5464.944910179641 5493.364071856287 
20887.487425149702 20915.82874251497 4699.134131736527 4727.475449101797 5214.044311377245 5242.385628742515 
21484.359281437126 21513.08982035928 4801.167664670658 4829.898203592815 5329.814371257485 5358.54491017964 
21090.124550898203 21118.663473053894 4739.154491017964 4767.6934131736525 5111.6874251497 5140.226347305389 
20834.637125748504 20862.463473053893 4608.1940119760475 4636.020359281437 4893.229940119761 4921.05628742515 
20812.28023952096 20840.585628742516 4824.879041916168 4853.1844311377245 5204.825149700599 5233.130538922156 
21096.91616766467 21125.11377245509 4597.125748502994 4625.323353293413 4932.65868263473 4960.856287425149 
20778.476646706586 20805.955688622755 4566.015568862275 4593.4946107784435 4970.698203592814 4998.177245508982 
21069.83353293413 21098.324550898204 4438.300598802395 4466.791616766467 4893.635928143713 4922.1269461077845 
