21185.803636363635 21214.009696969697 4764.403636363636 4792.609696969697 5116.8036363636365 5145.009696969697 
21299.493333333332 21327.493333333332 4505.032727272727 4533.032727272727 4897.984242424242 4925.984242424242 
20848.555151515153 20877.270303030302 4506.270303030303 4534.985454545455 4986.221818181818 5014.93696969697 
20867.746666666666 20896.37696969697 4644.128484848485 4672.758787878788 5033.922424242424 5062.552727272728 
20964.562424242424 20993.077575757576 4607.998787878788 4636.51393939394 4973.210909090909 5001.726060606061 
20715.413333333334 20743.352727272726 4492.28 4520.219393939394 5268.158787878788 5296.098181818182 
20411.272727272728 20439.2 4488.145454545454 4516.072727272727 4985.363636363636 5013.290909090909 
21202.827878787877 21231.24606060606 4691.130909090909 4719.549090909091 5012.385454545454 5040.8036363636365 
21192.459393939393 21221.04727272727 4620.12 4648.707878787879 5122.877575757576 5151.465454545454 
21292.21818181818 21321.054545454546 4456.309090909091 4485.145454545454 5268.612121212122 5297.448484848484 
20875.27393939394 20903.516363636365 4571.57696969697 4599.819393939394 5065.958787878788 5094.201212121212 
20974.34181818182 21002.608484848486 4670.244848484848 4698.511515151516 5123.511515151516 5151.778181818182 
20903.37818181818 20931.729696969698 4597.426666666666 4625.778181818182 5076.184242424242 5104.535757575758 
21088.59515151515 21117.522424242423 4596.564848484849 4625.492121212121 5044.2375757575755 5073.164848484848 
21173.32 21202.20484848485 4648.550303030303 4677.435151515151 5237.02303030303 5265.907878787879 
21313.77696969697 21342.843636363636 4667.352727272727 4696.419393939394 5278.6921212121215 5307.758787878788 
20593.933333333334 20621.987878787877 4516.151515151515 4544.20606060606 5188.533333333334 5216.587878787879 
20877.494545454545 20905.809696969696 4754.149090909091 4782.464242424242 5157.549090909091 5185.864242424243 
21124.940606060605 21153.77090909091 4605.589090909091 4634.419393939394 5242.546666666667 5271.376969696969 
20812.32484848485 20840.767272727273 4555.7430303030305 4584.185454545454 5020.415757575757 5048.858181818182 
20473.01696969697 20500.744242424244 4547.2472727272725 4574.9745454545455 4901.144242424242 4928.871515151515 
20611.752727272727 20639.60121212121 4665.18303030303 4693.031515151515 5349.7830303030305 5377.6315151515155 
20578.294545454544 20606.288484848486 4308.433939393939 4336.427878787878 5139.888484848485 5167.882424242424 
20541.602424242425 20569.626666666667 4750.008484848485 4778.032727272727 5314.432727272727 5342.456969696969 
20901.580606060605 20930.12606060606 4567.635151515152 4596.180606060606 5022.980606060606 5051.526060606061 
20353.711515151514 20381.57212121212 4591.135757575757 4618.996363636364 5130.05696969697 5157.917575757576 
20898.471515151516 20927.277575757576 4564.592727272728 4593.3987878787875 4823.592727272728 4852.3987878787875 
20431.41696969697 20459.01090909091 4555.586666666667 4583.180606060606 5559.641212121212 5587.235151515151 
20632.32606060606 20660.01090909091 4580.671515151515 4608.356363636363 5118.477575757575 5146.162424242424 
20678.33818181818 20706.495757575758 4486.592727272728 4514.750303030303 5326.804848484849 5354.962424242424 
20537.744242424244 20565.93212121212 4557.623030303031 4585.810909090909 4740.101818181818 4768.289696969697 
20946.76 20975.626666666667 4768.899393939394 4797.766060606061 5072.3175757575755 5101.184242424242 
21074.66909090909 21103.24484848485 4549.741818181818 4578.3175757575755 5239.4387878787875 5268.014545454545 
20403.11878787879 20431.046060606062 4359.155151515151 4387.082424242424 4934.288484848485 4962.215757575757 
20598.975757575758 20627.345454545455 4556.0 4584.369696969697 5059.284848484848 5087.654545454546 
20802.077575757576 20829.94424242424 4351.980606060606 4379.847272727273 5020.52 5048.386666666666 
20978.415757575756 21007.197575757575 4652.627878787879 4681.409696969697 5183.6824242424245 5212.464242424242 
20473.43878787879 20501.76606060606 4444.887272727273 4473.214545454545 5491.529696969697 5519.85696969697 
20541.356363636365 20569.465454545454 4785.507878787879 4813.61696969697 5256.768484848485 5284.877575757576 
20848.345454545455 20877.0 4667.296969696969 4695.951515151515 5463.69696969697 5492.351515151515 
20273.678787878787 20301.727272727272 4726.345454545454 4754.393939393939 5380.521212121213 5408.569696969697 
20450.534545454546 20478.134545454544 4562.7224242424245 4590.322424242424 4894.552727272728 4922.152727272727 
20645.421818181818 20673.33090909091 4680.670303030303 4708.579393939394 4953.149090909091 4981.058181818182 
20729.75515151515 20758.082424242424 4567.191515151515 4595.518787878788 4991.979393939394 5020.306666666666 
20850.909090909092 20879.2 4480.048484848485 4508.339393939394 4744.369696969697 4772.660606060606 
20318.10787878788 20346.283636363638 4527.926060606061 4556.101818181818 5015.059393939394 5043.235151515151 
20504.99393939394 20532.551515151514 4478.454545454545 4506.012121212121 4687.993939393939 4715.551515151516 
20786.271515151515 20814.53212121212 4777.2169696969695 4805.477575757575 5199.501818181819 5227.7624242424245 
21046.757575757576 21075.29696969697 4729.460606060606 4758.0 5342.266666666666 5370.806060606061 
20737.500606060607 20765.712727272727 4573.300606060606 4601.512727272728 5240.052121212121 5268.264242424242 
