43586.49665653495 43614.91306990881 10870.581762917933 10898.998176291794 11857.970820668694 11886.387234042553 
43132.482674772036 43160.446200607905 11003.905167173252 11031.868693009119 11946.637689969604 11974.601215805471 
43332.818237082065 43361.05531914894 11090.271124620062 11118.50820668693 12048.687537993921 12076.92462006079 
43589.34103343465 43617.54468085106 10805.705775075989 10833.909422492401 12239.933738601823 12268.137386018238 
43464.202431610945 43492.51246200608 10767.071732522796 10795.381762917934 12226.345288753799 12254.655319148937 
42890.69118541033 42919.40243161094 10659.271732522797 10687.982978723405 11899.703343465046 11928.414589665654 
43222.35683890578 43250.527051671736 11011.703343465046 11039.873556231003 11933.6 11961.770212765958 
43194.17325227964 43222.045592705166 10651.9452887538 10679.817629179332 12017.300911854103 12045.173252279636 
42607.236474164136 42635.166565349544 10746.899088145896 10774.829179331307 11714.68632218845 11742.61641337386 
43607.75319148936 43636.13313069909 10892.479635258358 10920.859574468084 11765.506990881458 11793.886930091185 
43326.825531914896 43355.42431610942 10861.551975683891 10890.15075987842 12306.773860182371 12335.3726443769 
42901.77689969605 42929.266261398174 10879.327051671733 10906.816413373861 11431.001823708206 11458.491185410334 
42909.42066869301 42937.60911854103 10856.48753799392 10884.675987841945 11582.299088145897 11610.48753799392 
42975.96109422493 43003.796960486325 10693.99452887538 10721.830395136778 11718.061398176293 11745.89726443769 
43759.03951367781 43787.501519756835 10934.379939209726 10962.841945288754 12277.960486322188 12306.422492401216 
43383.62006079027 43411.990881458965 11133.69300911854 11162.063829787234 11888.699088145897 11917.06990881459 
43553.73981762918 43581.97386018237 11191.466261398176 11219.700303951367 12125.396352583586 12153.630395136777 
43787.61641337386 43816.014589665654 10980.01762917933 11008.415805471124 12887.35197568389 12915.750151975684 
43388.93556231003 43417.24863221884 11072.592097264438 11100.905167173252 12327.874772036474 12356.18784194529 
42741.891185410335 42770.01580547112 10878.265045592705 10906.389665653496 11936.082674772037 11964.207294832826 
43651.818237082065 43680.404863221884 10519.432218844984 10548.018844984803 11846.070516717326 11874.657142857142 
44067.45349544073 44096.38966565349 10892.32583586626 10921.262006079027 12228.927659574469 12257.863829787235 
43011.99756838906 43040.20121580547 10842.061398176293 10870.265045592705 12418.128267477203 12446.331914893617 
43407.061398176294 43435.724012158054 11016.651063829788 11045.31367781155 12244.006686930092 12272.669300911853 
43361.354407294835 43389.904559270515 10768.87112462006 10797.421276595745 11686.062613981763 11714.612765957447 
43109.909422492405 43138.058358662616 10889.654103343464 10917.803039513678 11583.845592705167 11611.99452887538 
43721.87963525836 43750.6 11215.639513677812 11244.359878419453 12551.049848024317 12579.770212765958 
42565.39209726444 42593.161094224924 10787.61094224924 10815.379939209726 11902.483282674772 11930.252279635259 
43512.19939209727 43540.846808510636 10744.542857142857 10773.19027355623 11714.007902735562 11742.655319148937 
43485.25227963526 43513.60182370821 10667.303951367781 10695.653495440729 11890.920972644377 11919.270516717324 
43558.85835866261 43587.22006079027 10859.51489361702 10887.876595744681 11897.6273556231 11925.98905775076 
43164.31975683891 43192.54468085106 10868.39574468085 10896.620668693009 11851.11914893617 11879.344072948328 
43721.62917933131 43750.1094224924 10800.088145896656 10828.568389057751 12637.340425531915 12665.82066869301 
42421.22431610942 42449.07234042553 10742.613373860182 10770.461398176292 11954.157446808511 11982.00547112462 
43426.936170212764 43455.30395136778 10704.899696048633 10733.267477203648 11796.689969604864 11825.05775075988 
43307.60547112462 43335.98237082067 10911.888145896657 10940.265045592705 12468.289361702127 12496.666261398177 
43593.862613981764 43622.084498480246 11120.08753799392 11148.3094224924 11814.595136778116 11842.817021276596 
43365.77993920973 43393.98662613982 10861.153799392097 10889.360486322188 11704.974468085107 11733.181155015198 
43744.29787234042 43772.8085106383 10987.72036474164 11016.231003039513 12776.963525835867 12805.474164133739 
43676.40243161094 43705.01337386018 10876.894832826747 10905.505775075988 11183.76717325228 11212.37811550152 
42804.49422492401 42832.4273556231 11006.023100303952 11033.95623100304 11951.117325227964 11979.050455927052 
43463.8188449848 43492.47841945289 10926.730699088146 10955.390273556231 12034.429787234043 12063.089361702128 
42637.501519756835 42665.425531914894 11014.799392097264 11042.72340425532 11508.100303951367 11536.024316109422 
42736.618844984805 42764.61276595745 10786.883282674771 10814.877203647417 11327.679635258359 11355.673556231002 
44118.19696048632 44147.19088145897 10945.734954407295 10974.728875379938 11868.972036474164 11897.965957446808 
42201.43282674772 42229.46018237082 11102.274772036475 11130.302127659574 12268.457142857143 12296.484498480244 
43647.40060790274 43676.07841945289 10982.68632218845 11011.364133738602 12566.771428571428 12595.449240121581 
43055.055927051675 43082.9556231003 10816.26565349544 10844.165349544073 11803.666869300912 11831.566565349543 
43355.61094224924 43384.01823708207 11036.364741641337 11064.772036474164 12035.109422492402 12063.516717325228 
43169.73556231003 43198.066869300914 10920.422492401216 10948.753799392098 11481.434650455927 11509.765957446809 
