13651.06846846847 13679.122522522523 2623.7981981981984 2651.852252252252 2974.0864864864866 3002.1405405405403 
13517.4990990991 13545.715315315316 2527.183783783784 2555.4 3105.8144144144144 3134.0306306306306 
13405.450450450451 13433.054054054053 2508.5315315315315 2536.135135135135 2869.4414414414414 2897.045045045045 
13297.843243243244 13325.708108108109 2497.2306306306305 2525.0954954954955 2828.0504504504506 2855.915315315315 
13215.491891891892 13243.293693693693 2527.951351351351 2555.753153153153 3218.1855855855856 3245.9873873873876 
13509.491891891892 13537.482882882883 2622.717117117117 2650.7081081081083 3150.816216216216 3178.8072072072073 
13279.03063063063 13306.769369369369 2560.409009009009 2588.147747747748 2617.418018018018 2645.1567567567567 
13273.468468468469 13301.675675675675 2658.1441441441443 2686.3513513513512 3054.846846846847 3083.054054054054 
13670.60900900901 13699.78018018018 2668.572972972973 2697.7441441441442 2929.518918918919 2958.69009009009 
13752.956756756757 13780.821621621622 2573.6414414414417 2601.506306306306 2897.7945945945944 2925.6594594594594 
13680.268468468468 13709.547747747747 2679.034234234234 2708.3135135135135 3046.1153153153155 3075.3945945945948 
13452.484684684685 13480.818018018019 2673.98018018018 2702.3135135135135 2939.736936936937 2968.07027027027 
13134.095495495496 13162.590990990991 2507.1855855855856 2535.681081081081 2673.8702702702703 2702.365765765766 
13111.077477477478 13139.6 2422.7711711711713 2451.2936936936935 2510.7981981981984 2539.3207207207206 
13506.690090090091 13535.590990990991 2616.4828828828827 2645.3837837837837 2978.500900900901 3007.401801801802 
13566.261261261261 13594.594594594595 2541.3783783783783 2569.711711711712 3051.873873873874 3080.2072072072074 
13630.886486486486 13659.553153153152 2836.6882882882883 2865.354954954955 3130.300900900901 3158.9675675675676 
13572.336936936937 13599.922522522522 2517.1297297297297 2544.7153153153154 2871.661261261261 2899.246846846847 
13262.136936936937 13290.65045045045 2599.4342342342343 2627.9477477477476 2763.245045045045 2791.7585585585584 
12834.131531531531 12861.834234234235 2491.3207207207206 2519.0234234234235 2767.5459459459457 2795.2486486486487 
13451.145945945946 13479.461261261262 2657.5873873873875 2685.9027027027028 2830.38018018018 2858.6954954954954 
13586.711711711712 13614.927927927927 2554.4144144144143 2582.6306306306305 2786.1441441441443 2814.3603603603606 
13615.113513513514 13643.437837837839 2563.753153153153 2592.0774774774773 2967.392792792793 2995.717117117117 
13420.45945945946 13447.981981981982 2517.6396396396394 2545.162162162162 2956.3423423423424 2983.864864864865 
13696.908108108108 13725.367567567568 2462.0252252252253 2490.484684684685 2956.034234234234 2984.493693693694 
13352.264864864865 13380.237837837838 2471.985585585586 2499.9585585585587 2776.2918918918917 2804.2648648648646 
13704.091891891892 13733.028828828828 2498.091891891892 2527.028828828829 2972.4612612612614 3001.3981981981983 
13549.29009009009 13577.785585585585 2580.6414414414417 2609.1369369369368 2977.515315315315 3006.0108108108107 
13270.315315315316 13298.468468468469 2464.4684684684685 2492.6216216216217 2862.126126126126 2890.2792792792793 
13317.158558558558 13345.392792792793 2405.699099099099 2433.9333333333334 2737.401801801802 2765.636036036036 
13496.965765765766 13525.983783783784 2435.9477477477476 2464.965765765766 2842.9747747747747 2871.992792792793 
13322.088288288289 13350.376576576577 2374.736936936937 2403.0252252252253 2662.007207207207 2690.2954954954953 
13671.495495495496 13699.711711711712 2515.018018018018 2543.234234234234 2898.1171171171172 2926.3333333333335 
13303.036036036036 13330.90990990991 2380.4234234234236 2408.2972972972975 2876.4504504504503 2904.324324324324 
13689.081081081082 13718.009009009009 2685.252252252252 2714.1801801801803 2703.7927927927926 2732.7207207207207 
13084.809009009008 13113.340540540541 2528.1243243243243 2556.655855855856 2779.790990990991 2808.3225225225224 
13330.072072072073 13358.432432432432 2512.801801801802 2541.162162162162 2837.2702702702704 2865.6306306306305 
13214.077477477478 13242.401801801801 2505.2846846846846 2533.609009009009 2779.1855855855856 2807.5099099099098 
13451.675675675675 13479.585585585586 2567.5675675675675 2595.4774774774774 2848.153153153153 2876.063063063063 
13497.122522522523 13525.428828828828 2475.852252252252 2504.1585585585585 3061.726126126126 3090.0324324324324 
13348.562162162161 13376.796396396396 2444.21981981982 2472.4540540540543 2939.30990990991 2967.544144144144 
13738.54054054054 13767.288288288288 2748.6216216216217 2777.3693693693695 3085.972972972973 3114.7207207207207 
13140.864864864865 13168.747747747748 2287.4414414414414 2315.324324324324 2917.072072072072 2944.954954954955 
13196.77117117117 13225.158558558558 2598.7981981981984 2627.1855855855856 2616.9783783783782 2645.365765765766 
13498.506306306306 13527.344144144145 2588.6774774774776 2617.515315315315 2813.6504504504505 2842.4882882882885 
13230.212612612613 13258.636036036036 2676.2126126126127 2704.636036036036 3072.8702702702703 3101.2936936936935 
12957.655855855855 12984.646846846847 2388.8630630630632 2415.854054054054 3127.4306306306307 3154.4216216216214 
13360.706306306307 13388.553153153152 2379.2918918918917 2407.1387387387385 2812.8414414414415 2840.6882882882883 
13693.059459459459 13721.185585585585 2523.8702702702703 2551.9963963963964 3015.915315315315 3044.0414414414413 
13538.073873873875 13566.668468468468 2533.38018018018 2561.9747747747747 3061.7045045045047 3090.2990990990993 
