24654.98769230769 24683.19282051282 5551.382564102564 5579.587692307692 6330.285128205128 6358.490256410257 
24888.251282051282 24916.697435897437 5602.7692307692305 5631.215384615384 6423.3128205128205 6451.758974358974 
24957.69435897436 24986.06358974359 5685.725128205128 5714.094358974359 6332.314871794872 6360.684102564102 
25111.14769230769 25139.542564102565 5755.778461538462 5784.173333333333 6468.9374358974355 6497.332307692308 
24220.355897435897 24247.909743589742 5566.802051282051 5594.3558974358975 6185.0174358974355 6212.571282051282 
24935.419487179486 24963.563076923077 5570.101538461538 5598.245128205128 6324.368205128205 6352.511794871795 
25527.14051282051 25556.18153846154 5882.930256410256 5911.971282051282 6445.7302564102565 6474.7712820512825 
25084.74564102564 25112.80717948718 5920.637948717948 5948.699487179487 6845.304615384615 6873.366153846154 
24755.394871794873 24783.764102564102 5811.015384615384 5839.384615384615 6277.656410256411 6306.025641025641 
25360.304615384615 25388.432820512822 5752.5610256410255 5780.689230769231 6273.202051282051 6301.330256410256 
25346.766153846154 25375.44307692308 5842.786666666667 5871.46358974359 6348.0225641025645 6376.699487179487 
24670.86564102564 24698.89128205128 5835.947692307693 5863.973333333333 6640.963076923077 6668.988717948718 
25161.56512820513 25189.965128205127 5857.288205128205 5885.6882051282055 6269.775384615385 6298.175384615384 
24752.324102564104 24780.69846153846 5587.047179487179 5615.421538461538 5826.842051282051 5855.21641025641 
24831.12205128205 24859.337435897436 5707.968205128205 5736.183589743589 6237.455384615385 6265.670769230769 
25405.92 25434.361025641025 5605.940512820513 5634.381538461538 5996.15076923077 6024.591794871795 
25154.718974358973 25182.98051282051 5916.50358974359 5944.765128205128 6428.088205128205 6456.349743589743 
24967.034871794873 24995.29641025641 5796.860512820513 5825.122051282051 6327.870769230769 6356.132307692308 
24712.48 24740.42871794872 5803.13641025641 5831.085128205128 6225.951794871795 6253.900512820513 
23893.128205128207 23920.302564102563 5520.343589743589 5547.5179487179485 6113.6051282051285 6140.779487179487 
25368.772307692307 25397.490256410256 5793.844102564102 5822.5620512820515 6295.0646153846155 6323.782564102564 
24831.80717948718 24860.20717948718 5946.386666666666 5974.786666666667 6471.914871794872 6500.314871794872 
24809.231794871794 24837.59076923077 6061.949743589744 6090.308717948718 6224.816410256411 6253.175384615384 
25018.982564102564 25047.521025641025 5780.331282051282 5808.869743589744 6305.490256410257 6334.028717948718 
25544.361025641025 25572.822564102564 5827.155897435898 5855.617435897436 6350.366153846154 6378.827692307692 
25270.660512820512 25298.942564102563 5557.04 5585.322051282052 6300.009230769231 6328.291282051282 
25262.10871794872 25290.862564102565 5802.816410256411 5831.570256410257 6038.318974358975 6067.072820512821 
25534.255384615386 25562.214358974357 5869.845128205128 5897.804102564102 6265.942564102564 6293.901538461539 
24766.326153846156 24794.756923076922 5730.238974358975 5758.669743589744 6435.756923076923 6464.1876923076925 
25035.155897435896 25063.63282051282 5796.950769230769 5825.427692307692 6112.945641025641 6141.422564102564 
25035.80205128205 25064.46871794872 5769.314871794872 5797.981538461539 6468.914871794872 6497.581538461539 
25090.262564102562 25118.41641025641 5600.90358974359 5629.057435897436 6449.631794871795 6477.785641025641 
24605.506666666668 24633.588717948718 5989.906666666667 6017.988717948718 6533.04 6561.122051282051 
25231.069743589742 25259.546666666665 5652.48 5680.956923076923 6401.526153846154 6430.003076923077 
24310.904615384614 24339.17128205128 5797.653333333334 5825.92 6297.945641025641 6326.212307692308 
24819.098461538462 24847.30358974359 5559.406153846154 5587.611282051282 5962.549743589743 5990.754871794872 
25159.572307692306 25188.02358974359 5858.700512820513 5887.151794871795 6641.197948717949 6669.649230769231 
24878.637948717947 24907.355897435897 5686.4789743589745 5715.196923076923 6223.248205128205 6251.966153846154 
25494.540512820513 25523.18153846154 5661.530256410257 5690.171282051282 6110.227692307692 6138.868717948718 
25967.54564102564 25996.43794871795 5915.473846153846 5944.366153846154 6217.591794871795 6246.484102564103 
24977.28923076923 25005.69948717949 5728.86358974359 5757.2738461538465 6440.60717948718 6469.0174358974355 
25376.42871794872 25404.53641025641 5813.674871794872 5841.782564102564 6206.156923076923 6234.264615384615 
24922.57641025641 24951.06358974359 5855.217435897436 5883.704615384615 6420.417435897436 6448.904615384616 
25364.13641025641 25392.900512820514 5618.84923076923 5647.613333333334 6557.3517948717945 6586.115897435898 
24636.561025641025 24664.971282051283 5706.181538461538 5734.591794871795 6576.1866666666665 6604.596923076923 
25771.241025641026 25800.48717948718 6008.225641025641 6037.471794871795 6501.092307692307 6530.338461538461 
24656.133333333335 24684.548717948717 5849.0615384615385 5877.476923076923 6248.415384615385 6276.830769230769 
25201.429743589742 25229.347692307692 5768.219487179487 5796.137435897436 6415.516923076923 6443.4348717948715 
25317.38564102564 25345.601025641026 5806.626666666667 5834.842051282051 6589.483076923077 6617.698461538462 
24625.091282051282 24653.332307692308 5606.44 5634.681025641025 6261.947692307693 6290.188717948718 
