40412.39044585987 40440.65159235669 10528.514649681529 10556.775796178345 10933.74076433121 10962.001910828025 
42112.168789808915 42140.79299363057 10088.891719745223 10117.51592356688 11840.869426751593 11869.493630573248 
41385.6127388535 41413.9152866242 10356.813375796179 10385.115923566878 11222.001273885351 11250.30382165605 
41518.65222929936 41547.34012738853 10161.164968152867 10189.852866242038 11192.021656050956 11220.709554140127 
41632.93694267516 41661.52929936306 10259.223566878982 10287.815923566879 10640.363694267517 10668.956050955414 
40720.615286624205 40748.66624203822 10069.449681528662 10097.500636942676 11075.634394904459 11103.685350318472 
41111.736305732484 41139.9050955414 10297.44331210191 10325.612101910829 10999.188535031848 11027.357324840765 
41083.64140127388 41112.03949044586 10419.654140127388 10448.052229299363 11611.386624203822 11639.784713375797 
41877.657324840766 41906.02356687898 10182.708280254777 10211.074522292995 11324.08407643312 11352.450318471338 
41404.14968152866 41432.35031847134 10235.121019108281 10263.321656050955 11598.003184713376 11626.20382165605 
40682.24840764331 40710.05414012739 10282.570063694267 10310.375796178343 11453.382165605095 11481.187898089172 
41519.526114649685 41548.115286624205 10475.029299363057 10503.618471337579 10989.39872611465 11017.987898089172 
41182.82292993631 41211.147770700634 10119.001273885351 10147.32611464968 10796.058598726115 10824.383439490446 
41089.480891719744 41117.87579617834 10363.248407643312 10391.64331210191 11880.359872611465 11908.754777070064 
41277.77324840764 41306.08535031847 10230.451592356689 10258.763694267516 11514.473885350319 11542.785987261146 
40942.27898089172 40970.67707006369 10314.661146496815 10343.05923566879 11669.63566878981 11698.033757961783 
41153.17006369427 41181.7050955414 9994.112738853502 10022.647770700636 11339.724203821655 11368.25923566879 
41625.35732484076 41653.94012738854 10091.726751592356 10120.309554140127 10970.204458598726 10998.787261146497 
41117.600636942676 41145.74076433121 10061.667515923567 10089.807643312102 11019.41592356688 11047.556050955414 
41055.423566878984 41083.49363057325 10318.684713375796 10346.754777070064 11141.06050955414 11169.130573248407 
40725.24777070064 40753.32101910828 10104.566242038216 10132.63949044586 11189.846496815286 11217.91974522293 
41640.356050955415 41669.11719745223 10280.649044585987 10309.410191082803 11611.547133757962 11640.308280254778 
40811.55286624204 40839.877707006366 10235.329936305732 10263.654777070064 11502.215286624203 11530.540127388535 
41515.74585987261 41544.172611464965 10309.93694267516 10338.363694267517 11696.17898089172 11724.605732484077 
41408.73439490446 41437.5178343949 10496.492356687899 10525.275796178345 11657.689808917197 11686.473248407643 
41476.10700636943 41504.68025477707 10323.76305732484 10352.336305732484 10774.540127388535 10803.113375796178 
41416.8974522293 41445.51847133758 10481.636305732483 10510.257324840764 11464.610828025478 11493.231847133758 
40862.92101910828 40890.72038216561 10241.026114649681 10268.825477707007 11232.112101910829 11259.911464968152 
41623.35859872612 41652.065605095544 10390.065605095542 10418.772611464969 11187.670700636943 11216.37770700637 
41487.41464968153 41515.72356687898 10273.23949044586 10301.548407643311 11221.828662420383 11250.137579617834 
40686.47133757962 40714.35668789809 10150.53821656051 10178.42356687898 10977.52229299363 11005.407643312103 
41678.895541401274 41707.51974522293 10272.84458598726 10301.468789808918 11273.182165605096 11301.806369426751 
41366.449044585985 41394.91082802548 10299.248407643312 10327.710191082802 12156.601910828025 12185.063694267516 
41824.519108280256 41853.15286624204 10500.608280254777 10529.24203821656 11505.627388535031 11534.261146496816 
40170.46305732484 40198.45668789809 10198.963057324841 10226.95668789809 10730.074522292995 10758.068152866243 
41198.32292993631 41226.83566878981 10217.934394904458 10246.447133757962 11339.807006369427 11368.31974522293 
41105.39681528662 41133.409554140126 10175.15796178344 10203.170700636943 10751.874522292994 10779.887261146498 
41573.73694267516 41602.157324840766 10450.135031847134 10478.555414012739 11403.730573248407 11432.150955414012 
41209.11974522293 41237.69617834395 10223.087898089172 10251.664331210191 11376.450955414013 11405.027388535033 
40703.80382165605 40731.80063694267 10287.25923566879 10315.256050955413 11082.873885350318 11110.870700636942 
41566.07770700637 41594.714649681526 10334.386624203822 10363.023566878981 11498.32611464968 11526.963057324841 
41677.91974522293 41706.473885350315 10341.929299363057 10370.483439490446 11182.614012738853 11211.168152866241 
41547.91210191083 41576.53312101911 10173.520382165605 10202.141401273886 11312.644585987262 11341.265605095541 
41435.509554140124 41464.009554140124 10413.732484076432 10442.232484076432 11590.777070063694 11619.277070063694 
40701.9101910828 40729.92929936306 9999.996178343948 10028.015286624204 10822.865605095541 10850.884713375795 
41598.43184713376 41626.724840764335 10172.756687898089 10201.049681528662 11860.992356687899 11889.28535031847 
40765.32292993631 40793.51401273885 10135.399363057324 10163.590445859872 11448.361146496814 11476.552229299363 
41276.88407643312 41305.3076433121 10323.425477707005 10351.849044585988 11363.922292993631 11392.345859872612 
41237.104458598726 41265.53439490446 10280.04076433121 10308.470700636943 11217.792356687898 11246.22229299363 
41370.437579617836 41398.77197452229 10356.832484076433 10385.166878980892 11330.189171974522 11358.523566878981 
