10085.332558139535 10112.611627906977 1572.7046511627907 1599.9837209302325 2005.5883720930233 2032.867441860465 
10051.337209302326 10079.10465116279 1733.8372093023256 1761.6046511627908 2116.639534883721 2144.406976744186 
9617.881395348837 9645.020930232558 1702.4511627906977 1729.5906976744186 1728.4395348837209 1755.5790697674418 
9723.155813953488 9751.341860465116 1443.8651162790698 1472.0511627906976 1963.9 1992.086046511628 
9860.713953488372 9889.004651162792 1563.260465116279 1591.5511627906976 2250.760465116279 2279.0511627906976 
9772.976744186046 9800.779069767443 1404.3953488372092 1432.1976744186047 1628.5116279069769 1656.3139534883721 
9622.855813953489 9650.832558139535 1539.867441860465 1567.8441860465116 1720.832558139535 1748.8093023255815 
10092.683720930232 10120.881395348837 1686.5790697674418 1714.7767441860465 2010.6837209302325 2038.8813953488373 
10164.020930232558 10192.823255813953 1639.4976744186047 1668.3 1580.1372093023256 1608.9395348837209 
9815.995348837208 9844.227906976745 1589.8558139534885 1618.0883720930233 2016.413953488372 2044.6465116279069 
9721.718604651163 9749.788372093024 1720.6488372093024 1748.7186046511629 1831.4860465116278 1859.5558139534883 
10086.253488372093 10114.93953488372 1677.9395348837209 1706.625581395349 2264.83488372093 2293.520930232558 
10076.881395348837 10105.416279069768 1726.9511627906977 1755.4860465116278 2186.0906976744186 2214.625581395349 
9852.032558139535 9880.823255813953 1690.1023255813955 1718.893023255814 1886.8697674418604 1915.660465116279 
9830.209302325582 9858.290697674418 1498.8488372093022 1526.9302325581396 1597.0697674418604 1625.1511627906978 
9793.453488372093 9821.0 1404.7441860465117 1432.2906976744187 1911.453488372093 1939.0 
9723.46511627907 9752.232558139534 1713.593023255814 1742.360465116279 1758.046511627907 1786.8139534883721 
9897.432558139535 9925.502325581396 1696.4906976744187 1724.5604651162791 1977.4790697674418 2005.5488372093023 
9830.941860465116 9858.418604651162 1560.360465116279 1587.8372093023256 1933.0813953488373 1960.5581395348838 
10038.4 10066.748837209303 1873.8418604651163 1902.1906976744185 2124.772093023256 2153.1209302325583 
10359.216279069768 10387.63488372093 1668.9488372093024 1697.367441860465 1929.1930232558138 1957.6116279069768 
9793.444186046512 9821.409302325581 1617.9790697674418 1645.9441860465117 1897.3046511627906 1925.2697674418605 
9838.923255813954 9866.539534883721 1614.993023255814 1642.6093023255814 1880.5511627906976 1908.167441860465 
9911.897674418604 9939.432558139535 1579.7348837209302 1607.2697674418605 1981.7813953488371 2009.3162790697675 
9926.025581395348 9954.141860465117 1754.5953488372093 1782.7116279069767 1696.7 1724.8162790697675 
10304.039534883721 10332.9 1793.2720930232558 1822.132558139535 2075.086046511628 2103.946511627907 
9743.013953488373 9770.7 1664.5488372093023 1692.2348837209302 1872.9674418604652 1900.653488372093 
10107.76511627907 10136.381395348837 1544.6023255813955 1573.2186046511629 1762.5325581395348 1791.1488372093024 
9961.167441860465 9989.179069767442 1678.7488372093023 1706.760465116279 1872.8418604651163 1900.8534883720931 
9952.776744186047 9981.346511627908 1540.4744186046512 1569.0441860465116 1700.7767441860465 1729.346511627907 
10170.46976744186 10199.760465116278 1673.993023255814 1703.2837209302324 2164.0976744186046 2193.3883720930235 
9788.376744186047 9816.993023255814 1517.2372093023255 1545.8534883720931 1752.7953488372093 1781.4116279069767 
9735.974418604652 9764.381395348837 1664.8813953488373 1693.2883720930233 2104.695348837209 2133.1023255813952 
10342.36511627907 10371.46976744186 1530.7953488372093 1559.9 2175.6209302325583 2204.725581395349 
9929.69534883721 9958.102325581396 1753.4976744186047 1781.9046511627907 2154.3 2182.7069767441862 
9849.960465116279 9878.286046511628 1605.6348837209302 1633.960465116279 2030.053488372093 2058.3790697674417 
9832.948837209302 9861.274418604651 1687.9953488372093 1716.320930232558 2047.879069767442 2076.204651162791 
9980.148837209303 10009.23023255814 1728.393023255814 1757.4744186046512 2064.4046511627907 2093.486046511628 
9725.43023255814 9753.279069767443 1495.906976744186 1523.7558139534883 1782.0581395348838 1809.906976744186 
9901.32558139535 9929.186046511628 1608.8720930232557 1636.7325581395348 2005.7209302325582 2033.5813953488373 
9851.33488372093 9879.462790697675 1678.7651162790698 1706.893023255814 1763.706976744186 1791.8348837209303 
9689.651162790698 9717.406976744185 1597.0813953488373 1624.8372093023256 1813.953488372093 1841.7093023255813 
9849.60465116279 9878.023255813954 1546.6627906976744 1575.0813953488373 1917.3953488372092 1945.8139534883721 
9736.669767441861 9764.716279069768 1589.9953488372093 1618.0418604651163 1973.6232558139534 2001.6697674418604 
9989.258139534884 10017.897674418604 1704.4790697674418 1733.1186046511627 2013.0720930232558 2041.7116279069767 
9876.590697674419 9904.683720930232 1557.6372093023256 1585.7302325581395 1995.7767441860465 2023.8697674418604 
10070.251162790697 10098.018604651163 1533.913953488372 1561.6813953488372 1913.0418604651163 1940.8093023255815 
10210.872093023256 10239.662790697674 1685.5697674418604 1714.360465116279 1883.9651162790697 1912.7558139534883 
10154.167441860465 10182.923255813954 1770.3767441860466 1799.132558139535 2268.0976744186046 2296.853488372093 
9987.616279069767 10015.39534883721 1818.9767441860465 1846.7558139534883 2045.1279069767443 2072.906976744186 
