8401.635135135135 8430.067567567568 1194.2702702702702 1222.7027027027027 1413.3108108108108 1441.7432432432433 
8113.232432432433 8140.205405405405 1194.2054054054054 1221.1783783783783 1362.8540540540541 1389.827027027027 
8836.497297297297 8865.902702702702 1317.9432432432432 1347.3486486486486 1555.9297297297298 1585.335135135135 
8340.28108108108 8368.524324324324 1151.5243243243244 1179.7675675675675 1304.3081081081082 1332.5513513513513 
8695.327027027028 8725.651351351351 1168.8405405405406 1199.164864864865 1573.8945945945945 1604.218918918919 
8406.062162162161 8434.710810810811 1312.3324324324324 1340.9810810810811 1517.2513513513513 1545.9 
8315.981081081081 8344.751351351351 1234.1972972972974 1262.9675675675676 1433.791891891892 1462.5621621621622 
8852.22972972973 8882.094594594595 1162.1486486486488 1192.0135135135135 1500.418918918919 1530.2837837837837 
8673.275675675675 8702.518918918919 1183.464864864865 1212.708108108108 1395.545945945946 1424.7891891891893 
8009.4162162162165 8037.754054054054 1096.2675675675675 1124.6054054054055 1359.8756756756757 1388.2135135135136 
8154.970270270271 8182.9567567567565 1388.7 1416.6864864864865 1668.8081081081082 1696.7945945945946 
8368.416216216216 8397.24054054054 1113.1324324324323 1141.9567567567567 1444.172972972973 1472.9972972972973 
8131.759459459459 8160.205405405405 1360.9216216216216 1389.3675675675677 1689.9486486486487 1718.3945945945945 
8583.354054054054 8611.597297297298 1263.2054054054054 1291.4486486486487 1573.2729729729729 1601.5162162162162 
8508.067567567568 8537.486486486487 1345.9918918918918 1375.4108108108107 1658.0945945945946 1687.5135135135135 
8527.513513513513 8555.675675675675 1240.6756756756756 1268.837837837838 1511.7567567567567 1539.918918918919 
8761.289189189189 8789.978378378379 1269.3432432432433 1298.0324324324324 1587.8837837837839 1616.572972972973 
8324.418918918918 8352.797297297297 1207.5945945945946 1235.972972972973 1437.554054054054 1465.9324324324325 
8059.397297297297 8087.0594594594595 1344.1675675675676 1371.8297297297297 1599.2621621621622 1626.9243243243243 
8016.635135135135 8044.851351351352 1131.0405405405406 1159.2567567567567 1495.1486486486488 1523.3648648648648 
7953.1702702702705 7980.508108108108 1187.2783783783784 1214.6162162162161 1506.7648648648649 1534.1027027027028 
8392.608108108108 8420.527027027027 1136.0405405405406 1163.9594594594594 1420.1216216216217 1448.0405405405406 
8301.97027027027 8329.835135135136 1276.0108108108109 1303.8756756756757 1417.0513513513513 1444.9162162162163 
7868.135135135135 7895.594594594595 1208.445945945946 1235.9054054054054 1451.3783783783783 1478.837837837838 
8618.535135135135 8647.224324324325 1180.1297297297297 1208.8189189189188 1605.5891891891893 1634.2783783783784 
8226.313513513514 8255.002702702703 1233.2729729729729 1261.9621621621623 1243.2594594594595 1271.9486486486487 
8342.886486486486 8371.4 1157.845945945946 1186.3594594594595 1585.6432432432432 1614.1567567567567 
8258.889189189189 8286.605405405406 1213.672972972973 1241.3891891891892 1496.3486486486486 1524.0648648648648 
8266.908108108108 8295.556756756756 1233.2864864864864 1261.9351351351352 1681.1513513513514 1709.8 
8645.578378378379 8673.97027027027 1305.254054054054 1333.6459459459459 1321.5243243243244 1349.9162162162163 
8594.316216216217 8622.248648648649 1194.8837837837839 1222.8162162162162 1519.2891891891893 1547.2216216216216 
7886.175675675676 7913.5 1286.3513513513512 1313.6756756756756 1375.6081081081081 1402.9324324324325 
8233.216216216217 8261.905405405405 1152.3918918918919 1181.081081081081 1393.4324324324325 1422.1216216216217 
8264.962162162163 8292.71891891892 1179.6243243243243 1207.381081081081 1457.5027027027027 1485.2594594594595 
8412.002702702703 8439.881081081081 1225.908108108108 1253.7864864864864 1475.2729729729729 1503.1513513513514 
8373.783783783783 8402.81081081081 1077.662162162162 1106.6891891891892 1287.6216216216217 1316.6486486486488 
8718.04054054054 8747.324324324325 1174.7432432432433 1204.027027027027 1498.7432432432433 1528.027027027027 
8389.032432432432 8417.978378378379 1200.5864864864866 1229.5324324324324 1452.7351351351351 1481.6810810810812 
8339.935135135134 8368.097297297298 1289.0567567567568 1317.218918918919 1536.2054054054054 1564.3675675675677 
8510.559459459459 8540.086486486487 1231.5324324324324 1261.0594594594595 1571.3162162162162 1600.8432432432433 
8471.072972972974 8499.627027027027 1294.0594594594595 1322.6135135135135 1581.208108108108 1609.7621621621622 
8340.037837837837 8368.443243243244 1303.835135135135 1332.2405405405405 1560.4162162162163 1588.8216216216217 
8526.232432432433 8554.772972972973 1170.0162162162162 1198.5567567567568 1493.664864864865 1522.2054054054054 
8464.362162162162 8492.456756756757 1274.8486486486486 1302.9432432432432 1374.0108108108109 1402.1054054054055 
8217.932432432432 8246.162162162162 1125.9594594594594 1154.1891891891892 1605.3108108108108 1633.5405405405406 
8528.924324324324 8557.383783783784 1130.0594594594595 1158.5189189189189 1430.9243243243243 1459.3837837837839 
8370.978378378379 8398.991891891892 1106.654054054054 1134.6675675675676 1560.654054054054 1588.6675675675676 
8567.278378378378 8595.994594594595 1233.9405405405405 1262.6567567567567 1482.2243243243242 1510.9405405405405 
8159.22972972973 8186.405405405405 1243.162162162162 1270.337837837838 1353.9864864864865 1381.162162162162 
8561.635135135135 8590.162162162162 1243.0945945945946 1271.6216216216217 1517.9054054054054 1546.4324324324325 
