45312.831976744186 45341.340697674415 11241.04418604651 11269.552906976744 12501.483139534883 12529.991860465116 
44575.34244186046 44603.67965116279 11495.287209302325 11523.624418604652 12574.569186046512 12602.906395348837 
45403.28895348837 45431.451744186044 11232.547674418605 11260.710465116279 12481.911046511628 12510.073837209302 
45272.938953488374 45301.104651162794 11351.186046511628 11379.351744186046 12721.898255813954 12750.063953488372 
45482.45523255814 45510.79534883721 11429.69941860465 11458.039534883721 12723.333139534883 12751.673255813954 
45018.38662790698 45046.267441860466 11488.494186046511 11516.375 12503.892441860466 12531.773255813954 
45345.19709302326 45373.56918604651 11245.173837209302 11273.545930232558 12250.673837209302 12279.045930232558 
46019.05523255814 46047.82848837209 11425.392441860466 11454.165697674418 12066.601744186046 12095.375 
45492.14302325581 45520.34360465116 11236.974418604652 11265.175 12402.898837209303 12431.099418604652 
45446.25872093023 45474.601744186046 11376.273255813954 11404.616279069767 12450.72965116279 12479.072674418605 
45918.56220930233 45947.068023255815 11235.05058139535 11263.556395348836 12387.387790697674 12415.893604651163 
45640.61802325581 45668.58604651163 11515.626744186047 11543.59476744186 12882.56569767442 12910.533720930232 
45396.41162790698 45424.40872093023 11260.847674418605 11288.84476744186 12411.667441860465 12439.664534883721 
45611.081976744186 45639.425 11353.811627906976 11382.154651162791 12177.541279069768 12205.884302325581 
45467.45406976744 45496.221511627904 11479.087790697675 11507.85523255814 12445.302906976744 12474.07034883721 
45144.53081395349 45172.76046511628 11567.987209302326 11596.216860465116 12777.402906976744 12805.632558139534 
45047.99534883721 45076.05058139535 11357.707558139535 11385.762790697674 12364.402325581395 12392.457558139535 
44897.12965116279 44925.007558139536 11434.510465116278 11462.388372093023 12116.862209302326 12144.74011627907 
46321.15058139535 46349.903488372096 11767.298837209302 11796.051744186047 12906.85988372093 12935.612790697674 
44829.35697674419 44857.4761627907 11501.95 11530.069186046512 12453.711627906976 12481.83081395349 
45081.14593023256 45109.28546511628 11522.026744186047 11550.166279069768 12845.99476744186 12874.134302325581 
45487.51162790698 45516.18023255814 11324.546511627907 11353.21511627907 12085.703488372093 12114.372093023256 
45383.07558139535 45411.25872093023 11495.130813953489 11523.313953488372 12877.85465116279 12906.037790697674 
45911.705813953486 45940.12441860465 11444.58953488372 11473.008139534884 12903.798837209302 12932.217441860465 
44273.09709302326 44300.617441860464 11591.646511627907 11619.166860465117 12067.893604651163 12095.413953488372 
45401.91279069767 45430.226744186046 11310.84011627907 11339.154069767443 12776.994186046511 12805.308139534884 
44665.14011627907 44693.28255813954 11267.221511627908 11295.363953488371 12347.39011627907 12375.532558139535 
45456.14709302325 45484.68779069767 11196.530813953488 11225.071511627906 12810.618023255814 12839.158720930232 
44634.56453488372 44662.753488372095 11383.427906976744 11411.616860465116 12312.39011627907 12340.579069767442 
45611.422093023255 45639.69534883721 11436.706976744186 11464.98023255814 12079.43953488372 12107.712790697675 
45107.16395348837 45135.38197674419 11219.006976744186 11247.225 12431.20465116279 12459.422674418605 
45568.81744186047 45597.297093023255 11411.98023255814 11440.45988372093 13031.206976744186 13059.686627906976 
45149.93720930233 45178.358720930235 11414.911046511628 11443.332558139535 12697.268604651163 12725.69011627907 
45083.41860465116 45111.42151162791 11515.473837209302 11543.476744186046 12637.31976744186 12665.322674418605 
44383.476744186046 44411.41569767442 11323.758720930233 11351.697674418605 12147.639534883721 12175.578488372093 
45000.73546511628 45029.00581395349 11572.665697674418 11600.936046511628 12466.404069767443 12494.67441860465 
45686.445930232556 45714.742441860464 11266.361627906977 11294.658139534884 12588.969186046512 12617.265697674418 
45085.42848837209 45113.63197674419 11359.320930232558 11387.524418604651 12137.597093023256 12165.80058139535 
45551.0488372093 45579.33372093023 11420.56046511628 11448.845348837209 12730.781395348837 12759.066279069768 
45795.80755813953 45823.702906976745 11514.258139534884 11542.153488372092 11987.673837209302 12015.569186046512 
45659.60290697675 45688.18720930233 11444.716279069768 11473.30058139535 12194.172674418605 12222.756976744186 
44867.17558139535 44895.26279069768 11816.239534883722 11844.326744186046 12611.466279069768 12639.553488372094 
45844.7511627907 45873.451744186044 11474.998255813953 11503.698837209302 12499.536046511628 12528.236627906977 
46033.86337209302 46062.49418604651 11494.718023255815 11523.348837209302 12374.845930232557 12403.476744186046 
45057.16976744186 45085.22209302326 11124.416860465117 11152.469186046512 12698.733720930233 12726.786046511628 
45702.93546511628 45731.0488372093 11412.592441860465 11440.70581395349 12360.121511627907 12388.23488372093 
44879.48546511628 44907.61627906977 11555.07558139535 11583.206395348838 12583.351744186046 12611.482558139534 
44909.11686046512 44937.07906976744 11359.166279069768 11387.128488372093 12755.436627906976 12783.398837209303 
45642.45348837209 45670.94476744186 11396.345930232557 11424.837209302326 12221.17441860465 12249.665697674418 
44984.83313953489 45012.841860465116 11402.391279069767 11430.4 12363.321511627906 12391.330232558139 
