35004.66119402985 35032.79925373134 8786.564179104478 8814.70223880597 9583.101492537313 9611.239552238805 
35869.23805970149 35898.30895522388 8683.197014925374 8712.267910447761 9673.178358208956 9702.249253731343 
34297.34104477612 34325.452985074626 8416.949253731344 8445.061194029851 9212.139552238807 9240.251492537314 
35087.58134328358 35115.92462686567 8578.167164179105 8606.510447761195 9359.252985074627 9387.596268656716 
34523.6671641791 34551.980597014925 8585.93208955224 8614.245522388059 9023.502985074627 9051.816417910448 
34323.974626865675 34351.69104477612 8669.101492537313 8696.81791044776 9466.13880597015 9493.855223880597 
35343.923880597016 35372.17014925373 8511.330597014925 8539.576865671641 9481.155223880596 9509.401492537314 
35471.05223880597 35499.81343283582 8546.264925373134 8575.026119402984 9711.73880597015 9740.5 
34617.0104477612 34645.23432835821 8476.211940298508 8504.435820895522 9442.83880597015 9471.062686567164 
35140.928358208956 35169.47686567164 8548.883582089553 8577.43208955224 9418.502985074627 9447.051492537314 
34490.62835820895 34518.65447761194 8548.180597014925 8576.20671641791 9182.389552238807 9210.415671641791 
34699.65746268657 34727.52686567164 8801.586567164179 8829.455970149254 9495.94104477612 9523.810447761194 
34889.37686567164 34917.40671641791 8413.839552238805 8441.869402985074 9321.630597014926 9349.660447761195 
34860.50746268657 34888.58955223881 8438.212686567163 8466.294776119403 9456.246268656716 9484.328358208955 
35140.91492537314 35169.12014925373 8590.497014925373 8618.70223880597 9097.69104477612 9125.896268656716 
34798.35671641791 34826.46119402985 8310.487313432835 8338.591791044777 9276.826865671641 9304.931343283582 
35777.25447761194 35805.88134328358 8773.373880597015 8802.000746268657 9676.381343283581 9705.008208955223 
34897.81492537313 34926.61716417911 8582.105970149254 8610.908208955223 9516.322388059702 9545.124626865672 
34812.100746268654 34840.06343283582 8531.220149253732 8559.182835820895 9554.078358208955 9582.041044776119 
34688.96865671642 34716.69626865671 8504.528358208956 8532.255970149254 9302.80447761194 9330.532089552238 
34909.16343283582 34937.42089552239 8710.864925373135 8739.1223880597 9527.051492537314 9555.30895522388 
35162.82537313433 35191.07537313433 8504.896268656716 8533.146268656716 8928.071641791044 8956.321641791044 
35070.57910447761 35099.14253731343 8608.508208955223 8637.071641791044 9197.198507462686 9225.761940298507 
35313.21343283582 35341.38880597015 8487.232089552239 8515.407462686568 9773.788059701492 9801.96343283582 
35186.611940298506 35215.25 8598.477611940298 8627.115671641792 9566.097014925374 9594.735074626866 
35151.20820895522 35179.59253731343 8424.80895522388 8453.19328358209 9148.185820895522 9176.570149253732 
35012.80149253731 35041.29776119403 8397.779104477611 8426.27537313433 9495.905970149253 9524.40223880597 
35146.361940298506 35174.388059701494 8349.421641791045 8377.44776119403 8940.876865671642 8968.902985074626 
35835.10223880597 35864.13208955224 8388.031343283583 8417.061194029851 9498.535074626865 9527.564925373134 
34796.59104477612 34824.68059701493 8402.382089552239 8430.471641791044 9364.45671641791 9392.546268656717 
35040.24104477612 35068.37537313433 8585.144029850746 8613.278358208956 9448.972388059701 9477.106716417911 
34452.51641791045 34480.56119402985 8736.303731343283 8764.348507462686 9471.680597014925 9499.725373134328 
35352.65149253731 35381.46865671642 8433.912686567164 8462.72985074627 9671.076865671641 9699.894029850746 
35365.250746268655 35393.955970149254 8701.485820895523 8730.19104477612 9598.385074626865 9627.090298507463 
34188.31940298507 34216.192537313436 8648.401492537314 8676.274626865672 9291.759701492538 9319.632835820896 
35231.314179104476 35259.82910447761 8799.612686567165 8828.1276119403 9395.761940298507 9424.276865671642 
34978.201492537315 35006.227611940296 8532.634328358208 8560.660447761195 8932.119402985074 8960.14552238806 
34931.87835820895 34960.07985074627 8635.967910447762 8664.169402985075 9510.296268656717 9538.49776119403 
35854.394029850744 35883.24850746269 8692.692537313433 8721.547014925372 9642.774626865672 9671.629104477612 
34442.06641791045 34469.92089552239 8378.44328358209 8406.29776119403 9017.752985074627 9045.607462686567 
35427.28134328358 35455.684328358206 8573.717910447762 8602.120895522388 9660.975373134328 9689.378358208955 
34590.616417910445 34618.77686567164 8535.668656716418 8563.829104477612 9722.258208955223 9750.418656716418 
35383.47388059701 35411.649253731346 8526.462686567163 8554.638059701492 9225.973880597016 9254.149253731342 
35053.23880597015 35081.64179104478 8487.638059701492 8516.041044776119 9220.358208955224 9248.76119402985 
34704.54029850746 34732.525373134325 8276.002985074627 8303.988059701493 9223.1223880597 9251.107462686567 
34824.814179104476 34852.8328358209 8503.758208955223 8531.776865671642 9015.80671641791 9043.825373134328 
35403.937313432834 35432.89253731343 8827.086567164179 8856.041791044776 9362.444776119402 9391.4 
34683.003731343284 34711.05223880597 8526.90671641791 8554.955223880597 9094.30223880597 9122.350746268658 
34880.10746268657 34908.562686567166 8375.529104477611 8403.984328358209 9687.279104477611 9715.734328358209 
34361.85 34389.96940298507 8364.03656716418 8392.155970149253 8912.521641791045 8940.641044776119 
