44705.186390532544 44733.48224852071 11404.162721893492 11432.458579881657 12439.825443786982 12468.121301775149 
44269.92426035503 44298.27928994083 10983.288165680473 11011.643195266272 11599.036686390533 11627.391715976331 
44846.65680473373 44875.03550295858 11251.695266272189 11280.073964497042 12813.005917159764 12841.384615384615 
44829.52071005917 44857.84911242603 11284.115384615385 11312.443786982249 12438.473372781065 12466.80177514793 
44666.53136094675 44695.034319526625 11253.96627218935 11282.469230769231 12592.64378698225 12621.14674556213 
44405.0550295858 44433.389349112425 11248.442603550297 11276.776923076923 11870.250295857988 11898.584615384616 
44307.142603550295 44335.37337278107 11073.692899408285 11101.923668639054 12416.66923076923 12444.9 
44762.57455621302 44791.009467455624 11165.923668639054 11194.358579881657 12535.047928994083 12563.482840236686 
44737.96449704142 44766.44970414201 11106.192307692309 11134.6775147929 12122.96449704142 12151.449704142013 
44840.03668639053 44868.17573964497 11125.921301775148 11154.060355029585 11910.545562130177 11938.684615384615 
44063.19704142012 44091.294674556215 11250.540236686391 11278.637869822485 12064.279881656805 12092.3775147929 
44747.37928994083 44775.71656804734 11072.938461538462 11101.27573964497 11959.053846153845 11987.391124260355 
44924.86094674556 44953.21597633136 11020.026627218935 11048.381656804733 12324.257396449704 12352.612426035503 
44347.03313609467 44375.287573964495 11168.784615384615 11197.039053254437 11734.71952662722 11762.973964497041 
44131.38639053254 44159.62899408284 11248.921893491124 11277.16449704142 12165.883431952663 12194.126035502959 
44636.12485207101 44664.49467455621 11323.763905325444 11352.133727810651 12595.734319526628 12624.104142011834 
45001.51301775148 45029.86804733728 11257.524852071007 11285.879881656805 12128.400591715976 12156.755621301776 
43410.52958579882 43438.192307692305 11190.307692307691 11217.970414201183 11863.843195266272 11891.505917159764 
43673.863313609465 43702.06153846154 11114.591124260354 11142.789349112427 12100.792307692307 12128.990532544378 
44958.22130177515 44986.895857988166 11512.753846153846 11541.428402366864 12054.56449704142 12083.239053254438 
44385.86804733728 44414.40946745562 11188.314792899408 11216.85621301775 12502.85621301775 12531.397633136095 
44424.90118343195 44453.13786982249 11215.430769230768 11243.667455621302 12088.936686390532 12117.173372781064 
44525.48698224852 44553.995857988164 11091.037278106509 11119.546153846153 12619.07278106509 12647.581656804734 
44691.91952662722 44720.502366863904 11125.765680473372 11154.348520710058 12409.990532544378 12438.573372781066 
44266.91301775148 44294.86863905325 11059.620118343195 11087.57573964497 12646.552071005917 12674.507692307692 
44131.70059171598 44159.63846153846 11066.540828402367 11094.478698224852 11899.605917159763 11927.543786982249 
44276.482840236684 44304.50059171598 11094.429585798816 11122.447337278107 12023.43550295858 12051.453254437869 
43891.87159763314 43919.95147928994 11147.596449704142 11175.676331360946 11712.557988165681 11740.637869822485 
44206.387573964494 44234.686390532544 11407.538461538461 11435.837278106508 11938.843195266272 11967.14201183432 
44397.13550295858 44425.662130177516 11151.345562130178 11179.872189349113 12410.040828402367 12438.567455621302 
43909.32781065089 43937.24201183432 10925.040828402367 10952.955029585799 11887.570414201184 11915.484615384616 
45002.30946745562 45030.91301775148 11272.782840236687 11301.386390532545 12466.7 12495.303550295857 
44977.3674556213 45006.06568047337 11279.145562130177 11307.843786982248 12899.178106508876 12927.876331360947 
44463.167455621304 44491.705917159765 11306.037278106509 11334.57573964497 12574.50473372781 12603.043195266273 
44492.77278106509 44521.16627218935 11072.080473372782 11100.473964497041 12428.956213017751 12457.349704142012 
44419.62603550296 44448.117159763315 11244.960355029585 11273.45147928994 12476.874556213017 12505.365680473373 
44834.68224852071 44863.32130177515 11227.173372781064 11255.812426035503 12372.3449704142 12400.98402366864 
44650.29526627219 44678.64142011834 11380.842603550296 11409.18875739645 12358.372189349113 12386.718343195267 
44132.04023668639 44160.39230769231 11295.50473372781 11323.856804733728 12109.549112426035 12137.901183431954 
44533.465680473375 44561.6875739645 11150.965680473373 11179.187573964497 12140.17573964497 12168.397633136095 
44992.94378698225 45021.42899408284 11429.934911242604 11458.420118343196 12525.878698224851 12554.363905325445 
44783.03609467456 44811.30828402367 11145.580473372782 11173.852662721894 12156.52721893491 12184.799408284023 
44875.16449704142 44903.83017751479 11389.631952662721 11418.297633136095 12346.347928994082 12375.013609467456 
44480.21538461538 44508.65917159763 11249.449112426035 11277.892899408283 12469.085207100592 12497.52899408284 
43927.47692307692 43955.459171597635 11046.373372781065 11074.355621301775 12024.110059171597 12052.092307692308 
44669.313017751476 44697.73017751479 11158.570414201184 11186.987573964498 12068.709467455621 12097.126627218935 
44671.42899408284 44700.23372781065 11050.538461538461 11079.343195266272 12114.849112426036 12143.653846153846 
44807.89349112426 44836.21597633136 11178.825443786982 11207.147928994083 12681.650887573964 12709.973372781065 
44512.39940828402 44541.008875739644 11150.816568047338 11179.426035502958 12048.565088757396 12077.174556213018 
44706.66923076923 44734.99171597633 11181.447337278107 11209.769822485207 12343.255029585798 12371.5775147929 
