245.28571428571428 274.92857142857144 67.7 97.34285714285714 73.35714285714286 103.0 
246.0 274.64285714285717 54.371428571428574 83.01428571428572 58.042857142857144 86.68571428571428 
350.6714285714286 381.24285714285713 61.885714285714286 92.45714285714286 57.65714285714286 88.22857142857143 
215.04285714285714 242.68571428571428 63.77142857142857 91.41428571428571 67.95714285714286 95.6 
351.8857142857143 381.6714285714286 68.45714285714286 98.24285714285715 75.92857142857143 105.71428571428571 
561.0571428571428 590.7714285714286 65.54285714285714 95.25714285714285 70.68571428571428 100.4 
187.45714285714286 214.6 63.91428571428571 91.05714285714286 56.4 83.54285714285714 
317.1714285714286 345.0285714285714 75.17142857142858 103.02857142857142 68.55714285714286 96.41428571428571 
164.75714285714287 191.11428571428573 54.82857142857143 81.18571428571428 74.17142857142858 100.52857142857142 
142.4142857142857 170.05714285714285 68.32857142857142 95.97142857142858 65.12857142857143 92.77142857142857 
302.6857142857143 332.04285714285714 68.8 98.15714285714286 68.08571428571429 97.44285714285714 
431.6 461.8142857142857 64.64285714285714 94.85714285714286 68.34285714285714 98.55714285714286 
367.8285714285714 397.1857142857143 64.82857142857142 94.18571428571428 68.27142857142857 97.62857142857143 
258.9 286.1142857142857 68.4 95.61428571428571 75.11428571428571 102.32857142857142 
419.8 447.22857142857146 59.74285714285714 87.17142857142858 66.85714285714286 94.28571428571429 
575.2 607.3428571428572 61.92857142857143 94.07142857142857 84.07142857142857 116.21428571428571 
287.54285714285714 314.6142857142857 70.21428571428571 97.28571428571429 58.15714285714286 85.22857142857143 
265.35714285714283 293.7857142857143 67.45714285714286 95.88571428571429 69.42857142857143 97.85714285714286 
550.1428571428571 581.2142857142857 65.0 96.07142857142857 78.82857142857142 109.9 
226.72857142857143 254.65714285714284 72.91428571428571 100.84285714285714 71.08571428571429 99.01428571428572 
399.87142857142857 428.4428571428571 60.72857142857143 89.3 70.78571428571429 99.35714285714286 
424.8142857142857 454.1714285714286 69.38571428571429 98.74285714285715 82.92857142857143 112.28571428571429 
281.25714285714287 307.6857142857143 63.542857142857144 89.97142857142858 68.88571428571429 95.31428571428572 
468.77142857142854 496.84285714285716 60.44285714285714 88.51428571428572 84.77142857142857 112.84285714285714 
316.0571428571429 344.77142857142854 69.1 97.81428571428572 75.97142857142858 104.68571428571428 
344.6142857142857 370.9 63.47142857142857 89.75714285714285 72.14285714285714 98.42857142857143 
362.24285714285713 391.5285714285714 59.22857142857143 88.51428571428572 62.857142857142854 92.14285714285714 
247.67142857142858 273.6714285714286 66.31428571428572 92.31428571428572 76.47142857142858 102.47142857142858 
175.15714285714284 201.37142857142857 64.91428571428571 91.12857142857143 60.114285714285714 86.32857142857142 
190.02857142857144 217.02857142857144 70.88571428571429 97.88571428571429 71.31428571428572 98.31428571428572 
354.6 382.8142857142857 66.17142857142858 94.38571428571429 84.17142857142858 112.38571428571429 
256.98571428571427 284.77142857142854 66.62857142857143 94.41428571428571 60.97142857142857 88.75714285714285 
331.9714285714286 361.04285714285714 51.41428571428571 80.48571428571428 55.98571428571429 85.05714285714286 
329.9714285714286 362.1142857142857 60.84285714285714 92.98571428571428 69.1 101.24285714285715 
204.07142857142858 231.21428571428572 66.61428571428571 93.75714285714285 62.44285714285714 89.58571428571429 
463.9142857142857 493.2 67.44285714285714 96.72857142857143 105.84285714285714 135.12857142857143 
488.65714285714284 518.2285714285714 66.47142857142858 96.04285714285714 76.97142857142858 106.54285714285714 
217.05714285714285 243.9857142857143 60.47142857142857 87.4 64.2 91.12857142857143 
344.8285714285714 375.1142857142857 67.61428571428571 97.9 68.18571428571428 98.47142857142858 
136.57142857142858 162.64285714285714 65.91428571428571 91.98571428571428 57.67142857142857 83.74285714285715 
131.32857142857142 156.47142857142856 54.52857142857143 79.67142857142858 58.81428571428572 83.95714285714286 
259.2142857142857 285.5 68.95714285714286 95.24285714285715 66.88571428571429 93.17142857142858 
212.11428571428573 237.32857142857142 60.142857142857146 85.35714285714286 50.77142857142857 75.98571428571428 
262.15714285714284 292.51428571428573 58.81428571428572 89.17142857142858 68.28571428571429 98.64285714285714 
332.5 362.7142857142857 69.14285714285714 99.35714285714286 70.54285714285714 100.75714285714285 
389.8142857142857 420.24285714285713 66.52857142857142 96.95714285714286 86.25714285714285 116.68571428571428 
290.0285714285714 318.8857142857143 67.81428571428572 96.67142857142858 81.28571428571429 110.14285714285714 
530.3285714285714 557.6142857142858 65.54285714285714 92.82857142857142 91.48571428571428 118.77142857142857 
409.25714285714287 437.9714285714286 67.04285714285714 95.75714285714285 61.82857142857143 90.54285714285714 
374.22857142857146 403.15714285714284 73.04285714285714 101.97142857142858 71.0 99.92857142857143 
