41611.80372670807 41639.45279503106 10511.260248447205 10538.909316770187 11064.48695652174 11092.13602484472 
42791.84409937888 42820.63602484472 10527.291304347826 10556.083229813665 11641.9 11670.691925465839 
42717.14037267081 42745.61552795031 10395.944720496895 10424.419875776397 11763.08447204969 11791.559627329192 
41862.07080745342 41890.03354037267 10468.580124223603 10496.542857142857 11482.288198757764 11510.25093167702 
41945.24968944099 41973.73416149068 10736.43291925466 10764.917391304349 11782.56645962733 11811.050931677019 
42413.421118012426 42441.63229813665 10728.983229813664 10757.194409937889 11747.203726708074 11775.414906832299 
41319.76894409938 41347.83105590062 10379.213043478261 10407.275155279503 11431.607453416149 11459.669565217391 
42767.50310559006 42796.108695652176 10612.965838509317 10641.57142857143 11630.627329192546 11659.232919254659 
42602.18385093168 42630.67453416149 10741.267701863355 10769.758385093168 11317.314285714287 11345.8049689441 
42648.68447204969 42677.044720496895 10375.09751552795 10403.457763975155 11220.752795031056 11249.11304347826 
42024.193167701866 42052.51304347826 10576.106211180124 10604.426086956522 11360.913664596274 11389.23354037267 
42653.885714285716 42682.39192546584 10618.239751552795 10646.745962732919 11909.059627329192 11937.565838509317 
42574.060248447204 42602.2248447205 10410.342857142858 10438.507453416149 11480.917391304349 11509.08198757764 
41922.16086956522 41950.52732919255 10829.75093167702 10858.117391304348 11560.949689440993 11589.316149068323 
42331.61801242236 42359.98757763975 10261.158385093167 10289.52795031056 12024.003105590062 12052.372670807454 
42283.718633540375 42312.10683229814 10656.339751552796 10684.727950310558 11828.06645962733 11856.454658385093 
42090.29378881988 42118.80621118013 10769.259627329193 10797.772049689442 12111.480124223603 12139.992546583851 
42361.25341614907 42389.34968944099 10402.93354037267 10431.029813664596 11452.706832298136 11480.803105590063 
43286.26335403727 43314.95279503106 10447.50248447205 10476.191925465839 11478.580124223603 11507.269565217392 
42345.208695652174 42373.671428571426 10540.842236024844 10569.3049689441 11230.966459627329 11259.429192546584 
43274.757763975154 43303.57453416149 10663.919254658385 10692.73602484472 11446.447204968945 11475.26397515528 
42264.59751552795 42292.662732919256 10582.072670807453 10610.137888198758 11724.311801242236 11752.37701863354 
42103.46459627329 42132.0049689441 10638.728571428572 10667.268944099378 11327.576397515528 11356.116770186336 
43217.52732919255 43246.26956521739 10704.20745341615 10732.949689440993 11853.421739130436 11882.16397515528 
41625.793167701864 41653.70621118012 10612.172049689441 10640.085093167701 11268.650310559005 11296.563354037267 
42232.65093167702 42261.39316770186 10511.542236024845 10540.284472049689 12525.129192546583 12553.871428571429 
42165.19378881987 42193.30869565217 10529.386335403728 10557.501242236025 11854.665838509316 11882.780745341615 
43210.563354037266 43239.2 10798.165838509316 10826.80248447205 11551.507453416149 11580.144099378882 
42333.3149068323 42361.196894409935 10218.305590062111 10246.187577639752 11550.203105590062 11578.085093167701 
41955.07639751553 41983.247204968946 10303.840372670807 10332.011180124224 11585.194409937889 11613.365217391305 
41710.70621118012 41738.69378881987 10293.886335403728 10321.873913043479 11574.991925465838 11602.97950310559 
41955.198136645966 41983.37204968944 10645.505590062112 10673.67950310559 11523.825465838509 11551.999378881988 
42745.49316770186 42773.90310559006 10409.381366459627 10437.791304347826 11743.288198757764 11771.698136645962 
42323.59689440994 42351.95714285714 10763.870186335404 10792.230434782608 12023.01304347826 12051.373291925465 
42096.13664596273 42124.27950310559 10544.636645962733 10572.77950310559 11740.937888198758 11769.080745341615 
42069.6 42097.91366459627 10638.134161490683 10666.447826086956 11889.444720496895 11917.758385093168 
42938.02546583851 42966.534782608695 10653.165217391304 10681.674534161491 11383.522360248448 11412.031677018633 
42058.791304347826 42087.139130434785 10730.483850931678 10758.831677018634 11692.064596273292 11720.412422360248 
42947.63291925466 42976.03043478261 10655.483850931678 10683.881366459627 11487.968322981367 11516.365838509317 
42507.53602484472 42535.54223602484 10556.803105590063 10584.809316770186 11487.69751552795 11515.703726708074 
43063.2801242236 43092.02857142857 10882.370186335404 10911.118633540373 11449.559627329192 11478.308074534161 
42382.12049689441 42410.191925465835 10545.114285714286 10573.185714285713 11233.729192546583 11261.800621118013 
42121.51863354037 42149.40062111801 10608.82298136646 10636.7049689441 11179.170807453416 11207.052795031055 
42426.22422360248 42454.43540372671 10308.61242236025 10336.823602484472 11274.509937888199 11302.721118012423 
42250.688198757765 42279.01739130435 10668.032919254658 10696.362111801242 11732.526708074534 11760.855900621118 
42748.36956521739 42777.1552795031 10674.944099378881 10703.729813664597 11611.742236024846 11640.52795031056 
43246.25714285715 43274.946583850935 10557.055279503105 10585.744720496894 11561.176397515528 11589.865838509317 
42098.93602484472 42127.18447204969 10509.243478260869 10537.491925465838 11291.749689440994 11319.998136645963 
42195.2 42223.544720496895 10663.985714285714 10692.330434782609 11622.908074534162 11651.252795031056 
43237.28881987578 43265.90683229814 10744.5 10773.118012422361 11384.5 11413.118012422361 
