26593.799033816424 26622.412560386474 6195.2 6223.813526570048 6824.6251207729465 6853.238647342995 
26446.43768115942 26474.50531400966 5867.655072463768 5895.7227053140095 6470.114009661836 6498.181642512077 
26601.87729468599 26630.48115942029 6125.519806763285 6154.123671497585 6830.6357487922705 6859.23961352657 
26845.83188405797 26874.397101449274 6044.740096618358 6073.305314009662 7025.691787439613 7054.257004830918 
26255.73816425121 26283.955555555556 6091.351690821256 6119.569082125604 6759.037681159421 6787.255072463769 
26265.47342995169 26293.6038647343 6099.961352657005 6128.091787439614 6952.16425120773 6980.294685990338 
26606.242512077293 26634.885024154588 6157.353623188405 6185.9961352657 6873.686956521739 6902.329468599034 
26118.523671497584 26146.523671497584 6065.533333333334 6093.533333333334 6767.166183574879 6795.166183574879 
26844.80966183575 26873.75652173913 6013.809661835749 6042.75652173913 6804.862801932367 6833.809661835749 
26362.591304347825 26391.030917874396 6028.7410628019325 6057.180676328502 6923.736231884058 6952.175845410628 
26865.063768115942 26894.04927536232 6296.199033816425 6325.184541062802 7090.595169082126 7119.580676328503 
26369.694685990336 26397.941062801932 6074.177777777778 6102.424154589372 6895.380676328502 6923.627053140097 
26024.719806763285 26052.9806763285 5982.265700483092 6010.52657004831 6856.685990338165 6884.946859903382 
26668.101449275364 26696.415458937197 6136.536231884058 6164.850241545893 6699.942028985507 6728.256038647343 
26548.749758454105 26577.112077294685 6183.150724637681 6211.51304347826 6167.981642512077 6196.343961352657 
26409.147826086955 26437.109178743962 5879.55845410628 5907.519806763285 6804.6212560386475 6832.582608695652 
26549.517874396137 26577.942995169084 6109.223188405797 6137.648309178744 6897.348792270532 6925.773913043478 
26649.979710144926 26678.689855072465 6188.989371980676 6217.699516908213 6893.143961352657 6921.854106280193 
26715.532367149757 26743.82222222222 6194.991304347826 6223.281159420289 7106.503381642512 7134.793236714976 
26610.6038647343 26639.00966183575 6223.657004830918 6252.062801932367 6843.980676328502 6872.386473429951 
27137.894685990337 27166.72077294686 6118.986473429952 6147.812560386474 7002.575845410628 7031.40193236715 
27007.144927536232 27036.00966183575 6342.782608695652 6371.647342995169 6761.922705314009 6790.787439613527 
27001.373913043477 27030.393236714976 6293.6106280193235 6322.629951690821 6755.591304347826 6784.6106280193235 
27256.04734299517 27284.62222222222 6241.501449275363 6270.076328502416 7084.7961352657 7113.371014492754 
26454.824154589372 26483.002898550723 6086.128502415459 6114.307246376811 6417.737198067633 6445.915942028985 
25978.217391304348 26006.236714975847 6408.719806763285 6436.739130434783 6459.314009661835 6487.333333333333 
26383.23768115942 26411.36811594203 6240.942995169082 6269.073429951691 6741.377777777778 6769.508212560387 
26448.31111111111 26476.620289855073 6340.209661835749 6368.51884057971 7366.093719806763 7394.402898550725 
26216.48888888889 26244.561352657005 6026.339130434782 6054.411594202898 6643.798067632851 6671.870531400966 
26708.83188405797 26737.141062801933 6332.812560386474 6361.121739130434 6815.802898550724 6844.112077294686 
26322.749758454105 26350.740096618356 6208.711111111111 6236.701449275362 7140.84154589372 7168.831884057971 
26510.12270531401 26537.75072463768 6184.692753623189 6212.3207729468595 6950.6106280193235 6978.238647342995 
26778.942995169084 26807.23768115942 6156.319806763285 6184.614492753623 7019.88502415459 7048.179710144927 
26953.933333333334 26982.715942028986 6182.295652173913 6211.078260869565 6516.933333333333 6545.715942028985 
26939.161352657004 26967.306280193236 6068.253140096618 6096.39806763285 7322.296618357488 7350.44154589372 
25961.813526570048 25989.75072463768 6077.649275362319 6105.586473429952 6997.721739130435 7025.658937198067 
26798.030917874396 26826.538164251207 6336.948792270531 6365.456038647343 6823.658937198067 6852.166183574879 
26895.527536231883 26924.551690821256 6260.208695652174 6289.232850241546 6897.628985507246 6926.653140096619 
26282.755555555555 26310.456038647342 6281.9729468599035 6309.673429951691 7037.63961352657 7065.340096618357 
26298.732367149758 26326.862801932366 5936.7806763285025 5964.9111111111115 6427.790338164251 6455.92077294686 
26501.457004830918 26529.331400966184 6111.645410628019 6139.519806763285 7129.104347826087 7156.978743961353 
26759.777777777777 26788.169082125605 6353.792270531401 6382.183574879227 7162.971014492754 7191.36231884058 
26757.866666666665 26786.248309178744 6017.953623188406 6046.335265700483 7109.71690821256 7138.098550724638 
27014.369082125602 27042.977777777778 6117.2338164251205 6145.8425120772945 6749.687922705314 6778.296618357488 
26113.216425120772 26140.834782608697 6180.177777777778 6207.7961352657 6437.858937198068 6465.47729468599 
26672.804830917874 26701.370048309178 6111.4763285024155 6140.04154589372 6632.87729468599 6661.442512077295 
26434.22608695652 26462.4 6229.404830917874 6257.578743961352 6776.482125603865 6804.656038647343 
26256.84541062802 26285.09661835749 6298.367149758454 6326.618357487922 6765.101449275362 6793.352657004831 
26752.858937198067 26780.87342995169 6369.08115942029 6397.095652173913 6828.612560386473 6856.627053140097 
26195.12270531401 26223.296618357486 6262.702415458937 6290.876328502415 6961.011594202899 6989.185507246377 
