1017.9238095238095 1044.6380952380953 75.11428571428571 101.82857142857142 88.1047619047619 114.81904761904762 
1048.8666666666666 1075.9619047619049 78.06666666666666 105.16190476190476 94.33333333333333 121.42857142857143 
1367.1619047619047 1395.9238095238095 84.01904761904763 112.78095238095239 108.77142857142857 137.53333333333333 
1215.5333333333333 1244.3428571428572 81.56190476190476 110.37142857142857 106.22857142857143 135.03809523809525 
1090.2761904761905 1117.3714285714286 73.08571428571429 100.18095238095238 109.66666666666667 136.76190476190476 
1053.3238095238096 1080.895238095238 73.75238095238095 101.32380952380953 125.72380952380952 153.2952380952381 
1466.6571428571428 1497.1333333333334 80.41904761904762 110.8952380952381 95.0 125.47619047619048 
1011.1238095238095 1039.0761904761905 87.64761904761905 115.6 101.85714285714286 129.8095238095238 
1315.3809523809523 1346.904761904762 81.76190476190476 113.28571428571429 90.08571428571429 121.60952380952381 
974.6 1003.4571428571429 80.55238095238096 109.4095238095238 98.62857142857143 127.48571428571428 
1249.4095238095238 1278.7428571428572 81.06666666666666 110.4 125.4 154.73333333333332 
1060.647619047619 1090.1714285714286 80.4095238095238 109.93333333333334 105.85714285714286 135.38095238095238 
1425.647619047619 1455.7904761904763 80.48571428571428 110.62857142857143 113.63809523809523 143.78095238095239 
1150.0190476190476 1177.8761904761905 72.4 100.25714285714285 88.55238095238096 116.4095238095238 
1343.8857142857144 1372.5523809523809 88.4952380952381 117.16190476190476 103.4095238095238 132.07619047619048 
1138.5523809523809 1167.8380952380953 85.02857142857142 114.31428571428572 103.84761904761905 133.13333333333333 
1211.3142857142857 1239.2190476190476 82.6 110.5047619047619 109.56190476190476 137.46666666666667 
1250.4 1280.8761904761905 78.36190476190477 108.83809523809524 101.47619047619048 131.95238095238096 
1101.5333333333333 1129.5333333333333 87.67619047619047 115.67619047619047 127.4952380952381 155.4952380952381 
1253.5714285714287 1281.904761904762 78.20952380952382 106.54285714285714 114.67619047619047 143.0095238095238 
1052.3238095238096 1079.990476190476 85.51428571428572 113.18095238095238 112.79047619047618 140.45714285714286 
1069.990476190476 1098.752380952381 83.65714285714286 112.41904761904762 103.1047619047619 131.86666666666667 
1443.104761904762 1472.9619047619049 76.48571428571428 106.34285714285714 103.32380952380953 133.1809523809524 
1106.2285714285715 1134.6095238095238 77.65714285714286 106.03809523809524 95.84761904761905 124.22857142857143 
1053.942857142857 1080.990476190476 80.68571428571428 107.73333333333333 103.32380952380953 130.37142857142857 
1188.4952380952382 1216.2571428571428 74.72380952380952 102.48571428571428 100.6 128.36190476190475 
1034.0 1062.952380952381 78.04761904761905 107.0 109.12380952380953 138.07619047619048 
1097.2666666666667 1125.5523809523809 87.07619047619048 115.36190476190477 96.14285714285714 124.42857142857143 
1192.2 1222.057142857143 72.48571428571428 102.34285714285714 88.72380952380952 118.58095238095238 
987.9238095238095 1015.5904761904762 107.92380952380952 135.59047619047618 114.99047619047619 142.65714285714284 
1150.695238095238 1180.4095238095238 71.26666666666667 100.98095238095237 102.53333333333333 132.24761904761905 
1146.1809523809525 1175.2761904761905 76.46666666666667 105.56190476190476 101.56190476190476 130.65714285714284 
1212.0190476190476 1241.0190476190476 73.92380952380952 102.92380952380952 106.54285714285714 135.54285714285714 
1016.0 1041.6666666666667 72.95238095238095 98.61904761904762 94.42857142857143 120.0952380952381 
849.4857142857143 876.6761904761905 88.94285714285714 116.13333333333334 108.88571428571429 136.07619047619048 
942.0952380952381 969.7142857142857 78.04761904761905 105.66666666666667 108.4952380952381 136.11428571428573 
1209.3904761904762 1237.5809523809523 76.67619047619047 104.86666666666666 88.23809523809524 116.42857142857143 
1076.8285714285714 1104.0190476190476 74.35238095238095 101.54285714285714 79.6952380952381 106.88571428571429 
966.5142857142857 994.6095238095238 85.56190476190476 113.65714285714286 86.72380952380952 114.81904761904762 
1257.9238095238095 1286.8761904761905 74.63809523809523 103.5904761904762 105.79047619047618 134.74285714285713 
1222.3333333333333 1251.3809523809523 71.71428571428571 100.76190476190476 100.0952380952381 129.14285714285714 
1237.9333333333334 1267.5047619047618 72.83809523809524 102.4095238095238 88.44761904761904 118.01904761904763 
1337.7333333333333 1366.6380952380953 80.20952380952382 109.11428571428571 86.93333333333334 115.83809523809524 
867.6952380952381 894.0761904761905 72.88571428571429 99.26666666666667 101.44761904761904 127.82857142857142 
899.6285714285714 925.8190476190476 89.2 115.39047619047619 99.36190476190477 125.55238095238096 
1059.9238095238095 1089.4476190476191 71.87619047619047 101.4 91.96190476190476 121.48571428571428 
1149.0 1176.7619047619048 86.00952380952381 113.77142857142857 100.33333333333333 128.0952380952381 
1245.7333333333333 1274.1142857142856 79.45714285714286 107.83809523809524 106.88571428571429 135.26666666666668 
1082.4571428571428 1110.695238095238 80.79047619047618 109.02857142857142 84.75238095238095 112.99047619047619 
1298.952380952381 1329.2380952380952 93.0952380952381 123.38095238095238 99.73333333333333 130.01904761904763 
