33265.378039215684 33294.005490196076 8006.134901960784 8034.762352941177 8764.723137254901 8793.350588235295 
33222.62039215686 33251.23607843137 8184.306666666666 8212.922352941176 8926.483137254902 8955.098823529412 
33534.34274509804 33563.068235294115 8097.052549019608 8125.7780392156865 8973.154509803922 9001.88 
33965.57647058823 33994.34901960784 8269.67843137255 8298.450980392157 9210.866666666667 9239.639215686275 
33384.00078431373 33412.27137254902 8062.781176470588 8091.051764705882 8662.867450980391 8691.138039215686 
33464.810980392154 33493.39921568627 7949.767843137255 7978.356078431372 9410.77568627451 9439.363921568627 
33153.656470588234 33182.42117647059 8214.029019607844 8242.793725490195 8700.248627450981 8729.013333333334 
33590.47529411765 33619.05176470588 8015.098823529412 8043.675294117647 8798.314509803922 8826.890980392156 
33367.71529411765 33396.30745098039 8208.413333333334 8237.00549019608 8549.617254901961 8578.209411764707 
33053.367843137254 33081.767843137255 8191.96 8220.36 8697.505098039215 8725.905098039215 
33316.16235294117 33344.789803921565 8015.268235294117 8043.89568627451 8898.166274509804 8926.793725490195 
33229.07294117647 33257.13176470588 7951.7043137254905 7979.763137254902 8651.421960784313 8679.480784313726 
33270.95607843137 33299.11294117647 7714.061960784314 7742.218823529412 8506.018823529412 8534.17568627451 
33258.590588235296 33286.97098039216 8121.394509803921 8149.7749019607845 9133.18274509804 9161.563137254901 
32592.920784313726 32621.23843137255 7943.599215686275 7971.916862745098 8443.16 8471.477647058824 
32712.23294117647 32740.57019607843 8217.334901960785 8245.672156862745 8712.950588235293 8741.287843137256 
33229.99215686275 33258.10980392157 8273.160784313726 8301.27843137255 8942.913725490196 8971.03137254902 
33594.212549019605 33622.467450980395 7936.032156862745 7964.287058823529 8588.090980392157 8616.345882352942 
33526.97803921568 33555.47215686274 8060.860392156863 8089.354509803921 9093.29568627451 9121.789803921569 
33335.03843137255 33363.38745098039 8196.803137254901 8225.152156862745 8940.587450980393 8968.936470588234 
33642.706666666665 33671.02431372549 8102.279215686274 8130.596862745098 8948.114509803921 8976.432156862746 
33254.15137254902 33282.26117647059 8212.778823529412 8240.88862745098 8834.563137254901 8862.67294117647 
32834.378039215684 32862.57019607843 7950.123137254902 7978.315294117647 8608.397647058824 8636.589803921568 
33062.200784313725 33090.58509803921 8303.251764705883 8331.636078431373 9108.314509803922 9136.698823529412 
32676.816470588234 32705.122352941176 8060.200784313725 8088.506666666667 8739.047843137256 8767.353725490197 
33629.90666666667 33658.24 8020.177254901961 8048.510588235295 8520.357647058823 8548.690980392157 
33081.0337254902 33108.943529411765 8025.716078431373 8053.6258823529415 8661.202352941176 8689.112156862746 
33346.53725490196 33374.81568627451 8051.070588235294 8079.349019607843 8654.549019607843 8682.827450980392 
32515.853333333333 32543.955294117648 8049.3003921568625 8077.402352941176 8835.127843137256 8863.22980392157 
33801.51294117647 33830.16784313726 7995.022745098039 8023.677647058824 8819.72862745098 8848.383529411765 
33308.90823529412 33337.355294117646 8212.170980392157 8240.618039215686 8949.916078431372 8978.363137254903 
33779.32705882353 33807.993725490196 7990.970196078431 8019.636862745098 8358.29568627451 8386.962352941177 
33084.49254901961 33112.55529411765 8022.080784313725 8050.143529411765 8949.053333333333 8977.116078431372 
33543.275294117644 33571.23607843137 8096.569411764706 8124.530196078432 8896.651764705883 8924.612549019608 
34056.05411764706 34085.065882352945 7962.469803921568 7991.4815686274505 8798.136470588235 8827.148235294118 
33663.20392156863 33691.79215686274 7945.345098039215 7973.933333333333 9244.439215686274 9273.027450980393 
33365.407843137255 33393.73333333333 8070.698039215687 8099.023529411765 8776.925490196078 8805.250980392157 
33415.902745098036 33444.63607843137 8051.090980392157 8079.82431372549 8954.628235294118 8983.361568627452 
33320.33019607843 33348.74588235294 7733.557647058824 7761.973333333333 9128.875294117646 9157.290980392158 
33103.01019607843 33131.21803921569 8142.131764705882 8170.339607843137 8851.67294117647 8879.880784313726 
33223.04156862745 33251.42980392157 8442.653333333334 8471.041568627452 8628.465098039216 8656.853333333333 
33275.2062745098 33303.92 7912.939607843137 7941.653333333334 8839.97882352941 8868.692549019608 
32606.80862745098 32634.74588235294 8170.761568627451 8198.698823529412 8849.361568627452 8877.298823529412 
34145.51137254902 34174.49176470588 8220.550588235294 8249.530980392157 9225.883921568628 9254.86431372549 
33711.560784313726 33740.180392156864 7973.549019607844 8002.16862745098 8713.603921568627 8742.223529411765 
33342.33019607843 33370.80862745098 8120.200784313725 8148.679215686275 8945.894901960784 8974.373333333333 
33590.80862745098 33619.57725490196 8155.189019607843 8183.957647058824 8514.24 8543.008627450981 
33071.65803921568 33099.830588235294 8173.461960784313 8201.634509803922 8621.309019607843 8649.48156862745 
33534.29098039216 33562.58509803921 8027.0713725490195 8055.365490196078 8583.557647058824 8611.851764705882 
33131.30274509804 33159.73411764706 7820.322352941176 7848.753725490196 9009.769411764706 9038.200784313725 
