2173.8758620689655 2200.7034482758622 105.80689655172414 132.6344827586207 165.64137931034483 192.46896551724137 
2473.096551724138 2501.441379310345 92.02758620689656 120.37241379310345 141.2 169.5448275862069 
2327.1655172413793 2355.8206896551724 102.57931034482759 131.2344827586207 170.37241379310345 199.02758620689656 
2237.496551724138 2265.151724137931 97.18620689655172 124.84137931034483 172.42758620689656 200.08275862068965 
2115.0344827586205 2143.551724137931 107.51724137931035 136.0344827586207 141.86206896551724 170.3793103448276 
2127.3793103448274 2154.2758620689656 111.20689655172414 138.10344827586206 165.82758620689654 192.72413793103448 
2291.255172413793 2319.5310344827585 93.77241379310345 122.04827586206896 146.94482758620688 175.2206896551724 
2072.503448275862 2100.5724137931034 109.26206896551724 137.3310344827586 141.57241379310344 169.64137931034483 
2445.2 2474.1310344827584 137.2 166.13103448275862 175.16551724137932 204.09655172413792 
2314.3379310344826 2342.3724137931035 96.37241379310345 124.40689655172413 131.06206896551726 159.09655172413792 
2383.7241379310344 2412.3793103448274 100.82758620689656 129.48275862068965 140.24137931034483 168.89655172413794 
2274.979310344828 2304.0482758620687 105.2551724137931 134.32413793103447 146.39310344827587 175.46206896551723 
2266.731034482759 2296.006896551724 96.97241379310344 126.24827586206897 158.0758620689655 187.35172413793103 
2202.4827586206898 2230.0344827586205 103.86206896551724 131.41379310344828 146.44827586206895 174.0 
2164.213793103448 2192.351724137931 111.53103448275863 139.6689655172414 148.5241379310345 176.66206896551725 
2320.3793103448274 2348.5172413793102 113.17241379310344 141.31034482758622 190.89655172413794 219.0344827586207 
2118.88275862069 2147.0896551724136 93.36551724137931 121.57241379310345 136.98620689655172 165.19310344827585 
2266.3793103448274 2294.344827586207 104.44827586206897 132.41379310344828 184.20689655172413 212.17241379310346 
2257.193103448276 2285.4689655172415 106.50344827586207 134.7793103448276 171.02068965517242 199.29655172413794 
2273.1862068965515 2300.3586206896553 93.03448275862068 120.20689655172414 129.97931034482758 157.15172413793104 
2045.096551724138 2073.6827586206896 98.33793103448276 126.92413793103448 151.7103448275862 180.29655172413794 
2014.4758620689656 2042.441379310345 94.54482758620689 122.51034482758621 140.75862068965517 168.72413793103448 
2297.041379310345 2325.1793103448276 102.76551724137931 130.90344827586208 166.8 194.93793103448274 
2124.841379310345 2152.7724137931036 104.35862068965517 132.2896551724138 141.68965517241378 169.6206896551724 
2101.2758620689656 2129.103448275862 106.58620689655173 134.41379310344828 144.41379310344828 172.24137931034483 
2210.11724137931 2237.634482758621 119.63448275862069 147.15172413793104 169.6 197.11724137931034 
2197.11724137931 2224.7034482758622 97.63448275862069 125.22068965517241 144.2551724137931 171.84137931034482 
2161.137931034483 2190.448275862069 105.19310344827586 134.50344827586207 140.06896551724137 169.3793103448276 
2294.041379310345 2322.4206896551723 98.4 126.77931034482759 143.73103448275862 172.1103448275862 
2232.3310344827587 2259.503448275862 90.36551724137931 117.53793103448275 127.53793103448275 154.7103448275862 
2169.593103448276 2197.6275862068965 104.17931034482758 132.21379310344827 138.93793103448274 166.97241379310344 
1973.6965517241379 2000.4551724137932 104.69655172413793 131.4551724137931 160.83448275862068 187.59310344827585 
2292.4 2319.537931034483 85.67586206896551 112.81379310344828 144.02068965517242 171.15862068965518 
2542.862068965517 2571.4137931034484 88.79310344827586 117.34482758620689 152.9655172413793 181.51724137931035 
2316.896551724138 2345.689655172414 108.3103448275862 137.10344827586206 144.6551724137931 173.44827586206895 
2291.544827586207 2320.786206896552 103.95862068965518 133.2 133.16551724137932 162.40689655172415 
2084.0896551724136 2113.0896551724136 116.84827586206896 145.84827586206896 152.08275862068965 181.08275862068965 
2330.2 2357.7172413793105 98.54482758620689 126.06206896551724 185.5448275862069 213.06206896551726 
2126.8758620689655 2156.289655172414 114.97931034482758 144.39310344827587 161.79310344827587 191.20689655172413 
2365.8275862068967 2395.3793103448274 96.27586206896552 125.82758620689656 130.06206896551726 159.61379310344827 
2165.7379310344827 2194.11724137931 112.04827586206896 140.42758620689656 148.11724137931034 176.49655172413793 
2184.655172413793 2212.793103448276 109.3103448275862 137.44827586206895 166.3448275862069 194.48275862068965 
2279.958620689655 2310.4758620689654 98.37241379310345 128.8896551724138 155.30344827586208 185.8206896551724 
2340.7586206896553 2369.655172413793 91.27586206896552 120.17241379310344 183.13793103448276 212.0344827586207 
2139.1793103448276 2167.8 105.93793103448276 134.55862068965519 174.2206896551724 202.84137931034482 
2202.5172413793102 2230.9310344827586 100.86206896551724 129.27586206896552 180.75862068965517 209.17241379310346 
2325.4 2353.9862068965517 98.26206896551724 126.84827586206896 173.22758620689655 201.81379310344826 
2298.1310344827584 2325.268965517241 97.61379310344827 124.75172413793103 175.5448275862069 202.68275862068967 
2367.544827586207 2395.4758620689654 104.40689655172413 132.33793103448275 155.78620689655173 183.71724137931034 
2128.4275862068966 2156.3931034482757 101.46206896551725 129.42758620689656 149.6344827586207 177.6 
