23128.06775956284 23156.51038251366 5346.187978142077 5374.6306010928965 6002.903825136612 6031.346448087432 
23321.263387978142 23349.94644808743 5497.050273224044 5525.733333333334 5640.853551912568 5669.536612021858 
23336.751912568307 23365.019672131148 5416.429508196721 5444.697267759563 5510.123497267759 5538.391256830601 
22944.911475409837 22972.74207650273 5119.654644808743 5147.485245901639 5765.102732240437 5792.933333333333 
23527.35519125683 23555.573770491803 5125.96174863388 5154.180327868852 5701.939890710382 5730.158469945355 
23185.360655737706 23213.29508196721 5373.48087431694 5401.415300546448 5526.513661202186 5554.448087431694 
23254.0131147541 23282.122404371585 5142.4284153005465 5170.537704918032 5573.264480874317 5601.373770491803 
23292.1868852459 23321.22513661202 5260.43825136612 5289.47650273224 5888.093989071038 5917.1322404371585 
22764.4087431694 22792.507103825137 5040.56174863388 5068.660109289617 5564.545355191257 5592.643715846994 
23572.26994535519 23601.57049180328 5356.034972677596 5385.335519125683 5921.1387978142075 5950.439344262295 
23213.194535519127 23242.112568306013 5398.287431693989 5427.205464480874 6161.407650273224 6190.325683060109 
22906.016393442624 22934.185792349726 5053.781420765027 5081.950819672131 5769.704918032787 5797.87431693989 
22942.592349726776 22970.592349726776 5293.55956284153 5321.55956284153 6011.187978142077 6039.187978142077 
23131.859016393442 23160.21967213115 5278.990163934426 5307.350819672131 5688.170491803278 5716.5311475409835 
23379.706010928963 23407.864480874316 5207.186885245902 5235.345355191257 5716.727868852459 5744.8863387978145 
23331.760655737704 23359.75519125683 5468.061202185792 5496.055737704918 5932.826229508197 5960.8207650273225 
23708.97267759563 23736.956284153006 5252.20218579235 5280.185792349726 5567.88524590164 5595.868852459016 
23424.394535519124 23452.58032786885 5314.432786885246 5342.6185792349725 5995.230601092896 6023.416393442623 
23209.324590163935 23237.821857923496 5428.592349726776 5457.089617486339 5655.067759562841 5683.565027322405 
22948.654644808743 22976.63825136612 5095.518032786886 5123.501639344262 6329.4907103825135 6357.474316939891 
23901.17923497268 23930.35956284153 5246.742076502732 5275.922404371585 5573.261202185792 5602.441530054645 
23097.605464480876 23125.681967213113 5224.895081967213 5252.971584699453 6415.4688524590165 6443.545355191257 
23364.81092896175 23393.54316939891 5309.412021857924 5338.144262295082 5951.832786885246 5980.565027322405 
23208.473224043715 23236.85573770492 5403.784699453552 5432.167213114754 6018.992349726776 6047.374863387978 
23262.73442622951 23291.237158469947 5125.067759562841 5153.570491803279 5790.149726775956 5818.652459016394 
22971.337704918034 22999.53989071038 5288.190163934426 5316.392349726776 5972.818579234972 6001.020765027322 
22957.02513661202 22985.2 5318.030601092896 5346.205464480874 5826.134426229508 5854.309289617487 
23779.94644808743 23808.700546448086 5282.8043715847 5311.558469945355 5804.5092896174865 5833.263387978142 
23892.78469945355 23921.762841530053 5373.773770491804 5402.751912568306 6055.8393442622955 6084.817486338798 
23032.828415300548 23060.642622950818 5211.5497267759565 5239.363934426229 6225.708196721312 6253.522404371584 
23205.938797814208 23234.250273224043 5404.233879781421 5432.545355191257 5962.479781420765 5990.791256830601 
23217.495081967212 23245.844808743168 5343.915846994536 5372.265573770492 6241.052459016393 6269.40218579235 
22887.01530054645 22914.501639344264 5011.7584699453555 5039.244808743169 5520.824043715847 5548.310382513661 
23649.49945355191 23679.084153005464 5393.499453551913 5423.084153005464 5819.646994535519 5849.231693989071 
23330.155191256832 23358.127868852458 4958.149726775956 4986.122404371585 5762.641530054645 5790.614207650273 
23734.41967213115 23763.037158469946 5420.283060109289 5448.900546448088 6037.386885245902 6066.0043715847 
23377.920218579235 23406.43387978142 5346.586885245902 5375.100546448088 6183.401092896175 6211.91475409836 
23001.886338797813 23030.15956284153 5236.328961748633 5264.60218579235 5867.061202185792 5895.334426229509 
24091.879781420765 24120.77049180328 5408.049180327869 5436.939890710382 6090.398907103825 6119.289617486339 
23067.634972677595 23095.72786885246 5152.787978142076 5180.88087431694 6091.465573770492 6119.558469945355 
23483.796721311475 23512.031693989073 5268.709289617486 5296.944262295082 5953.572677595628 5981.807650273224 
23020.50273224044 23049.0 5230.726775956284 5259.224043715847 5720.704918032787 5749.20218579235 
23033.533333333333 23061.773770491804 5159.314754098361 5187.555191256831 6054.434972677595 6082.675409836065 
23236.88306010929 23265.118032786886 5339.6590163934425 5367.893989071038 5728.210928961748 5756.445901639344 
22805.213114754097 22832.666666666668 5171.972677595629 5199.426229508197 5759.459016393443 5786.912568306011 
22835.198907103826 22863.11693989071 5250.953005464481 5278.871038251366 5631.608743169399 5659.526775956284 
23433.992349726777 23462.358469945357 5321.92131147541 5350.287431693989 5694.074316939891 5722.44043715847 
23173.198907103826 23201.36830601093 5167.625136612022 5195.794535519126 5892.887431693989 5921.056830601093 
23070.679781420764 23099.00218579235 5265.942076502733 5294.264480874317 5911.548633879782 5939.871038251366 
23673.632786885246 23701.692896174864 5268.643715846994 5296.703825136612 5550.676502732241 5578.736612021858 
