38984.468227424746 39012.56856187291 9658.862876254181 9686.96321070234 10876.986622073578 10905.08695652174 
39593.1364548495 39621.648160535115 9726.353846153846 9754.865551839464 10553.862207357859 10582.373913043479 
39502.51906354515 39530.927090301004 9694.254849498328 9722.66287625418 11016.736454849499 11045.144481605352 
39492.94448160535 39521.54648829431 9740.703678929765 9769.305685618729 10801.904347826086 10830.50635451505 
39499.72976588629 39528.18795986622 9736.311705685619 9764.769899665553 11031.452173913043 11059.910367892977 
38914.2347826087 38942.34515050167 9614.137792642141 9642.248160535117 10631.66287625418 10659.773244147158 
38939.3872909699 38967.1966555184 9732.270234113712 9760.079598662207 10870.561204013378 10898.370568561873 
39415.34314381271 39443.38662207358 9658.102341137124 9686.145819397992 10471.366555183946 10499.410033444816 
39207.23946488294 39235.43010033445 9754.092307692308 9782.282943143813 10276.59397993311 10304.784615384615 
39049.85819397993 39078.42006688963 9533.553846153845 9562.115719063546 10853.774581939799 10882.3364548495 
39045.62073578595 39074.07224080268 9692.179264214046 9720.63076923077 10380.179264214046 10408.63076923077 
39615.17591973244 39643.677591973246 9971.045484949833 9999.547157190635 10952.316387959867 10980.818060200669 
38937.21070234114 38965.54180602007 9616.555183946488 9644.886287625419 11063.816053511706 11092.147157190635 
38748.94515050167 38776.72107023411 9821.319732441472 9849.095652173914 10642.259531772575 10670.035451505017 
39243.034113712376 39271.341806020064 9643.789966555183 9672.097658862876 10868.46220735786 10896.769899665553 
39311.49498327759 39339.60200668896 9571.809364548495 9599.916387959865 10302.876254180603 10330.983277591973 
38129.280267558526 38157.16655518395 9743.91906354515 9771.80535117057 10795.731772575251 10823.61806020067 
39374.66287625418 39403.26153846154 9705.93043478261 9734.529096989967 10498.070903010033 10526.669565217391 
38818.078260869566 38846.23545150502 9670.215384615385 9698.372575250836 10449.298996655518 10477.45618729097 
38822.38060200669 38850.72173913044 9646.002675585285 9674.34381270903 10713.835451505016 10742.176588628763 
39804.72107023411 39833.202675585286 9873.346488294314 9901.828093645485 10873.727759197325 10902.209364548495 
39313.53311036789 39341.9143812709 9667.432775919733 9695.814046822743 11153.810702341138 11182.191973244147 
39127.90702341137 39156.2983277592 9796.074247491639 9824.465551839465 10641.542474916389 10669.933779264215 
39047.164548494984 39075.47224080268 9656.017391304347 9684.32508361204 10743.783277591972 10772.090969899666 
40085.93043478261 40114.753177257524 9867.595986622073 9896.41872909699 10562.094314381271 10590.917056856188 
39438.74515050167 39467.25685618729 9747.8254180602 9776.33712374582 10504.327090301003 10532.838795986621 
39731.62675585284 39760.078260869566 9680.89431438127 9709.345819397993 10723.54983277592 10752.001337792643 
38833.63745819398 38861.90836120401 9505.2127090301 9533.483612040134 10239.527090301004 10267.797993311036 
39069.440802675585 39097.78528428094 9628.989297658864 9657.333779264214 10279.390635451506 10307.735117056856 
39047.5906354515 39075.634113712375 9582.881605351171 9610.92508361204 10888.463545150502 10916.507023411372 
39036.813377926424 39065.43879598662 9647.716387959867 9676.341806020067 10882.395317725752 10911.020735785953 
39418.91237458194 39447.327090301005 9552.119732441472 9580.534448160535 10393.738461538462 10422.153177257525 
39155.69498327759 39184.34381270903 9914.042809364548 9942.691638795986 10989.330434782609 11017.979264214047 
39241.82608695652 39270.357859531774 9737.94983277592 9766.481605351171 10905.775919732441 10934.307692307691 
39191.43010033445 39219.634113712375 9716.266220735786 9744.470234113713 10231.119063545151 10259.323076923078 
39399.21605351171 39427.53043478261 9548.583946488294 9576.898327759198 10653.145819397992 10681.460200668897 
39475.816722408024 39504.45886287626 9724.763210702342 9753.405351170568 10720.682943143813 10749.32508361204 
39061.836120401334 39089.99665551839 9545.063545150502 9573.224080267559 10708.802675585284 10736.96321070234 
39080.56053511706 39109.16923076923 9631.416722408027 9660.0254180602 10400.577257525083 10429.185953177257 
39986.96321070234 40015.836120401334 9835.829431438127 9864.702341137123 10430.772575250836 10459.645484949833 
39069.26822742475 39097.402006688964 9918.422073578595 9946.55585284281 10598.66287625418 10626.796655518394 
39481.515050167225 39510.19397993311 9760.38795986622 9789.066889632108 10499.491638795987 10528.170568561873 
39270.12976588629 39298.377257525084 9783.795317725753 9812.042809364548 11022.173244147158 11050.420735785952 
39015.14983277592 39043.280267558526 9851.29364548495 9879.424080267558 10803.648160535116 10831.778595317726 
38584.420735785956 38612.69498327759 9709.942474916388 9738.216722408028 10770.965886287626 10799.240133779263 
39524.990635451504 39553.51237458194 9824.097658862876 9852.61939799331 10278.251505016722 10306.773244147158 
39502.79397993311 39531.51638795987 9967.73712374582 9996.459531772576 10931.078260869564 10959.800668896321 
38800.75986622074 38828.99397993311 9645.121070234114 9673.355183946489 10452.428762541806 10480.66287625418 
38572.88428093646 38601.1652173913 9825.814046822743 9854.094983277591 10413.64347826087 10441.924414715719 
39090.094983277595 39118.385953177254 9903.135117056856 9931.426086956522 10675.349163879599 10703.640133779265 
