17238.057971014492 17266.652173913044 3732.8840579710145 3761.478260869565 4100.811594202899 4129.405797101449 
17099.05652173913 17127.68695652174 3505.368115942029 3533.998550724638 4266.839130434782 4295.469565217391 
17305.986956521738 17334.559420289854 3641.6391304347826 3670.2115942028986 4104.320289855073 4132.892753623189 
16737.815942028985 16765.97536231884 3371.902898550725 3400.06231884058 3976.7869565217393 4004.9463768115943 
17325.721739130433 17353.902898550725 3589.366666666667 3617.5478260869563 3793.2 3821.38115942029 
17317.96231884058 17346.042028985506 3540.5782608695654 3568.657971014493 3939.8608695652174 3967.940579710145 
16477.56231884058 16505.42463768116 3479.9101449275363 3507.772463768116 3779.8376811594203 3807.7 
17389.098550724637 17417.64202898551 3413.989855072464 3442.5333333333333 3902.808695652174 3931.3521739130433 
17051.731884057972 17079.644927536232 3590.4347826086955 3618.3478260869565 3758.021739130435 3785.9347826086955 
17518.956521739132 17547.181159420288 3490.3333333333335 3518.557971014493 4008.0 4036.2246376811595 
16873.834782608697 16901.63188405797 3478.682608695652 3506.4797101449276 4122.139130434783 4149.936231884058 
16999.50434782609 17027.707246376813 3442.721739130435 3470.9246376811593 3890.634782608696 3918.8376811594203 
16920.991304347826 16948.839130434782 3701.4695652173914 3729.317391304348 3720.440579710145 3748.2884057971014 
17480.98115942029 17509.84347826087 3408.060869565217 3436.923188405797 3828.763768115942 3857.6260869565217 
16644.727536231883 16672.292753623187 3478.495652173913 3506.060869565217 3842.423188405797 3869.988405797101 
17048.691304347827 17076.676811594203 3514.0028985507247 3541.988405797101 3794.560869565217 3822.546376811594 
17127.2768115942 17155.25507246377 3526.878260869565 3554.8565217391306 4156.131884057971 4184.110144927537 
17424.23043478261 17452.839130434782 3605.3391304347824 3633.9478260869564 3940.723188405797 3969.331884057971 
16843.676811594203 16871.597101449275 3548.8434782608697 3576.763768115942 3958.0536231884057 3985.973913043478 
17098.934782608696 17126.876811594204 3584.195652173913 3612.1376811594205 4077.021739130435 4104.963768115942 
17418.066666666666 17446.197101449274 3603.3855072463766 3631.5159420289856 4115.298550724638 4143.428985507247 
16730.792753623187 16758.510144927535 3547.242028985507 3574.959420289855 3748.3434782608697 3776.060869565217 
17637.734782608695 17666.879710144927 3747.0028985507247 3776.1478260869567 3964.850724637681 3993.995652173913 
17233.759420289854 17262.6 3574.0057971014494 3602.8463768115944 4402.91884057971 4431.759420289855 
17482.03768115942 17511.153623188406 3678.1536231884056 3707.269565217391 4017.4289855072466 4046.544927536232 
16904.872463768115 16932.02463768116 3429.2130434782607 3456.365217391304 3797.3797101449277 3824.531884057971 
17301.520289855074 17330.69420289855 3713.868115942029 3743.0420289855074 4165.01304347826 4194.186956521739 
17021.682608695653 17049.61739130435 3487.878260869565 3515.813043478261 3725.3492753623186 3753.2840579710146 
17027.05217391304 17055.0884057971 3550.740579710145 3578.776811594203 3903.03768115942 3931.073913043478 
16803.901449275363 16832.140579710143 3689.423188405797 3717.6623188405797 4114.002898550724 4142.242028985507 
16787.147826086955 16815.22028985507 3598.3942028985507 3626.4666666666667 3860.814492753623 3888.886956521739 
16919.785507246375 16947.792753623187 3701.763768115942 3729.7710144927537 3910.886956521739 3938.8942028985507 
17485.784057971014 17514.602898550726 3653.110144927536 3681.9289855072466 4203.363768115942 4232.182608695653 
17598.489855072465 17627.171014492753 3530.4101449275363 3559.0913043478263 3980.3159420289853 4008.9971014492753 
16923.846376811594 16952.08550724638 3549.389855072464 3577.6289855072464 4182.788405797101 4211.027536231884 
16581.24927536232 16608.778260869567 3509.836231884058 3537.365217391304 4071.1768115942027 4098.705797101449 
17083.91884057971 17111.752173913042 3605.1507246376814 3632.9840579710144 4201.092753623188 4228.926086956521 
17888.204347826086 17917.08115942029 3739.9434782608696 3768.8202898550726 3867.842028985507 3896.71884057971 
16934.191304347827 16962.39420289855 3599.3072463768117 3627.510144927536 3924.4666666666667 3952.669565217391 
16699.821739130435 16727.626086956523 3583.995652173913 3611.8 3988.995652173913 4016.8 
17360.369565217392 17389.036231884056 3393.2246376811595 3421.891304347826 4008.18115942029 4036.8478260869565 
16825.21884057971 16854.13913043478 3491.9797101449276 3520.9 4161.378260869566 4190.298550724638 
16793.102898550726 16821.44347826087 3498.9942028985506 3527.3347826086956 3951.146376811594 3979.486956521739 
17211.701449275362 17240.339130434782 3496.6144927536234 3525.2521739130434 3875.7014492753624 3904.3391304347824 
16750.214492753625 16777.56231884058 3439.540579710145 3466.8884057971013 4023.098550724638 4050.4463768115943 
16873.915942028987 16901.328985507247 3645.9159420289857 3673.328985507246 4139.988405797101 4167.401449275362 
16989.19420289855 17017.397101449274 3532.244927536232 3560.4478260869564 4299.411594202898 4327.614492753623 
17147.165217391303 17175.440579710146 3772.817391304348 3801.0927536231884 4170.51304347826 4198.788405797101 
17123.83188405797 17151.86811594203 3516.3608695652174 3544.3971014492754 3897.28115942029 3925.317391304348 
17252.64202898551 17281.28695652174 3721.344927536232 3749.989855072464 3936.2797101449273 3964.9246376811593 
