33448.03501945525 33476.3346303502 7953.8793774319065 7982.178988326848 8675.47859922179 8703.778210116732 
32980.17042801556 33008.598443579765 8112.411673151751 8140.839688715953 8956.726848249027 8985.15486381323 
33494.42957198444 33522.88482490272 7897.238910505836 7925.694163424125 8978.783657587548 9007.238910505837 
33396.87548638132 33425.27626459144 8226.875486381323 8255.276264591439 8932.591439688716 8960.992217898833 
33689.64124513619 33718.649027237356 8415.991439688716 8444.999221789883 9339.738521400779 9368.746303501946 
34251.603112840465 34280.20233463035 8365.7859922179 8394.385214007782 9062.066147859921 9090.665369649805 
33018.75019455253 33046.78521400778 8261.182101167315 8289.217120622568 8887.859143968872 8915.894163424124 
33769.582879377434 33798.08871595331 8333.189883268482 8361.695719844358 9007.999221789883 9036.50505836576 
32945.47782101167 32973.52840466926 7822.166536964981 7850.2171206225685 8604.781322957198 8632.831906614785 
33172.73852140078 33200.87859922179 8021.283268482491 8049.423346303502 9118.143190661478 9146.28326848249 
33258.186770428016 33286.782101167315 8105.151750972763 8133.747081712062 9240.64980544747 9269.24513618677 
32670.141634241245 32698.005447470816 8102.647470817121 8130.511284046693 8826.534630350194 8854.398443579767 
33551.13463035019 33579.3953307393 8059.064591439689 8087.3252918287935 9019.496498054476 9047.75719844358 
33824.77042801557 33853.59143968872 8080.517509727626 8109.3385214007785 9007.03112840467 9035.85214007782 
32966.16809338521 32994.13307392996 8043.0241245136185 8070.989105058366 8732.95019455253 8760.915175097276 
33488.014785992214 33516.18210116732 8068.839688715953 8097.007003891051 8985.162645914397 9013.329961089494 
33726.38521400778 33754.64591439689 8148.560311284046 8176.821011673152 9321.603112840467 9349.863813229573 
33250.508171206224 33279.02568093385 8149.741634241245 8178.259143968871 8528.722178988326 8557.239688715954 
32840.85369649805 32868.74085603113 8160.495719844358 8188.382879377432 8543.729182879377 8571.616342412452 
33630.70739299611 33659.11984435798 8192.353307392996 8220.765758754864 8675.824124513618 8704.236575875486 
33003.61322957199 33031.42256809339 8000.387548638132 8028.196887159533 8777.111284046692 8804.920622568094 
33405.19766536965 33433.470038910506 7957.100389105059 7985.372762645914 8847.24046692607 8875.512840466927 
33323.46070038911 33351.456809338524 7808.631906614786 7836.6280155642025 8874.499610894942 8902.495719844357 
33297.505836575874 33325.61089494164 8049.696498054474 8077.801556420233 8453.750972762646 8481.856031128405 
33619.66848249027 33648.178210116734 8173.096498054475 8201.606225680935 8853.905836575876 8882.415564202334 
33929.43657587549 33958.25369649805 8096.868482490272 8125.685603112841 8908.576653696498 8937.393774319065 
33140.65758754864 33168.45525291829 8091.046692607004 8118.844357976654 8937.050583657587 8964.848249027238 
33304.251361867704 33332.753307392995 8347.301945525292 8375.803891050584 9148.146303501946 9176.648249027237 
33512.85914396887 33541.31828793774 7891.174319066148 7919.633463035019 9009.765758754864 9038.224902723736 
33163.89727626459 33192.08404669261 8386.535408560312 8414.722178988326 9264.710505836576 9292.897276264592 
33006.66147859922 33034.30350194553 8216.634241245136 8244.276264591439 8286.719844357976 8314.36186770428 
34100.10194552529 34128.48326848249 8331.83346303502 8360.214785992217 8910.44046692607 8938.821789883268 
33366.18754863813 33393.91128404669 8023.852918287937 8051.576653696498 8975.187548638132 9002.911284046693 
33331.85680933852 33360.0747081712 7745.810116731517 7774.028015564202 8922.63112840467 8950.849027237355 
33167.954085603116 33196.25758754864 8098.592217898833 8126.895719844358 8571.794552529183 8600.098054474709 
33978.89571984436 34007.39766536965 8483.693385214008 8512.1953307393 9050.969649805447 9079.471595330739 
33536.15564202335 33564.929961089496 7903.260700389105 7932.035019455253 8614.04280155642 8642.817120622569 
33327.852918287936 33356.05525291829 8125.467704280156 8153.670038910506 8783.522178988327 8811.724513618678 
33760.83891050584 33789.68326848249 8306.457587548639 8335.301945525292 8970.430350194552 8999.274708171206 
34265.63813229572 34294.10116731517 8105.023346303502 8133.486381322958 9033.735408560311 9062.198443579766 
33661.861478599225 33690.6280155642 8062.1805447470815 8090.947081712062 9000.005447470818 9028.771984435798 
33392.12451361868 33420.556420233464 8245.451361867705 8273.88326848249 8949.046692607004 8977.47859922179 
33815.7719844358 33844.09105058366 7952.133852140078 7980.452918287938 8876.297276264591 8904.616342412452 
33772.44902723735 33800.95097276264 8089.270038910506 8117.771984435798 8596.94319066148 8625.44513618677 
33751.724513618676 33780.6700389105 8100.3003891050585 8129.245914396887 9188.413229571985 9217.358754863813 
33457.90661478599 33486.34241245136 8326.56420233463 8355.0 9165.443579766537 9193.879377431907 
33167.74941634241 33196.17743190662 8237.870038910505 8266.298054474708 8838.975097276265 8867.403112840468 
33529.08093385214 33557.3299610895 8182.9525291828795 8211.201556420234 9022.8046692607 9051.053696498055 
33875.79610894941 33904.19688715953 8064.792217898833 8093.192996108949 9080.648249027237 9109.049027237354 
33012.105058365756 33040.20233463035 8024.416342412452 8052.513618677042 8880.964980544748 8909.062256809339 
