29371.32422907489 29399.923348017623 6770.509251101322 6799.108370044053 7335.2933920704845 7363.892511013216 
29149.740088105726 29177.885462555067 6916.343612334802 6944.488986784141 7444.784140969163 7472.929515418502 
29580.25374449339 29608.707488986784 7040.125991189428 7068.57973568282 7977.667841409691 8006.1215859030835 
29512.90308370044 29541.40528634361 7034.594713656387 7063.09691629956 7769.629955947136 7798.132158590309 
29382.065198237884 29410.100440528633 6891.056387665199 6919.091629955947 7518.157709251102 7546.192951541851 
29644.493392070486 29672.98678414097 6966.669603524229 6995.162995594714 8035.484581497797 8063.977973568282 
29150.226431718063 29178.31894273128 7038.644933920705 7066.73744493392 7657.393832599119 7685.486343612335 
29607.40616740088 29635.91718061674 7015.710132158591 7044.221145374449 8149.445814977974 8177.956828193833 
29634.20088105727 29662.685462555066 7125.826431718062 7154.311013215859 7247.324229074889 7275.808810572687 
29490.491629955948 29519.174449339207 6977.020264317181 7005.70308370044 7772.813215859031 7801.49603524229 
29134.111894273126 29162.508370044052 7031.715418502203 7060.111894273128 7528.3277533039645 7556.72422907489 
29486.636123348017 29515.01938325991 6990.865198237885 7019.24845814978 7906.182378854625 7934.565638766519 
29170.315418502203 29198.315418502203 7145.791189427313 7173.791189427313 7749.156828193833 7777.156828193833 
29268.56035242291 29296.670484581497 6979.53832599119 7007.64845814978 7819.9127753303965 7848.022907488987 
29116.33656387665 29144.688986784142 6972.6140969163 7000.966519823789 7824.014977973568 7852.367400881058 
29685.25374449339 29713.826431718062 7106.1876651982375 7134.760352422907 8101.249339207048 8129.822026431718 
29559.085462555067 29587.728634361232 7119.829955947136 7148.473127753304 7589.997356828194 7618.6405286343615 
29060.262555066078 29088.381497797356 7027.5709251101325 7055.68986784141 7394.513656387665 7422.632599118942 
29301.376211453746 29329.411453744495 7155.592070484581 7183.62731277533 7768.023788546256 7796.059030837005 
29260.804405286344 29289.346255506607 7247.777973568282 7276.319823788546 7589.575330396476 7618.11718061674 
29551.155947136565 29579.525991189428 6843.213215859031 6871.583259911894 7595.2925110132155 7623.662555066079 
29367.72599118943 29395.968281938327 6911.725991189427 6939.968281938326 7768.065198237886 7796.307488986784 
29502.046696035242 29530.429955947136 7021.504845814978 7049.888105726872 7641.487224669603 7669.870484581498 
29203.161233480176 29231.090748898678 6857.3638766519825 6885.2933920704845 7608.407929515419 7636.337444933921 
29226.333920704845 29254.554185022025 7087.536563876652 7115.756828193833 7744.232599118943 7772.452863436123 
29249.644052863438 29277.789427312775 7074.516299559471 7102.66167400881 7518.062555066079 7546.207929515418 
28639.76651982379 28667.51101321586 6922.277533039648 6950.022026431718 7655.8766519823785 7683.621145374449 
29159.547136563877 29187.516299559473 7031.824669603524 7059.793832599119 7538.511894273128 7566.481057268723 
29161.69515418502 29189.82731277533 6920.24140969163 6948.373568281938 7518.721585903084 7546.853744493392 
29125.554185022025 29153.611453744492 6828.972687224669 6857.029955947137 7616.201762114538 7644.2590308370045 
29037.154185022027 29065.59471365639 7062.669603524229 7091.11013215859 8177.044052863436 8205.484581497798 
29943.728634361232 29972.53920704846 6820.001762114537 6848.8123348017625 7824.446696035242 7853.2572687224665 
29196.385022026432 29225.160352422907 7136.380616740088 7165.155947136564 7255.340969162996 7284.116299559471 
29496.625550660792 29525.35242290749 6888.925110132159 6917.651982378855 7458.515418502203 7487.242290748899 
30089.968281938327 30119.100440528633 6965.532158590308 6994.664317180616 7681.71718061674 7710.849339207049 
29960.727753303963 29989.472246696034 7133.5691629955945 7162.313656387665 7785.384140969163 7814.128634361234 
29762.370044052863 29791.22026431718 6937.925110132159 6966.7753303964755 7876.330396475771 7905.180616740088 
29592.86343612335 29621.563876651984 6869.79295154185 6898.493392070484 7654.004405286343 7682.704845814978 
29563.36563876652 29591.84140969163 7060.502202643172 7088.977973568282 7915.660792951542 7944.136563876652 
29450.423788546257 29479.106607929516 6941.4986784140965 6970.181497797357 7611.370925110132 7640.0537444933925 
29337.479295154186 29365.787665198237 6924.505726872247 6952.8140969163 7738.884581497798 7767.192951541851 
29220.03348017621 29248.33744493392 6943.271365638767 6971.575330396476 7158.522466960352 7186.826431718062 
28959.91013215859 28987.747136563878 6795.403524229075 6823.240528634361 7598.2229074889865 7626.059911894273 
29603.362995594714 29631.666960352424 7014.076651982379 7042.380616740088 7925.023788546256 7953.3277533039645 
29265.060792951543 29293.197356828194 6987.470484581498 7015.60704845815 7432.0872246696035 7460.2237885462555 
29122.976211453744 29151.00704845815 6826.161233480177 6854.192070484582 7673.48281938326 7701.513656387665 
29461.72511013216 29490.178854625552 6939.412334801762 6967.866079295154 7273.253744493392 7301.7074889867845 
28986.56035242291 29014.79383259912 6939.207929515418 6967.44140969163 7029.163876651983 7057.397356828194 
28896.22114537445 28924.375330396477 6961.463436123348 6989.617621145375 7700.313656387665 7728.467841409692 
29573.301321585903 29601.728634361232 6908.160352422908 6936.587665198238 7648.653744493392 7677.081057268722 
