46798.4125 46826.486363636366 11890.16534090909 11918.239204545454 13346.07159090909 13374.145454545454 
46928.98693181818 46957.523863636365 11757.961363636363 11786.498295454545 12914.651704545455 12943.188636363637 
45891.71761363636 45919.84829545455 11698.868181818181 11726.998863636363 12943.126704545455 12971.257386363637 
46642.68238636364 46670.96079545454 11677.591477272726 11705.869886363636 13090.398295454546 13118.676704545454 
46982.65170454545 47011.075 11809.790909090909 11838.214204545455 13001.674431818183 13030.097727272727 
46725.642045454544 46753.88352272727 11899.46590909091 11927.707386363636 13242.625 13270.866477272728 
46129.69943181818 46157.94375 11676.639772727272 11704.88409090909 12699.722159090908 12727.966477272726 
45916.388636363634 45944.81761363636 11621.331818181818 11649.760795454546 12797.235227272728 12825.664204545454 
46063.670454545456 46091.764204545456 11689.25284090909 11717.34659090909 12729.767045454546 12757.860795454546 
46449.03579545455 46477.433522727275 11704.030113636363 11732.427840909091 13101.73465909091 13130.132386363637 
45946.37840909091 45974.40113636364 12126.935227272726 12154.957954545454 12394.963636363636 12422.986363636364 
46449.63522727273 46477.913636363635 11376.760227272727 11405.038636363637 12287.51590909091 12315.794318181817 
46910.147159090906 46938.56761363636 11854.749431818182 11883.169886363636 13105.777840909092 13134.198295454546 
46778.461363636365 46806.98693181818 11767.538068181819 11796.063636363637 12553.2625 12581.788068181819 
46752.85056818182 46781.16590909091 11930.8875 11959.20284090909 13086.799431818183 13115.114772727273 
46705.08181818182 46733.60170454546 11966.800568181818 11995.320454545454 12670.695454545454 12699.215340909092 
46622.811931818185 46651.553409090906 12017.652840909092 12046.394318181818 13169.828977272728 13198.570454545454 
46651.25965909091 46679.60909090909 11913.830681818183 11942.180113636363 13182.76534090909 13211.114772727273 
46036.236363636366 46064.37272727273 11788.188068181818 11816.324431818182 12386.702272727272 12414.838636363636 
45934.11534090909 45962.57556818182 11630.211931818181 11658.67215909091 12338.200568181817 12366.660795454545 
46752.892045454544 46781.55397727273 11628.610795454546 11657.272727272728 12784.267045454546 12812.928977272728 
46193.24488636364 46221.69375 11563.219318181818 11591.668181818182 12755.267613636364 12783.716477272726 
46950.83238636364 46979.53409090909 11545.84375 11574.545454545454 12770.514204545454 12799.21590909091 
45035.330113636366 45062.44943181818 11444.10284090909 11471.222159090908 12091.421022727272 12118.54034090909 
46271.686931818185 46300.09602272727 11624.86875 11653.277840909092 13474.52215909091 13502.93125 
45897.364204545454 45925.44375 11729.304545454546 11757.38409090909 12608.932386363636 12637.011931818182 
46143.384090909094 46171.49204545454 11453.864204545454 11481.972159090908 12462.969318181818 12491.077272727272 
48049.92897727273 48079.017045454544 11830.224431818182 11859.3125 13502.786931818182 13531.875 
46269.38522727273 46297.652272727275 11832.689204545455 11860.95625 12907.7375 12936.004545454545 
46785.12840909091 46813.38977272727 11752.1 11780.361363636364 12847.094318181818 12875.355681818182 
45999.36704545454 46027.45227272727 11820.577272727272 11848.6625 13151.094318181818 13179.179545454546 
45780.35625 45808.23125 11654.861931818183 11682.736931818183 12856.23125 12884.10625 
46202.90511363636 46230.944886363635 11727.197727272727 11755.2375 12522.615340909091 12550.655113636363 
47061.95227272727 47090.18238636364 11629.310227272726 11657.54034090909 12635.418181818182 12663.648295454546 
46795.80397727273 46824.71590909091 11793.4375 11822.349431818182 13366.974431818182 13395.886363636364 
46183.826704545456 46212.056818181816 11683.426136363636 11711.65625 12863.980113636364 12892.210227272728 
45566.22727272727 45594.139204545456 11885.55965909091 11913.47159090909 12375.357954545454 12403.269886363636 
47208.44204545455 47237.14375 12069.8 12098.501704545455 12943.243181818181 12971.944886363637 
46197.65454545455 46225.60625 12043.154545454545 12071.10625 13159.92159090909 13187.873295454545 
46848.21590909091 46876.51988636364 11848.62784090909 11876.931818181818 13037.75 13066.053977272728 
46487.392613636366 46515.81022727273 11679.145454545454 11707.563068181818 13005.716477272726 13034.13409090909 
46334.41477272727 46362.71022727273 11866.610795454546 11894.90625 12550.34659090909 12578.642045454546 
46794.60909090909 46823.035227272725 11711.001136363637 11739.427272727273 12961.842045454545 12990.268181818183 
46913.54602272727 46942.12840909091 11664.063068181818 11692.645454545454 12452.341477272726 12480.923863636364 
47192.37329545455 47220.83920454545 11591.509659090909 11619.975568181819 12806.958522727273 12835.424431818183 
46618.77272727273 46647.39772727273 11904.886363636364 11933.511363636364 13175.681818181818 13204.306818181818 
45696.24375 45724.13011363636 11669.621590909092 11697.507954545454 12629.544886363636 12657.43125 
46862.06931818182 46890.56079545455 11816.222727272727 11844.714204545455 13034.8875 13063.378977272727 
45711.35397727273 45739.3625 11621.348295454545 11649.356818181817 13262.211931818181 13290.220454545455 
45960.71647727273 45988.92102272727 11801.50625 11829.710795454546 12692.585795454546 12720.79034090909 
