13787.30357142857 13815.49107142857 2613.4553571428573 2641.6428571428573 2892.3571428571427 2920.5446428571427 
13886.514285714286 13915.157142857142 2657.380357142857 2686.0232142857144 2810.6392857142855 2839.282142857143 
13598.896428571428 13627.235714285714 2684.95 2713.2892857142856 2778.092857142857 2806.432142857143 
13293.25892857143 13321.267857142857 2592.3928571428573 2620.401785714286 2653.223214285714 2681.2321428571427 
13745.766071428572 13774.444642857143 2650.0785714285716 2678.7571428571428 3028.1589285714285 3056.8375 
13496.19642857143 13525.0 2534.0625 2562.8660714285716 3004.4464285714284 3033.25 
13390.371428571429 13418.514285714286 2686.1392857142855 2714.282142857143 3012.032142857143 3040.175 
13455.144642857143 13483.644642857143 2566.0553571428572 2594.5553571428572 3193.0910714285715 3221.5910714285715 
13600.798214285714 13629.057142857142 2578.807142857143 2607.0660714285714 2685.6375 2713.8964285714287 
13548.125 13576.55357142857 2506.6696428571427 2535.098214285714 3149.285714285714 3177.714285714286 
13565.148214285715 13593.451785714286 2624.5767857142855 2652.880357142857 2856.5232142857144 2884.8267857142855 
14135.785714285714 14165.5625 2825.598214285714 2855.375 3404.3035714285716 3434.0803571428573 
13636.760714285714 13665.367857142857 2590.6625 2619.269642857143 2885.760714285714 2914.3678571428572 
13679.416071428572 13707.969642857142 2649.844642857143 2678.3982142857144 2900.094642857143 2928.6482142857144 
13164.323214285714 13192.376785714287 2531.2428571428572 2559.2964285714284 2713.894642857143 2741.948214285714 
13857.573214285714 13886.403571428571 2754.207142857143 2783.0375 3191.1267857142857 3219.957142857143 
13128.6125 13156.255357142858 2556.6035714285713 2584.2464285714286 2793.594642857143 2821.2375 
13859.444642857143 13887.828571428572 2700.9982142857143 2729.3821428571428 3230.4446428571428 3258.8285714285716 
13822.926785714286 13851.408928571429 2629.1857142857143 2657.667857142857 3189.8196428571428 3218.301785714286 
13336.485714285714 13364.753571428571 2659.9142857142856 2688.182142857143 3105.717857142857 3133.9857142857145 
13509.521428571428 13537.851785714285 2585.057142857143 2613.3875 3032.2892857142856 3060.619642857143 
13689.319642857143 13717.319642857143 2619.105357142857 2647.105357142857 2869.2482142857143 2897.2482142857143 
13631.007142857143 13658.935714285713 2694.9446428571428 2722.8732142857143 2813.2035714285716 2841.1321428571428 
13557.039285714285 13585.7 2549.2 2577.8607142857145 3177.7535714285714 3206.4142857142856 
13593.507142857143 13621.694642857143 2665.6410714285716 2693.8285714285716 3127.8464285714285 3156.0339285714285 
13314.828571428572 13343.0875 2739.8107142857143 2768.0696428571428 2924.6321428571428 2952.8910714285716 
13900.35 13928.975 2627.332142857143 2655.957142857143 3150.0642857142857 3178.6892857142857 
13643.507142857143 13671.9 2674.0607142857143 2702.4535714285716 3126.4535714285716 3154.8464285714285 
13531.623214285713 13560.185714285713 2568.8732142857143 2597.4357142857143 2990.8196428571428 3019.3821428571428 
13344.569642857143 13372.3375 2547.5339285714285 2575.301785714286 3177.801785714286 3205.5696428571428 
13367.305357142857 13395.564285714287 2663.073214285714 2691.332142857143 2931.4660714285715 2959.725 
12900.971428571429 12928.176785714286 2561.1410714285716 2588.3464285714285 3037.3821428571428 3064.5875 
13567.489285714286 13595.007142857143 2516.042857142857 2543.5607142857143 2803.167857142857 2830.6857142857143 
13426.160714285714 13454.375 2583.776785714286 2611.9910714285716 3043.410714285714 3071.625 
13735.064285714287 13764.198214285714 2682.0910714285715 2711.225 2966.6178571428572 2995.7517857142857 
13358.042857142857 13386.3375 2659.1857142857143 2687.480357142857 2930.2214285714285 2958.5160714285716 
13443.180357142857 13471.367857142857 2692.957142857143 2721.144642857143 2943.9125 2972.1 
13627.780357142858 13656.253571428571 2629.494642857143 2657.967857142857 2979.9232142857145 3008.3964285714287 
13352.846428571429 13380.569642857143 2481.4357142857143 2509.1589285714285 2903.364285714286 2931.0875 
13367.089285714286 13395.473214285714 2670.6428571428573 2699.026785714286 2991.785714285714 3020.1696428571427 
13625.646428571428 13654.566071428571 2556.842857142857 2585.7625 2652.7535714285714 2681.6732142857145 
13464.607142857143 13492.205357142857 2287.401785714286 2315.0 2952.6071428571427 2980.2053571428573 
13813.503571428571 13842.485714285714 2625.3875 2654.369642857143 3037.0392857142856 3066.0214285714287 
13742.855357142857 13771.444642857143 2660.2839285714285 2688.8732142857143 2855.801785714286 2884.3910714285716 
13949.092857142858 13977.726785714285 2754.2714285714287 2782.905357142857 2929.182142857143 2957.8160714285714 
13328.310714285713 13356.480357142857 2513.114285714286 2541.2839285714285 3010.1857142857143 3038.355357142857 
13381.753571428571 13409.807142857142 2616.369642857143 2644.4232142857145 2964.075 2992.1285714285714 
13720.853571428572 13749.085714285715 2684.3982142857144 2712.630357142857 3105.2464285714286 3133.4785714285713 
13305.4875 13333.496428571429 2468.0410714285713 2496.05 2628.2375 2656.2464285714286 
13353.076785714286 13380.978571428572 2574.317857142857 2602.219642857143 2630.469642857143 2658.3714285714286 
