51912.09591836735 51940.626530612244 13338.685204081632 13367.21581632653 14633.74387755102 14662.274489795918 
52675.47193877551 52704.09693877551 13416.852040816326 13445.477040816326 15005.058673469388 15033.683673469388 
51342.89897959184 51371.08775510204 13468.582653061225 13496.771428571428 14354.097959183673 14382.286734693878 
52810.909183673466 52839.65408163265 13040.332653061225 13069.077551020408 14606.33775510204 14635.082653061225 
52389.65306122449 52418.211734693876 13106.380102040815 13134.938775510203 14460.357142857143 14488.915816326531 
52489.46836734694 52517.86887755102 13226.256632653061 13254.657142857142 14716.279591836736 14744.680102040817 
51417.905102040815 51445.841326530615 13034.425510204082 13062.361734693877 14382.364285714286 14410.300510204082 
51985.97908163265 52014.525 13475.953571428572 13504.499489795919 14510.259693877551 14538.805612244898 
52100.647959183676 52128.94387755102 12906.956632653062 12935.252551020409 14458.311224489797 14486.607142857143 
52030.60459183674 52059.420918367345 13226.415816326531 13255.232142857143 14758.604591836734 14787.420918367347 
51798.46071428571 51826.24387755102 13164.639285714286 13192.422448979592 14249.751530612244 14277.534693877551 
52557.11836734694 52585.90408163265 13441.253571428571 13470.039285714285 14464.108163265306 14492.89387755102 
52271.25051020408 52299.7862244898 13153.967346938776 13182.50306122449 14648.372959183673 14676.908673469388 
52409.07806122449 52437.39693877551 13512.570408163265 13540.889285714286 14789.496428571429 14817.81530612245 
51616.02346938776 51644.64336734694 13668.408673469388 13697.028571428571 14790.329591836735 14818.949489795918 
52268.22602040816 52296.7693877551 13211.519387755103 13240.06275510204 14376.001530612244 14404.544897959184 
51963.285204081636 51991.85663265306 13207.87193877551 13236.44336734694 14527.759693877551 14556.331122448979 
51463.45051020408 51491.75918367347 13476.695408163265 13505.004081632653 14388.261734693877 14416.570408163265 
52120.60051020408 52149.06479591837 13348.302040816327 13376.766326530613 14240.840306122449 14269.304591836735 
51514.9056122449 51543.0943877551 13202.466836734693 13230.655612244898 14683.44642857143 14711.635204081633 
52363.13673469388 52391.792346938775 13205.478571428572 13234.13418367347 14816.754081632653 14845.409693877551 
51400.12040816327 51427.92653061225 13108.582142857143 13136.388265306123 14576.564285714287 14604.370408163266 
51593.9056122449 51622.204081632655 13140.630102040815 13168.92857142857 14515.119897959185 14543.418367346938 
51522.220408163266 51550.179591836735 13468.86581632653 13496.825 14136.43469387755 14164.39387755102 
51429.71734693878 51457.86530612245 13312.957142857143 13341.105102040816 14399.717346938776 14427.865306122449 
52176.11173469388 52204.53775510204 13209.144897959184 13237.570918367346 14102.188265306122 14130.614285714286 
51319.29387755102 51347.14081632653 13356.880612244899 13384.727551020409 14279.543877551021 14307.390816326531 
52170.42295918367 52198.99693877551 13392.519897959184 13421.09387755102 14449.861734693877 14478.435714285713 
51862.42295918367 51890.4306122449 13321.01224489796 13349.019897959184 14163.611734693877 14191.619387755101 
51760.30918367347 51788.72244897959 13321.03112244898 13349.444387755102 14674.717346938776 14703.130612244899 
52255.388775510204 52283.66173469388 13279.286734693878 13307.55969387755 14524.18469387755 14552.457653061225 
52766.55255102041 52795.24387755102 13370.667346938775 13399.358673469387 14661.654591836736 14690.345918367348 
51914.13826530612 51942.04387755102 13355.102551020409 13383.008163265305 14398.923979591837 14426.829591836735 
52915.7137755102 52944.28775510204 13235.504591836734 13264.078571428572 14440.764795918367 14469.338775510205 
51835.87857142857 51864.17193877551 13323.608163265306 13351.901530612246 14000.363265306123 14028.656632653061 
51951.68163265306 51980.158673469385 13266.43418367347 13294.911224489795 14272.441836734693 14300.918877551021 
51141.313265306126 51169.49948979592 13430.098979591838 13458.285204081632 14359.31836734694 14387.504591836734 
51403.566836734695 51431.602551020405 13423.464795918368 13451.500510204081 14334.505612244899 14362.541326530612 
51784.95510204082 51813.325 13430.536734693878 13458.906632653061 14531.220408163264 14559.590306122449 
52471.9081632653 52500.586734693876 13047.563775510203 13076.242346938776 14682.545918367347 14711.224489795919 
51856.99285714285 51885.23775510204 13534.314285714287 13562.55918367347 14359.105102040816 14387.35 
51639.57704081633 51667.429081632654 13362.758163265305 13390.610204081633 13840.316836734693 13868.168877551021 
51930.5918367347 51959.29081632653 13372.507653061224 13401.206632653062 14920.09693877551 14948.795918367347 
52149.638775510204 52178.03673469388 13210.620918367347 13239.01887755102 14574.822448979592 14603.220408163264 
51956.22959183674 51984.35459183674 13061.594387755102 13089.719387755102 13729.122448979591 13757.247448979591 
51698.39897959184 51726.90663265306 13223.827551020408 13252.335204081633 14250.128571428571 14278.636224489795 
51227.90663265306 51256.36836734694 13491.46275510204 13519.924489795918 14205.105612244897 14233.567346938775 
51864.437244897956 51892.68979591837 13337.993367346939 13366.245918367347 14600.967857142858 14629.220408163264 
52212.489285714284 52240.85663265306 13338.236734693877 13366.604081632653 14712.264795918367 14740.632142857143 
51241.65 51269.49693877551 13094.014795918367 13121.861734693877 14013.073469387755 14040.920408163265 
