18193.684353741497 18222.391836734692 3878.534693877551 3907.242176870748 4342.521088435374 4371.228571428572 
18560.590476190475 18589.468027210885 3997.0598639455784 4025.9374149659866 4294.216326530613 4323.09387755102 
18029.153741496597 18057.282993197277 3869.2761904761905 3897.4054421768706 4194.861224489796 4222.990476190476 
18152.427210884354 18180.644897959184 4030.019047619048 4058.2367346938777 4408.610884353741 4436.828571428571 
18858.51972789116 18887.478911564627 3722.1319727891155 3751.091156462585 4195.383673469388 4224.342857142857 
17833.22857142857 17861.133333333335 4022.643537414966 4050.548299319728 4220.459863945578 4248.36462585034 
18354.92517006803 18383.646258503402 3966.7755102040815 3995.496598639456 4368.074829931973 4396.7959183673465 
17859.608163265308 17887.424489795918 3792.295238095238 3820.1115646258504 4462.785034013606 4490.601360544218 
18220.295238095237 18248.3768707483 3785.7034013605444 3813.7850340136056 3924.873469387755 3952.955102040816 
18424.33469387755 18452.273469387754 4027.5931972789117 4055.5319727891156 4631.90612244898 4659.844897959184 
18393.92380952381 18422.427210884354 3913.0326530612247 3941.5360544217688 4532.869387755102 4561.372789115646 
18372.78775510204 18401.080272108844 4081.114285714286 4109.406802721089 4269.202721088435 4297.495238095238 
18010.470748299318 18038.38231292517 3953.368707482993 3981.2802721088437 4273.375510204081 4301.287074829932 
18112.442176870747 18140.312925170067 3930.904761904762 3958.7755102040815 4512.843537414966 4540.714285714285 
18562.56598639456 18591.504761904762 4087.912925170068 4116.851700680272 4482.259863945578 4511.1986394557825 
18325.779591836734 18354.140136054422 3852.7795918367347 3881.140136054422 4344.534693877551 4372.895238095238 
18302.595918367348 18330.45986394558 3979.922448979592 4007.7863945578233 4358.521088435374 4386.385034013605 
17979.83537414966 18007.44081632653 3896.2571428571428 3923.8625850340136 4406.712925170068 4434.318367346938 
18056.844897959185 18084.55238095238 3768.361904761905 3796.069387755102 4286.878911564626 4314.586394557823 
18607.634013605442 18635.38231292517 3838.661224489796 3866.4095238095238 4207.327891156463 4235.07619047619 
18359.82857142857 18388.025850340135 3797.31156462585 3825.508843537415 4311.9170068027215 4340.114285714286 
18784.372789115645 18813.093877551022 3832.726530612245 3861.447619047619 4627.508843537415 4656.229931972789 
18558.673469387755 18587.136054421768 4117.455782312925 4145.918367346939 4408.285714285715 4436.748299319728 
17985.70612244898 18014.27755102041 3990.1891156462584 4018.760544217687 4496.012244897959 4524.583673469388 
18455.213605442175 18483.77142857143 3903.431292517007 3931.9891156462586 4396.499319727891 4425.057142857143 
18654.034013605444 18681.98639455782 3855.8571428571427 3883.809523809524 4078.9931972789113 4106.9455782312925 
18126.4462585034 18154.044897959182 4005.827210884354 4033.425850340136 4470.602721088436 4498.201360544218 
18114.768707482992 18142.659863945577 3867.401360544218 3895.292517006803 4174.4625850340135 4202.353741496599 
18592.2462585034 18620.851700680272 4033.987755102041 4062.5931972789117 4372.810884353741 4401.416326530612 
18100.39455782313 18128.598639455784 4131.319727891157 4159.523809523809 4661.39455782313 4689.598639455782 
18225.281632653063 18253.6693877551 3952.7986394557824 3981.186394557823 4479.778231292517 4508.165986394558 
18715.442176870747 18744.17006802721 3800.714285714286 3829.4421768707484 4447.122448979592 4475.850340136054 
18626.039455782313 18654.474829931973 3963.930612244898 3992.3659863945577 4510.372789115646 4538.808163265307 
17906.991836734695 17935.161904761906 3857.3727891156464 3885.542857142857 4434.576870748299 4462.74693877551 
18069.963265306124 18098.650340136053 3938.5074829931973 3967.1945578231293 4470.323809523809 4499.010884353742 
18382.48163265306 18410.889795918367 4019.2843537414965 4047.6925170068025 4756.243537414966 4784.651700680272 
18542.48027210884 18571.140136054422 3944.425850340136 3973.0857142857144 4689.752380952381 4718.412244897959 
18115.74693877551 18144.114285714284 3783.7061224489794 3812.0734693877553 4287.413605442177 4315.780952380952 
18478.55918367347 18507.16462585034 3891.287074829932 3919.892517006803 4792.674829931972 4821.280272108844 
18424.312925170067 18452.551020408162 3948.673469387755 3976.91156462585 4611.1768707483 4639.414965986394 
18648.462585034013 18677.544217687075 3907.21768707483 3936.299319727891 4433.013605442177 4462.0952380952385 
18481.66530612245 18510.025850340135 3843.121088435374 3871.4816326530613 4203.658503401361 4232.019047619047 
18508.889795918367 18537.44761904762 4013.2707482993196 4041.8285714285716 4278.978231292517 4307.536054421768 
18127.19319727891 18155.397278911565 3798.4993197278914 3826.7034013605444 4435.948299319728 4464.152380952381 
18071.72244897959 18099.232653061226 3891.3278911564626 3918.8380952380953 4329.416326530612 4356.926530612245 
18231.948299319727 18260.23401360544 3851.655782312925 3879.9414965986393 4295.846258503401 4324.131972789116 
18642.591836734693 18671.48979591837 3900.8707482993195 3929.7687074829932 4420.952380952381 4449.850340136054 
18124.197278911564 18152.47619047619 3757.156462585034 3785.4353741496598 4142.149659863946 4170.428571428572 
18771.585034013606 18800.843537414967 3911.7755102040815 3941.0340136054424 4382.163265306122 4411.421768707483 
18009.345578231292 18036.96462585034 3945.413605442177 3973.0326530612247 4133.148299319728 4160.7673469387755 
