34343.1468164794 34370.847191011235 8561.959550561798 8589.659925093632 9130.07191011236 9157.772284644194 
35036.4 35064.995505617975 8642.025468164795 8670.620973782772 9703.444943820225 9732.040449438202 
34304.97677902622 34332.973033707865 8727.298876404495 8755.295131086143 9228.38127340824 9256.377528089888 
34610.93632958802 34639.003745318354 8509.303370786516 8537.370786516854 9389.464419475655 9417.531835205993 
34452.567041198505 34480.567041198505 8306.79925093633 8334.79925093633 9531.027715355805 9559.027715355805 
34414.23220973783 34442.277153558054 8337.247191011236 8365.292134831461 9210.011235955057 9238.056179775282 
34275.77303370787 34303.82921348314 8478.956554307117 8507.012734082396 9052.593258426967 9080.649438202247 
34567.87715355805 34596.25543071161 8467.918352059925 8496.296629213482 9370.165543071162 9398.543820224719 
34373.37303370787 34401.46666666667 8432.901123595506 8460.994756554308 8867.406741573033 8895.500374531835 
35030.04194756554 35058.551310861425 8578.315355805244 8606.824719101123 9480.989513108614 9509.498876404494 
34461.80374531835 34489.84868913858 8596.725093632958 8624.770037453183 9708.63895131086 9736.683895131086 
34733.93857677902 34762.29063670412 8572.788764044944 8601.140823970038 9557.050936329588 9585.402996254681 
34624.6329588015 34652.621722846445 8621.104868913857 8649.093632958802 9241.83520599251 9269.823970037452 
34996.20898876405 35024.66591760299 8416.90936329588 8445.366292134831 9309.104119850188 9337.561048689138 
34609.47715355805 34637.6531835206 8663.769288389512 8691.94531835206 9303.121348314608 9331.297378277153 
34756.721348314604 34785.174531835204 8347.215730337079 8375.668913857678 9205.23445692884 9233.687640449438 
35219.411235955056 35247.93558052435 8470.898127340824 8499.422471910113 8853.317602996254 8881.841947565543 
34741.5011235955 34769.83820224719 8611.066666666668 8639.403745318352 9630.313857677902 9658.650936329588 
34835.91310861423 34864.41872659176 8563.134082397004 8591.639700374531 9146.358801498127 9174.864419475656 
34777.35056179775 34805.64644194757 8400.294382022472 8428.590262172285 9720.567790262172 9748.863670411985 
34461.34382022472 34489.9468164794 8614.467415730338 8643.070411985018 9412.134082397004 9440.737078651686 
34417.95355805243 34446.388014981276 8592.537827715356 8620.972284644195 9184.94606741573 9213.38052434457 
34788.69588014981 34816.99176029963 8622.797003745318 8651.092883895131 9530.894382022472 9559.190262172284 
34964.28838951311 34992.50561797753 8586.243445692884 8614.460674157302 9621.925093632959 9650.142322097377 
35296.20524344569 35324.63595505618 8419.340074906368 8447.770786516854 9185.61722846442 9214.047940074906 
34190.611985018724 34218.47715355805 8572.611985018726 8600.477153558053 8939.83670411985 8967.701872659176 
33886.28239700374 33913.64943820225 8356.994007490637 8384.36104868914 8756.967790262172 8784.334831460674 
35278.82172284644 35307.136329588015 8533.080149812735 8561.394756554308 9406.068913857678 9434.383520599251 
34595.62621722846 34623.925842696626 8787.502621722846 8815.802247191012 9002.453932584269 9030.753558052435 
34479.074906367045 34507.31086142322 8206.880149812734 8235.116104868914 9117.026217228464 9145.262172284643 
34871.32734082397 34899.54082397004 8321.559550561798 8349.773033707865 9583.683146067417 9611.896629213483 
34777.050187265915 34805.47715355805 8255.297378277153 8283.724344569287 9342.67191011236 9371.098876404494 
34411.58052434457 34439.6329588015 8548.906367041198 8576.958801498127 9661.082397003745 9689.134831460675 
35207.605243445694 35236.245692883895 8320.215730337079 8348.85617977528 9371.279400749063 9399.919850187265 
34476.00149812734 34504.17752808989 8617.420973782771 8645.597003745319 8939.548314606742 8967.724344569287 
34472.76329588015 34500.995505617975 8693.576029962547 8721.808239700375 9130.65468164794 9158.886891385768 
34707.33632958801 34735.66591760299 8505.010486891386 8533.340074906368 9216.950561797752 9245.280149812734 
34888.31161048689 34916.69737827715 8508.764794007491 8537.150561797753 9359.041947565544 9387.427715355805 
34956.855430711614 34985.21123595506 8389.140074906367 8417.495880149812 9242.409737827715 9270.76554307116 
34878.79550561798 34906.88164794008 8516.211235955056 8544.297378277153 9568.447191011235 9596.533333333333 
35002.129588014985 35030.28689138577 8569.118352059924 8597.275655430713 9750.193258426967 9778.350561797753 
34765.316853932585 34793.63895131086 8589.103370786517 8617.425468164794 9698.122097378277 9726.444194756554 
34629.14756554307 34657.495880149814 8448.967790262172 8477.316104868914 9303.668164794008 9332.016479400749 
34900.23370786517 34928.49213483146 8200.686891385767 8228.94531835206 9299.413483146067 9327.67191011236 
34768.30561797753 34797.03595505618 8434.627715355806 8463.358052434456 8910.129588014981 8938.859925093633 
34553.20449438202 34581.402996254685 8471.766292134831 8499.96479400749 9249.118352059924 9277.316853932583 
34573.42397003745 34601.85842696629 8429.375280898876 8457.809737827716 9406.341573033707 9434.776029962546 
35116.37602996255 35145.00898876404 8627.7468164794 8656.379775280899 9387.450936329587 9416.083895131087 
34697.77827715356 34726.167790262174 8228.935580524345 8257.325093632959 8975.340074906368 9003.729588014981 
35436.605243445694 35465.09962546817 8489.87116104869 8518.36554307116 9283.859925093633 9312.354307116106 
