45998.087955182076 46025.942296918765 11833.026330532213 11860.880672268908 12863.267226890755 12891.121568627452 
46955.29971988795 46983.574229691876 11675.543417366947 11703.817927170869 12948.703081232494 12976.977591036415 
46379.96582633053 46408.38879551821 11762.626890756303 11791.049859943978 13084.949019607842 13113.371988795518 
48572.054901960786 48600.86162464986 11776.234173669467 11805.040896358543 13237.066106442577 13265.872829131653 
46982.23921568628 47010.438095238096 11874.356862745099 11902.55574229692 13774.303641456583 13802.502521008404 
46929.318207282915 46957.48627450981 12107.567507002801 12135.735574229691 12948.72156862745 12976.889635854342 
47488.19271708684 47516.562464986 11744.217927170868 11772.587675070028 12736.918207282913 12765.287955182073 
47518.17254901961 47546.4106442577 12141.928851540617 12170.166946778712 12739.962464985994 12768.20056022409 
47313.92997198879 47342.252100840335 11919.204481792716 11947.526610644258 13065.501400560224 13093.823529411764 
46512.449859943976 46540.74117647059 11790.84761904762 11819.13893557423 12944.234173669467 12972.525490196078 
47727.1512605042 47755.795518207284 11776.887955182074 11805.532212885155 13018.789915966387 13047.434173669468 
47499.207282913165 47527.48459383754 11780.375350140055 11808.652661064425 12779.641456582633 12807.918767507002 
46986.92941176471 47015.3243697479 11984.391596638656 12012.786554621849 12968.125490196078 12996.520448179272 
47924.008403361346 47952.11204481793 11857.563025210084 11885.666666666666 13286.957983193277 13315.06162464986 
47304.81344537815 47333.51652661064 11984.894677871149 12013.59775910364 13109.04593837535 13137.749019607843 
47665.8918767507 47694.502521008406 12145.426890756302 12174.037535014006 13236.068347338936 13264.678991596638 
47051.46722689076 47079.91820728291 11770.175910364145 11798.626890756303 12917.397198879551 12945.848179271708 
46722.80336134454 46751.07507002801 11956.929411764706 11985.201120448179 13009.394397759104 13037.666106442577 
46729.89691876751 46758.11540616246 11514.420728291316 11542.639215686275 12751.541176470588 12779.759663865547 
47063.21288515406 47091.56022408963 12202.159663865546 12230.50700280112 13460.3081232493 13488.655462184874 
47115.25882352941 47143.65378151261 11731.833053221288 11760.228011204481 13088.309243697478 13116.704201680672 
46627.9943977591 46656.40056022409 11953.666666666666 11982.072829131652 12595.817927170869 12624.224089635854 
46297.85658263305 46325.99663865546 12005.963025210083 12034.103081232493 12691.89299719888 12720.033053221288 
46861.547338935576 46890.1299719888 11950.975910364146 11979.558543417366 13094.989915966387 13123.572549019607 
46627.36974789916 46655.43697478992 11923.857142857143 11951.9243697479 13054.672268907563 13082.73949579832 
47087.58991596639 47116.20056022409 12212.842016806722 12241.452661064426 13126.70756302521 13155.318207282913 
47233.75182072829 47262.02913165266 11834.513725490197 11862.791036414566 12728.60056022409 12756.87787114846 
48074.70756302521 48103.74117647059 12136.36862745098 12165.40224089636 13076.620728291316 13105.654341736694 
47395.747899159665 47424.30532212885 12165.649859943978 12194.207282913165 12953.610644257704 12982.16806722689 
47620.9025210084 47649.81288515406 11959.462745098039 11988.373109243697 12842.597198879552 12871.50756302521 
46985.56022408963 47014.162464985995 12266.98319327731 12295.58543417367 13490.644257703081 13519.24649859944 
47883.84649859944 47912.33109243697 11876.179831932774 11904.664425770308 13230.45994397759 13258.944537815127 
46901.34397759104 46929.346778711486 12103.397198879551 12131.4 13062.377591036415 13090.380392156863 
46950.515966386556 46978.49075630252 12038.179831932774 12066.15462184874 13023.392717086836 13051.3675070028 
47329.31148459384 47357.87731092437 12088.930532212886 12117.496358543418 13280.546778711485 13309.112605042017 
46885.36918767507 46913.7137254902 12068.500840336135 12096.84537815126 13476.587675070028 13504.932212885155 
46799.490196078434 46827.313725490196 11925.504201680673 11953.327731092437 12418.46218487395 12446.285714285714 
47352.05658263306 47380.93613445378 12176.731652661065 12205.611204481793 13159.10700280112 13187.986554621848 
46414.72324929972 46442.9025210084 11828.342296918767 11856.521568627451 12930.513165266106 12958.69243697479 
47072.55070028011 47101.25098039216 12108.264985994398 12136.965266106443 13117.208963585434 13145.909243697479 
47574.29915966387 47602.22352941176 11980.49243697479 12008.41680672269 13113.04705882353 13140.971428571429 
47236.942296918765 47265.5081232493 11928.110364145658 11956.67619047619 12951.421288515407 12979.987114845939 
47259.207282913165 47287.638655462186 11990.364145658263 12018.795518207284 13263.675070028012 13292.106442577031 
46962.213445378155 46990.22464985994 11983.143417366948 12011.15462184874 13228.30588235294 13256.317086834733 
46441.51652661064 46469.639775910364 12006.642577030812 12034.765826330533 12973.821848739495 13001.945098039216 
47239.80952380953 47268.04201680672 11629.70868347339 11657.941176470587 12970.591036414566 12998.823529411764 
46807.7081232493 46836.10308123249 12211.688515406162 12240.083473389355 12927.055462184873 12955.450420168067 
46727.19719887955 46755.79663865546 11974.667787114846 12003.267226890755 13206.578151260504 13235.177591036414 
46907.346778711486 46935.69411764706 11509.470028011205 11537.817366946778 12569.52324929972 12597.870588235293 
47594.78711484594 47623.4649859944 11962.084033613446 11990.761904761905 13499.310924369747 13527.988795518208 
