11135.095555555556 11163.528888888888 1644.0955555555556 1672.5288888888888 2303.8955555555553 2332.3288888888887 
10340.24 10368.42888888889 1626.7177777777779 1654.9066666666668 1983.328888888889 2011.5177777777778 
10594.648888888889 10623.704444444444 1781.66 1810.7155555555555 1815.2044444444443 1844.26 
10359.735555555555 10387.313333333334 1772.4911111111112 1800.068888888889 1848.668888888889 1876.2466666666667 
10583.844444444445 10612.377777777778 1905.7333333333333 1934.2666666666667 2416.5555555555557 2445.088888888889 
10610.655555555555 10638.455555555556 1807.111111111111 1834.911111111111 1976.0555555555557 2003.8555555555556 
10343.891111111112 10372.202222222222 1714.0466666666666 1742.3577777777778 2145.7355555555555 2174.0466666666666 
10668.397777777778 10696.775555555556 1687.8977777777777 1716.2755555555555 2023.6866666666667 2052.0644444444442 
10776.83111111111 10805.864444444445 1789.3422222222223 1818.3755555555556 2047.7866666666666 2076.82 
10735.857777777777 10764.257777777777 1662.4577777777777 1690.8577777777778 2076.4133333333334 2104.8133333333335 
10359.262222222222 10386.962222222222 1826.3733333333332 1854.0733333333333 1987.6622222222222 2015.3622222222223 
10237.028888888888 10264.373333333333 1611.628888888889 1638.9733333333334 1965.2733333333333 1992.6177777777777 
10422.502222222221 10450.891111111112 1810.0244444444445 1838.4133333333334 2149.1911111111112 2177.58 
10678.233333333334 10707.155555555555 1737.3222222222223 1766.2444444444445 2036.0111111111112 2064.9333333333334 
10457.548888888889 10486.204444444444 1673.4822222222222 1702.1377777777777 2147.2155555555555 2175.871111111111 
10264.62 10292.62 1743.1533333333334 1771.1533333333334 2307.4422222222224 2335.4422222222224 
10873.693333333333 10902.193333333333 1683.3933333333334 1711.8933333333334 2095.248888888889 2123.748888888889 
10293.90888888889 10321.786666666667 1782.631111111111 1810.5088888888888 2097.9088888888887 2125.786666666667 
10231.366666666667 10258.877777777778 1695.1333333333334 1722.6444444444444 2159.277777777778 2186.788888888889 
10160.477777777778 10187.91111111111 1696.6666666666667 1724.1 1923.0777777777778 1950.5111111111112 
10550.253333333334 10578.764444444445 1763.9422222222222 1792.4533333333334 2197.52 2226.031111111111 
10483.84 10512.217777777778 1802.9066666666668 1831.2844444444445 1987.951111111111 2016.328888888889 
10075.56 10103.648888888889 1695.848888888889 1723.9377777777777 1995.5822222222223 2023.671111111111 
10403.271111111111 10431.371111111112 2008.2377777777779 2036.3377777777778 2224.248888888889 2252.3488888888887 
10364.871111111112 10393.582222222221 1724.7933333333333 1753.5044444444445 1977.7377777777779 2006.4488888888889 
10591.228888888889 10620.073333333334 1748.84 1777.6844444444444 2138.362222222222 2167.2066666666665 
10109.895555555555 10137.195555555556 1644.84 1672.14 1816.0288888888888 1843.328888888889 
10419.582222222221 10447.337777777779 1774.1155555555556 1801.871111111111 1863.6044444444444 1891.36 
10233.573333333334 10261.784444444444 1819.54 1847.7511111111112 2371.9066666666668 2400.117777777778 
10600.48 10629.224444444444 1772.0466666666666 1800.7911111111111 2017.7911111111111 2046.5355555555554 
10342.32 10370.086666666666 1812.1533333333334 1839.92 1925.831111111111 1953.5977777777778 
10449.286666666667 10477.486666666666 1868.0422222222223 1896.2422222222222 2203.0644444444442 2231.2644444444445 
10512.473333333333 10540.94 1864.0955555555556 1892.5622222222223 2117.1844444444446 2145.6511111111113 
10877.262222222222 10905.851111111111 1852.6844444444444 1881.2733333333333 2116.728888888889 2145.317777777778 
10698.90888888889 10727.353333333333 1748.2755555555555 1776.72 2250.4644444444443 2278.9088888888887 
10981.037777777778 11009.782222222222 1832.1933333333334 1860.9377777777777 2085.6155555555556 2114.36 
10138.211111111112 10166.2 1730.8333333333333 1758.8222222222223 2110.8777777777777 2138.866666666667 
10686.266666666666 10715.133333333333 1747.1444444444444 1776.0111111111112 2057.311111111111 2086.177777777778 
10339.782222222222 10367.66 1661.1044444444444 1688.9822222222222 1983.048888888889 2010.9266666666667 
10585.964444444444 10614.664444444445 1817.608888888889 1846.308888888889 2312.9422222222224 2341.6422222222222 
10418.722222222223 10446.866666666667 1756.9222222222222 1785.0666666666666 2089.188888888889 2117.3333333333335 
10575.86 10604.793333333333 1918.2822222222221 1947.2155555555555 2140.3044444444445 2169.237777777778 
10387.666666666666 10415.233333333334 1724.7111111111112 1752.2777777777778 2003.6222222222223 2031.1888888888889 
11024.906666666666 11054.606666666667 1844.828888888889 1874.5288888888888 2207.862222222222 2237.5622222222223 
10389.797777777778 10418.053333333333 1702.908888888889 1731.1644444444444 2157.197777777778 2185.4533333333334 
10293.762222222222 10321.484444444444 1743.2177777777779 1770.94 1756.7177777777779 1784.44 
10386.108888888888 10414.342222222222 1734.4422222222222 1762.6755555555555 1940.0422222222223 1968.2755555555555 
10773.04 10801.995555555555 1734.7066666666667 1763.6622222222222 1949.64 1978.5955555555556 
10704.364444444445 10732.575555555555 1757.108888888889 1785.32 1970.2088888888889 1998.42 
10484.035555555556 10512.546666666667 1726.28 1754.7911111111111 1922.2355555555555 1950.7466666666667 
