23176.64623655914 23204.097849462367 5128.683870967742 5156.135483870968 5855.205376344086 5882.656989247312 
24499.41505376344 24528.162365591397 5425.01182795699 5453.7591397849465 6131.608602150538 6160.355913978495 
23828.5688172043 23856.88064516129 5532.627956989248 5560.939784946237 5815.181720430108 5843.493548387097 
23844.259139784946 23872.829032258065 5462.872043010752 5491.441935483871 5815.377419354839 5843.947311827957 
23660.003225806453 23688.358064516127 5512.664516129033 5541.01935483871 5992.863440860215 6021.218279569893 
24132.06129032258 24160.42688172043 5502.389247311828 5530.754838709678 6024.308602150538 6052.674193548387 
23467.976344086022 23496.08387096774 5444.164516129033 5472.272043010753 5963.191397849462 5991.2989247311825 
23973.101075268816 24001.654838709677 5327.531182795699 5356.0849462365595 6482.843010752688 6511.3967741935485 
23458.444086021504 23486.013978494622 5482.782795698925 5510.352688172043 5886.196774193549 5913.766666666666 
23339.53870967742 23367.54946236559 5262.7806451612905 5290.791397849463 6032.183870967742 6060.194623655914 
23937.51182795699 23966.08172043011 5377.334408602151 5405.904301075268 5978.1032258064515 6006.67311827957 
23471.459139784947 23499.4376344086 5347.158064516129 5375.136559139785 6110.26559139785 6138.244086021506 
23388.413978494624 23416.327956989247 5475.0 5502.913978494624 5934.790322580645 5962.704301075269 
23622.151612903224 23650.044086021506 5383.51182795699 5411.404301075268 5997.2806451612905 6025.17311827957 
23468.183870967743 23496.03870967742 5262.36129032258 5290.216129032258 5846.958064516129 5874.812903225807 
23759.63440860215 23788.06989247312 5459.424731182796 5487.860215053764 6053.225806451613 6081.6612903225805 
23096.821505376345 23125.106451612904 5423.197849462365 5451.482795698925 5779.48817204301 5807.77311827957 
23435.24301075269 23463.382795698926 5433.968817204301 5462.108602150538 6101.866666666667 6130.006451612903 
24116.75806451613 24145.274193548386 5361.360215053764 5389.876344086021 5831.5 5860.0161290322585 
24307.711827956988 24336.72795698925 5239.695698924731 5268.7118279569895 6157.486021505376 6186.502150537634 
23099.127956989247 23126.7623655914 5460.310752688172 5487.945161290322 5849.547311827957 5877.181720430108 
23205.468817204302 23233.26989247312 5369.683870967742 5397.484946236559 5918.1032258064515 5945.904301075268 
23881.789247311826 23910.176344086023 5646.337634408602 5674.724731182796 6110.767741935484 6139.154838709677 
23627.91075268817 23656.572043010754 5555.340860215054 5584.002150537634 6287.2225806451615 6315.883870967742 
23311.572043010754 23339.787096774195 5225.448387096774 5253.663440860215 5999.4 6027.615053763441 
23818.051612903226 23846.766666666666 5384.309677419355 5413.024731182796 5901.191397849462 5929.906451612903 
24027.787096774195 24056.53440860215 5464.464516129032 5493.2118279569895 5816.561290322581 5845.308602150538 
23458.697849462365 23487.052688172043 5333.402150537634 5361.756989247312 5861.955913978494 5890.310752688172 
23706.25053763441 23734.508602150538 5449.782795698925 5478.040860215054 6243.315053763441 6271.57311827957 
23379.775268817204 23407.613978494624 5416.210752688172 5444.049462365591 5945.9150537634405 5973.75376344086 
23384.61612903226 23412.696774193548 5324.637634408602 5352.718279569893 5667.949462365591 5696.030107526882 
23885.882795698926 23914.221505376343 5611.67311827957 5640.01182795699 5840.2591397849465 5868.597849462366 
23876.837634408603 23905.493548387098 5378.649462365592 5407.305376344086 5967.708602150537 5996.364516129032 
23992.449462365592 24021.212903225805 5491.750537634409 5520.513978494624 6281.223655913978 6309.987096774194 
23375.470967741934 23403.427956989246 5240.927956989247 5268.884946236559 5917.320430107527 5945.2774193548385 
23176.579569892474 23203.7623655914 5449.031182795699 5476.213978494624 6045.923655913978 6073.106451612904 
24046.70752688172 24075.567741935483 5535.755913978494 5564.616129032258 6040.933333333333 6069.793548387097 
23718.36129032258 23746.565591397848 5531.248387096774 5559.452688172043 6197.802150537635 6226.006451612903 
23911.92688172043 23940.38387096774 5392.572043010753 5421.029032258065 6001.561290322581 6030.018279569893 
23427.570967741936 23455.990322580645 5500.662365591398 5529.081720430107 5907.151612903226 5935.570967741935 
23107.08924731183 23135.25053763441 5434.540860215054 5462.702150537634 6052.1 6080.261290322581 
23361.321505376345 23389.402150537633 5309.972043010753 5338.052688172043 5790.256989247312 5818.337634408602 
23776.62688172043 23805.008602150538 5401.884946236559 5430.266666666666 5868.508602150538 5896.890322580645 
23823.759139784946 23852.135483870967 5289.931182795699 5318.30752688172 5970.791397849463 5999.167741935484 
23529.679569892473 23557.539784946235 5464.45376344086 5492.313978494623 6172.593548387097 6200.45376344086 
24134.817204301075 24163.456989247312 5323.60752688172 5352.247311827957 6052.1612903225805 6080.801075268817 
23549.545161290323 23577.44301075269 5244.797849462366 5272.695698924731 5679.8462365591395 5707.744086021506 
23748.702150537636 23777.132258064517 5419.981720430107 5448.411827956989 6064.7989247311825 6093.229032258065 
23286.75376344086 23314.78064516129 5241.431182795699 5269.458064516129 5963.087096774194 5991.113978494624 
23968.475268817205 23996.744086021507 5152.012903225806 5180.281720430107 6243.174193548387 6271.443010752688 
