29799.454310344827 29827.794827586207 7183.4068965517245 7211.747413793103 7750.868103448276 7779.208620689656 
29956.709482758622 29984.743965517242 7151.024137931035 7179.058620689655 8198.278448275862 8226.312931034483 
30392.22155172414 30421.16120689655 7012.751724137931 7041.691379310345 7538.2215517241375 7567.161206896551 
29855.18793103448 29883.330172413793 6886.675 6914.81724137931 7586.144827586207 7614.287068965517 
29818.497413793102 29846.635344827588 7196.0922413793105 7224.230172413793 8399.764655172414 8427.902586206896 
30199.01896551724 30227.708620689657 7209.975862068965 7238.665517241379 7533.6568965517245 7562.3465517241375 
29271.097413793104 29298.916379310343 7145.291379310344 7173.110344827586 7657.011206896552 7684.830172413793 
30136.350862068964 30164.941379310345 7193.579310344828 7222.169827586207 8017.799137931034 8046.389655172414 
30157.90948275862 30186.418103448275 7140.991379310345 7169.5 7524.107758620689 7552.616379310345 
30140.99051724138 30169.356896551722 7171.895689655173 7200.262068965517 8044.550862068965 8072.91724137931 
30339.772413793104 30368.125862068966 7082.164655172413 7110.518103448276 7601.462068965518 7629.815517241379 
30136.54396551724 30164.837068965517 7133.694827586207 7161.987931034483 7360.078448275862 7388.371551724138 
29999.75 30028.185344827587 6978.202586206897 7006.637931034483 8332.23275862069 8360.668103448275 
29983.77672413793 30011.871551724136 6949.233620689655 6977.328448275862 7875.621551724138 7903.716379310345 
29724.96724137931 29753.18706896552 7043.9672413793105 7072.187068965517 8188.975862068965 8217.195689655173 
30696.081896551725 30724.935344827587 7347.668103448276 7376.521551724138 8239.125 8267.978448275862 
30402.045689655173 30430.894827586206 7082.912068965517 7111.761206896552 7834.485344827586 7863.334482758621 
30450.524137931036 30479.291379310343 7148.631896551724 7177.399137931035 8040.662068965517 8069.429310344827 
30830.737931034484 30859.272413793104 7101.6560344827585 7130.190517241379 8008.341379310345 8036.875862068966 
29397.030172413793 29425.314655172413 7036.0948275862065 7064.379310344828 7340.762931034483 7369.047413793103 
29809.043103448275 29837.25 7174.491379310345 7202.698275862069 8167.2155172413795 8195.422413793103 
30380.466379310346 30409.181896551723 7070.246551724138 7098.962068965518 7858.449137931035 7887.164655172413 
29792.743103448276 29821.122413793102 7061.497413793103 7089.876724137931 7654.872413793103 7683.251724137931 
29982.72931034483 30011.177586206897 7163.518103448276 7191.966379310345 8364.168965517241 8392.61724137931 
29870.710344827585 29899.188793103447 7272.072413793104 7300.550862068965 8005.348275862069 8033.826724137931 
30025.102586206896 30053.451724137933 6929.938793103448 6958.287931034482 7302.171551724138 7330.520689655173 
29879.68793103448 29907.373275862068 7249.584482758621 7277.269827586207 7772.601724137931 7800.287068965517 
30275.405172413793 30303.422413793105 7056.370689655172 7084.387931034483 7994.560344827586 8022.577586206897 
29802.803448275863 29830.906896551725 7177.238793103448 7205.3422413793105 7976.915517241379 8005.018965517242 
30088.956896551725 30117.064655172413 6978.7155172413795 7006.823275862069 7920.913793103448 7949.021551724138 
30745.09827586207 30773.714655172414 7308.861206896552 7337.477586206896 8030.727586206896 8059.3439655172415 
29644.13275862069 29672.00775862069 6991.576724137931 7019.451724137931 7992.805172413793 8020.680172413793 
30012.68448275862 30040.856896551722 7121.675862068965 7149.848275862069 8127.046551724138 8155.2189655172415 
30677.980172413794 30706.44568965517 7155.083620689656 7183.549137931034 7917.506034482759 7945.9715517241375 
30079.139655172414 30107.39396551724 7180.898275862069 7209.152586206897 8163.6568965517245 8191.911206896551 
30179.56293103448 30208.196551724137 7148.69224137931 7177.325862068966 7935.787068965517 7964.420689655172 
30035.83879310345 30064.114655172412 7195.881896551724 7224.1577586206895 7822.993965517241 7851.269827586207 
29609.34655172414 29637.18706896552 7206.191379310345 7234.0318965517245 7709.98448275862 7737.825 
30625.993965517242 30654.683620689655 7204.498275862069 7233.187931034483 7672.200862068966 7700.89051724138 
29600.599137931036 29628.94827586207 7108.206896551724 7136.556034482759 8138.762931034483 8167.112068965517 
30576.481896551722 30605.287931034483 7035.244827586207 7064.050862068965 7911.0939655172415 7939.9 
30099.793103448275 30128.35775862069 7411.637931034483 7440.202586206897 7738.103448275862 7766.668103448276 
29995.79396551724 30024.345689655172 7024.393103448276 7052.944827586207 7787.414655172413 7815.966379310345 
30678.878448275864 30707.47327586207 7157.787931034482 7186.38275862069 7649.309482758621 7677.9043103448275 
30191.399137931036 30219.459482758622 7244.377586206897 7272.437931034483 8401.433620689655 8429.493965517242 
30793.51120689655 30822.416379310343 7324.200862068966 7353.106034482758 8013.269827586207 8042.175 
30009.64396551724 30038.41120689655 7167.187068965517 7195.954310344828 8065.247413793103 8094.014655172414 
29563.77844827586 29592.114655172412 7252.459482758621 7280.795689655172 8085.614655172414 8113.950862068966 
30020.837068965517 30048.90603448276 7181.630172413793 7209.699137931035 7695.0956896551725 7723.164655172413 
29692.333620689657 29720.665517241378 6993.333620689656 7021.665517241379 7602.2818965517245 7630.613793103448 
