43168.303405572755 43196.98761609907 10677.427244582042 10706.11145510836 11551.56346749226 11580.247678018575 
42897.10464396285 42925.59071207431 10853.039628482971 10881.525696594426 11602.940557275542 11631.426625386997 
42815.399380804956 42843.733746130034 10681.021671826626 10709.356037151703 11753.984520123839 11782.318885448916 
42174.388235294115 42202.6947368421 10518.886687306502 10547.19318885449 11372.781424148607 11401.087925696595 
42501.386996904024 42529.743034055726 10581.804953560371 10610.160990712075 11973.092879256967 12001.448916408668 
42405.46439628483 42433.95975232198 10621.383900928793 10649.879256965944 11559.021671826626 11587.517027863778 
42769.470588235294 42798.33436532508 10759.291021671826 10788.15479876161 11676.656346749225 11705.52012383901 
43296.478637770895 43325.31455108359 10729.48173374613 10758.317647058824 11639.249535603714 11668.085448916408 
42415.47492260062 42444.15294117647 10622.27987616099 10650.957894736843 11870.22105263158 11898.89907120743 
42126.926315789475 42154.96656346749 10763.923219814242 10791.96346749226 11687.691021671826 11715.731269349844 
42038.31455108359 42066.134984520126 10625.698452012384 10653.518885448917 11501.029721362229 11528.850154798762 
42052.191950464396 42080.78328173375 10774.29721362229 10802.88854489164 12043.043343653251 12071.634674922601 
42253.585139318886 42281.724458204335 10669.826625386997 10697.965944272446 11753.130030959752 11781.2693498452 
41825.83157894737 41853.80990712074 10619.617956656346 10647.596284829722 11343.94613003096 11371.924458204334 
43055.15665634675 43083.59318885449 10707.602476780186 10736.039009287926 11842.280495356037 11870.717027863777 
42131.67616099071 42159.388235294115 10605.2520123839 10632.964086687307 11654.13746130031 11681.849535603715 
43482.89783281734 43511.94427244582 10772.835913312694 10801.882352941177 11579.377708978329 11608.424148606811 
43021.49226006192 43050.21052631579 10650.90092879257 10679.61919504644 11947.346749226006 11976.065015479877 
42071.36346749226 42099.53684210526 10544.437770897834 10572.611145510837 11216.313931888544 11244.487306501547 
41752.506501547985 41780.209287925696 10484.076160990711 10511.77894736842 11573.035913312693 11600.738699690402 
42120.52198142415 42148.67058823529 10345.351702786378 10373.500309597523 11255.020433436532 11283.169040247678 
42235.40928792569 42263.37832817338 10654.570278637771 10682.539318885449 11365.170897832817 11393.139938080496 
42414.66253869969 42443.30959752322 10627.21052631579 10655.85758513932 11685.866873065015 11714.513931888545 
42169.00309597523 42197.32817337461 10461.603715170279 10489.928792569659 11349.532507739938 11377.85758513932 
42057.4080495356 42085.71145510836 10752.928173374614 10781.231578947369 11953.014860681114 11981.31826625387 
41740.44520123839 41768.392569659445 10418.85386996904 10446.801238390093 11781.339938080495 11809.287306501548 
42109.33746130031 42137.80185758514 10571.839009287925 10600.303405572755 11248.151702786377 11276.616099071207 
42988.167801857584 43016.65077399381 10587.814860681114 10616.297832817338 11526.69721362229 11555.180185758514 
42217.63343653251 42246.04210526316 10945.444582043343 10973.853250773995 11898.5653250774 11926.97399380805 
41797.27244582043 41825.359133126934 10536.399380804953 10564.486068111455 11658.40866873065 11686.495356037152 
42647.92507739938 42676.12631578947 10691.250154798761 10719.451393188854 11244.213003095976 11272.414241486069 
42503.80990712074 42532.35170278638 10789.60866873065 10818.150464396285 11278.407430340558 11306.949226006192 
42650.77832817337 42678.8959752322 10401.697832817337 10429.81547987616 11266.267492260062 11294.385139318885 
42997.99628482972 43026.3213622291 10805.312074303405 10833.637151702786 11496.940557275542 11525.265634674923 
41983.22848297214 42011.411145510836 10757.30588235294 10785.488544891641 11662.612383900929 11690.795046439629 
42141.15294117647 42169.49659442725 10511.125077399382 10539.468730650155 11095.998142414861 11124.341795665634 
42311.56594427244 42339.990092879256 10844.788854489165 10873.213003095976 11421.835294117647 11450.259442724458 
42447.47554179566 42475.92445820433 10573.633436532507 10602.082352941177 11865.75108359133 11894.2 
41660.926315789475 41688.833436532506 10532.17399380805 10560.081114551083 11728.143034055727 11756.050154798762 
42302.601238390096 42330.833436532506 10664.14613003096 10692.378328173374 11504.80866873065 11533.040866873065 
41970.841486068115 41999.110835913314 10584.377089783282 10612.646439628483 11575.965325077399 11604.2346749226 
42251.016718266255 42279.174613003095 10504.378947368421 10532.536842105263 11902.877399380804 11931.035294117648 
43002.17832817337 43030.22786377709 10495.15665634675 10523.206191950465 11639.413622291022 11667.463157894737 
42619.71640866873 42647.58328173374 10560.4346749226 10588.301547987616 12155.967182662538 12183.834055727553 
42638.54984520124 42667.02972136223 10493.738699690402 10522.218575851393 11519.302167182663 11547.782043343654 
42226.87925696594 42255.39318885449 10683.120743034056 10711.634674922601 11329.383900928793 11357.897832817338 
42560.75294117647 42589.06873065016 10951.910835913313 10980.226625386997 11830.384520123838 11858.700309597523 
42408.336842105266 42436.44210526316 10431.253250773994 10459.35851393189 11606.12321981424 11634.228482972136 
42902.733746130034 42931.15789473684 10545.222910216718 10573.64705882353 11785.424148606811 11813.848297213623 
43256.0080495356 43284.936842105264 10612.36718266254 10641.295975232199 11453.943034055728 11482.871826625387 
