38903.28918918919 38931.883783783785 9417.225 9445.819594594595 10522.187837837839 10550.782432432432 
38469.90067567568 38498.012162162166 9807.670945945945 9835.782432432432 10151.326351351352 10179.437837837839 
38449.52027027027 38477.86486486487 9705.908783783783 9734.253378378378 10756.695945945947 10785.04054054054 
39166.376351351355 39194.997972972975 9723.54527027027 9752.166891891891 10810.639864864865 10839.261486486486 
38545.89189189189 38573.96959459459 9861.618243243243 9889.695945945947 11016.094594594595 11044.172297297297 
39467.156081081084 39495.7472972973 9878.22027027027 9906.811486486486 10726.223648648649 10754.814864864866 
39238.549324324325 39266.93783783784 9809.18108108108 9837.569594594595 11021.542567567567 11049.93108108108 
39610.56081081081 39639.125 9435.543918918918 9464.108108108108 10472.594594594595 10501.158783783783 
38318.44594594595 38346.49324324324 9515.324324324325 9543.371621621622 10382.033783783783 10410.081081081082 
38682.18716216216 38710.69391891892 9686.612837837838 9715.119594594595 10200.180405405405 10228.687162162161 
39146.04324324324 39174.516216216216 9568.84391891892 9597.316891891893 10612.25945945946 10640.732432432433 
38900.82635135135 38929.123648648645 9628.377027027027 9656.674324324324 10633.610135135135 10661.907432432432 
39291.7277027027 39320.822297297294 9504.94391891892 9534.038513513513 11222.29527027027 11251.389864864865 
37995.69932432433 38023.36486486487 9792.466216216217 9820.131756756757 10621.43581081081 10649.101351351352 
38463.98445945946 38492.43716216216 9430.893243243243 9459.345945945946 10763.349324324325 10791.802027027026 
38979.7 39008.11891891892 9645.544594594594 9673.963513513514 10895.53108108108 10923.95 
38490.95135135135 38518.887162162166 9596.309459459459 9624.24527027027 10146.545945945945 10174.481756756757 
38223.47094594595 38251.96756756757 9902.595945945946 9931.092567567568 10624.207432432433 10652.704054054055 
39152.47027027027 39180.7 9626.436486486486 9654.666216216216 10578.375675675676 10606.605405405406 
38083.53783783784 38111.571621621624 9527.757432432432 9555.791216216216 9953.618918918919 9981.652702702702 
38663.25675675676 38691.6722972973 9369.010135135135 9397.425675675675 10715.405405405405 10743.820945945947 
38411.637837837836 38439.725675675676 9719.702027027028 9747.789864864864 10422.110810810811 10450.19864864865 
39135.30067567567 39163.47297297297 9769.655405405405 9797.827702702703 10779.199324324325 10807.371621621622 
38765.92297297297 38793.9972972973 9778.027702702702 9806.102027027027 10552.186486486486 10580.26081081081 
39503.225675675676 39532.303378378376 9614.620945945946 9643.69864864865 10514.847297297298 10543.925 
38433.18040540541 38461.50472972973 9415.724324324325 9444.048648648648 10387.808783783783 10416.133108108108 
39086.81283783784 39115.498648648645 9709.603378378379 9738.289189189189 10524.150675675675 10552.836486486487 
38545.43445945946 38573.333108108105 9548.623648648649 9576.522297297297 10311.738513513514 10339.637162162162 
39332.96351351351 39361.14256756757 9597.193243243244 9625.372297297297 10616.382432432432 10644.561486486486 
38488.35472972973 38516.36824324324 9480.85472972973 9508.868243243243 10543.881756756757 10571.89527027027 
38958.8277027027 38987.58783783784 9847.625 9876.385135135135 10545.097972972973 10573.858108108108 
38945.193243243244 38973.689864864864 9579.45 9607.946621621622 10250.727027027027 10279.223648648649 
38244.795945945945 38272.99189189189 9522.052702702702 9550.248648648649 10216.289189189189 10244.485135135135 
38880.71216216216 38909.33716216216 9522.354054054054 9550.979054054054 10388.96891891892 10417.59391891892 
38395.377027027025 38423.512162162166 9364.755405405405 9392.89054054054 10031.072972972974 10059.208108108109 
38877.16554054054 38905.45608108108 9579.56081081081 9607.851351351352 10300.56418918919 10328.85472972973 
38625.97432432432 38653.910135135135 9802.747972972973 9830.683783783783 10987.143243243243 11015.079054054055 
38699.9527027027 38728.10810810811 9321.27027027027 9349.425675675675 10503.871621621622 10532.027027027027 
38890.80878378378 38919.25472972973 9613.508108108108 9641.954054054055 10384.072297297298 10412.518243243243 
38650.81959459459 38679.27905405405 9287.795945945945 9316.255405405405 10547.70472972973 10576.164189189189 
38141.94459459459 38169.86689189189 9284.741891891892 9312.664189189189 9869.127027027027 9897.049324324324 
38667.494594594595 38695.59256756757 9727.31891891892 9755.416891891891 10808.156756756756 10836.25472972973 
39167.83108108108 39196.52027027027 9549.506756756757 9578.195945945947 10781.93918918919 10810.628378378378 
38923.32364864865 38951.77972972973 9662.860810810811 9691.316891891893 10745.857432432433 10774.313513513514 
38425.597297297296 38453.968918918916 9694.918243243243 9723.289864864864 10838.401351351351 10866.772972972973 
39238.03783783784 39266.13243243243 9612.274324324324 9640.368918918919 10948.848648648649 10976.943243243244 
38902.193243243244 38930.79121621622 9559.973648648649 9588.571621621622 10607.524324324324 10636.122297297297 
38979.92635135135 39008.59189189189 9707.88581081081 9736.55135135135 10581.42635135135 10610.091891891892 
38544.7 38573.031081081084 9511.287837837837 9539.618918918919 10326.841891891892 10355.172972972972 
38516.972297297296 38545.6277027027 9497.94864864865 9526.604054054054 10503.742567567568 10532.397972972973 
