19818.945222929935 19847.75414012739 4437.250955414012 4466.059872611465 5155.677707006369 5184.4866242038215 
19611.70955414013 19640.021656050954 4374.340127388535 4402.652229299363 4908.225477707007 4936.537579617834 
19849.826751592358 19877.51464968153 4108.444585987261 4136.132484076433 4613.017834394905 4640.705732484076 
19713.31592356688 19741.303184713375 4299.0101910828025 4326.9974522293 4756.468789808917 4784.456050955414 
20102.871337579618 20130.966878980893 4269.380891719745 4297.476433121019 4991.374522292994 5019.470063694267 
19411.019108280256 19439.573248407643 4305.866242038216 4334.420382165605 4538.146496815287 4566.700636942675 
19252.543949044586 19280.486624203822 4323.053503184713 4350.996178343949 4657.658598726115 4685.601273885351 
19372.31082802548 19400.820382165606 4243.928662420382 4272.438216560509 4870.6611464968155 4899.1707006369425 
19766.726114649682 19795.426751592357 4057.4713375796177 4086.171974522293 4864.388535031847 4893.089171974522 
19761.622929936304 19789.419108280254 4296.9095541401275 4324.705732484076 4918.2917197452225 4946.087898089172 
19905.308280254776 19933.76050955414 4261.028025477707 4289.4802547770705 5152.07898089172 5180.531210191083 
19675.089171974523 19703.464968152864 4293.070063694267 4321.445859872611 4872.585987261146 4900.96178343949 
19687.221656050955 19715.43821656051 4144.298089171974 4172.514649681529 4555.648407643312 4583.864968152866 
19775.12738853503 19804.261146496814 4477.050955414013 4506.1847133757965 5136.547770700637 5165.6815286624205 
19384.300636942677 19412.472611464967 4248.300636942675 4276.472611464968 4691.9630573248405 4720.135031847134 
19720.337579617833 19748.458598726116 4375.624203821656 4403.745222929936 4840.802547770701 4868.923566878981 
19845.92866242038 19874.903184713377 4253.68025477707 4282.654777070064 4990.2025477707 5019.177070063694 
19471.626751592357 19500.136305732485 4177.136305732484 4205.645859872611 4517.518471337579 4546.028025477707 
19266.982165605095 19295.109554140126 4241.370700636942 4269.498089171974 4557.421656050956 4585.549044585987 
19656.686624203823 19685.272611464967 4457.973248407643 4486.559235668789 4951.928662420382 4980.514649681529 
19884.3974522293 19912.47388535032 4211.766878980891 4239.843312101911 4896.225477707007 4924.301910828025 
19657.47515923567 19685.90828025478 4150.436942675159 4178.870063694268 4461.825477707006 4490.2585987261145 
19887.72356687898 19916.27770700637 4218.207643312102 4246.7617834394905 4619.11847133758 4647.672611464968 
19513.861146496816 19541.9949044586 4210.03949044586 4238.173248407643 4782.988535031847 4811.12229299363 
19892.48917197452 19920.540127388536 4192.2025477707 4220.253503184714 4909.884076433121 4937.935031847133 
19726.993630573248 19755.337579617833 4318.401273885351 4346.745222929936 4924.5668789808915 4952.910828025478 
19624.79617834395 19652.961783439492 4297.898089171975 4326.0636942675155 4317.401273885351 4345.5668789808915 
19630.662420382167 19658.961783439492 4339.044585987262 4367.343949044586 4836.248407643312 4864.547770700637 
19845.96433121019 19873.71592356688 4254.607643312102 4282.35923566879 4882.900636942675 4910.652229299363 
19591.780891719744 19619.47515923567 4275.971974522293 4303.666242038216 4745.723566878981 4773.417834394904 
20370.726114649682 20399.15923566879 4342.75796178344 4371.1910828025475 5050.847133757962 5079.28025477707 
19503.686624203823 19531.712101910827 4076.4 4104.425477707006 4687.552866242038 4715.578343949044 
19921.667515923567 19949.705732484075 4204.686624203821 4232.724840764331 4610.514649681529 4638.552866242038 
20001.16687898089 20030.096815286623 4143.447133757962 4172.377070063694 4650.943949044586 4679.873885350318 
20553.35286624204 20582.174522292993 4299.149044585987 4327.970700636943 5082.785987261146 5111.607643312102 
19179.44458598726 19207.533757961784 4203.349044585987 4231.438216560509 4792.495541401274 4820.584713375796 
19377.196178343947 19405.67388535032 4232.7885350318475 4261.266242038217 4687.686624203821 4716.164331210191 
19414.608917197453 19442.940127388534 4351.182165605095 4379.5133757961785 4698.831847133758 4727.16305732484 
19845.821656050954 19874.006369426752 4450.388535031847 4478.573248407643 4777.853503184713 4806.03821656051 
20006.993630573248 20036.038216560508 4315.75796178344 4344.802547770701 4838.477707006369 4867.522292993631 
19614.459872611464 19642.631847133758 4344.7146496815285 4372.886624203822 4702.810191082803 4730.982165605095 
20195.47770700637 20223.649681528663 4234.9363057324845 4263.108280254777 4775.904458598726 4804.076433121019 
19661.16433121019 19689.380891719746 4176.973248407643 4205.189808917197 4579.935031847133 4608.151592356688 
19808.75031847134 19837.138853503184 4325.4127388535035 4353.80127388535 4622.514649681529 4650.903184713376 
19710.853503184713 19739.210191082802 4411.076433121019 4439.4331210191085 4765.445859872611 4793.802547770701 
20074.029299363057 20103.354140127387 4199.220382165605 4228.545222929936 4972.341401273885 5001.666242038216 
19330.727388535033 19358.676433121018 4332.268789808917 4360.2178343949045 4622.326114649682 4650.275159235669 
20037.60127388535 20065.99617834395 4085.8624203821655 4114.257324840764 4616.563057324841 4644.95796178344 
19884.585987261147 19913.579617834395 4396.611464968153 4425.605095541401 4660.261146496815 4689.254777070064 
19563.259872611467 19591.20891719745 4337.234394904459 4365.183439490446 4914.68025477707 4942.629299363058 
