51587.49670886076 51615.72708860759 13223.367594936708 13251.597974683544 14277.235949367088 14305.466329113924 
52160.84455696202 52189.26481012658 13541.773670886076 13570.193924050633 14245.236962025316 14273.657215189873 
52587.73113924051 52616.16151898734 13330.946329113924 13359.37670886076 14600.493164556961 14628.923544303798 
51770.755443037975 51798.884556962024 13329.0617721519 13357.190886075949 14785.871898734178 14814.001012658227 
52498.425316455694 52526.98481012658 13332.111392405064 13360.67088607595 14532.964556962026 14561.524050632912 
52521.89063291139 52549.994430379746 13344.002025316455 13372.10582278481 14644.161518987341 14672.265316455696 
52481.534683544305 52509.803037974685 13480.377721518988 13508.646075949368 14508.392911392406 14536.661265822784 
52141.012151898736 52168.652658227846 13069.260253164557 13096.90075949367 14159.450126582278 14187.090632911393 
53007.30227848101 53035.8870886076 13553.109873417721 13581.694683544303 14745.821265822784 14774.406075949368 
52336.72708860759 52364.949873417725 13228.82075949367 13257.043544303797 14131.16 14159.382784810126 
53060.26784810126 53089.06278481013 13439.43746835443 13468.23240506329 14956.402025316456 14985.196962025317 
51842.379746835446 51870.32658227848 13340.106329113923 13368.053164556963 14195.784810126583 14223.73164556962 
52840.906835443035 52869.403037974684 13342.765063291139 13371.261265822784 14615.299240506329 14643.795443037974 
51770.04506329114 51798.133670886076 13663.214683544304 13691.30329113924 14574.088101265823 14602.17670886076 
52902.134177215186 52930.425316455694 13225.574683544304 13253.86582278481 14321.498734177216 14349.789873417722 
52332.70227848101 52360.909873417724 13423.770632911392 13451.978227848102 15106.370632911392 15134.578227848102 
52552.67594936709 52581.22784810127 13304.098734177214 13332.650632911393 14956.688607594937 14985.240506329113 
52126.11392405063 52154.410126582276 13422.222784810127 13450.518987341773 14682.146835443038 14710.443037974683 
51603.884050632914 51632.24607594937 13446.56 13474.922025316455 14593.106835443037 14621.468860759494 
51729.443037974685 51757.67594936709 13202.736708860759 13230.969620253165 14511.860759493671 14540.093670886075 
52056.08658227848 52084.22582278481 13296.134683544304 13324.273924050633 14140.89417721519 14169.033417721519 
52235.03443037975 52263.277468354434 13484.993924050634 13513.236962025316 14984.105316455696 15012.34835443038 
52575.32050632912 52603.68 13494.074936708861 13522.434430379746 14161.181265822785 14189.540759493671 
52414.45417721519 52443.006075949364 13557.64405063291 13586.19594936709 15165.803544303797 15194.355443037975 
53161.758987341775 53190.57670886076 13734.614683544303 13763.432405063291 14563.938734177214 14592.756455696202 
52767.163037974686 52795.68708860759 13319.628860759494 13348.152911392404 14684.806075949367 14713.33012658228 
52777.12151898734 52805.693670886074 13414.493670886075 13443.06582278481 14778.744303797468 14807.316455696202 
52629.56911392405 52658.04506329114 13347.055189873417 13375.531139240506 14652.827341772152 14681.30329113924 
52467.089620253166 52495.70987341772 13566.831392405064 13595.45164556962 14883.963037974683 14912.58329113924 
52956.57265822785 52984.82329113924 13514.74987341772 13543.000506329114 15115.066329113924 15143.316962025316 
52916.48202531646 52945.2288607595 13766.993417721518 13795.740253164557 14779.137721518988 14807.884556962026 
52376.888607594934 52405.1164556962 13054.746835443038 13082.974683544304 14663.58987341772 14691.817721518988 
52413.14430379747 52441.27341772152 13487.389873417722 13515.518987341773 14767.8 14795.92911392405 
51797.5635443038 51825.68253164557 13547.462278481013 13575.581265822784 14239.454683544303 14267.573670886077 
52630.744303797466 52658.95949367089 13318.458227848101 13346.673417721518 14614.048101265822 14642.263291139241 
52731.777215189875 52760.30126582278 13604.59746835443 13633.121518987342 14513.491139240507 14542.015189873418 
52405.479493670886 52434.097215189875 13388.709873417722 13417.327594936709 14735.411139240507 14764.028860759494 
52834.175189873415 52862.96759493671 13562.276455696203 13591.068860759493 14895.813164556963 14924.605569620253 
53266.671392405064 53295.39037974684 13627.35746835443 13656.076455696202 15041.970126582279 15070.68911392405 
51715.36911392405 51743.37924050633 13484.63746835443 13512.647594936709 14869.361518987342 14897.37164556962 
52227.64303797468 52255.92658227848 13322.949367088608 13351.232911392404 14277.66075949367 14305.944303797469 
51891.447088607594 51919.652151898736 13301.849620253164 13330.054683544304 14543.49012658228 14571.695189873417 
52673.28151898734 52701.47898734177 13366.084050632911 13394.281518987342 14626.585316455696 14654.782784810126 
52238.41873417721 52266.57569620253 13179.406075949368 13207.563037974684 14310.760506329114 14338.91746835443 
52777.66481012658 52806.244556962025 13479.444556962026 13508.024303797469 14662.138227848101 14690.717974683545 
52080.185316455696 52108.59544303797 13492.516962025316 13520.927088607596 14000.086582278482 14028.49670886076 
51797.69215189874 51826.04911392405 13530.39341772152 13558.750379746836 14692.697215189874 14721.05417721519 
51790.41164556962 51818.51037974683 13437.745822784811 13465.844556962025 14275.943291139241 14304.042025316456 
52832.70835443038 52860.95139240506 13328.9817721519 13357.224810126583 14295.10582278481 14323.348860759494 
51866.700253164556 51894.80911392405 13471.588860759493 13499.697721518987 14352.61670886076 14380.725569620254 
