29654.824778761063 29683.43539823009 7192.31592920354 7220.926548672566 7669.789380530973 7698.4 
29694.256637168142 29722.805309734515 7183.526548672567 7212.075221238938 7896.884955752213 7925.433628318584 
29167.106194690266 29195.721238938055 6947.911504424779 6976.526548672567 8190.407079646017 8219.022123893805 
29331.50353982301 29360.38407079646 7077.476991150443 7106.357522123893 8255.282300884955 8284.162831858406 
28827.06460176991 28855.029203539823 6983.414159292035 7011.3787610619465 7570.692920353982 7598.657522123894 
29833.01150442478 29861.92743362832 6949.896460176991 6978.812389380531 7847.276991150443 7876.192920353982 
28639.96371681416 28667.79557522124 6542.038938053097 6569.870796460177 7569.13185840708 7596.963716814159 
29864.92743362832 29893.741592920353 6976.511504424779 7005.325663716814 7868.334513274336 7897.148672566372 
29263.923008849557 29292.467256637166 7027.467256637168 7056.011504424779 7714.781415929204 7743.325663716814 
29384.293805309735 29413.298230088494 7044.001769911504 7073.006194690265 7622.355752212389 7651.36017699115 
28882.680530973452 28910.485840707966 6803.410619469027 6831.215929203539 7764.88407079646 7792.689380530974 
28769.026548672566 28797.278761061945 6822.345132743363 6850.597345132744 7728.345132743363 7756.597345132744 
29541.91946902655 29570.72477876106 7071.671681415929 7100.476991150443 8386.353097345132 8415.158407079645 
29179.124778761063 29207.500884955753 7148.040707964602 7176.416814159292 7825.301769911504 7853.677876106195 
29276.358407079646 29304.71238938053 7033.230088495575 7061.58407079646 7800.995575221239 7829.349557522124 
29594.66371681416 29623.234513274336 6999.1106194690265 7027.6814159292035 8013.097345132744 8041.668141592921 
28996.581415929202 29024.723008849556 6700.377876106195 6728.519469026549 7467.1920353982305 7495.3336283185845 
29105.113274336283 29133.285840707966 7117.462831858407 7145.635398230089 7744.18407079646 7772.356637168142 
29178.56371681416 29206.537168141593 6863.200884955752 6891.174336283186 7442.245132743363 7470.218584070796 
28976.53982300885 29004.893805309734 6953.995575221239 6982.349557522124 7957.778761061947 7986.132743362832 
29260.807079646016 29289.22743362832 6958.488495575221 6986.908849557522 7840.063716814159 7868.48407079646 
29594.58053097345 29623.73097345133 6829.881415929203 6859.031858407079 7447.0761061946905 7476.226548672566 
28978.613274336283 29006.60442477876 7149.263716814159 7177.254867256637 7655.869911504425 7683.861061946903 
29408.562831858406 29436.925663716815 6933.235398230088 6961.598230088495 7788.474336283186 7816.837168141593 
30078.022123893807 30106.911504424777 6950.477876106194 6979.367256637168 7720.420353982301 7749.309734513275 
28962.341592920355 28990.430088495574 7045.969911504425 7074.058407079646 7436.120353982301 7464.208849557522 
29002.83628318584 29030.991150442478 6958.6061946902655 6986.761061946902 7679.004424778761 7707.159292035398 
28413.65132743363 28441.549557522125 6895.531858407079 6923.430088495576 7766.421238938053 7794.319469026549 
28915.969911504424 28944.15132743363 7050.987610619469 7079.169026548672 7485.235398230088 7513.416814159292 
29314.008849557522 29342.28761061947 7135.95575221239 7164.234513274337 7474.362831858407 7502.641592920354 
29093.673451327435 29121.956637168143 6783.465486725664 6811.748672566372 7674.638053097345 7702.921238938053 
29024.307079646016 29052.638938053096 7014.767256637168 7043.099115044248 7762.1920353982305 7790.52389380531 
29079.617699115046 29107.48053097345 6758.148672566372 6786.011504424779 7635.18407079646 7663.046902654867 
29612.363716814158 29640.589380530975 7059.815044247787 7088.040707964602 8191.284070796461 8219.509734513274 
29370.423008849557 29398.776991150444 6912.033628318584 6940.387610619469 7433.591150442478 7461.945132743363 
29994.61238938053 30023.205309734512 6893.457522123894 6922.0504424778765 7620.992920353982 7649.585840707965 
29141.344247787612 29169.822123893806 6971.375221238938 6999.8530973451325 8112.326548672567 8140.804424778761 
28493.146017699117 28521.28761061947 6920.190265486725 6948.331858407079 7637.305309734514 7665.446902654868 
29093.914159292035 29122.210619469028 7086.493805309735 7114.790265486726 7530.68407079646 7558.980530973451 
29882.434513274336 29911.41238938053 7130.447787610619 7159.425663716815 7858.328318584071 7887.306194690265 
29120.113274336283 29148.175221238937 6962.542477876106 6990.604424778761 7415.104424778761 7443.1663716814155 
29357.22477876106 29385.99469026549 6854.25575221239 6883.025663716814 7691.322123893805 7720.09203539823 
29577.721238938055 29606.59292035398 6869.769911504425 6898.641592920354 7963.420353982301 7992.29203539823 
29345.134513274337 29373.669911504425 6807.249557522124 6835.784955752212 7509.010619469026 7537.546017699115 
29193.984955752214 29221.878761061947 6611.582300884956 6639.47610619469 7805.551327433628 7833.445132743363 
29731.20442477876 29759.921238938052 7106.2 7134.916814159292 7600.797345132743 7629.514159292035 
29032.478761061946 29060.638053097344 7046.230973451327 7074.390265486726 7650.7884955752215 7678.947787610619 
29607.838053097345 29636.422123893804 7007.515044247788 7036.099115044248 7499.4044247787615 7527.988495575221 
29186.67610619469 29214.698230088496 6979.67610619469 7007.698230088496 7379.941592920354 7407.963716814159 
29872.58761061947 29901.22477876106 6845.83982300885 6874.476991150443 7246.915044247788 7275.552212389381 
