6802.341935483871 6831.438709677419 777.583870967742 806.6806451612903 1225.1806451612904 1254.2774193548387 
6975.796774193548 7004.9258064516125 817.6516129032258 846.7806451612903 980.5064516129032 1009.6354838709677 
6787.187096774193 6816.170967741936 742.3322580645162 771.3161290322581 1014.4774193548387 1043.4612903225807 
6590.2 6618.329032258064 705.2967741935483 733.4258064516129 843.0387096774193 871.1677419354838 
6470.538709677419 6498.86129032258 764.1193548387097 792.441935483871 1037.8290322580644 1066.151612903226 
6918.8387096774195 6947.580645161291 773.1612903225806 801.9032258064516 1146.483870967742 1175.225806451613 
6434.048387096775 6461.612903225807 664.758064516129 692.3225806451613 989.5967741935484 1017.1612903225806 
6747.145161290323 6775.387096774193 732.4516129032259 760.6935483870968 978.5967741935484 1006.8387096774194 
6610.929032258065 6639.170967741936 836.0258064516129 864.2677419354839 1024.2516129032258 1052.4935483870968 
6718.467741935484 6747.129032258064 753.241935483871 781.9032258064516 1177.0806451612902 1205.741935483871 
6727.716129032258 6756.377419354839 875.1677419354838 903.8290322580646 999.2 1027.8612903225805 
7050.987096774194 7079.309677419355 788.2290322580645 816.5516129032258 925.6967741935484 954.0193548387097 
7074.790322580645 7103.451612903225 754.9354838709677 783.5967741935484 1112.016129032258 1140.6774193548388 
6959.996774193548 6989.512903225806 711.8032258064516 741.3193548387097 1005.8354838709678 1035.3516129032257 
6391.254838709678 6419.012903225806 715.5612903225806 743.3193548387097 783.0290322580645 810.7870967741935 
6530.241935483871 6558.306451612903 674.0645161290323 702.1290322580645 921.983870967742 950.0483870967741 
6842.667741935484 6871.9258064516125 711.7483870967742 741.0064516129032 969.7322580645161 998.9903225806452 
6715.051612903226 6743.68064516129 683.825806451613 712.4548387096775 960.5032258064516 989.1322580645161 
7162.11935483871 7192.1032258064515 797.9096774193548 827.8935483870968 1147.958064516129 1177.941935483871 
6877.283870967742 6905.187096774193 880.2032258064517 908.1064516129032 1101.4774193548387 1129.3806451612904 
6693.687096774193 6722.2193548387095 858.1064516129032 886.6387096774193 1189.2032258064517 1217.7354838709678 
6463.854838709677 6491.806451612903 780.8548387096774 808.8064516129032 1034.241935483871 1062.1935483870968 
6671.764516129032 6699.441935483871 846.5225806451613 874.2 851.8290322580646 879.5064516129032 
6653.322580645161 6682.258064516129 837.9032258064516 866.8387096774194 1219.4193548387098 1248.3548387096773 
6675.364516129032 6703.88064516129 741.058064516129 769.5741935483871 928.4935483870968 957.0096774193548 
6521.264516129032 6548.845161290323 712.7645161290322 740.3451612903226 754.2645161290322 781.8451612903226 
6514.251612903226 6542.3 930.058064516129 958.1064516129032 1227.9935483870968 1256.041935483871 
6921.635483870968 6949.958064516129 916.0548387096774 944.3774193548387 1102.3129032258064 1130.6354838709678 
6895.7 6924.796774193548 881.9903225806452 911.0870967741936 985.0548387096774 1014.1516129032258 
6847.429032258065 6876.235483870968 839.4290322580645 868.2354838709678 1037.1387096774195 1065.9451612903226 
6641.951612903225 6670.0 733.483870967742 761.5322580645161 960.8870967741935 988.9354838709677 
6713.812903225807 6742.022580645162 829.7 857.9096774193548 855.2967741935483 883.5064516129032 
6719.2225806451615 6747.529032258065 670.2870967741935 698.5935483870968 883.2870967741935 911.5935483870968 
6670.7774193548385 6699.2774193548385 768.858064516129 797.358064516129 1069.0677419354838 1097.5677419354838 
6568.496774193548 6595.883870967742 725.3193548387097 752.7064516129033 769.3354838709678 796.7225806451613 
6889.951612903225 6919.3387096774195 817.3870967741935 846.7741935483871 1001.4032258064516 1030.7903225806451 
6552.441935483871 6580.877419354839 735.7161290322581 764.1516129032258 1022.1193548387097 1050.5548387096774 
6741.916129032258 6769.835483870967 711.3838709677419 739.3032258064516 1007.8516129032258 1035.7709677419355 
6481.561290322581 6509.0451612903225 787.6096774193549 815.0935483870968 874.8838709677419 902.3677419354839 
6876.364516129032 6905.541935483871 824.6387096774193 853.8161290322581 1044.7193548387097 1073.8967741935485 
6611.774193548387 6639.290322580645 828.2903225806451 855.8064516129032 1060.7096774193549 1088.225806451613 
6780.470967741935 6809.51935483871 889.8096774193548 918.858064516129 1054.9225806451614 1083.9709677419355 
6427.412903225806 6455.203225806452 759.5419354838709 787.3322580645162 956.3161290322581 984.1064516129032 
7044.664516129033 7073.874193548387 855.5516129032258 884.7612903225806 973.6967741935484 1002.9064516129032 
6567.629032258064 6596.193548387097 814.516129032258 843.0806451612904 1045.3064516129032 1073.8709677419354 
6873.587096774194 6902.312903225807 775.8129032258065 804.5387096774193 1015.8774193548387 1044.6032258064515 
6611.070967741935 6639.070967741935 881.9741935483871 909.9741935483871 934.3612903225807 962.3612903225807 
6602.11935483871 6630.36129032258 714.9580645161291 743.2 850.8612903225807 879.1032258064516 
6413.790322580645 6441.9838709677415 763.5806451612904 791.7741935483871 1003.4677419354839 1031.6612903225807 
6918.580645161291 6947.677419354839 653.7096774193549 682.8064516129032 1003.2258064516129 1032.3225806451612 
