1434.0545454545454 1461.7818181818182 83.19090909090909 110.91818181818182 107.05454545454545 134.78181818181818 
1380.8090909090909 1409.0363636363636 80.17272727272727 108.4 95.14545454545454 123.37272727272727 
1189.8636363636363 1217.4545454545455 85.18181818181819 112.77272727272727 104.89090909090909 132.48181818181817 
1192.2181818181818 1221.2181818181818 83.05454545454545 112.05454545454545 123.33636363636364 152.33636363636364 
1194.1363636363637 1221.1818181818182 84.18181818181819 111.22727272727273 110.11818181818182 137.16363636363636 
1014.5090909090909 1042.1909090909091 73.78181818181818 101.46363636363637 109.05454545454545 136.73636363636365 
1069.909090909091 1096.909090909091 84.68181818181819 111.68181818181819 115.19090909090909 142.1909090909091 
1376.8818181818183 1406.0181818181818 94.26363636363637 123.4 111.35454545454546 140.4909090909091 
1269.509090909091 1299.1 76.23636363636363 105.82727272727273 100.67272727272727 130.26363636363635 
1375.8363636363636 1402.8363636363636 83.56363636363636 110.56363636363636 117.60909090909091 144.6090909090909 
1264.3636363636363 1293.590909090909 76.81818181818181 106.04545454545455 106.49090909090908 135.71818181818182 
1326.3181818181818 1356.0 81.38181818181818 111.06363636363636 121.27272727272727 150.95454545454547 
1315.5454545454545 1343.8636363636363 85.63636363636364 113.95454545454545 96.12727272727273 124.44545454545455 
1396.590909090909 1424.9545454545455 79.95454545454545 108.31818181818181 107.2 135.56363636363636 
1527.1 1557.3272727272727 82.41818181818182 112.64545454545454 100.55454545454545 130.78181818181818 
1064.2272727272727 1090.8181818181818 74.45454545454545 101.04545454545455 119.13636363636364 145.72727272727272 
1180.7 1210.1090909090908 81.24545454545455 110.65454545454546 117.30909090909091 146.71818181818182 
1117.7636363636364 1146.6272727272728 83.30909090909091 112.17272727272727 119.71818181818182 148.5818181818182 
1328.2545454545455 1357.6181818181817 80.39090909090909 109.75454545454545 114.34545454545454 143.70909090909092 
1238.4454545454546 1266.990909090909 79.08181818181818 107.62727272727273 97.24545454545455 125.7909090909091 
1399.3909090909092 1428.4818181818182 90.93636363636364 120.02727272727273 122.47272727272727 151.56363636363636 
1183.7545454545455 1209.6181818181817 73.8 99.66363636363636 121.2090909090909 147.07272727272726 
1171.409090909091 1199.4545454545455 80.68181818181819 108.72727272727273 109.03636363636363 137.0818181818182 
1459.4818181818182 1488.9818181818182 83.57272727272728 113.07272727272728 134.63636363636363 164.13636363636363 
1459.5545454545454 1489.6909090909091 73.87272727272727 104.00909090909092 106.9 137.03636363636363 
1500.8636363636363 1531.0 78.18181818181819 108.31818181818181 120.08181818181818 150.21818181818182 
1211.4 1239.581818181818 85.34545454545454 113.52727272727273 104.9 133.0818181818182 
1309.4545454545455 1337.1363636363637 78.9090909090909 106.5909090909091 97.62727272727273 125.30909090909091 
1481.8818181818183 1512.6090909090908 83.7 114.42727272727272 117.02727272727273 147.75454545454545 
1317.9363636363637 1348.9818181818182 84.7090909090909 115.75454545454545 119.96363636363637 151.0090909090909 
1214.0454545454545 1241.909090909091 83.35454545454546 111.21818181818182 123.84545454545454 151.70909090909092 
1034.7636363636364 1062.490909090909 85.56363636363636 113.2909090909091 107.23636363636363 134.96363636363637 
1123.2818181818182 1151.1454545454546 76.32727272727273 104.19090909090909 114.7 142.56363636363636 
1077.209090909091 1104.4363636363637 76.98181818181818 104.2090909090909 101.96363636363637 129.1909090909091 
1199.0636363636363 1228.8363636363636 79.10909090909091 108.88181818181818 116.2909090909091 146.06363636363636 
1327.4818181818182 1356.5272727272727 91.3 120.34545454545454 111.44545454545455 140.4909090909091 
1307.3909090909092 1336.3454545454545 96.02727272727273 124.98181818181818 113.35454545454546 142.3090909090909 
1337.7363636363636 1366.2363636363636 92.55454545454545 121.05454545454545 98.10909090909091 126.60909090909091 
1433.5272727272727 1462.3454545454545 76.66363636363636 105.48181818181818 113.69090909090909 142.5090909090909 
1188.9272727272728 1216.5181818181818 69.24545454545455 96.83636363636364 117.2909090909091 144.88181818181818 
1043.1545454545455 1071.0636363636363 86.38181818181818 114.2909090909091 93.2090909090909 121.11818181818182 
1203.4636363636364 1232.7363636363636 85.80909090909091 115.08181818181818 107.04545454545455 136.3181818181818 
1135.4636363636364 1163.3727272727272 84.28181818181818 112.19090909090909 103.89090909090909 131.8 
1269.509090909091 1297.418181818182 76.82727272727273 104.73636363636363 123.10909090909091 151.01818181818183 
1373.1181818181817 1403.3909090909092 84.5909090909091 114.86363636363636 107.38181818181818 137.65454545454546 
1351.6636363636364 1377.8454545454545 83.57272727272728 109.75454545454545 110.2 136.38181818181818 
1122.8363636363636 1150.8818181818183 86.88181818181818 114.92727272727272 117.2 145.24545454545455 
1346.409090909091 1374.0454545454545 88.72727272727273 116.36363636363636 93.28181818181818 120.91818181818182 
1152.4363636363637 1180.0727272727272 77.9090909090909 105.54545454545455 102.2909090909091 129.92727272727274 
1431.3454545454545 1459.3 98.68181818181819 126.63636363636364 140.16363636363636 168.11818181818182 
