42155.951875 42184.1175 10428.870625 10457.03625 12002.183125 12030.34875 
41688.4125 41716.596875 10509.896875 10538.08125 11180.05 11208.234375 
42550.0175 42578.764375 10489.358125 10518.105 11962.105 11990.851875 
41800.774375 41828.99 10776.580625 10804.79625 11869.574375 11897.79 
42016.22875 42044.36 10184.181875 10212.313125 11147.585 11175.71625 
41317.9975 41345.963125 10583.76625 10611.731875 11429.71 11457.675625 
42482.495625 42510.908125 10640.801875 10669.214375 11670.389375 11698.801875 
42176.141875 42204.20125 10301.810625 10329.87 11355.204375 11383.26375 
41826.056875 41854.46 10592.71 10621.113125 11502.488125 11530.89125 
42225.06625 42253.535 10498.000625 10526.469375 11473.41625 11501.885 
41919.1825 41947.298125 10850.995 10879.110625 11421.18875 11449.304375 
41636.91625 41664.844375 10486.450625 10514.37875 11387.585 11415.513125 
42113.554375 42142.12 10453.016875 10481.5825 11345.285625 11373.85125 
42603.015 42631.493125 10464.215 10492.693125 11262.54 11291.018125 
42644.058125 42672.43 10572.564375 10600.93625 11312.076875 11340.44875 
41899.559375 41928.084375 10599.234375 10627.759375 11559.203125 11587.728125 
41728.22875 41756.194375 10468.61625 10496.581875 11608.935 11636.900625 
41684.02 41712.329375 10632.360625 10660.67 11648.62625 11676.935625 
42037.915 42066.236875 10319.318125 10347.64 11540.1275 11568.449375 
42234.813125 42262.831875 10579.669375 10607.688125 10950.919375 10978.938125 
42054.825625 42083.2475 10648.825625 10677.2475 11288.019375 11316.44125 
41637.794375 41665.906875 10245.350625 10273.463125 11700.769375 11728.881875 
42120.851875 42148.983125 10317.676875 10345.808125 11864.995625 11893.126875 
41780.498125 41808.62 10264.929375 10293.05125 11419.223125 11447.345 
42391.26625 42419.70375 10545.819375 10574.256875 11521.01625 11549.45375 
42069.085625 42097.223125 10491.029375 10519.166875 11786.879375 11815.016875 
42368.06375 42396.698125 10512.78875 10541.423125 11299.22 11327.854375 
41935.39 41963.705625 10539.099375 10567.415 11357.73375 11386.049375 
41816.159375 41844.56875 10522.665625 10551.075 11816.284375 11844.69375 
42376.80875 42405.299375 10316.636875 10345.1275 10872.04 10900.530625 
42048.974375 42077.299375 10635.024375 10663.349375 11370.749375 11399.074375 
42197.8025 42226.34625 10745.899375 10774.443125 11985.53375 12014.0775 
42699.125 42727.665625 10701.125 10729.665625 11260.33125 11288.871875 
42877.2475 42906.09125 10496.11625 10524.96 11501.36625 11530.21 
41978.07 42006.4075 10398.741875 10427.079375 11674.45125 11702.78875 
42139.735625 42167.791875 10524.52 10552.57625 11230.310625 11258.366875 
42154.814375 42183.145625 10798.76125 10827.0925 11136.720625 11165.051875 
42249.825 42278.296875 10443.496875 10471.96875 11469.1125 11497.584375 
42335.1 42363.94375 10717.3625 10746.20625 11522.5 11551.34375 
42464.94125 42493.750625 10455.388125 10484.1975 11375.035 11403.844375 
41994.79125 42023.26 10624.313125 10652.781875 11412.45375 11440.9225 
41720.53625 41748.483125 10671.501875 10699.44875 11388.31125 11416.258125 
41619.35 41647.515625 10709.40625 10737.571875 12010.55625 12038.721875 
42576.12125 42604.561875 10706.899375 10735.34 11496.19 11524.630625 
41865.65 41894.11875 10437.3375 10465.80625 11578.33125 11606.8 
42359.343125 42387.9025 10586.82125 10615.380625 11623.686875 11652.24625 
41825.19 41853.54 10743.530625 10771.880625 11939.0275 11967.3775 
41795.4025 41823.461875 10503.124375 10531.18375 11622.12125 11650.180625 
42255.664375 42283.901875 10390.16125 10418.39875 11692.783125 11721.020625 
41875.618125 41903.915 10574.64 10602.936875 11409.668125 11437.965 
