18220.038356164383 18248.298630136986 3817.305479452055 3845.5657534246575 4304.490410958904 4332.750684931507 
18035.276712328767 18063.009589041096 3876.276712328767 3904.0095890410958 4340.632876712329 4368.365753424658 
18430.05890410959 18458.92876712329 4122.757534246575 4151.627397260274 4315.9767123287675 4344.846575342466 
18347.96712328767 18376.090410958903 3841.891780821918 3870.0150684931505 4194.679452054795 4222.8027397260275 
18399.453424657535 18427.74109589041 3742.2 3770.487671232877 4445.056164383562 4473.343835616439 
18137.88493150685 18166.035616438356 3779.857534246575 3808.008219178082 4038.9260273972604 4067.076712328767 
18256.013698630137 18284.45205479452 3863.986301369863 3892.4246575342468 4508.356164383562 4536.7945205479455 
17760.605479452053 17788.557534246575 3848.769863013699 3876.721917808219 4276.002739726027 4303.954794520548 
17914.164383561645 17942.157534246577 3939.205479452055 3967.198630136986 4456.328767123287 4484.321917808219 
17906.1397260274 17933.817808219177 3737.845205479452 3765.523287671233 4303.906849315069 4331.584931506849 
18449.5 18478.157534246577 3871.780821917808 3900.4383561643835 4150.431506849315 4179.08904109589 
18401.320547945204 18429.847945205478 3937.4712328767123 3965.9986301369863 4294.93698630137 4323.464383561643 
18283.324657534245 18312.043835616438 4138.283561643836 4167.002739726027 4302.406849315069 4331.12602739726 
18039.69178082192 18067.801369863013 3901.2328767123286 3929.3424657534247 4231.623287671233 4259.732876712329 
18018.110958904108 18046.131506849317 3988.2068493150687 4016.227397260274 4335.316438356164 4363.3369863013695 
17786.584931506848 17814.626027397262 3756.2356164383564 3784.276712328767 4197.475342465754 4225.516438356164 
18357.121917808217 18385.553424657533 3966.464383561644 3994.895890410959 4470.5191780821915 4498.950684931507 
18102.915068493152 18131.59315068493 3785.9698630136986 3814.6479452054796 4546.038356164384 4574.716438356164 
18330.15890410959 18358.275342465753 3756.9465753424656 3785.06301369863 4312.720547945206 4340.8369863013695 
17950.805479452054 17978.641095890413 3798.6753424657536 3826.5109589041094 4339.983561643836 4367.819178082192 
17875.394520547947 17903.31917808219 3738.6753424657536 3766.6 4234.2986301369865 4262.223287671233 
18148.15479452055 18175.983561643836 4062.572602739726 4090.4013698630138 4203.606849315069 4231.435616438356 
17789.353424657533 17817.346575342464 3856.3397260273973 3884.332876712329 4269.161643835617 4297.1547945205475 
18255.08630136986 18283.401369863015 3802.230136986301 3830.545205479452 4310.647945205479 4338.96301369863 
17994.69589041096 18023.538356164383 4040.5657534246575 4069.408219178082 4250.928767123288 4279.771232876712 
18163.982191780822 18192.002739726027 3726.345205479452 3754.3657534246577 3936.6534246575343 3964.67397260274 
17825.58904109589 17853.287671232876 3817.2397260273974 3844.9383561643835 4532.479452054795 4560.178082191781 
18242.20684931507 18270.70684931507 3940.713698630137 3969.213698630137 4481.6589041095895 4510.1589041095895 
18807.9 18836.797260273972 3890.139726027397 3919.03698630137 4404.009589041096 4432.906849315069 
17919.05890410959 17947.024657534246 3668.449315068493 3696.4150684931506 4197.716438356164 4225.682191780822 
18553.405479452056 18581.70684931507 3725.7342465753422 3754.035616438356 4096.624657534247 4124.92602739726 
17925.44383561644 17953.101369863012 3838.286301369863 3865.9438356164383 4213.1972602739725 4240.854794520548 
17959.679452054796 17988.076712328766 3746.7753424657535 3775.1726027397262 4248.857534246576 4277.254794520548 
18467.508219178082 18496.590410958903 3822.645205479452 3851.727397260274 4291.795890410959 4320.878082191781 
17999.415068493152 18027.88767123288 3585.072602739726 3613.545205479452 4094.935616438356 4123.408219178083 
17957.064383561643 17985.591780821916 3999.776712328767 4028.304109589041 4431.078082191781 4459.605479452055 
18162.672602739727 18191.439726027398 3735.1657534246574 3763.932876712329 4424.508219178082 4453.275342465753 
17780.760273972603 17808.821917808218 4001.2397260273974 4029.301369863014 3995.321917808219 4023.3835616438355 
18596.338356164382 18624.927397260275 3935.6808219178083 3964.269863013699 4256.091780821917 4284.680821917808 
17718.635616438358 17746.964383561644 3839.4027397260274 3867.731506849315 4273.923287671233 4302.2520547945205 
18493.14383561644 18522.0 4037.7876712328766 4066.6438356164385 4869.856164383562 4898.712328767123 
18088.209589041096 18115.990410958904 3787.956164383562 3815.73698630137 4195.716438356164 4223.497260273973 
18463.517808219178 18491.771232876712 3810.2164383561644 3838.4698630136986 4562.490410958904 4590.743835616438 
18355.594520547944 18383.539726027397 3694.217808219178 3722.16301369863 4188.608219178082 4216.553424657534 
18473.07397260274 18501.75205479452 3816.567123287671 3845.245205479452 4386.183561643836 4414.861643835617 
18294.327397260273 18322.70410958904 3849.115068493151 3877.491780821918 4290.861643835617 4319.238356164384 
18124.549315068492 18152.850684931505 3802.7068493150687 3831.008219178082 4302.056164383562 4330.357534246576 
18315.938356164384 18344.253424657534 3946.4246575342468 3974.7397260273974 4281.102739726028 4309.417808219178 
17993.126027397262 18021.331506849314 3927.9753424657533 3956.1808219178083 4601.8794520547945 4630.084931506849 
17857.350684931505 17885.110958904108 3789.2479452054795 3817.008219178082 4200.487671232877 4228.2479452054795 
