1331.3916666666667 1357.5166666666667 93.475 119.6 125.00833333333334 151.13333333333333 
1480.475 1508.6833333333334 74.64166666666667 102.85 138.14166666666668 166.35 
1657.2583333333334 1686.8 84.85 114.39166666666667 121.825 151.36666666666667 
1614.9083333333333 1643.2 79.99166666666666 108.28333333333333 110.39166666666667 138.68333333333334 
1654.8333333333333 1683.0416666666667 92.04166666666667 120.25 127.85833333333333 156.06666666666666 
1574.6833333333334 1603.8083333333334 88.64166666666667 117.76666666666667 143.25833333333333 172.38333333333333 
1624.2416666666666 1653.1583333333333 84.78333333333333 113.7 130.4 159.31666666666666 
1708.5333333333333 1736.7416666666666 90.15833333333333 118.36666666666666 126.10833333333333 154.31666666666666 
1710.0333333333333 1738.95 82.7 111.61666666666666 114.91666666666667 143.83333333333334 
1597.5166666666667 1624.1416666666667 91.30833333333334 117.93333333333334 117.79166666666667 144.41666666666666 
1393.8083333333334 1421.6416666666667 96.64166666666667 124.475 123.34166666666667 151.175 
1634.35 1663.3916666666667 87.93333333333334 116.975 124.5 153.54166666666666 
1492.4833333333333 1519.3166666666666 78.775 105.60833333333333 110.4 137.23333333333332 
1506.9083333333333 1536.8666666666666 88.45 118.40833333333333 136.81666666666666 166.775 
1463.6166666666666 1493.1166666666666 95.08333333333333 124.58333333333333 128.33333333333334 157.83333333333334 
1548.6 1577.2666666666667 94.93333333333334 123.6 125.18333333333334 153.85 
1767.4916666666666 1797.6166666666666 80.075 110.2 117.575 147.7 
1490.4333333333334 1518.3083333333334 88.1 115.975 99.325 127.2 
1746.05 1772.3833333333334 82.00833333333334 108.34166666666667 107.84166666666667 134.175 
1447.325 1475.6166666666666 99.075 127.36666666666666 117.40833333333333 145.7 
1486.15 1513.5666666666666 84.04166666666667 111.45833333333333 104.88333333333334 132.3 
1558.5083333333334 1586.175 78.00833333333334 105.675 115.14166666666667 142.80833333333334 
1497.3916666666667 1526.7666666666667 82.98333333333333 112.35833333333333 106.30833333333334 135.68333333333334 
1341.3833333333334 1367.8416666666667 85.21666666666667 111.675 115.55 142.00833333333333 
1587.0083333333334 1616.925 84.96666666666667 114.88333333333334 113.98333333333333 143.9 
1532.7416666666666 1560.7416666666666 85.15833333333333 113.15833333333333 98.08333333333333 126.08333333333333 
1517.9 1544.4416666666666 81.10833333333333 107.65 103.9 130.44166666666666 
1794.8083333333334 1825.35 104.01666666666667 134.55833333333334 139.41666666666666 169.95833333333334 
1413.675 1439.7583333333334 91.2 117.28333333333333 125.13333333333334 151.21666666666667 
1451.2916666666667 1478.75 91.76666666666667 119.225 127.79166666666667 155.25 
1391.65 1419.525 84.65 112.525 128.09166666666667 155.96666666666667 
1472.725 1500.0166666666667 80.225 107.51666666666667 96.475 123.76666666666667 
1759.6583333333333 1787.325 86.325 113.99166666666666 107.425 135.09166666666667 
1528.7083333333333 1557.8333333333333 90.54166666666667 119.66666666666667 132.46666666666667 161.59166666666667 
1591.25 1618.1666666666667 95.175 122.09166666666667 111.84166666666667 138.75833333333333 
1727.2416666666666 1757.2416666666666 89.06666666666666 119.06666666666666 102.26666666666667 132.26666666666668 
1602.4166666666667 1630.2916666666667 70.61666666666666 98.49166666666666 117.775 145.65 
1546.8416666666667 1574.5916666666667 95.61666666666666 123.36666666666666 152.51666666666668 180.26666666666668 
1557.9666666666667 1585.0083333333334 84.75833333333334 111.8 101.75833333333334 128.8 
1640.175 1669.8416666666667 87.09166666666667 116.75833333333334 120.75833333333334 150.425 
1202.8916666666667 1228.1833333333334 98.03333333333333 123.325 122.20833333333333 147.5 
1477.575 1505.9083333333333 86.40833333333333 114.74166666666666 123.525 151.85833333333332 
1542.7666666666667 1570.6833333333334 84.975 112.89166666666667 108.26666666666667 136.18333333333334 
1550.6 1579.4333333333334 89.13333333333334 117.96666666666667 142.18333333333334 171.01666666666668 
1618.5 1647.3333333333333 80.96666666666667 109.8 105.15 133.98333333333332 
1476.2666666666667 1503.0583333333334 94.475 121.26666666666667 129.11666666666667 155.90833333333333 
1685.5166666666667 1714.475 84.1 113.05833333333334 147.1 176.05833333333334 
1503.2166666666667 1530.1333333333334 83.59166666666667 110.50833333333334 136.01666666666668 162.93333333333334 
1493.975 1522.35 78.80833333333334 107.18333333333334 107.74166666666666 136.11666666666667 
1665.5583333333334 1694.35 89.225 118.01666666666667 138.975 167.76666666666668 
