11820.58350515464 11849.00618556701 2283.645360824742 2312.0680412371134 2277.7896907216495 2306.2123711340205 
11968.272164948454 11997.282474226804 2059.7876288659795 2088.7979381443297 2515.643298969072 2544.6536082474227 
11638.61649484536 11667.874226804124 2132.59587628866 2161.8536082474225 2344.420618556701 2373.678350515464 
11201.837113402062 11229.806185567011 2153.2907216494846 2181.259793814433 2411.7855670103095 2439.7546391752576 
11360.731958762886 11389.268041237114 2079.226804123711 2107.762886597938 2321.4845360824743 2350.020618556701 
11563.62474226804 11592.109278350516 2079.057731958763 2107.542268041237 2522.315463917526 2550.8 
11452.99175257732 11481.39381443299 2065.218556701031 2093.620618556701 2296.177319587629 2324.579381443299 
11157.455670103092 11184.806185567011 1994.136082474227 2021.4865979381443 2072.0639175257734 2099.414432989691 
11382.861855670104 11411.294845360824 1943.841237113402 1972.2742268041236 2362.0886597938143 2390.5216494845363 
11717.294845360824 11746.40824742268 2154.820618556701 2183.9340206185566 2458.2329896907218 2487.3463917525773 
11278.113402061856 11306.340206185567 1895.5773195876288 1923.8041237113403 2189.092783505155 2217.319587628866 
11789.872164948454 11817.97525773196 2059.99587628866 2088.098969072165 2591.676288659794 2619.779381443299 
11413.354639175257 11440.39587628866 1942.498969072165 1969.540206185567 2070.3752577319588 2097.416494845361 
11716.960824742268 11745.156701030928 2076.0226804123713 2104.218556701031 2325.7134020618555 2353.9092783505153 
11673.923711340207 11703.37731958763 2011.9030927835051 2041.3567010309278 2189.686597938144 2219.140206185567 
11806.785567010309 11835.476288659795 2031.2288659793815 2059.919587628866 2205.641237113402 2234.3319587628866 
11675.814432989691 11704.536082474227 2024.8659793814434 2053.5876288659792 2667.2061855670104 2695.9278350515465 
11283.740206185566 11312.121649484536 2003.863917525773 2032.2453608247422 2069.9773195876287 2098.358762886598 
11795.771134020619 11824.348453608247 2126.6474226804125 2155.224742268041 2434.420618556701 2462.99793814433 
11296.754639175258 11324.661855670103 1919.960824742268 1947.8680412371134 2111.6103092783505 2139.5175257731958 
11345.779381443299 11373.964948453608 2043.2742268041236 2071.459793814433 2329.5628865979384 2357.7484536082475 
11398.20618556701 11426.494845360825 2014.1855670103093 2042.4742268041236 2172.5670103092784 2200.855670103093 
11601.787628865979 11629.653608247423 1918.8907216494845 1946.7567010309278 2321.241237113402 2349.1072164948455 
11284.558762886598 11312.146391752578 2034.682474226804 2062.2701030927833 2337.3938144329895 2364.981443298969 
11766.6 11794.929896907217 2079.136082474227 2107.4659793814435 2230.878350515464 2259.2082474226804 
11419.956701030927 11448.503092783505 2147.183505154639 2175.7298969072167 2628.276288659794 2656.822680412371 
11344.218556701031 11372.094845360825 2014.7649484536082 2042.641237113402 2259.960824742268 2287.8371134020617 
11862.241237113401 11890.117525773196 2119.5711340206185 2147.4474226804123 2180.8082474226803 2208.684536082474 
11349.224742268041 11377.668041237113 2060.379381443299 2088.822680412371 2326.2659793814432 2354.7092783505154 
11353.647422680413 11382.090721649485 2062.018556701031 2090.461855670103 2483.9876288659793 2512.4309278350515 
11468.237113402061 11496.711340206186 2069.505154639175 2097.979381443299 2374.061855670103 2402.536082474227 
11221.144329896908 11248.690721649484 1934.7319587628865 1962.278350515464 2205.40206185567 2232.9484536082473 
11824.0206185567 11853.175257731958 2000.381443298969 2029.5360824742268 2292.6701030927834 2321.824742268041 
11839.167010309278 11868.218556701031 1870.321649484536 1899.3731958762887 2343.816494845361 2372.868041237113 
11483.255670103094 11511.822680412371 2026.5134020618557 2055.080412371134 2199.5546391752578 2228.121649484536 
11372.098969072165 11400.232989690721 2081.284536082474 2109.418556701031 2323.5319587628865 2351.6659793814433 
11237.20206185567 11265.00618556701 2030.9855670103093 2058.7896907216495 2411.7484536082475 2439.5525773195877 
11455.103092783505 11483.659793814433 2149.0309278350514 2177.5876288659792 2369.340206185567 2397.896907216495 
11763.653608247423 11792.767010309279 2018.3752577319588 2047.4886597938143 2426.138144329897 2455.2515463917525 
11251.470103092783 11280.037113402062 1983.7484536082475 2012.3154639175257 2368.4907216494844 2397.057731958763 
11586.715463917526 11615.220618556701 1973.6329896907216 2002.138144329897 2209.715463917526 2238.220618556701 
11766.967010309278 11795.214432989691 2012.5958762886598 2040.843298969072 2318.358762886598 2346.6061855670105 
11528.461855670103 11556.255670103094 1813.8123711340206 1841.6061855670102 2129.131958762887 2156.9257731958764 
11610.40412371134 11639.569072164948 2006.8783505154638 2036.043298969072 2528.764948453608 2557.9298969072165 
11245.01649484536 11272.758762886599 2105.8 2133.542268041237 2413.1505154639176 2440.8927835051545 
11219.734020618556 11247.218556701031 2128.6618556701033 2156.1463917525775 2538.1567010309277 2565.641237113402 
11346.956701030927 11375.36907216495 2075.2659793814432 2103.678350515464 2567.441237113402 2595.8536082474225 
11456.769072164949 11485.336082474227 1987.2845360824742 2015.8515463917527 2250.5113402061857 2279.078350515464 
11495.321649484536 11523.775257731959 1985.4865979381443 2013.940206185567 2233.868041237113 2262.321649484536 
11474.913402061855 11502.645360824743 1981.7484536082475 2009.480412371134 2331.686597938144 2359.418556701031 
