36667.17410071942 36695.843165467624 9083.71726618705 9112.386330935251 10391.01582733813 10419.68489208633 
36808.61366906475 36837.04172661871 8992.156834532374 9020.584892086332 9865.556115107913 9893.98417266187 
35912.97194244604 35940.7345323741 8749.410791366907 8777.173381294964 9575.353237410072 9603.11582733813 
35824.34028776978 35852.33309352518 8966.50215827338 8994.494964028778 9665.836690647482 9693.829496402877 
35620.741726618704 35648.763309352515 8890.55107913669 8918.572661870503 9781.007913669066 9809.029496402878 
36772.357553956834 36800.756834532374 8749.541007194244 8777.940287769785 9504.839568345324 9533.238848920862 
36667.21726618705 36695.53021582734 8966.519424460432 8994.832374100719 9728.21726618705 9756.530215827339 
36374.00215827338 36401.93741007194 8986.595683453237 9014.530935251798 9923.225179856116 9951.160431654676 
36268.496402877696 36296.47841726619 8724.280575539568 8752.262589928057 10098.381294964029 10126.363309352519 
36299.05323741007 36327.258273381296 8961.326618705036 8989.531654676259 9492.477697841727 9520.68273381295 
37068.525899280576 37097.328057553954 9044.475539568346 9073.277697841726 9918.53309352518 9947.33525179856 
36406.344604316546 36434.69352517986 8903.938129496402 8932.287050359711 9928.46690647482 9956.815827338129 
36311.74100719424 36340.075539568345 8821.190647482015 8849.525179856115 9612.15107913669 9640.48561151079 
36950.86258992806 36979.62517985611 8870.153956834532 8898.91654676259 9659.36618705036 9688.128776978418 
36403.02230215827 36431.453956834535 8880.889208633094 8909.320863309353 9702.338848920863 9730.770503597123 
37251.663309352516 37280.576978417266 9046.317985611511 9075.23165467626 10006.28201438849 10035.195683453238 
36383.23309352518 36411.36978417266 8825.042446043166 8853.179136690647 9735.722302158274 9763.858992805755 
35702.28992805755 35730.09928057554 8973.696402877698 9001.505755395683 9584.879856115107 9612.689208633094 
36144.41726618705 36172.44964028777 8923.996402877698 8952.028776978417 10056.654676258993 10084.687050359713 
36407.86330935252 36436.446043165466 8910.100719424461 8938.68345323741 9839.503597122302 9868.086330935252 
36787.15755395684 36815.923741007195 9205.66834532374 9234.4345323741 9770.315827338129 9799.082014388488 
36387.02661870504 36415.15971223022 8599.469064748202 8627.602158273381 9561.40071942446 9589.53381294964 
36336.94676258993 36365.31726618705 8851.759712230216 8880.130215827337 9644.997122302158 9673.36762589928 
35462.61726618705 35490.54172661871 8938.01654676259 8965.941007194244 9814.394244604317 9842.318705035972 
36412.86330935252 36440.859712230216 9131.938848920863 9159.93525179856 9735.330935251799 9763.327338129497 
35896.67410071942 35924.59496402878 8739.929496402878 8767.85035971223 9388.005035971222 9415.925899280575 
36046.47913669065 36074.525899280576 9136.421582733812 9164.468345323741 9949.846043165468 9977.892805755395 
36390.72661870503 36419.06834532374 9088.953237410073 9117.294964028777 9805.438848920863 9833.780575539568 
36309.24604316547 36337.53741007194 8796.508633093525 8824.8 9616.15251798561 9644.443884892087 
36118.053956834534 36146.20143884892 8853.276978417267 8881.424460431655 9425.81654676259 9453.964028776978 
36028.307913669065 36056.71438848921 9159.872661870504 9188.279136690648 9667.171223021584 9695.577697841727 
36789.98705035971 36819.14532374101 9057.958273381295 9087.11654676259 9571.296402877699 9600.454676258993 
36024.52158273381 36052.676258992804 8920.75179856115 8948.906474820144 9697.98201438849 9726.136690647481 
36737.18129496403 36765.42589928058 8799.357553956834 8827.602158273381 9918.461870503597 9946.706474820145 
36321.14388489209 36349.338129496406 9080.079136690647 9108.273381294965 9776.172661870503 9804.366906474821 
36047.72302158274 36075.81294964029 8933.575539568345 8961.665467625899 9691.881294964029 9719.971223021583 
36128.44892086331 36156.47050359712 8790.207913669065 8818.229496402877 9580.837410071943 9608.858992805755 
36540.95179856115 36569.228776978416 9131.023741007195 9159.30071942446 10196.771942446043 10225.04892086331 
36392.63021582734 36421.054676258995 8823.925179856114 8852.34964028777 9977.313669064748 10005.738129496403 
35893.73165467626 35921.93669064748 8802.558992805756 8830.76402877698 9752.364748201438 9780.569784172661 
35333.88489208633 35361.77338129497 8813.579136690647 8841.46762589928 9774.625899280576 9802.51438848921 
35887.292086330934 35915.489928057556 8913.4 8941.597841726618 9768.33525179856 9796.53309352518 
36751.90503597122 36780.394244604315 9011.854676258992 9040.343884892087 10159.30071942446 10187.789928057555 
36419.4618705036 36447.792805755395 8936.659712230216 8964.990647482015 9485.461870503597 9513.792805755396 
36987.620863309356 37016.33309352518 8937.361870503597 8966.074100719425 9842.304316546762 9871.01654676259 
36659.430215827335 36688.06690647482 9038.030935251798 9066.667625899281 9829.30071942446 9857.937410071943 
36259.87482014389 36287.92877697842 8927.986330935251 8956.040287769783 9627.025899280576 9655.079856115108 
36585.192086330935 36613.52661870504 9129.220863309352 9157.555395683454 9995.810791366906 10024.145323741008 
35743.509352517984 35771.57769784173 8862.807913669065 8890.876258992806 9485.624460431654 9513.692805755396 
36558.32014388489 36587.010791366905 8936.219424460432 8964.910071942446 9692.053956834532 9720.744604316547 
