13349.964485981309 13378.216822429906 2306.992523364486 2335.244859813084 2740.029906542056 2768.282242990654 
12607.775700934579 12635.56074766355 2415.0 2442.785046728972 2769.785046728972 2797.570093457944 
13336.614953271028 13365.568224299066 2389.0542056074764 2418.007476635514 2751.614953271028 2780.5682242990656 
13153.459813084111 13182.310280373831 2269.3383177570095 2298.1887850467288 2873.8803738317756 2902.7308411214954 
12673.271028037383 12701.43925233645 2427.785046728972 2455.9532710280373 2817.299065420561 2845.467289719626 
12893.940186915888 12921.940186915888 2460.996261682243 2488.996261682243 2582.7719626168223 2610.7719626168223 
12287.495327102804 12314.757009345794 2425.6168224299067 2452.878504672897 2633.299065420561 2660.5607476635514 
12901.327102803738 12929.542056074766 2410.2429906542056 2438.457943925234 2889.6355140186915 2917.8504672897197 
13108.55140186916 13137.719626168224 2303.457943925234 2332.626168224299 2833.495327102804 2862.663551401869 
13408.398130841122 13437.734579439253 2528.285981308411 2557.622429906542 2869.6037383177572 2898.940186915888 
12492.897196261682 12521.429906542056 2435.8317757009345 2464.3644859813085 2780.7570093457944 2809.2897196261683 
13031.555140186916 13060.059813084112 2543.022429906542 2571.527102803738 2859.9943925233647 2888.499065420561 
12434.626168224298 12461.803738317756 2409.1682242990655 2436.345794392523 2790.299065420561 2817.4766355140187 
12856.482242990654 12884.557009345794 2218.585046728972 2246.659813084112 2527.014953271028 2555.089719626168 
12927.928971962618 12956.31214953271 2443.452336448598 2471.835514018692 2859.041121495327 2887.4242990654207 
12451.74953271028 12479.216822429906 2428.4130841121496 2455.8803738317756 2874.9551401869157 2902.422429906542 
13032.407476635513 13061.4261682243 2466.659813084112 2495.6785046728974 2653.1831775700934 2682.2018691588787 
13111.106542056075 13139.517757009346 2424.7981308411213 2453.2093457943924 2623.770093457944 2652.181308411215 
12611.115887850467 12639.779439252336 2381.844859813084 2410.5084112149534 2707.985046728972 2736.648598130841 
12670.889719626168 12698.955140186916 2365.4598130841123 2393.52523364486 2991.8897196261682 3019.9551401869157 
12733.708411214953 12761.652336448598 2387.2130841121493 2415.1570093457944 2659.9420560747662 2687.8859813084114 
12706.357009345795 12734.740186915888 2179.0766355140186 2207.4598130841123 2692.385046728972 2720.7682242990654 
13033.375700934579 13062.00186915888 2364.2261682242993 2392.852336448598 3295.1794392523366 3323.8056074766355 
13063.669158878505 13092.117757009346 2331.5757009345793 2360.0242990654206 2698.9682242990652 2727.4168224299065 
12804.919626168225 12833.601869158878 2366.5457943925235 2395.2280373831777 2702.835514018692 2731.5177570093456 
13019.134579439253 13046.900934579438 2463.2654205607478 2491.0317757009348 2631.0878504672896 2658.8542056074766 
12916.665420560748 12945.375700934579 2259.814953271028 2288.52523364486 2907.2728971962615 2935.9831775700936 
12279.338317757009 12307.497196261682 2371.048598130841 2399.207476635514 2506.9177570093457 2535.0766355140186 
12983.646728971962 13012.347663551402 2448.5719626168225 2477.2728971962615 2868.8897196261682 2897.5906542056073 
12824.72336448598 12853.508411214953 2565.0971962616823 2593.882242990654 2750.770093457944 2779.555140186916 
13038.609345794392 13067.385046728972 2355.6560747663552 2384.4317757009344 2983.011214953271 3011.7869158878507 
12919.504672897196 12948.214953271028 2492.9158878504672 2521.626168224299 2893.4766355140187 2922.1869158878503 
12303.534579439252 12331.665420560748 2376.0392523364485 2404.170093457944 2818.0672897196264 2846.1981308411214 
12739.865420560747 12767.940186915888 2321.472897196262 2349.547663551402 2541.6878504672895 2569.76261682243 
12976.414953271029 13004.97570093458 2429.1158878504675 2457.6766355140185 2716.947663551402 2745.5084112149534 
12891.297196261683 12919.082242990655 2166.7644859813086 2194.5495327102803 2892.0542056074764 2919.8392523364487 
13046.13831775701 13073.979439252336 2494.4 2522.241121495327 2749.063551401869 2776.904672897196 
12591.74953271028 12619.254205607476 2365.6467289719626 2393.1514018691587 2825.8897196261682 2853.3943925233643 
12959.919626168225 12988.05046728972 2642.957009345794 2671.0878504672896 2768.414953271028 2796.5457943925235 
12753.429906542056 12781.29906542056 2391.345794392523 2419.214953271028 2730.6728971962616 2758.542056074766 
13091.396261682243 13120.31214953271 2472.5644859813083 2501.4803738317755 2628.788785046729 2657.7046728971964 
12622.194392523365 12649.689719626169 2139.1757009345793 2166.671028037383 2793.456074766355 2820.951401869159 
12563.515887850468 12591.48785046729 2414.2635514018693 2442.2355140186914 2427.9177570093457 2455.8897196261682 
12917.76261682243 12945.940186915888 2488.9869158878505 2517.164485981308 2755.472897196262 2783.6504672897195 
12479.854205607477 12507.704672897196 2469.4710280373833 2497.3214953271026 2588.8168224299066 2616.6672897196263 
12595.128971962617 12623.297196261683 2463.8112149532712 2491.9794392523363 3201.6616822429905 3229.829906542056 
12608.28785046729 12636.624299065421 2392.1943925233645 2420.5308411214955 3140.7084112149532 3169.0448598130843 
13205.469158878504 13234.702803738317 2547.6467289719626 2576.8803738317756 3164.74953271028 3193.9831775700936 
13243.792523364486 13272.633644859812 2360.138317757009 2388.9794392523363 2669.633644859813 2698.47476635514 
12574.927102803738 12602.656074766355 2260.1981308411214 2287.9271028037383 2556.4691588785045 2584.1981308411214 
