11960.844 11989.444 2082.694 2111.294 2922.784 2951.384 
11600.62 11628.94 2116.81 2145.13 2350.12 2378.44 
11685.368 11713.138 2150.258 2178.028 2348.828 2376.598 
11854.402 11882.562 2119.482 2147.642 2562.962 2591.122 
12007.74 12035.84 2106.96 2135.06 2427.68 2455.78 
12068.88 12097.1 2051.11 2079.33 2478.3 2506.52 
11593.494 11621.834 2168.844 2197.184 2462.734 2491.074 
11736.66 11765.23 2141.66 2170.23 2497.92 2526.49 
11846.856 11874.766 1947.606 1975.516 2144.236 2172.146 
11762.892 11791.172 2170.262 2198.542 2446.072 2474.352 
12095.982 12124.012 2113.412 2141.442 2423.422 2451.452 
12104.914 12133.814 2258.244 2287.144 2670.114 2699.014 
11712.608 11741.108 2025.058 2053.558 2491.088 2519.588 
11846.78 11874.63 2037.38 2065.23 2378.24 2406.09 
11944.718 11973.258 2023.258 2051.798 2342.318 2370.858 
12362.676 12392.246 2139.996 2169.566 2570.516 2600.086 
12080.878 12109.168 2135.568 2163.858 2458.698 2486.988 
11762.072 11790.332 1999.392 2027.652 2629.232 2657.492 
11832.874 11860.814 1996.044 2023.984 2490.894 2518.834 
11811.68 11839.97 2260.84 2289.13 2581.56 2609.85 
11782.424 11810.104 2208.514 2236.194 2364.844 2392.524 
11936.82 11965.07 2083.2 2111.45 2445.06 2473.31 
11976.518 12004.748 2256.488 2284.718 2565.698 2593.928 
11926.04 11953.97 2180.59 2208.52 2575.58 2603.51 
12281.4 12310.76 2257.25 2286.61 2386.88 2416.24 
11797.314 11825.564 2135.674 2163.924 2751.014 2779.264 
11563.186 11591.906 2140.206 2168.926 2302.686 2331.406 
11807.478 11835.728 2140.228 2168.478 2552.458 2580.708 
11772.654 11800.714 2059.104 2087.164 2480.634 2508.694 
11902.172 11930.482 2011.752 2040.062 2415.732 2444.042 
11680.67 11708.57 2191.14 2219.04 2557.97 2585.87 
11801.96 11829.39 2155.82 2183.25 2430.38 2457.81 
11999.91 12028.72 2222.63 2251.44 2340.13 2368.94 
11865.584 11893.804 1998.724 2026.944 2120.024 2148.244 
11813.872 11842.432 2172.002 2200.562 2819.812 2848.372 
12256.466 12285.106 2322.886 2351.526 2754.586 2783.226 
11937.256 11965.976 2301.606 2330.326 2739.436 2768.156 
11902.702 11931.362 2177.222 2205.882 2449.982 2478.642 
11758.758 11786.728 2255.608 2283.578 2623.118 2651.088 
12344.292 12373.212 2194.892 2223.812 2517.492 2546.412 
11685.76 11713.9 2088.73 2116.87 2563.86 2592.0 
12424.282 12453.422 2353.582 2382.722 2706.422 2735.562 
11697.586 11725.746 2184.466 2212.626 2689.986 2718.146 
11851.732 11880.802 2121.402 2150.472 2470.392 2499.462 
12055.1 12084.06 2104.27 2133.23 2306.72 2335.68 
11858.05 11886.28 2134.23 2162.46 2363.51 2391.74 
12327.498 12356.998 2284.088 2313.588 2334.118 2363.618 
11376.244 11403.824 2093.424 2121.004 2390.504 2418.084 
12149.442 12178.532 2363.562 2392.652 2722.202 2751.292 
12083.488 12111.788 2053.088 2081.388 2695.168 2723.468 
