12476.33786407767 12504.794174757282 2374.9689320388347 2403.4252427184465 2655.493203883495 2683.9495145631067 
12663.893203883496 12693.077669902912 2385.902912621359 2415.0873786407765 2525.5339805825242 2554.7184466019417 
12262.759223300971 12290.895145631068 2146.3417475728156 2174.4776699029126 2637.3514563106796 2665.4873786407766 
12370.580582524271 12398.76504854369 2297.677669902913 2325.8621359223303 2660.4349514563105 2688.6194174757284 
12346.139805825243 12374.73203883495 2484.4893203883494 2513.081553398058 2695.5669902912623 2724.159223300971 
12532.046601941747 12560.74563106796 2194.027184466019 2222.726213592233 2530.852427184466 2559.5514563106794 
11881.650485436894 11909.106796116504 2184.6990291262136 2212.1553398058254 2405.7184466019417 2433.1747572815534 
12147.98640776699 12176.093203883494 1897.588349514563 1925.695145631068 2379.840776699029 2407.947572815534 
12119.50291262136 12147.86213592233 2213.823300970874 2242.1825242718446 2672.366990291262 2700.726213592233 
12208.49708737864 12236.574757281553 2316.8174757281554 2344.895145631068 2634.6815533980584 2662.759223300971 
12465.477669902913 12493.671844660194 2329.3320388349516 2357.526213592233 2584.147572815534 2612.3417475728156 
12209.14563106796 12238.339805825242 2418.3203883495144 2447.5145631067962 2706.650485436893 2735.8446601941746 
12268.966990291263 12297.588349514563 2175.491262135922 2204.1126213592233 2534.801941747573 2563.4233009708737 
12230.444660194175 12259.02718446602 2220.706796116505 2249.2893203883496 2625.9495145631067 2654.5320388349514 
12338.788349514563 12367.283495145632 2263.147572815534 2291.642718446602 2414.7980582524274 2443.293203883495 
12804.908737864078 12833.928155339805 2252.2291262135923 2281.2485436893203 2556.4330097087377 2585.452427184466 
12587.89708737864 12616.60582524272 2432.1106796116505 2460.819417475728 2603.0135922330096 2631.7223300970873 
12043.133980582525 12070.444660194175 2190.0854368932037 2217.3961165048545 2366.852427184466 2394.1631067961166 
12552.728155339806 12582.300970873786 2225.776699029126 2255.349514563107 2549.0873786407765 2578.660194174757 
12098.297087378642 12126.054368932038 2073.054368932039 2100.811650485437 2385.9766990291264 2413.733980582524 
12226.077669902912 12254.067961165048 2201.8252427184466 2229.8155339805826 2627.4854368932038 2655.4757281553398 
11858.83495145631 11885.873786407767 2199.5145631067962 2226.5533980582522 2334.9611650485435 2362.0 
12611.211650485437 12640.328155339806 2288.221359223301 2317.33786407767 2810.231067961165 2839.347572815534 
12092.679611650485 12119.718446601943 2170.242718446602 2197.2815533980583 2431.660194174757 2458.6990291262136 
12515.333980582524 12544.479611650486 2145.3242718446604 2174.4699029126214 2400.295145631068 2429.440776699029 
12641.918446601941 12670.607766990292 2169.821359223301 2198.5106796116506 2549.190291262136 2577.8796116504855 
12767.700970873786 12796.4 2169.6815533980584 2198.3805825242716 2677.2446601941747 2705.9436893203883 
12983.477669902913 13012.97281553398 2259.3708737864076 2288.866019417476 2794.4970873786406 2823.992233009709 
12436.363106796116 12465.01359223301 2176.8776699029127 2205.528155339806 2486.8776699029127 2515.528155339806 
12520.025242718446 12549.15145631068 2232.6563106796116 2261.7825242718445 2802.2097087378643 2831.335922330097 
12110.856310679612 12138.914563106797 2213.5941747572815 2241.652427184466 2461.3514563106796 2489.409708737864 
12141.021359223301 12169.08932038835 2247.623300970874 2275.6912621359224 2636.7203883495145 2664.788349514563 
12403.792233009708 12432.297087378642 2415.180582524272 2443.685436893204 2677.704854368932 2706.2097087378643 
12142.833009708738 12170.716504854368 2225.2990291262136 2253.1825242718446 2584.4155339805825 2612.2990291262136 
12155.368932038835 12183.553398058253 2189.0873786407765 2217.2718446601943 2454.5242718446602 2482.7087378640776 
12184.926213592233 12213.100970873786 2297.5766990291263 2325.7514563106797 2466.1009708737865 2494.27572815534 
12230.464077669903 12258.114563106796 2283.8621359223303 2311.5126213592234 2644.007766990291 2671.6582524271844 
12756.240776699029 12785.619417475727 2251.104854368932 2280.483495145631 2454.6 2483.978640776699 
12664.697087378641 12693.017475728155 2270.6679611650484 2298.988349514563 2726.998058252427 2755.3184466019416 
12166.72427184466 12194.733980582525 2149.831067961165 2177.840776699029 2617.4330097087377 2645.442718446602 
12044.419417475729 12072.040776699028 2165.4776699029126 2193.0990291262137 2775.8077669902914 2803.429126213592 
12200.733980582525 12229.044660194175 2036.0155339805826 2064.326213592233 2377.617475728155 2405.928155339806 
12582.205825242718 12610.866019417475 2245.895145631068 2274.555339805825 2605.166990291262 2633.8271844660194 
12350.4213592233 12379.683495145631 2350.9844660194176 2380.2466019417475 2913.654368932039 2942.916504854369 
12226.143689320388 12254.124271844661 2251.444660194175 2279.4252427184465 2913.7844660194173 2941.7650485436893 
12059.168932038834 12086.906796116506 2140.7805825242717 2168.518446601942 2539.1009708737865 2566.838834951456 
12726.900970873787 12755.978640776699 2304.095145631068 2333.1728155339806 2702.7553398058253 2731.833009708738 
12508.798058252427 12536.61359223301 2336.7203883495145 2364.535922330097 2481.739805825243 2509.555339805825 
12366.961165048544 12394.844660194174 2174.8252427184466 2202.7087378640776 2583.8446601941746 2611.7281553398057 
12347.279611650485 12376.50291262136 2227.6582524271844 2256.8815533980583 2477.017475728155 2506.240776699029 
