34808.35773584906 34836.95773584906 8370.689811320755 8399.289811320754 9574.029433962263 9602.629433962264 
34226.955471698115 34254.891320754716 8371.868679245283 8399.804528301887 9032.755471698114 9060.691320754717 
34681.19018867925 34709.92603773585 8369.348679245282 8398.084528301886 9439.02037735849 9467.756226415095 
34851.570566037735 34880.030943396225 8440.947924528302 8469.408301886793 9297.657358490565 9326.117735849057 
34531.45358490566 34559.62716981132 8604.125283018868 8632.298867924528 9519.578113207546 9547.751698113207 
34735.082264150944 34763.75396226415 8735.776603773586 8764.448301886792 9607.176603773585 9635.848301886792 
34304.51471698113 34332.529811320754 8456.318490566038 8484.33358490566 9232.858113207547 9260.873207547169 
35020.05509433962 35048.824905660374 8598.24754716981 8627.017358490566 9955.681509433962 9984.451320754717 
33925.24603773585 33952.87245283019 8446.808301886793 8474.434716981132 9400.268679245282 9427.895094339623 
33990.851320754715 34018.84754716981 8401.209811320754 8429.206037735848 8986.885283018868 9014.881509433962 
34792.15094339623 34820.36981132076 8431.664150943396 8459.883018867924 9096.350943396226 9124.569811320755 
33458.72150943396 33486.51018867925 8353.076226415094 8380.864905660377 8774.212075471698 8802.00075471698 
34878.21735849057 34906.54566037736 8219.534339622642 8247.862641509433 8803.790943396227 8832.119245283018 
34471.04603773585 34499.430943396226 8577.249811320755 8605.634716981132 9297.713962264152 9326.098867924527 
34019.26867924528 34047.329056603776 8204.970566037737 8233.030943396227 9037.793207547169 9065.85358490566 
34276.84679245283 34304.854339622645 8444.454339622642 8472.461886792453 9238.98641509434 9266.99396226415 
34630.121509433964 34658.97433962264 8531.85358490566 8560.706415094339 9472.223396226414 9501.076226415094 
34725.03471698113 34753.710188679244 8292.336603773585 8321.012075471697 9631.446037735848 9660.121509433962 
34950.789433962265 34979.31773584906 8374.75924528302 8403.287547169812 9304.219622641509 9332.747924528301 
34341.81283018868 34370.07698113208 8455.209056603773 8483.47320754717 9214.616603773586 9242.880754716982 
34210.28150943396 34238.33056603774 8484.466415094339 8512.515471698112 9300.609811320755 9328.658867924529 
35912.41132075472 35941.24150943396 8508.230188679245 8537.06037735849 9255.094339622641 9283.924528301886 
34225.91849056604 34254.495849056606 8453.110943396227 8481.688301886792 9637.56 9666.137358490567 
34768.363773584904 34797.11849056604 8594.061886792453 8622.816603773585 9054.578867924529 9083.33358490566 
34459.03849056604 34486.57811320755 8290.374339622642 8317.91396226415 9174.67245283019 9202.212075471698 
34949.516981132074 34978.27169811321 8489.139622641509 8517.894339622642 9674.65283018868 9703.40754716981 
34345.686037735846 34373.78037735849 8431.184150943396 8459.278490566037 9071.221886792453 9099.316226415094 
35264.92452830189 35293.777358490566 8575.143396226415 8603.996226415094 9606.550943396227 9635.403773584905 
35003.37283018868 35031.80679245283 8548.323773584905 8576.757735849056 8855.24075471698 8883.674716981131 
34187.58716981132 34215.66641509434 8452.617358490566 8480.696603773586 9151.590943396226 9179.670188679245 
34553.159245283015 34581.147924528304 8360.702641509433 8388.691320754717 8947.82716981132 8975.815849056604 
34030.53358490566 34058.98641509434 8318.809056603774 8347.261886792452 9372.39396226415 9400.84679245283 
34203.60075471698 34231.79320754717 8565.713962264152 8593.90641509434 8936.102641509435 8964.295094339623 
34273.36075471698 34301.79471698113 8469.851320754717 8498.285283018868 9224.496603773585 9252.930566037736 
34435.69283018868 34463.61358490566 8584.534339622642 8612.455094339623 9012.473962264152 9040.394716981133 
34490.54867924529 34519.13735849057 8483.18641509434 8511.775094339622 9245.18641509434 9273.775094339622 
34706.89433962264 34734.992452830185 8397.705660377358 8425.803773584905 9656.649056603774 9684.74716981132 
35151.04150943396 35179.943396226416 8571.003773584906 8599.905660377359 9571.098113207547 9600.0 
34079.929056603774 34107.88754716981 8241.510188679245 8269.468679245283 8879.630943396227 8907.589433962265 
34249.86113207547 34277.92528301887 8572.464905660378 8600.529056603773 9216.581886792454 9244.646037735849 
34494.16754716981 34522.518490566035 8643.64679245283 8671.997735849056 9473.49962264151 9501.850566037736 
34339.199245283016 34366.863396226414 8723.670943396226 8751.335094339624 9095.452075471698 9123.116226415093 
34498.99849056604 34527.20226415095 8485.911698113208 8514.115471698113 9193.138113207548 9221.341886792452 
34420.51245283019 34448.56150943396 8630.301132075472 8658.350188679246 8942.161509433963 8970.210566037736 
34750.05132075472 34778.88150943396 8321.61358490566 8350.443773584906 8870.221132075472 8899.051320754717 
34515.850566037734 34544.337358490564 8448.680754716981 8477.16754716981 9082.669433962265 9111.156226415094 
34500.91396226415 34529.159245283015 8593.185660377358 8621.430943396226 9553.717735849057 9581.963018867924 
34234.954716981134 34263.52075471698 8555.581132075471 8584.14716981132 9475.42641509434 9503.992452830189 
35036.955471698115 35065.71773584906 8511.630943396227 8540.39320754717 9275.970566037737 9304.73283018868 
35096.56301886793 35125.23471698113 8540.219622641509 8568.891320754718 9531.495094339623 9560.16679245283 
