27245.296261682244 27273.034579439252 6318.973831775701 6346.71214953271 6709.277570093458 6737.015887850467 
27556.702803738317 27585.184112149534 6476.665420560747 6505.146728971963 6855.2074766355145 6883.688785046729 
28159.484112149534 28188.47476635514 6536.28785046729 6565.278504672897 7167.166355140187 7196.157009345794 
27328.292523364486 27357.142990654207 6272.535514018691 6301.385981308411 7258.993457943925 7287.843925233645 
27605.956074766356 27634.091588785046 6341.180373831776 6369.315887850467 7244.367289719627 7272.502803738318 
26736.81214953271 26764.578504672896 6373.16261682243 6400.928971962617 6840.653271028037 6868.419626168225 
27109.978504672898 27138.015887850466 6373.1747663551405 6401.21214953271 7154.202803738318 7182.2401869158875 
27433.27289719626 27461.623364485982 6246.4785046728975 6274.828971962616 6945.871028037383 6974.221495327103 
27050.233644859814 27078.560747663552 6387.7663551401865 6416.093457943925 6671.598130841122 6699.92523364486 
27666.99626168224 27695.53831775701 6461.061682242991 6489.603738317757 6800.83738317757 6829.379439252337 
27192.50934579439 27220.757009345794 6433.7009345794395 6461.948598130841 7209.5 7237.747663551402 
27144.442990654206 27172.620560747662 6435.723364485982 6463.900934579439 6801.265420560748 6829.4429906542055 
27177.44953271028 27205.215887850467 6439.552336448598 6467.318691588785 7058.113084112149 7085.879439252337 
27594.172897196262 27622.771028037383 6483.514018691589 6512.112149532711 7105.761682242991 7134.359813084112 
27951.83457943925 27980.12897196262 6450.736448598131 6479.0308411214955 7508.5635514018695 7536.8579439252335 
27616.55887850467 27644.610280373832 6341.343925233645 6369.395327102804 7074.736448598131 7102.78785046729 
27483.83925233645 27511.932710280373 6274.273831775701 6302.367289719627 7294.035514018691 7322.128971962617 
27245.440186915886 27273.571028037382 6552.019626168224 6580.15046728972 7259.664485981309 7287.795327102804 
28230.033644859814 28258.533644859814 6437.491588785047 6465.991588785047 7310.8 7339.3 
27657.029906542055 27685.142056074765 6584.450467289719 6612.56261682243 6871.385046728972 6899.497196261682 
28085.16355140187 28114.11214953271 6458.341121495327 6487.289719626168 7444.116822429906 7473.065420560748 
27131.90186915888 27160.11214953271 6376.92523364486 6405.1355140186915 7297.640186915888 7325.85046728972 
27912.479439252336 27941.25981308411 6646.642990654205 6675.423364485981 7241.040186915888 7269.820560747664 
27060.051401869157 27088.11214953271 6357.4953271028035 6385.556074766355 6918.453271028037 6946.514018691589 
27552.421495327104 27580.85140186916 6598.524299065421 6626.954205607477 7454.599065420561 7483.028971962617 
27063.034579439252 27091.118691588785 6464.216822429907 6492.300934579439 7516.716822429907 7544.800934579439 
27665.931775700934 27694.24953271028 6700.875700934579 6729.193457943925 7125.193457943925 7153.511214953271 
27561.939252336448 27590.50934579439 6517.803738317757 6546.373831775701 7212.322429906542 7240.892523364486 
27532.909345794393 27561.381308411215 6319.93738317757 6348.409345794393 7057.685046728972 7086.157009345794 
27552.38504672897 27580.735514018692 6526.081308411215 6554.431775700935 7306.2728971962615 7334.623364485981 
28012.38785046729 28041.219626168226 6566.2009345794395 6595.032710280374 7021.126168224299 7049.957943925234 
27444.746728971964 27472.858878504674 6344.489719626168 6372.601869158879 7181.260747663551 7209.372897196262 
27323.517757009347 27352.176635514017 6455.298130841122 6483.957009345794 7560.919626168225 7589.578504672897 
27732.329906542058 27760.95140186916 6445.1616822429905 6473.783177570093 7218.002803738318 7246.624299065421 
27385.284112149533 27413.344859813085 6202.4102803738315 6230.471028037383 6873.667289719626 6901.728037383177 
27086.220560747664 27114.41214953271 6622.482242990654 6650.673831775701 7124.6224299065425 7152.814018691589 
27472.228037383178 27500.667289719626 6548.7140186915885 6577.153271028037 7114.480373831776 7142.919626168225 
28252.27476635514 28280.685981308412 6513.433644859813 6541.844859813084 7547.405607476636 7575.816822429906 
28037.629906542057 28066.52242990654 6440.414953271028 6469.307476635514 7521.358878504673 7550.251401869159 
27366.01214953271 27394.231775700933 6277.628971962617 6305.848598130841 7201.71308411215 7229.932710280374 
27604.889719626168 27633.417757009345 6536.922429906542 6565.450467289719 6881.300934579439 6909.828971962616 
27256.38785046729 27284.495327102803 6573.546728971963 6601.654205607477 7274.57476635514 7302.682242990654 
27317.315887850466 27345.544859813082 6437.839252336448 6466.068224299065 7434.58691588785 7462.815887850467 
27690.485046728973 27719.242056074767 6500.0831775700935 6528.840186915888 7083.522429906542 7112.2794392523365 
27430.746728971964 27458.84953271028 6510.657943925234 6538.760747663551 6981.51308411215 7009.6158878504675 
27823.542990654205 27852.533644859814 6637.243925233645 6666.234579439252 7356.15046728972 7385.141121495327 
27145.043925233644 27173.043925233644 6364.011214953271 6392.011214953271 7145.184112149533 7173.184112149533 
27121.071028037382 27148.767289719624 6258.767289719626 6286.463551401869 6976.239252336449 7003.935514018692 
27986.609345794393 28015.469158878506 6637.492523364486 6666.352336448598 7502.656074766355 7531.515887850467 
27536.66448598131 27565.580373831777 6466.580373831775 6495.496261682243 6642.1878504672895 6671.103738317757 
