34204.18615384615 34233.02846153846 8253.143846153846 8281.986153846154 9051.84 9080.682307692308 
33736.17 33764.53923076923 8171.277692307693 8199.646923076923 8737.50076923077 8765.87 
33985.14 34013.27076923077 8301.059230769231 8329.19 9128.693846153847 9156.824615384616 
33795.97384615384 33824.38153846154 8173.543076923077 8201.950769230769 9350.273846153847 9378.681538461538 
33765.54384615384 33793.57461538461 8365.001538461538 8393.032307692307 9201.866923076923 9229.897692307692 
33826.75923076923 33854.624615384615 8082.374615384615 8110.24 8487.343846153846 8515.209230769231 
33913.50538461538 33941.52846153846 8071.163076923077 8099.1861538461535 8722.105384615385 8750.128461538461 
33723.89692307692 33752.02384615385 8377.877692307693 8406.004615384616 8975.712307692307 9003.83923076923 
34045.86 34074.29461538461 8250.702307692307 8279.136923076923 9096.46 9124.894615384615 
33877.768461538464 33906.02230769231 8273.89153846154 8302.145384615385 9654.576153846154 9682.83 
33791.306153846155 33819.41 8206.733076923078 8234.836923076922 8847.144615384615 8875.248461538462 
33352.01076923077 33379.837692307694 8245.545384615385 8273.372307692307 8723.364615384615 8751.191538461539 
33769.38769230769 33797.29538461538 8100.664615384615 8128.572307692308 8793.033846153847 8820.941538461539 
33324.944615384615 33352.88307692308 8385.156153846154 8413.094615384616 8992.813846153846 9020.752307692308 
33963.85538461539 33992.20153846154 8198.77846153846 8227.124615384615 8615.986153846154 8644.332307692308 
34223.12 34251.443076923075 8398.716153846153 8427.039230769231 9300.327692307692 9328.65076923077 
33753.29307692307 33781.33153846154 8219.512307692308 8247.55076923077 8865.523846153847 8893.562307692308 
33893.621538461535 33921.944615384615 8397.871538461539 8426.194615384615 9287.613846153847 9315.936923076923 
33962.81 33990.97153846154 8314.621538461539 8342.783076923077 8985.379230769231 9013.540769230769 
34585.057692307695 34613.61538461538 8143.765384615384 8172.323076923077 9105.111538461539 9133.66923076923 
33789.68538461538 33818.03538461538 8227.477692307692 8255.827692307692 8901.362307692307 8929.712307692307 
33364.59769230769 33392.447692307695 8179.732307692308 8207.582307692308 8655.705384615385 8683.555384615385 
34118.72769230769 34147.14692307692 8193.966153846153 8222.385384615385 9245.989230769232 9274.408461538462 
34297.53615384615 34326.14769230769 8036.159230769231 8064.7707692307695 9148.428461538462 9177.04 
33529.626923076925 33557.99615384615 8293.607692307693 8321.976923076923 9248.203846153847 9276.573076923078 
34547.92846153846 34576.586153846154 8364.77846153846 8393.436153846154 9472.074615384616 9500.732307692308 
33526.303846153845 33554.61923076923 8291.715384615385 8320.030769230769 8855.88076923077 8884.196153846155 
33821.75076923077 33849.85846153846 8364.08923076923 8392.196923076923 9217.558461538461 9245.666153846154 
33316.97615384615 33345.60692307692 8242.353076923077 8270.983846153846 8799.837692307692 8828.468461538461 
34163.99076923077 34192.406153846154 8215.32923076923 8243.744615384616 8730.275384615385 8758.690769230769 
34039.845384615386 34068.372307692305 8293.833846153846 8322.360769230769 8833.837692307692 8862.364615384615 
33387.02384615385 33415.25076923077 8262.216153846153 8290.443076923077 9094.13153846154 9122.35846153846 
33805.696923076925 33834.18923076923 8153.87 8182.362307692308 8830.843076923076 8859.335384615384 
33804.49538461539 33833.083846153844 8186.845384615384 8215.433846153846 9015.041538461539 9043.63 
33890.554615384615 33918.985384615386 8183.0238461538465 8211.454615384615 9757.446923076923 9785.877692307693 
34158.09846153846 34186.74846153846 8108.306153846153 8136.956153846154 8835.998461538462 8864.648461538462 
34792.82615384615 34821.837692307694 8334.214615384615 8363.226153846153 8963.703076923077 8992.714615384615 
33573.72461538461 33602.10538461539 7926.201538461539 7954.582307692308 8922.101538461538 8950.482307692308 
33477.85076923077 33506.22384615384 8226.027692307693 8254.40076923077 9046.42 9074.793076923077 
33680.88076923077 33709.04230769231 8016.088461538461 8044.25 8891.55 8919.711538461539 
34079.10153846154 34107.71307692308 8317.732307692308 8346.343846153846 9047.24 9075.851538461538 
34530.14153846154 34558.61461538461 7885.28 7913.753076923077 8584.841538461538 8613.314615384616 
33616.67846153846 33645.21692307692 8188.351538461538 8216.89 8980.563076923077 9009.101538461538 
34022.42538461539 34050.486923076925 8168.452307692308 8196.513846153846 8665.74076923077 8693.802307692307 
34146.63153846154 34175.67769230769 8507.989230769232 8537.035384615385 9090.00076923077 9119.046923076923 
34280.25769230769 34308.75 8070.638461538461 8099.130769230769 8702.703846153847 8731.196153846155 
34296.77538461539 34325.31 8160.69076923077 8189.225384615384 8965.113846153847 8993.648461538462 
33379.88846153846 33408.04615384615 8258.134615384615 8286.292307692307 8713.51923076923 8741.676923076922 
33942.196153846155 33970.52307692308 8101.1884615384615 8129.515384615384 8908.342307692308 8936.66923076923 
33819.11692307692 33847.11692307692 8244.00923076923 8272.00923076923 8641.60923076923 8669.60923076923 
