8046.933333333333 8075.002777777778 1173.7666666666667 1201.8361111111112 1380.8222222222223 1408.8916666666667 
8298.025 8326.733333333334 1069.2888888888888 1097.9972222222223 1328.8305555555555 1357.5388888888888 
8042.716666666666 8071.813888888889 1193.0916666666667 1222.1888888888889 1448.55 1477.6472222222221 
7971.3805555555555 7999.366666666667 1136.463888888889 1164.45 1325.6027777777779 1353.588888888889 
7917.633333333333 7946.0361111111115 1319.3138888888889 1347.7166666666667 1393.8833333333334 1422.286111111111 
7581.766666666666 7608.988888888889 1051.7944444444445 1079.0166666666667 1282.9333333333334 1310.1555555555556 
7805.241666666667 7832.741666666667 1122.2416666666666 1149.7416666666666 1334.3527777777779 1361.8527777777779 
7936.5 7964.972222222223 1179.2777777777778 1207.75 1319.111111111111 1347.5833333333333 
8082.377777777778 8110.711111111111 1102.8916666666667 1131.225 1161.8222222222223 1190.1555555555556 
8458.83888888889 8487.575 1140.1444444444444 1168.8805555555555 1307.4777777777779 1336.213888888889 
7775.138888888889 7803.097222222223 1205.9027777777778 1233.861111111111 1519.861111111111 1547.8194444444443 
8046.7138888888885 8074.95 1197.45 1225.6861111111111 1193.2694444444444 1221.5055555555555 
7819.35 7846.391666666666 1198.9055555555556 1225.9472222222223 1301.4333333333334 1328.475 
7838.0 7865.75 1227.111111111111 1254.861111111111 1242.25 1270.0 
8017.275 8045.441666666667 1103.0666666666666 1131.2333333333333 1215.5527777777777 1243.7194444444444 
8275.494444444445 8304.925 1147.536111111111 1176.9666666666667 1394.9666666666667 1424.3972222222221 
8474.258333333333 8504.03611111111 1048.0222222222221 1077.8 1561.3416666666667 1591.1194444444445 
8138.116666666667 8166.394444444444 1156.3111111111111 1184.588888888889 1262.6166666666666 1290.8944444444444 
7821.563888888889 7849.022222222222 1088.7166666666667 1116.175 1258.8138888888889 1286.2722222222221 
7707.602777777778 7735.311111111111 975.1027777777778 1002.8111111111111 1215.0472222222222 1242.7555555555555 
8078.313888888889 8106.6194444444445 1133.1888888888889 1161.4944444444445 1324.8416666666667 1353.1472222222221 
8088.833333333333 8116.291666666667 1016.6666666666666 1044.125 1273.111111111111 1300.5694444444443 
8174.8 8203.480555555556 1166.925 1195.6055555555556 1222.1333333333334 1250.8138888888889 
7981.530555555555 8009.905555555555 1232.5027777777777 1260.8777777777777 1402.1138888888888 1430.4888888888888 
8545.291666666666 8575.055555555555 1091.6805555555557 1121.4444444444443 1432.9583333333333 1462.7222222222222 
7907.972222222223 7935.819444444444 1217.486111111111 1245.3333333333333 1361.6944444444443 1389.5416666666667 
8044.372222222222 8072.969444444445 1012.0388888888889 1040.6361111111112 1220.6777777777777 1249.275 
8263.738888888889 8293.113888888889 1109.3361111111112 1138.7111111111112 1249.6555555555556 1279.0305555555556 
8411.483333333334 8440.247222222222 1110.6916666666666 1139.4555555555555 1193.7333333333333 1222.4972222222223 
8001.730555555556 8030.383333333333 1216.7305555555556 1245.3833333333334 1524.925 1553.5777777777778 
8153.761111111111 8182.733333333334 1056.65 1085.6222222222223 1385.5111111111112 1414.4833333333333 
8073.177777777778 8101.719444444445 1168.2194444444444 1196.7611111111112 1287.0111111111112 1315.5527777777777 
7857.769444444444 7885.6305555555555 1130.338888888889 1158.2 1197.2694444444444 1225.1305555555555 
8247.086111111112 8275.933333333332 1190.7527777777777 1219.6 1301.1694444444445 1330.0166666666667 
8074.972222222223 8102.972222222223 1109.9722222222222 1137.9722222222222 1285.0555555555557 1313.0555555555557 
7996.825 8024.436111111111 961.2833333333333 988.8944444444444 1131.6861111111111 1159.2972222222222 
8062.083333333333 8090.958333333333 1067.013888888889 1095.888888888889 1311.3333333333333 1340.2083333333333 
8126.361111111111 8154.416666666667 1138.625 1166.6805555555557 1133.388888888889 1161.4444444444443 
7902.066666666667 7929.844444444445 1098.8027777777777 1126.5805555555555 1245.0944444444444 1272.8722222222223 
8264.891666666666 8293.391666666666 1262.5027777777777 1291.0027777777777 1385.1138888888888 1413.6138888888888 
8227.002777777778 8255.780555555555 1153.8222222222223 1182.6 1386.8083333333334 1415.5861111111112 
8081.377777777778 8109.905555555555 993.6277777777777 1022.1555555555556 1183.0722222222223 1211.6 
7799.797222222222 7827.394444444444 1045.7694444444444 1073.3666666666666 1270.0194444444444 1297.6166666666666 
8555.405555555555 8584.933333333332 1188.7527777777777 1218.2805555555556 1465.6555555555556 1495.1833333333334 
8067.583333333333 8095.583333333333 1029.5277777777778 1057.5277777777778 1370.7222222222222 1398.7222222222222 
7944.686111111111 7972.686111111111 1181.3194444444443 1209.3194444444443 1305.0194444444444 1333.0194444444444 
7978.077777777778 8005.452777777778 1019.1472222222222 1046.5222222222221 1164.9388888888889 1192.3138888888889 
8269.594444444445 8298.247222222222 1134.7888888888888 1163.4416666666666 1377.8166666666666 1406.4694444444444 
8082.247222222222 8111.122222222222 1039.8722222222223 1068.7472222222223 1251.6361111111112 1280.5111111111112 
7837.011111111111 7864.927777777778 1218.5527777777777 1246.4694444444444 1514.0111111111112 1541.9277777777777 
