19509.413836477986 19537.099371069184 4377.734591194969 4405.420125786163 4614.011320754717 4641.696855345912 
20094.31572327044 20123.28427672956 4769.83144654088 4798.8 5018.083018867925 5047.051572327044 
20359.71572327044 20388.262893081763 4450.703144654088 4479.250314465409 5099.0427672955975 5127.589937106918 
20056.30817610063 20084.415094339623 4301.194968553459 4329.301886792453 4687.006289308176 4715.11320754717 
19746.893081761005 19775.45283018868 4325.238993710692 4353.798742138365 4927.566037735849 4956.125786163522 
20258.79748427673 20287.722012578615 4473.017610062893 4501.94213836478 4837.633962264151 4866.558490566038 
20302.241509433963 20330.977358490567 4393.027672955975 4421.7635220125785 4944.021383647799 4972.757232704403 
19647.91320754717 19676.038993710692 4266.246540880503 4294.372327044025 4776.837735849057 4804.963522012578 
19939.558490566036 19967.967295597486 4385.784905660377 4414.193710691824 4739.929559748428 4768.338364779875 
19879.617610062895 19908.271698113207 4237.240251572327 4265.894339622641 4824.064150943396 4852.718238993711 
20533.054088050314 20562.148427672957 4458.192452830189 4487.28679245283 5354.330817610063 5383.425157232705 
19677.64779874214 19705.53459119497 4226.62893081761 4254.5157232704405 4709.955974842767 4737.842767295598 
19854.52452830189 19882.851572327043 4346.436477987421 4374.7635220125785 4811.82641509434 4840.153459119497 
20297.13962264151 20326.611320754717 4514.064150943396 4543.535849056604 5091.976100628931 5121.447798742139 
19448.035220125785 19476.198742138364 4201.14213836478 4229.305660377358 4545.4377358490565 4573.6012578616355 
20268.562264150944 20297.335849056602 4432.316981132076 4461.090566037736 4942.442767295597 4971.216352201258 
20248.3534591195 20277.145911949687 4389.259119496855 4418.051572327044 5110.196226415094 5138.988679245283 
19769.240251572326 19797.567295597484 4476.221383647799 4504.548427672956 4790.403773584906 4818.730817610063 
20376.36100628931 20405.059119496855 4434.85786163522 4463.555974842768 4975.939622641509 5004.637735849056 
20350.612578616354 20378.851572327043 4247.555974842768 4275.7949685534595 4642.757232704403 4670.9962264150945 
19944.724528301886 19972.888050314465 4208.9572327044025 4237.1207547169815 4912.152201257862 4940.315723270441 
19591.813836477988 19619.95220125786 4136.952201257862 4165.090566037736 4690.033962264151 4718.172327044025 
20250.945911949686 20279.285534591196 4427.077987421384 4455.417610062893 5328.688050314466 5357.027672955975 
19385.290566037736 19413.164779874212 4368.598742138365 4396.472955974843 4808.718238993711 4836.592452830188 
20053.237735849056 20081.514465408804 4278.08679245283 4306.363522012579 4804.464150943396 4832.740880503145 
19900.451572327045 19929.030188679244 4320.074213836478 4348.652830188679 5252.822641509434 5281.401257861635 
19697.52704402516 19725.47672955975 4305.401257861635 4333.350943396226 4889.696855345912 4917.646540880503 
19733.861635220124 19761.88679245283 4472.685534591195 4500.7106918239 4666.345911949686 4694.37106918239 
20007.32578616352 20035.747169811322 4289.652830188679 4318.074213836478 4586.589937106918 4615.011320754717 
20018.84528301887 20046.820125786162 4309.008805031446 4336.983647798742 4992.1974842767295 5020.172327044025 
20037.061635220125 20065.52075471698 4422.2 4450.659119496855 4965.067924528302 4993.527044025157 
20521.849056603773 20550.18238993711 4512.691823899371 4541.025157232704 5087.452830188679 5115.786163522012 
20095.311949685536 20123.418867924527 4344.607547169811 4372.714465408805 4805.594968553459 4833.701886792453 
20375.1572327044 20403.849056603773 4385.106918238994 4413.798742138365 5112.509433962264 5141.201257861635 
19939.96855345912 19968.704402515723 4356.440251572327 4385.176100628931 4684.238993710692 4712.974842767296 
19531.28427672956 19559.15220125786 4389.403773584906 4417.271698113207 4631.844025157233 4659.711949685535 
19997.993710691822 20025.80503144654 4385.8805031446545 4413.691823899371 4659.358490566037 4687.169811320755 
20186.148427672957 20214.582389937106 4331.519496855346 4359.953459119497 5062.8716981132075 5091.305660377358 
19911.179874213838 19939.450314465408 4287.293081761006 4315.563522012579 4643.51320754717 4671.783647798742 
19869.174842767297 19897.659119496857 4155.734591194969 4184.218867924528 4959.784905660377 4988.269182389937 
19851.111949685535 19878.84150943396 4292.904402515724 4320.633962264151 4865.935849056604 4893.665408805032 
20381.53459119497 20409.924528301886 4497.9496855345915 4526.33962264151 5022.698113207547 5051.088050314465 
20368.407547169812 20396.772327044026 4410.432704402516 4438.79748427673 5121.294339622642 5149.659119496855 
19625.28427672956 19653.435220125786 4399.661635220125 4427.812578616352 4857.806289308176 4885.9572327044025 
19594.82641509434 19622.927044025157 4163.159748427673 4191.260377358491 4637.700628930817 4665.801257861635 
19922.14716981132 19950.83899371069 4477.059119496856 4505.750943396227 4696.493081761007 4725.184905660378 
20186.846540880502 20215.01635220126 4475.431446540881 4503.6012578616355 4898.664150943397 4926.833962264151 
20009.114465408806 20037.67421383648 4244.485534591195 4273.045283018868 4636.340880503145 4664.900628930817 
19874.898113207546 19903.269182389937 4417.992452830189 4446.363522012579 4983.0427672955975 5011.413836477987 
20066.477987421382 20095.025157232703 4172.993710691824 4201.540880503145 4612.672955974843 4641.220125786163 
