17540.44 17569.425714285713 3786.532857142857 3815.5185714285712 4027.7114285714288 4056.697142857143 
17086.128571428573 17113.821428571428 3616.2714285714287 3643.964285714286 3903.6428571428573 3931.3357142857144 
17723.15 17752.157142857144 3752.285714285714 3781.292857142857 4423.65 4452.657142857143 
17526.27857142857 17554.871428571427 3554.035714285714 3582.6285714285714 3764.792857142857 3793.385714285714 
17187.01142857143 17215.24 3712.3614285714284 3740.59 4021.397142857143 4049.6257142857144 
17274.067142857144 17303.202857142856 3678.352857142857 3707.4885714285715 3914.1242857142856 3943.26 
17302.55285714286 17330.752857142856 3674.2314285714288 3702.4314285714286 4352.267142857143 4380.467142857143 
16987.534285714286 17015.762857142858 3610.4842857142858 3638.712857142857 4118.4628571428575 4146.691428571428 
17543.825714285715 17572.59 3595.64 3624.404285714286 4153.754285714285 4182.518571428572 
17534.088571428572 17562.374285714286 3696.095714285714 3724.3814285714284 4104.331428571429 4132.617142857142 
17195.705714285716 17223.912857142856 3561.827142857143 3590.0342857142855 3817.4914285714285 3845.6985714285715 
17380.014285714286 17408.485714285714 3659.1071428571427 3687.5785714285716 4273.814285714286 4302.285714285715 
17544.814285714285 17573.514285714286 3862.207142857143 3890.907142857143 4356.571428571428 4385.271428571428 
17160.71285714286 17188.512857142858 3469.4128571428573 3497.212857142857 3907.884285714286 3935.6842857142856 
17530.525714285715 17558.597142857143 3607.7185714285715 3635.79 4213.068571428571 4241.14 
17820.72142857143 17849.47142857143 3717.5785714285716 3746.3285714285716 4420.921428571429 4449.671428571429 
17741.944285714286 17771.30857142857 3811.4514285714286 3840.8157142857144 4173.544285714286 4202.908571428571 
16881.374285714286 16909.202857142856 3502.6242857142856 3530.4528571428573 4083.9314285714286 4111.76 
17322.745714285713 17351.21 3595.7742857142857 3624.2385714285715 3860.06 3888.5242857142857 
17551.975714285716 17580.497142857144 3674.19 3702.7114285714288 4063.804285714286 4092.325714285714 
17496.69714285714 17524.34 3605.6614285714286 3633.304285714286 3943.925714285714 3971.5685714285714 
17392.10142857143 17420.544285714284 3661.7157142857145 3690.1585714285716 4311.644285714286 4340.087142857143 
17649.341428571428 17677.812857142857 3682.7342857142858 3711.2057142857143 4373.77 4402.2414285714285 
18004.78714285714 18033.68 3692.308571428571 3721.2014285714286 4328.201428571429 4357.094285714285 
17190.90142857143 17218.844285714287 3582.944285714286 3610.887142857143 4135.33 4163.272857142857 
17394.6 17422.8 3778.7642857142855 3806.964285714286 4100.628571428571 4128.828571428571 
17407.352857142858 17435.98857142857 3633.4957142857143 3662.1314285714284 3906.5385714285712 3935.174285714286 
17974.544285714284 18003.50857142857 3846.7014285714286 3875.6657142857143 4305.915714285714 4334.88 
17307.35142857143 17335.172857142858 3679.9014285714284 3707.7228571428573 4134.894285714286 4162.715714285714 
17378.34 17407.31142857143 3894.982857142857 3923.9542857142856 4217.254285714285 4246.225714285714 
17836.60142857143 17864.965714285714 3584.6657142857143 3613.03 3935.9871428571428 3964.3514285714286 
17439.16857142857 17467.36857142857 3799.2257142857143 3827.425714285714 4224.297142857143 4252.4971428571425 
17416.97 17445.27 3706.062857142857 3734.362857142857 3846.67 3874.97 
17434.49 17462.954285714284 3486.304285714286 3514.7685714285712 3840.4328571428573 3868.897142857143 
17159.89285714286 17188.085714285713 3627.6714285714284 3655.864285714286 4370.564285714286 4398.757142857143 
17791.65 17820.17142857143 3736.114285714286 3764.635714285714 4064.7785714285715 4093.3 
17356.112857142856 17384.27 3430.42 3458.577142857143 4106.912857142857 4135.07 
17623.852857142858 17652.588571428572 3679.41 3708.1457142857143 4161.524285714286 4190.26 
17371.27142857143 17399.364285714284 3577.2357142857145 3605.3285714285716 4145.5142857142855 4173.607142857143 
17404.29 17433.018571428573 3501.654285714286 3530.382857142857 4179.318571428571 4208.047142857143 
17169.08 17197.022857142856 3509.387142857143 3537.33 4003.18 4031.1228571428574 
16739.364285714284 16766.95 3525.9857142857145 3553.5714285714284 3869.1785714285716 3896.7642857142855 
17105.08142857143 17133.417142857143 3722.86 3751.195714285714 3871.51 3899.845714285714 
17061.071428571428 17088.928571428572 3631.2714285714287 3659.1285714285714 4045.614285714286 4073.4714285714285 
16956.26 16983.76 3630.924285714286 3658.424285714286 4009.16 4036.66 
17143.394285714287 17171.03 3564.6514285714284 3592.287142857143 3811.922857142857 3839.558571428571 
17326.0 17354.0 3772.6285714285714 3800.6285714285714 4192.542857142857 4220.542857142857 
17242.854285714286 17270.81142857143 3653.44 3681.397142857143 3877.4114285714286 3905.3685714285716 
17472.092857142856 17500.207142857143 3623.4357142857143 3651.55 3899.692857142857 3927.807142857143 
17288.841428571428 17316.92 3546.062857142857 3574.1414285714286 4264.2128571428575 4292.291428571429 
