57.6 90.1 55.325 87.825 39.6 72.1 
64.9 93.4 53.375 81.875 38.025 66.525 
55.175 82.05 52.3 79.175 42.15 69.025 
62.4 89.525 62.575 89.7 44.2 71.325 
64.625 93.625 61.9 90.9 46.7 75.7 
81.325 112.2 48.25 79.125 51.275 82.15 
92.65 121.65 61.5 90.5 54.8 83.8 
62.95 89.45 59.6 86.1 48.35 74.85 
50.1 76.35 53.275 79.525 41.1 67.35 
53.0 79.625 54.325 80.95 41.725 68.35 
66.5 92.625 58.4 84.525 47.975 74.1 
49.55 74.8 45.525 70.775 37.55 62.8 
66.275 96.775 48.35 78.85 39.275 69.775 
95.175 121.175 69.3 95.3 66.525 92.525 
57.55 82.55 51.375 76.375 42.85 67.85 
74.15 99.4 57.05 82.3 56.225 81.475 
61.275 91.025 54.1 83.85 39.875 69.625 
56.675 87.675 54.075 85.075 43.2 74.2 
73.375 101.375 46.3 74.3 35.9 63.9 
75.975 106.475 51.9 82.4 46.6 77.1 
58.175 83.3 56.575 81.7 44.45 69.575 
48.4 75.025 58.525 85.15 33.55 60.175 
46.55 72.8 56.525 82.775 35.45 61.7 
61.025 91.4 57.65 88.025 47.65 78.025 
78.55 107.05 53.05 81.55 52.05 80.55 
64.95 92.2 57.6 84.85 38.1 65.35 
40.175 66.05 46.85 72.725 32.725 58.6 
72.0 99.375 53.375 80.75 50.6 77.975 
95.375 124.25 62.25 91.125 42.875 71.75 
80.075 108.45 59.85 88.225 46.825 75.2 
35.075 61.825 43.725 70.475 29.575 56.325 
43.075 69.95 59.85 86.725 32.8 59.675 
56.1 83.725 57.45 85.075 44.6 72.225 
42.75 69.125 50.2 76.575 35.2 61.575 
66.675 96.175 53.775 83.275 47.425 76.925 
73.375 99.375 59.925 85.925 49.275 75.275 
45.025 70.025 56.825 81.825 34.325 59.325 
59.4 84.775 54.5 79.875 33.875 59.25 
79.9 106.275 54.475 80.85 49.8 76.175 
80.975 111.225 52.175 82.425 52.15 82.4 
64.425 91.3 64.7 91.575 35.15 62.025 
76.4 103.65 50.6 77.85 42.65 69.9 
61.675 89.175 56.2 83.7 46.625 74.125 
116.425 144.175 50.9 78.65 46.575 74.325 
85.775 113.275 53.3 80.8 64.8 92.3 
55.775 83.4 53.9 81.525 34.575 62.2 
58.925 87.675 46.8 75.55 44.375 73.125 
59.45 88.7 47.6 76.85 40.175 69.425 
67.875 98.25 47.625 78.0 44.875 75.25 
94.45 121.575 64.9 92.025 50.95 78.075 
