17535.355555555554 17563.43888888889 3786.6055555555554 3814.688888888889 4508.5361111111115 4536.6194444444445 
18077.922222222223 18105.87361111111 3702.748611111111 3730.7 4172.5055555555555 4200.456944444444 
17730.418055555554 17757.904166666667 3785.2375 3812.723611111111 4076.126388888889 4103.6125 
17960.545833333334 17989.47638888889 3796.920833333333 3825.851388888889 4362.323611111111 4391.254166666667 
18079.666666666668 18107.645833333332 3749.3125 3777.2916666666665 4174.666666666667 4202.645833333333 
18111.993055555555 18140.319444444445 3548.3194444444443 3576.6458333333335 4003.4375 4031.7638888888887 
17855.661111111112 17883.966666666667 3720.376388888889 3748.6819444444445 4475.216666666666 4503.522222222222 
17775.25 17804.17361111111 3810.027777777778 3838.9513888888887 4306.430555555556 4335.354166666667 
17946.366666666665 17974.554166666665 3796.8180555555555 3825.0055555555555 4130.033333333334 4158.220833333334 
17692.901388888888 17720.720833333333 3885.9152777777776 3913.7347222222224 4446.304166666667 4474.123611111111 
17713.904166666667 17742.202777777777 3773.251388888889 3801.55 4312.8069444444445 4341.105555555556 
17779.193055555555 17807.5125 3913.998611111111 3942.3180555555555 4535.720833333334 4564.040277777778 
18400.24861111111 18429.116666666665 3806.2625 3835.1305555555555 4104.915277777778 4133.783333333334 
18116.269444444446 18145.276388888888 3769.7 3798.7069444444446 4281.352777777778 4310.359722222222 
18080.477777777778 18108.491666666665 3695.2625 3723.276388888889 4038.5055555555555 4066.5194444444446 
17989.81527777778 18018.245833333334 3743.225 3771.6555555555556 4205.898611111111 4234.329166666666 
17805.756944444445 17833.86111111111 3685.6736111111113 3713.777777777778 4165.5625 4193.666666666667 
18166.834722222222 18195.425 3617.0430555555554 3645.633333333333 4188.529166666666 4217.1194444444445 
18032.929166666665 18061.880555555555 3785.311111111111 3814.2625 4138.359722222222 4167.311111111111 
17762.67777777778 17790.545833333334 3907.302777777778 3935.170833333333 4213.983333333334 4241.851388888889 
17836.209722222222 17864.181944444445 3520.1194444444445 3548.0916666666667 4187.570833333333 4215.543055555556 
17443.29861111111 17471.17361111111 3792.6944444444443 3820.5694444444443 4046.3680555555557 4074.2430555555557 
18046.401388888888 18074.213888888888 3826.366666666667 3854.179166666667 4035.873611111111 4063.686111111111 
18006.223611111112 18034.723611111112 3763.6472222222224 3792.1472222222224 4277.251388888889 4305.751388888889 
18149.140277777777 18177.897222222222 3766.8972222222224 3795.6541666666667 4385.1819444444445 4413.938888888889 
18123.52361111111 18152.225 3835.961111111111 3864.6625 4065.7875 4094.488888888889 
17901.533333333333 17929.713888888888 3779.436111111111 3807.616666666667 4089.45 4117.6305555555555 
17952.991666666665 17981.422222222223 3908.651388888889 3937.0819444444446 5123.644444444444 5152.075 
17718.330555555556 17746.531944444443 3688.6291666666666 3716.8305555555557 4274.219444444445 4302.420833333334 
17452.495833333334 17480.204166666666 3971.0444444444443 3998.7527777777777 3904.148611111111 3931.8569444444443 
18288.430555555555 18316.895833333332 3863.6319444444443 3892.097222222222 4253.527777777777 4281.993055555556 
17458.345833333333 17485.484722222223 3792.7 3819.838888888889 4079.179166666667 4106.3180555555555 
17904.723611111112 17933.383333333335 3849.5152777777776 3878.175 4350.8486111111115 4379.508333333333 
17627.297222222223 17655.040277777778 3868.588888888889 3896.3319444444446 4172.075 4199.8180555555555 
18108.94722222222 18137.343055555557 3741.6277777777777 3770.023611111111 4427.961111111111 4456.356944444445 
17839.3 17867.577777777777 3549.508333333333 3577.786111111111 4025.661111111111 4053.938888888889 
17445.00138888889 17473.022222222222 3731.883333333333 3759.9041666666667 4045.2930555555554 4073.313888888889 
18204.65 18233.295833333334 3688.8305555555557 3717.476388888889 4150.386111111111 4179.031944444445 
18149.51388888889 18178.055555555555 3888.2916666666665 3916.8333333333335 4225.208333333333 4253.75 
17813.783333333333 17842.269444444446 3877.825 3906.311111111111 4287.5888888888885 4316.075 
17855.883333333335 17884.244444444445 3774.9875 3803.348611111111 4070.9666666666667 4099.327777777778 
18278.972222222223 18307.45138888889 3746.159722222222 3774.6388888888887 4123.111111111111 4151.590277777777 
17515.338888888888 17542.651388888888 3766.8319444444446 3794.1444444444446 4080.7694444444446 4108.081944444444 
17898.783333333333 17926.6375 3784.623611111111 3812.4777777777776 4194.102777777778 4221.956944444444 
18052.25277777778 18080.280555555557 3617.697222222222 3645.725 4264.391666666666 4292.419444444445 
18125.13888888889 18153.847222222223 3957.2361111111113 3985.9444444444443 4349.5 4378.208333333333 
18266.225 18294.558333333334 3734.176388888889 3762.509722222222 4270.35 4298.683333333333 
17895.829166666666 17923.57222222222 3858.2527777777777 3885.9958333333334 4255.356944444445 4283.1 
17992.26111111111 18020.344444444443 3600.038888888889 3628.1222222222223 3865.2055555555557 3893.288888888889 
17989.570833333335 18017.931944444445 3971.4180555555554 3999.7791666666667 4387.904166666666 4416.265277777778 
