12863.275 12891.813461538462 2422.0346153846153 2450.5730769230768 2488.9096153846153 2517.4480769230768 
11968.386538461538 11995.963461538462 2369.223076923077 2396.8 2616.867307692308 2644.4442307692307 
12621.546153846153 12650.305769230768 2345.776923076923 2374.5365384615384 2634.007692307692 2662.767307692308 
12338.909615384615 12366.948076923078 2161.3134615384615 2189.351923076923 2818.4096153846153 2846.4480769230768 
12058.567307692309 12085.807692307691 2240.6346153846152 2267.875 2619.6634615384614 2646.903846153846 
12317.85 12346.253846153846 2232.5326923076923 2260.9365384615385 2360.503846153846 2388.9076923076923 
12487.221153846154 12515.173076923076 2327.1923076923076 2355.144230769231 2697.9903846153848 2725.9423076923076 
12367.473076923077 12395.540384615384 2238.973076923077 2267.0403846153845 2631.5884615384616 2659.6557692307692 
12598.586538461539 12626.471153846154 2431.5673076923076 2459.451923076923 2654.0096153846152 2681.894230769231 
12506.35 12534.878846153846 2250.7826923076923 2279.3115384615385 2599.3884615384613 2627.9173076923075 
12288.203846153847 12316.088461538462 2315.425 2343.3096153846154 2581.126923076923 2609.0115384615383 
12612.648076923077 12641.475 2342.6673076923075 2371.494230769231 2733.398076923077 2762.225 
12636.288461538461 12664.298076923076 2399.0576923076924 2427.0673076923076 2933.653846153846 2961.6634615384614 
12484.24423076923 12512.263461538461 2200.6769230769232 2228.6961538461537 2426.7634615384613 2454.7826923076923 
12869.432692307691 12898.51923076923 2438.875 2467.9615384615386 2788.7596153846152 2817.846153846154 
12025.280769230769 12053.069230769232 2179.492307692308 2207.2807692307692 2476.3 2504.0884615384616 
12177.557692307691 12205.009615384615 2104.355769230769 2131.8076923076924 2596.3653846153848 2623.8173076923076 
12672.273076923077 12701.301923076922 2288.475 2317.503846153846 2793.5423076923075 2822.5711538461537 
12487.642307692307 12515.863461538462 2356.257692307692 2384.478846153846 2489.642307692308 2517.8634615384617 
12456.375 12484.73076923077 2226.0 2254.355769230769 2691.6634615384614 2720.019230769231 
12572.780769230769 12601.280769230769 2272.9538461538464 2301.4538461538464 2889.5307692307692 2918.0307692307692 
12495.038461538461 12523.51923076923 2379.1826923076924 2407.6634615384614 2634.2884615384614 2662.769230769231 
12630.442307692309 12658.89423076923 2307.5576923076924 2336.0096153846152 2687.8846153846152 2716.3365384615386 
11802.026923076923 11828.998076923077 2391.882692307692 2418.853846153846 2557.7384615384617 2584.7096153846155 
12655.20576923077 12683.734615384616 2303.3115384615385 2331.8403846153847 2495.8596153846156 2524.3884615384613 
12629.280769230769 12657.982692307693 2216.6557692307692 2245.357692307692 2776.626923076923 2805.3288461538464 
12593.046153846153 12621.430769230768 2296.2096153846155 2324.5942307692308 2854.623076923077 2883.007692307692 
12516.748076923077 12545.603846153846 2248.5846153846155 2277.4403846153846 2481.5557692307693 2510.4115384615384 
12347.173076923076 12375.471153846154 2168.5096153846152 2196.8076923076924 2427.730769230769 2456.028846153846 
12402.278846153846 12431.528846153846 2280.9903846153848 2310.2403846153848 2514.298076923077 2543.548076923077 
12546.903846153846 12574.990384615385 2378.528846153846 2406.6153846153848 2652.230769230769 2680.3173076923076 
12295.446153846155 12324.148076923077 2360.9365384615385 2389.6384615384613 2752.2153846153847 2780.9173076923075 
12696.5 12725.134615384615 2216.269230769231 2244.903846153846 2419.1923076923076 2447.826923076923 
12536.617307692308 12564.838461538462 2326.0692307692307 2354.2903846153845 2660.867307692308 2689.0884615384616 
12888.859615384616 12918.11923076923 2407.369230769231 2436.628846153846 2683.8403846153847 2713.1 
12409.305769230768 12438.517307692307 2208.2865384615384 2237.498076923077 2650.0557692307693 2679.267307692308 
12177.701923076924 12205.51923076923 2330.8365384615386 2358.653846153846 2682.298076923077 2710.1153846153848 
12241.732692307693 12270.175 2337.598076923077 2366.0403846153845 2634.1942307692307 2662.6365384615383 
12245.094230769231 12272.526923076923 2207.1615384615384 2234.5942307692308 2451.2865384615384 2478.7192307692308 
12109.501923076923 12137.559615384615 2396.1365384615383 2424.1942307692307 2656.3096153846154 2684.367307692308 
12420.207692307693 12448.582692307693 2218.101923076923 2246.476923076923 2471.996153846154 2500.371153846154 
12609.555769230768 12637.517307692307 2274.6711538461536 2302.632692307692 2608.382692307692 2636.3442307692308 
12684.95576923077 12713.532692307692 2482.475 2511.0519230769232 2845.898076923077 2874.475 
12317.178846153845 12345.00576923077 2220.630769230769 2248.4576923076925 2603.4673076923077 2631.2942307692306 
12247.267307692307 12275.440384615385 2407.8346153846155 2436.007692307692 2517.575 2545.748076923077 
12401.8 12430.069230769232 2213.6365384615383 2241.9057692307692 2603.8 2632.0692307692307 
12022.198076923078 12050.04423076923 2147.6596153846153 2175.505769230769 2386.4865384615387 2414.3326923076925 
12328.390384615384 12356.534615384615 2308.2076923076925 2336.351923076923 2783.371153846154 2811.5153846153844 
12439.83076923077 12468.148076923077 2501.4365384615385 2529.753846153846 2726.6961538461537 2755.0134615384613 
12285.944230769232 12314.319230769232 2317.0692307692307 2345.4442307692307 2597.021153846154 2625.396153846154 
