32759.856451612904 32788.70725806452 7970.215322580645 7999.066129032258 8816.679032258064 8845.529838709677 
32267.875 32296.540322580644 7971.826612903225 8000.491935483871 9006.04435483871 9034.709677419354 
32191.245967741936 32219.75806451613 7722.330645161291 7750.842741935484 8331.479838709678 8359.991935483871 
32016.83064516129 32044.645161290322 7558.987903225807 7586.802419354839 8134.564516129032 8162.379032258064 
32657.118548387098 32685.739516129033 7762.465322580645 7791.086290322581 8466.400806451613 8495.021774193548 
32113.906451612904 32142.656451612904 7839.176612903226 7867.926612903226 8314.85 8343.6 
32425.33064516129 32453.927419354837 7667.709677419355 7696.306451612903 8630.572580645161 8659.16935483871 
32565.75564516129 32594.098387096776 7505.3443548387095 7533.687096774193 8606.537903225806 8634.88064516129 
32334.707258064514 32362.997580645162 7817.3 7845.590322580645 8453.158870967742 8481.449193548387 
32069.95564516129 32097.74193548387 7465.826612903225 7493.612903225807 8252.229838709678 8280.016129032258 
32324.33387096774 32352.817741935483 7693.26935483871 7721.753225806452 8377.979032258065 8406.462903225807 
32436.814516129034 32465.052419354837 7956.217741935484 7984.455645161291 8635.282258064517 8663.520161290322 
32992.71693548387 33021.82177419355 8048.011290322581 8077.116129032258 9442.200806451612 9471.30564516129 
31701.287903225806 31729.183064516128 7916.473387096774 7944.368548387097 8604.618548387096 8632.51370967742 
31605.170967741935 31632.82016129032 7769.134677419355 7796.783870967742 8282.46129032258 8310.110483870967 
32637.61048387097 32666.223387096776 8058.767741935484 8087.38064516129 8656.941129032259 8685.554032258064 
31821.900806451613 31849.779838709677 7900.5741935483875 7928.453225806452 8674.449193548387 8702.328225806452 
31937.174193548388 31965.266935483873 8105.266935483871 8133.359677419355 8716.658064516128 8744.750806451613 
32193.73870967742 32222.085483870967 7587.4927419354835 7615.839516129032 8647.456451612903 8675.803225806452 
32561.99435483871 32590.52258064516 7803.2806451612905 7831.808870967742 8578.784677419355 8607.312903225806 
31656.995967741936 31685.495967741936 7811.810483870968 7840.310483870968 8630.254032258064 8658.754032258064 
32610.345161290323 32639.13951612903 7996.204032258064 8024.998387096774 8759.812903225806 8788.607258064516 
31856.54677419355 31884.70806451613 7681.006451612903 7709.167741935484 8093.022580645162 8121.183870967742 
32739.946774193548 32768.70887096774 7595.196774193549 7623.958870967742 8730.591935483872 8759.354032258065 
32440.426612903226 32469.370161290324 7747.991129032258 7776.934677419355 8323.934677419355 8352.878225806451 
32477.54435483871 32505.858870967742 7788.479838709677 7816.794354838709 8627.29435483871 8655.608870967742 
32062.566129032257 32090.537903225806 7571.38870967742 7599.360483870968 8044.864516129032 8072.836290322581 
32364.962096774194 32393.510483870967 7798.679838709678 7827.2282258064515 8219.607258064516 8248.15564516129 
32059.789516129033 32087.906451612904 7615.845967741935 7643.962903225806 8210.176612903226 8238.293548387097 
32566.15 32594.706451612903 7742.654032258065 7771.210483870967 8656.47258064516 8685.029032258064 
32496.84758064516 32525.420161290323 7709.629838709678 7738.202419354839 8288.387903225806 8316.960483870967 
31658.349193548387 31686.308870967743 7704.829032258064 7732.788709677419 8333.462096774194 8361.421774193548 
32271.993548387098 32300.295967741935 7842.227419354838 7870.529838709677 8501.146774193548 8529.449193548387 
31646.53064516129 31674.599193548387 7643.216129032258 7671.284677419355 8353.377419354838 8381.445967741936 
32144.170161290323 32172.174193548388 7878.343548387097 7906.3475806451615 8567.428225806452 8595.432258064517 
32659.933064516128 32688.32016129032 7663.941129032258 7692.328225806452 8292.110483870967 8320.497580645162 
32418.934677419355 32447.604032258063 7799.708870967742 7828.378225806452 8220.725 8249.39435483871 
32559.377419354838 32588.010483870967 7644.397580645162 7673.0306451612905 8378.853225806452 8407.48629032258 
31791.743548387098 31819.95322580645 7624.429032258065 7652.63870967742 8512.929032258064 8541.13870967742 
32576.814516129034 32605.149193548386 7755.991935483871 7784.326612903225 8887.798387096775 8916.133064516129 
32810.379838709676 32838.80322580645 7839.029032258065 7867.452419354839 8360.525 8388.948387096774 
32135.045161290323 32163.57741935484 7734.621774193548 7763.154032258065 9283.101612903225 9311.633870967742 
32228.44435483871 32256.891935483873 8044.291129032258 8072.738709677419 8786.879838709678 8815.327419354839 
31982.675806451614 32010.78064516129 8033.841129032258 8061.945967741935 8918.812903225806 8946.917741935484 
32185.648387096775 32214.523387096775 7788.93064516129 7817.80564516129 8387.059677419355 8415.934677419355 
32002.58629032258 32030.61048387097 7872.4491935483875 7900.473387096774 8435.868548387096 8463.892741935484 
31988.86612903226 32017.285483870968 7731.422580645161 7759.841935483871 8682.559677419355 8710.979032258065 
32300.82741935484 32329.48064516129 7942.508870967742 7971.162096774194 8650.287096774193 8678.940322580645 
32430.43064516129 32458.587903225805 7918.987096774194 7947.14435483871 8749.76129032258 8777.918548387097 
31841.782258064515 31869.814516129034 7950.774193548387 7978.806451612903 8428.016129032258 8456.048387096775 
