2366.133333333333 2394.766666666667 115.5 144.13333333333333 176.13333333333333 204.76666666666668 
2544.76 2573.7933333333335 117.06 146.09333333333333 202.76 231.79333333333332 
2452.2733333333335 2481.2066666666665 104.04 132.97333333333333 157.00666666666666 185.94 
2405.9133333333334 2434.28 104.28 132.64666666666668 181.91333333333333 210.28 
2324.9533333333334 2354.0866666666666 104.48666666666666 133.62 151.75333333333333 180.88666666666666 
1972.4266666666667 2000.2266666666667 104.02666666666667 131.82666666666665 161.86666666666667 189.66666666666666 
2365.18 2392.2466666666664 94.14666666666666 121.21333333333334 129.91333333333333 156.98 
2251.6866666666665 2279.22 117.22 144.75333333333333 199.82 227.35333333333332 
2414.6266666666666 2443.7266666666665 123.12666666666667 152.22666666666666 178.02666666666667 207.12666666666667 
2496.1266666666666 2524.4266666666667 139.52666666666667 167.82666666666665 179.92666666666668 208.22666666666666 
2436.3 2465.366666666667 109.83333333333333 138.9 188.76666666666668 217.83333333333334 
2543.48 2573.08 93.98 123.58 165.08 194.68 
2033.1133333333332 2059.88 114.51333333333334 141.28 138.04666666666665 164.81333333333333 
2201.74 2229.806666666667 109.33333333333333 137.4 151.34 179.40666666666667 
2153.6866666666665 2180.4866666666667 96.25333333333333 123.05333333333333 146.55333333333334 173.35333333333332 
2418.9666666666667 2446.9666666666667 99.0 127.0 172.7 200.7 
2526.4333333333334 2555.3 116.73333333333333 145.6 211.70666666666668 240.57333333333332 
2607.4733333333334 2636.3733333333334 143.50666666666666 172.40666666666667 170.27333333333334 199.17333333333335 
2500.6466666666665 2530.0133333333333 95.18 124.54666666666667 147.04666666666665 176.41333333333333 
2336.14 2363.94 111.96666666666667 139.76666666666668 183.94 211.74 
2277.2933333333335 2305.5933333333332 122.66 150.96 173.36 201.66 
2212.24 2240.5733333333333 138.77333333333334 167.10666666666665 171.64 199.97333333333333 
2140.76 2168.76 96.76 124.76 160.49333333333334 188.49333333333334 
2328.7466666666664 2357.18 99.08 127.51333333333334 157.43333333333334 185.86666666666667 
2420.1466666666665 2448.6466666666665 103.51333333333334 132.01333333333332 148.08 176.58 
2364.213333333333 2391.88 102.06 129.72666666666666 177.68 205.34666666666666 
2508.34 2536.9733333333334 105.37333333333333 134.00666666666666 170.27333333333334 198.90666666666667 
2155.66 2182.56 95.86 122.76 141.66 168.56 
2377.233333333333 2405.6 95.06666666666666 123.43333333333334 142.72666666666666 171.09333333333333 
2250.9733333333334 2278.9066666666668 111.07333333333334 139.00666666666666 155.50666666666666 183.44 
2540.5266666666666 2569.5933333333332 115.96 145.02666666666667 174.32 203.38666666666666 
2555.5866666666666 2584.4866666666667 103.25333333333333 132.15333333333334 145.65333333333334 174.55333333333334 
2297.9 2326.5 94.5 123.1 146.88666666666666 175.48666666666668 
2211.8333333333335 2239.266666666667 103.23333333333333 130.66666666666666 120.03333333333333 147.46666666666667 
2287.9933333333333 2316.7266666666665 107.48 136.21333333333334 157.92666666666668 186.66 
2616.5933333333332 2645.8933333333334 86.59333333333333 115.89333333333333 153.79333333333332 183.09333333333333 
1996.8933333333334 2021.86 100.17333333333333 125.14 170.49333333333334 195.46 
2421.366666666667 2450.633333333333 137.90666666666667 167.17333333333335 153.24 182.50666666666666 
2401.16 2429.326666666667 113.29333333333334 141.46 198.56 226.72666666666666 
2280.5 2309.0333333333333 111.43333333333334 139.96666666666667 196.56666666666666 225.1 
2214.04 2242.44 99.97333333333333 128.37333333333333 162.44 190.84 
1981.4666666666667 2007.5 106.73333333333333 132.76666666666668 163.86666666666667 189.9 
2371.2533333333336 2399.9533333333334 110.68666666666667 139.38666666666666 177.12 205.82 
2296.9533333333334 2325.7533333333336 90.85333333333334 119.65333333333334 157.48666666666668 186.28666666666666 
2248.2066666666665 2276.04 126.30666666666667 154.14 162.20666666666668 190.04 
2326.0266666666666 2355.826666666667 113.42666666666666 143.22666666666666 161.02666666666667 190.82666666666665 
2444.36 2473.9266666666667 95.76 125.32666666666667 138.62666666666667 168.19333333333333 
2211.846666666667 2239.6133333333332 89.18 116.94666666666667 144.41333333333333 172.18 
2207.06 2233.76 99.06 125.76 162.66 189.36 
2625.04 2653.806666666667 111.87333333333333 140.64 177.64 206.40666666666667 
