37712.47671232877 37740.66849315068 9486.887671232877 9515.079452054795 10422.942465753425 10451.134246575342 
38082.673287671234 38111.128767123286 9587.238356164384 9615.69383561644 10833.618493150685 10862.07397260274 
37876.93698630137 37905.173287671234 9354.700684931508 9382.936986301369 10130.320547945206 10158.556849315068 
37570.69315068493 37598.7 9118.915753424657 9146.922602739725 10279.617808219178 10307.624657534247 
38682.036301369866 38710.72808219178 9466.642465753424 9495.334246575343 10593.303424657533 10621.995205479452 
38061.70821917808 38089.98219178082 9571.591780821918 9599.865753424658 10217.009589041096 10245.283561643835 
38343.98698630137 38372.46643835616 9525.469863013699 9553.949315068494 10754.603424657535 10783.08287671233 
38637.897260273974 38666.69863013698 9475.945205479453 9504.746575342466 10256.72602739726 10285.527397260274 
38235.25684931507 38263.51369863014 9657.212328767124 9685.469178082192 10673.263698630137 10701.520547945205 
38273.032191780825 38301.47397260274 9383.864383561644 9412.30616438356 10366.333561643836 10394.775342465753 
37931.822602739725 37959.92534246575 9506.034931506849 9534.137671232877 10628.110273972603 10656.21301369863 
37953.06575342466 37981.18561643836 9224.617123287671 9252.73698630137 10014.106849315069 10042.226712328767 
38209.74726027397 38238.271232876716 9452.120547945206 9480.644520547945 10681.096575342466 10709.620547945206 
37913.90753424657 37942.08904109589 9263.462328767124 9291.643835616438 10052.996575342466 10081.17808219178 
38329.24246575342 38357.557534246575 9420.975342465754 9449.290410958904 10423.44794520548 10451.76301369863 
38133.875342465755 38162.53287671233 9246.265753424657 9274.923287671232 10469.320547945206 10497.978082191781 
37976.479452054795 38004.6198630137 9211.222602739726 9239.36301369863 10379.691780821919 10407.832191780823 
38094.333561643834 38122.85753424658 9750.121232876712 9778.645205479452 10828.751369863014 10857.275342465753 
37878.72465753424 37906.86506849315 9428.6801369863 9456.820547945206 9878.067123287672 9906.207534246576 
37613.87602739726 37642.1602739726 9530.4 9558.684246575342 10627.410273972602 10655.694520547946 
38708.024657534246 38736.28835616438 9334.363698630137 9362.627397260274 10110.367123287671 10138.630821917808 
38670.72808219178 38699.22465753424 9271.334246575343 9299.830821917809 10174.04315068493 10202.539726027397 
38040.147260273974 38068.42808219178 9442.787671232876 9471.068493150686 10603.339041095891 10631.619863013699 
37808.16369863014 37836.11917808219 9526.882876712329 9554.838356164384 10290.170547945205 10318.12602739726 
38026.636301369865 38054.40684931507 9443.735616438356 9471.506164383562 10181.01301369863 10208.783561643835 
38083.002054794524 38111.752054794524 9745.087671232877 9773.837671232877 10384.125342465753 10412.875342465753 
38056.285616438356 38084.55273972603 9560.980821917808 9589.24794520548 10486.621232876712 10514.888356164383 
38321.010273972606 38349.26369863014 9685.589041095891 9713.842465753425 10416.229452054795 10444.482876712329 
38674.232876712325 38702.70547945205 9536.438356164384 9564.910958904109 10396.376712328767 10424.849315068494 
37912.16301369863 37940.37191780822 9065.721232876713 9093.9301369863 10127.724657534247 10155.933561643835 
38288.28835616438 38316.71643835616 9512.291780821917 9540.719863013699 10669.233561643836 10697.661643835616 
38116.03835616438 38144.0897260274 9648.904794520548 9676.956164383562 10722.723287671233 10750.774657534246 
37443.136301369865 37471.40342465753 9635.660273972602 9663.927397260273 10452.321232876713 10480.588356164384 
38726.85479452055 38754.916438356166 9392.327397260275 9420.38904109589 10626.957534246576 10655.019178082192 
38072.911643835614 38101.28493150685 9402.274657534246 9430.64794520548 10148.425342465753 10176.798630136986 
38648.967808219175 38677.59794520548 9571.354794520548 9599.98493150685 10626.686986301369 10655.317123287672 
38009.72123287671 38037.90616438356 9470.854794520548 9499.039726027397 11368.46095890411 11396.645890410959 
38616.15753424657 38644.67465753425 9363.815068493152 9392.332191780823 10283.335616438357 10311.852739726028 
38696.82191780822 38725.19520547945 9549.109589041096 9577.482876712329 10239.068493150686 10267.441780821919 
37111.963698630134 37139.405479452056 9323.011643835616 9350.453424657535 9882.53904109589 9909.980821917808 
38719.983561643836 38748.18219178082 9472.829452054795 9501.02808219178 10316.072602739727 10344.271232876712 
38220.91095890411 38248.83219178082 9285.32191780822 9313.243150684932 10085.239726027397 10113.160958904109 
37735.44863013698 37763.69863013698 9328.513698630137 9356.763698630137 10227.188356164384 10255.438356164384 
38863.43424657534 38891.759589041096 9498.19794520548 9526.523287671233 10613.523287671233 10641.848630136987 
39125.87739726027 39154.63082191781 9632.507534246575 9661.26095890411 11149.952739726028 11178.706164383562 
38218.77328767123 38246.92054794521 9506.937671232878 9535.08493150685 10208.83493150685 10236.982191780822 
38452.897260273974 38481.62328767123 9508.462328767124 9537.188356164384 10425.315068493152 10454.04109589041 
38522.56301369863 38551.09383561644 9511.124657534247 9539.655479452054 10238.446575342467 10266.977397260274 
37951.55273972603 37979.80616438356 9578.241095890411 9606.494520547945 10499.703424657535 10527.95684931507 
37719.54794520548 37747.24315068493 9261.92808219178 9289.623287671233 10328.328767123288 10356.02397260274 
