16472.054135338345 16500.407518796994 3332.55037593985 3360.9037593984963 3796.3924812030077 3824.745864661654 
16292.556390977443 16320.819548872181 3423.7067669172934 3451.96992481203 3899.2556390977443 3927.5187969924814 
16207.70977443609 16236.003007518797 3244.7172932330827 3273.0105263157893 3682.8 3711.093233082707 
16210.446616541354 16238.694736842106 3457.1533834586467 3485.4015037593986 3868.9804511278194 3897.2285714285713 
16763.687218045114 16792.28120300752 3328.100751879699 3356.694736842105 3768.3714285714286 3796.9654135338346 
16695.351879699247 16723.562406015037 3432.178947368421 3460.3894736842103 3743.960902255639 3772.1714285714284 
16845.350375939848 16874.89172932331 3370.921804511278 3400.463157894737 4131.072180451128 4160.613533834587 
16470.24962406015 16498.52781954887 3482.9112781954886 3511.1894736842105 3771.264661654135 3799.542857142857 
16350.103759398497 16378.171428571428 3312.667669172932 3340.735338345865 3777.53984962406 3805.6075187969923 
16439.17142857143 16467.554887218044 3325.0135338345863 3353.396992481203 3973.7654135338344 4002.1488721804512 
16395.360902255637 16423.526315789473 3495.4135338345864 3523.5789473684213 3863.6090225563908 3891.7744360902257 
16241.484210526316 16269.356390977444 3166.378947368421 3194.251127819549 3636.6496240601505 3664.5218045112783 
16562.963909774437 16591.415037593986 3333.8511278195488 3362.302255639098 4008.415037593985 4036.866165413534 
16365.366917293233 16394.043609022556 3464.1563909774436 3492.833082706767 3774.637593984962 3803.3142857142857 
16642.675187969926 16671.923308270678 3439.8706766917294 3469.1187969924813 4108.6225563909775 4137.870676691729 
16183.118796992481 16211.261654135338 3371.7428571428572 3399.885714285714 3982.269172932331 4010.412030075188 
16541.01954887218 16569.92932330827 3396.996992481203 3425.906766917293 3802.966917293233 3831.8766917293233 
16899.34736842105 16928.196992481204 3402.227067669173 3431.076691729323 4015.760902255639 4044.6105263157897 
16788.051127819548 16817.14135338346 3501.5774436090223 3530.667669172932 3997.863157894737 4026.953383458647 
16395.88120300752 16424.136842105265 3370.009022556391 3398.264661654135 3828.866165413534 3857.1218045112782 
16543.697744360903 16572.043609022556 3538.1563909774436 3566.5022556390977 4110.291729323309 4138.637593984962 
16199.171428571428 16226.975939849624 3473.0586466165414 3500.863157894737 4007.50977443609 4035.3142857142857 
16457.48872180451 16485.864661654134 3240.8496240601503 3269.2255639097743 3803.9624060150377 3832.3383458646617 
16828.2977443609 16857.237593984963 3432.748872180451 3461.6887218045113 3799.0721804511277 3828.012030075188 
16552.581954887217 16580.25864661654 3470.566917293233 3498.2436090225565 3759.8676691729324 3787.5443609022554 
16696.815037593984 16725.521804511278 3450.9954887218046 3479.7022556390975 3912.4315789473685 3941.1383458646615 
16303.464661654136 16331.855639097745 3399.637593984962 3428.0285714285715 3896.359398496241 3924.7503759398496 
16524.497744360902 16553.136842105265 3327.1293233082706 3355.7684210526318 3937.2872180451127 3965.926315789474 
16386.123308270675 16414.762406015037 3151.7022556390975 3180.3413533834587 3565.003007518797 3593.642105263158 
16200.166917293232 16228.204511278196 3277.9112781954886 3305.948872180451 3677.633082706767 3705.670676691729 
16064.082706766918 16091.902255639097 3389.6992481203006 3417.5187969924814 3813.8947368421054 3841.714285714286 
16483.31879699248 16511.303759398495 3347.506766917293 3375.4917293233084 3879.070676691729 3907.0556390977445 
16425.291729323308 16453.825563909773 3406.291729323308 3434.8255639097742 4172.772932330827 4201.306766917293 
16172.036090225563 16199.885714285714 3277.803007518797 3305.6526315789474 3808.043609022556 3835.893233082707 
16514.69172932331 16542.879699248122 3246.375939849624 3274.563909774436 3715.812030075188 3744.0 
16385.154887218046 16412.846616541352 3379.1473684210528 3406.839097744361 3586.8766917293233 3614.5684210526315 
16804.763909774436 16833.65112781955 3426.560902255639 3455.4481203007517 3824.530827067669 3853.418045112782 
16486.52932330827 16514.604511278194 3306.724812030075 3334.8 3691.2436090225565 3719.318796992481 
16723.962406015038 16752.69172932331 3436.4736842105262 3465.2030075187968 3970.0751879699246 3998.8045112781956 
16126.606015037594 16154.718796992482 3366.4481203007517 3394.560902255639 3616.6736842105265 3644.7864661654135 
16718.772932330827 16747.02105263158 3452.8406015037594 3481.0887218045114 3844.44962406015 3872.697744360902 
16446.144360902257 16474.55789473684 3441.3473684210526 3469.760902255639 4052.4977443609023 4080.9112781954886 
16417.13984962406 16445.77142857143 3458.3503759398495 3486.981954887218 3915.9744360902255 3944.606015037594 
16430.541353383458 16459.624060150374 3296.218045112782 3325.3007518796994 3867.7067669172934 3896.7894736842104 
16024.293233082706 16052.187969924813 3323.503759398496 3351.3984962406016 3614.406015037594 3642.3007518796994 
16745.60751879699 16773.89323308271 3391.5323308270677 3419.818045112782 3689.4195488721803 3717.705263157895 
16850.31879699248 16878.86015037594 3468.2436090225565 3496.784962406015 3913.1834586466166 3941.724812030075 
16112.072180451129 16139.861654135339 3348.0947368421052 3375.8842105263157 3756.4857142857145 3784.275187969925 
16401.5969924812 16429.4992481203 3400.160902255639 3428.063157894737 3950.4315789473685 3978.3338345864663 
16197.942857142858 16225.747368421053 3411.642105263158 3439.4466165413533 3568.9578947368423 3596.7624060150374 
