19048.66225165563 19076.98013245033 3957.794701986755 3986.112582781457 4367.05298013245 4395.3708609271525 
19242.96953642384 19271.73774834437 4174.207947019868 4202.976158940397 4515.121854304636 4543.890066225165 
18706.29139072848 18734.615894039736 4020.794701986755 4049.119205298013 4327.596026490066 4355.920529801325 
18878.003973509934 18905.931125827814 4144.0569536423845 4171.984105960265 4365.533774834437 4393.460927152318 
18984.25298013245 19012.48476821192 3939.5046357615893 3967.7364238410596 4521.769536423841 4550.0013245033115 
18701.964238410597 18730.308609271524 4118.162913907285 4146.507284768212 4411.878145695364 4440.222516556291 
18989.058278145694 19017.309933774835 3973.0185430463575 4001.270198675497 4425.594701986755 4453.846357615894 
18977.415894039736 19005.85298013245 4052.8331125827813 4081.270198675497 4704.773509933775 4733.21059602649 
18465.985430463577 18493.879470198677 4091.6807947019865 4119.574834437086 4357.329801324503 4385.223841059603 
18508.635761589405 18536.03311258278 4029.8145695364237 4057.2119205298013 4888.0066225165565 4915.403973509934 
18811.62251655629 18839.794701986753 4083.609271523179 4111.781456953642 4630.87417218543 4659.046357615894 
19223.86490066225 19252.513907284767 4132.3549668874175 4161.0039735099335 4385.83178807947 4414.480794701987 
19249.93642384106 19278.57880794702 4167.876821192053 4196.519205298013 4205.479470198676 4234.121854304636 
18913.353642384107 18941.380132450333 4133.830463576159 4161.856953642384 4415.532450331126 4443.558940397351 
19071.561589403973 19099.912582781457 4158.058278145695 4186.409271523179 4701.700662251656 4730.051655629139 
19132.19867549669 19160.635761589405 4106.774834437086 4135.211920529801 4446.735099337749 4475.172185430463 
18875.458278145696 18903.849006622517 4029.458278145695 4057.8490066225168 4570.100662251655 4598.491390728477 
19031.290066225167 19059.912582781457 4086.760264900662 4115.382781456954 4897.402649006623 4926.025165562914 
18964.997350993377 18992.87152317881 4073.1165562913907 4100.9907284768215 4524.209271523178 4552.08344370861 
18893.47549668874 18921.44238410596 4130.402649006623 4158.369536423841 4465.588079470199 4493.554966887417 
18246.678145695365 18274.75761589404 4132.227814569536 4160.3072847682115 4702.101986754967 4730.181456953643 
18802.989403973508 18831.068874172186 3877.6847682119205 3905.764238410596 4440.108609271523 4468.188079470198 
18420.88609271523 18448.733774834436 4012.025165562914 4039.8728476821193 4298.098013245033 4325.945695364238 
18791.324503311258 18819.854304635763 4127.192052980133 4155.721854304636 4416.6556291390725 4445.185430463576 
18681.14701986755 18709.060927152317 4095.140397350993 4123.054304635762 4783.37880794702 4811.292715231788 
18624.712582781456 18652.85165562914 3846.2026490066223 3874.3417218543045 4505.553642384106 4533.6927152317885 
18983.259602649006 19011.531125827816 4087.332450331126 4115.603973509934 4367.954966887417 4396.226490066225 
18778.54701986755 18806.878145695366 4076.573509933775 4104.90463576159 4474.090066225165 4502.421192052981 
19479.815894039733 19509.03443708609 4074.107284768212 4103.3258278145695 4874.656953642384 4903.875496688742 
18728.476821192053 18756.529801324505 3959.801324503311 3987.8543046357618 4653.079470198675 4681.132450331126 
18346.42119205298 18374.123178807946 4051.056953642384 4078.758940397351 4222.719205298014 4250.421192052981 
18927.773509933773 18955.899337748346 4106.435761589404 4134.561589403974 4653.819867549669 4681.945695364238 
18674.56026490066 18702.88476821192 4063.4344370860927 4091.758940397351 4166.553642384106 4194.878145695364 
18637.446357615892 18665.823841059602 4125.598675496689 4153.976158940397 4785.784105960265 4814.161589403973 
18749.447682119204 18777.27549668874 4005.308609271523 4033.1364238410597 4550.765562913907 4578.593377483444 
18944.164238410594 18972.137748344372 4011.5086092715233 4039.482119205298 4581.190728476821 4609.164238410596 
19173.866225165562 19202.091390728478 4148.343046357616 4176.568211920529 4710.839735099337 4739.064900662252 
18739.401324503313 18767.07682119205 4080.8384105960263 4108.513907284768 4300.18940397351 4327.864900662252 
18630.717880794702 18659.161589403975 4306.194701986755 4334.638410596027 4900.247682119205 4928.691390728477 
18799.739072847682 18828.010596026492 3909.401324503311 3937.672847682119 4535.95761589404 4564.229139072848 
19295.052980132452 19323.476821192053 4243.781456953642 4272.205298013245 5054.013245033113 5082.437086092716 
18590.91523178808 18618.25298013245 4053.4847682119207 4080.8225165562912 4328.219867549669 4355.557615894039 
18692.964238410597 18720.679470198676 3992.229139072848 4019.944370860927 4427.275496688741 4454.9907284768215 
19188.315231788078 19217.87152317881 4006.7920529801327 4036.348344370861 4702.202649006623 4731.758940397351 
19244.123178807946 19272.891390728477 4177.0172185430465 4205.785430463576 4856.845033112583 4885.613245033112 
18553.611920529802 18581.671523178808 4092.996026490066 4121.055629139073 4482.638410596027 4510.6980132450335 
18510.32715231788 18537.83046357616 4072.2079470198673 4099.711258278146 4195.446357615894 4222.949668874172 
18978.529801324505 19006.69536423841 4063.41059602649 4091.5761589403974 4398.23178807947 4426.397350993378 
18725.953642384105 18753.860927152316 4018.655629139073 4046.562913907285 4597.218543046358 4625.12582781457 
19277.782781456954 19306.471523178807 3909.895364238411 3938.584105960265 4628.994701986755 4657.683443708609 
