18642.927516778524 18671.38389261745 3993.034899328859 4021.4912751677853 4226.464429530201 4254.920805369127 
19034.371812080535 19063.136912751677 4003.5597315436244 4032.324832214765 4459.801342281879 4488.56644295302 
18833.825503355703 18862.456375838927 3991.6040268456377 4020.2348993288592 4475.577181208054 4504.208053691275 
18792.244295302015 18820.875167785234 4055.3852348993287 4084.01610738255 4616.089932885906 4644.720805369127 
18594.83355704698 18623.122147651007 4011.3503355704697 4039.6389261744966 4329.296644295302 4357.5852348993285 
18691.307382550334 18719.159731543623 4076.481879194631 4104.3342281879195 4567.824161073825 4595.676510067114 
19401.4322147651 19430.277852348994 4039.881879194631 4068.7275167785233 4591.573154362416 4620.418791946308 
19243.27919463087 19272.191946308725 4055.0577181208055 4083.9704697986576 4725.205369127517 4754.1181208053695 
18768.26979865772 18796.92080536913 4087.3973154362416 4116.048322147651 4688.598657718121 4717.249664429531 
19198.10201342282 19227.041610738255 3895.363758389262 3924.303355704698 4293.088590604027 4322.028187919463 
18446.041610738255 18474.16912751678 3897.068456375839 3925.1959731543625 4284.6657718120805 4312.793288590604 
18878.787919463088 18907.15033557047 4088.6671140939598 4117.029530201342 4930.217449664429 4958.579865771812 
17952.143624161075 17980.163758389263 3958.2442953020136 3986.264429530201 4461.251006711409 4489.271140939597 
18379.9355704698 18408.03624161074 3938.2308724832214 3966.331543624161 4415.539597315436 4443.640268456375 
18304.34899328859 18332.1677852349 3969.1140939597317 3996.93288590604 4398.436241610738 4426.255033557047 
18334.186577181208 18361.98523489933 3911.5758389261746 3939.3744966442955 4416.528859060402 4444.327516778523 
18644.65369127517 18673.224161073824 4115.459060402684 4144.029530201342 4850.418791946308 4878.989261744967 
18699.395973154362 18727.953020134228 3969.1409395973155 3997.6979865771814 5129.96644295302 5158.523489932886 
18787.311409395974 18816.49932885906 3944.338255033557 3973.526174496644 4088.2577181208053 4117.445637583893 
17971.604026845638 17999.187919463086 3903.1677852348994 3930.751677852349 4172.885906040268 4200.4697986577185 
18506.19865771812 18533.970469798656 3974.46711409396 4002.2389261744966 4280.514093959731 4308.285906040269 
18770.773154362418 18799.1355704698 4169.558389261745 4197.920805369127 4373.464429530201 4401.826845637584 
18455.440268456376 18483.393288590603 3841.7758389261744 3869.7288590604026 4280.292617449664 4308.245637583893 
19052.385234899328 19081.304697986576 4077.110067114094 4106.029530201342 4581.761073825503 4610.680536912751 
18192.848322147653 18220.103355704698 3898.358389261745 3925.613422818792 4416.613422818792 4443.868456375839 
18605.655033557046 18634.332885906042 4066.9771812080535 4095.655033557047 4611.312751677852 4639.990604026846 
18318.09932885906 18346.280536912753 4060.481879194631 4088.663087248322 4436.226845637584 4464.408053691275 
18324.645637583893 18353.021476510068 3881.296644295302 3909.6724832214763 4397.404026845637 4425.779865771812 
18830.903355704697 18859.178523489933 3978.608053691275 4006.8832214765102 4552.453691275168 4580.728859060403 
19234.22953020134 19263.437583892617 3809.256375838926 3838.4644295302014 4588.31677852349 4617.524832214765 
18853.21879194631 18881.869798657717 4195.386577181208 4224.0375838926175 4641.091275167785 4669.742281879195 
18668.731543624162 18697.120805369126 3894.8456375838928 3923.2348993288592 4511.5704697986575 4539.959731543624 
18764.154362416106 18792.120805369126 3993.8657718120803 4021.8322147651006 4526.89932885906 4554.86577181208 
18479.95167785235 18508.025503355704 3921.918120805369 3949.991946308725 4145.71677852349 4173.790604026845 
18623.20268456376 18651.638926174495 3960.5315436241613 3988.967785234899 4454.390604026846 4482.826845637584 
18813.191946308725 18842.440268456376 3867.2657718120804 3896.5140939597313 4493.587919463087 4522.836241610738 
19025.444295302015 19054.370469798658 3957.719463087248 3986.6456375838925 4432.377181208054 4461.303355704698 
18323.444295302015 18351.86711409396 3822.6926174496643 3851.115436241611 4293.571812080537 4321.994630872483 
18208.828187919462 18236.942281879194 3916.331543624161 3944.4456375838927 4283.6 4311.714093959731 
18782.753020134227 18811.22953020134 4085.1892617449666 4113.6657718120805 4825.323489932886 4853.8 
18458.708724832213 18487.084563758388 4014.903355704698 4043.2791946308726 4255.614765100671 4283.990604026846 
18572.959731543626 18600.993288590606 3900.2953020134228 3928.3288590604025 4330.523489932886 4358.557046979866 
18430.98389261745 18459.35302013423 3932.5409395973156 3960.910067114094 4464.386577181208 4492.755704697986 
18826.29932885906 18854.641610738254 3901.9503355704696 3930.2926174496642 4488.722147651007 4517.064429530202 
18508.0644295302 18536.191946308725 3740.735570469799 3768.8630872483222 4131.95033557047 4160.0778523489935 
18644.35302013423 18672.171812080538 3748.198657718121 3776.0174496644295 4395.151677852349 4422.970469798658 
18361.626845637584 18389.56644295302 3760.546308724832 3788.4859060402687 4544.412080536913 4572.351677852349 
18639.74765100671 18668.6 4114.405369127517 4143.257718120805 4616.573154362416 4645.425503355705 
18201.038926174497 18228.710067114094 4018.226845637584 4045.897986577181 4578.938255033557 4606.609395973154 
19079.41476510067 19108.41476510067 3860.23355704698 3889.23355704698 4530.2536912751675 4559.2536912751675 
