7510.267647058824 7539.164705882353 923.385294117647 952.2823529411764 1267.0029411764706 1295.9 
7792.632352941177 7821.220588235294 1102.9264705882354 1131.514705882353 1333.2794117647059 1361.8676470588234 
7520.511764705882 7549.1 1085.7176470588236 1114.3058823529411 1285.835294117647 1314.4235294117648 
7413.164705882353 7442.105882352941 985.4882352941177 1014.4294117647058 1277.105882352941 1306.0470588235294 
7454.405882352941 7482.641176470588 976.1705882352941 1004.4058823529411 1308.9352941176471 1337.1705882352942 
7631.161764705882 7659.39705882353 949.1323529411765 977.3676470588235 1368.7794117647059 1397.014705882353 
7418.252941176471 7446.076470588236 930.5764705882353 958.4 1126.664705882353 1154.4882352941177 
7669.967647058824 7699.791176470589 1012.7323529411765 1042.5558823529411 1324.820588235294 1354.644117647059 
7548.658823529412 7576.997058823529 993.9529411764706 1022.2911764705882 1061.7764705882353 1090.1147058823528 
7715.552941176471 7743.626470588235 934.435294117647 962.5088235294118 1274.3470588235293 1302.4205882352942 
7576.023529411765 7604.788235294118 968.2588235294118 997.0235294117647 1283.1117647058823 1311.8764705882354 
7390.75 7419.264705882353 1052.0441176470588 1080.5588235294117 1147.2205882352941 1175.735294117647 
7146.644117647059 7173.864705882353 907.4088235294117 934.6294117647059 1034.4088235294118 1061.629411764706 
7521.411764705882 7549.926470588235 1012.1911764705883 1040.7058823529412 1186.4117647058824 1214.9264705882354 
7627.835294117647 7655.511764705882 1057.6147058823528 1085.2911764705882 1177.3647058823528 1205.0411764705882 
7772.785294117647 7800.770588235294 1093.9029411764707 1121.8882352941177 1212.3441176470587 1240.3294117647058 
7433.064705882353 7461.035294117647 936.1529411764706 964.1235294117647 1329.8294117647058 1357.8 
7631.173529411764 7660.011764705882 1048.4382352941177 1077.2764705882353 1192.7029411764706 1221.5411764705882 
7478.9 7507.002941176471 923.8117647058823 951.9147058823529 1036.664705882353 1064.7676470588235 
7381.423529411764 7408.982352941176 925.4823529411765 953.0411764705882 1236.1588235294118 1263.7176470588236 
7222.170588235294 7250.479411764706 882.1264705882353 910.435294117647 1137.6411764705883 1165.95 
7455.705882352941 7483.264705882353 955.8235294117648 983.3823529411765 1155.5588235294117 1183.1176470588234 
7570.5617647058825 7599.929411764706 1027.3264705882352 1056.6941176470589 1204.3852941176472 1233.7529411764706 
7431.5 7458.779411764706 928.7058823529412 955.9852941176471 999.7647058823529 1027.0441176470588 
7903.05 7931.873529411765 1018.564705882353 1047.3882352941177 1460.3147058823529 1489.1382352941177 
7531.988235294118 7560.591176470588 1178.414705882353 1207.0176470588235 1219.6352941176472 1248.2382352941177 
7481.95 7510.479411764706 1025.3176470588235 1053.8470588235293 1167.5382352941176 1196.0676470588235 
7544.458823529411 7573.135294117647 957.1205882352941 985.7970588235294 1284.7529411764706 1313.429411764706 
7660.182352941177 7688.15294117647 1020.9911764705882 1048.9617647058824 1394.9470588235295 1422.9176470588236 
7618.341176470588 7646.3117647058825 962.5029411764706 990.4735294117647 1213.3117647058823 1241.2823529411764 
7960.555882352941 7989.261764705882 1063.2176470588236 1091.9235294117648 1400.1735294117648 1428.879411764706 
7257.738235294118 7285.135294117647 876.6205882352941 904.0176470588235 1083.4735294117647 1110.870588235294 
7761.738235294118 7790.15 886.3705882352941 914.7823529411764 1134.0617647058823 1162.4735294117647 
7921.05 7950.064705882353 1032.020588235294 1061.035294117647 1239.785294117647 1268.8 
7933.988235294118 7962.944117647059 802.5176470588235 831.4735294117647 1271.0176470588235 1299.9735294117647 
7824.755882352942 7853.65294117647 954.5941176470589 983.4911764705882 1269.8147058823529 1298.7117647058824 
7549.364705882353 7577.320588235294 849.2617647058823 877.2176470588236 1077.570588235294 1105.5264705882353 
7766.541176470589 7794.894117647059 1165.1735294117648 1193.5264705882353 1327.2176470588236 1355.570588235294 
7876.076470588236 7905.591176470588 1163.2382352941177 1192.7529411764706 1445.3117647058823 1474.8264705882352 
7467.10294117647 7495.823529411765 995.2647058823529 1023.9852941176471 1317.3088235294117 1346.0294117647059 
7597.867647058823 7626.25 866.75 895.1323529411765 1274.1617647058824 1302.5441176470588 
7329.523529411765 7357.376470588235 1055.6558823529413 1083.5088235294118 1173.6705882352942 1201.5235294117647 
7378.244117647058 7406.582352941176 1022.1264705882353 1050.464705882353 1050.3323529411764 1078.6705882352942 
7424.317647058823 7452.59705882353 955.7882352941176 984.0676470588236 1271.3470588235293 1299.6264705882354 
7576.2235294117645 7603.929411764706 899.9735294117647 927.6794117647058 1227.5764705882352 1255.2823529411764 
7781.017647058824 7809.944117647059 1020.9882352941177 1049.914705882353 1281.6941176470589 1310.620588235294 
7775.5617647058825 7804.444117647059 1046.2088235294118 1075.0911764705882 1293.9441176470589 1322.8264705882352 
7445.444117647059 7474.488235294118 905.4147058823529 934.4588235294118 1094.5029411764706 1123.5470588235294 
7717.917647058824 7746.255882352942 1037.1382352941177 1065.4764705882353 1132.8588235294117 1161.1970588235295 
7537.426470588235 7565.823529411765 843.3823529411765 871.7794117647059 1202.3676470588234 1230.764705882353 
