5434.941818181818 5462.832727272727 584.8145454545455 612.7054545454546 746.5963636363637 774.4872727272727 
5837.269090909091 5866.323636363636 625.069090909091 654.1236363636364 921.7963636363636 950.8509090909091 
5968.985454545455 5997.24 570.6763636363636 598.930909090909 575.5490909090909 603.8036363636363 
5640.109090909091 5668.418181818181 607.2 635.5090909090909 757.6181818181818 785.9272727272727 
5901.76 5931.178181818182 536.6690909090909 566.0872727272728 794.2509090909091 823.6690909090909 
5980.672727272728 6009.218181818182 499.25454545454545 527.8 845.6 874.1454545454545 
5952.709090909091 5982.127272727273 585.0363636363636 614.4545454545455 829.2727272727273 858.6909090909091 
5964.0654545454545 5993.538181818182 522.6109090909091 552.0836363636364 797.4290909090909 826.9018181818182 
5776.610909090909 5804.956363636364 481.76 510.10545454545456 786.3745454545455 814.72 
5939.043636363636 5967.807272727273 548.0072727272727 576.7709090909091 823.7890909090909 852.5527272727272 
5635.192727272727 5663.647272727273 589.1381818181818 617.5927272727273 643.1745454545454 671.6290909090909 
5741.301818181818 5769.574545454546 570.4290909090909 598.7018181818182 802.6290909090909 830.9018181818182 
5700.374545454545 5728.647272727273 538.2836363636363 566.5563636363636 630.3927272727273 658.6654545454545 
5393.298181818182 5419.789090909091 519.4436363636364 545.9345454545454 676.6981818181819 703.189090909091 
6016.789090909091 6046.734545454546 538.6618181818181 568.6072727272727 749.3163636363637 779.2618181818182 
5407.432727272727 5435.232727272727 531.4872727272727 559.2872727272727 751.4872727272727 779.2872727272727 
5774.112727272727 5803.258181818182 458.7309090909091 487.87636363636364 724.1309090909091 753.2763636363636 
5933.858181818182 5963.021818181818 566.6581818181818 595.8218181818182 799.6218181818182 828.7854545454545 
5618.865454545455 5646.665454545455 520.1563636363636 547.9563636363637 796.2290909090909 824.0290909090909 
5842.730909090909 5871.385454545454 639.1854545454545 667.84 722.0945454545455 750.7490909090909 
5284.68 5312.152727272727 411.1890909090909 438.6618181818182 541.3890909090909 568.8618181818182 
5640.192727272727 5668.32 602.8836363636364 631.0109090909091 777.7018181818182 805.829090909091 
5644.501818181819 5672.592727272728 562.3381818181819 590.4290909090909 787.1381818181818 815.2290909090909 
5633.985454545455 5661.985454545455 519.9127272727272 547.9127272727272 573.4218181818181 601.4218181818181 
5837.767272727273 5866.512727272728 563.6581818181818 592.4036363636363 686.949090909091 715.6945454545455 
5623.236363636363 5652.290909090909 571.2545454545455 600.3090909090909 776.6727272727272 805.7272727272727 
5618.298181818182 5646.152727272727 470.22545454545457 498.08 658.3163636363637 686.170909090909 
5716.261818181818 5744.334545454545 524.0254545454545 552.0981818181818 949.9890909090909 978.0618181818181 
5902.465454545454 5931.52 620.0109090909091 649.0654545454546 918.92 947.9745454545455 
5525.181818181818 5552.6 539.5636363636364 566.9818181818182 748.7272727272727 776.1454545454545 
5711.603636363637 5739.549090909091 503.1309090909091 531.0763636363637 696.4218181818181 724.3672727272727 
6114.7127272727275 6144.421818181818 552.5309090909091 582.24 726.9127272727272 756.6218181818182 
5379.676363636364 5408.058181818182 672.6763636363636 701.0581818181818 763.04 791.4218181818181 
5638.105454545454 5666.523636363637 577.1418181818182 605.56 629.6145454545455 658.0327272727272 
5989.261818181818 6018.261818181818 632.7709090909091 661.7709090909091 813.9345454545454 842.9345454545454 
5844.36 5873.669090909091 471.6690909090909 500.97818181818184 747.6145454545455 776.9236363636363 
5232.509090909091 5259.781818181818 576.2727272727273 603.5454545454545 676.4181818181818 703.6909090909091 
6042.683636363637 6071.483636363636 589.6472727272727 618.4472727272728 952.7745454545454 981.5745454545455 
5972.549090909091 6001.076363636364 718.6581818181818 747.1854545454545 1078.1309090909092 1106.658181818182 
6018.345454545454 6047.581818181819 575.8727272727273 605.1090909090909 814.8363636363637 844.0727272727273 
5974.923636363636 6003.087272727273 520.6872727272727 548.8509090909091 721.56 749.7236363636364 
5671.52 5699.52 486.72 514.72 713.829090909091 741.829090909091 
5596.090909090909 5624.181818181818 539.8909090909091 567.9818181818182 715.3090909090909 743.4 
5840.545454545455 5869.981818181818 615.2545454545455 644.6909090909091 783.0363636363636 812.4727272727273 
5847.789090909091 5875.534545454546 544.3163636363637 572.0618181818181 850.0254545454545 877.7709090909091 
5733.16 5760.832727272727 562.7054545454546 590.3781818181818 598.9236363636363 626.5963636363637 
5680.134545454545 5708.88 578.1163636363636 606.8618181818182 726.1163636363636 754.8618181818182 
5785.149090909091 5813.403636363636 724.44 752.6945454545455 854.4763636363637 882.7309090909091 
5924.352727272727 5952.625454545455 552.3709090909091 580.6436363636363 841.28 869.5527272727272 
5854.814545454546 5883.305454545454 538.9418181818182 567.4327272727272 787.3054545454545 815.7963636363636 
