26093.560199004976 26122.306467661692 6075.7940298507465 6104.5402985074625 6647.296517412935 6676.042786069652 
25597.262686567163 25625.317412935325 6039.033830845771 6067.0885572139305 6249.207960199005 6277.262686567165 
25501.344278606965 25529.2447761194 5896.364179104477 5924.2646766169155 6715.2 6743.100497512438 
25289.95024875622 25317.905472636816 5887.666666666667 5915.621890547263 6464.980099502488 6492.935323383084 
25879.776119402984 25907.880597014926 6024.6169154228855 6052.721393034826 6677.810945273632 6705.915422885572 
25617.38109452736 25645.490547263682 5913.878606965174 5941.988059701493 6742.3810945273635 6770.490547263682 
26021.148258706467 26049.625870646767 5994.6756218905475 6023.153233830846 6351.033830845771 6379.51144278607 
25861.212935323383 25889.183084577115 5920.033830845771 5948.003980099503 6523.198009950249 6551.16815920398 
25934.412935323384 25963.213930348258 6061.81592039801 6090.6169154228855 7043.134328358209 7071.935323383084 
25502.18407960199 25530.248756218905 5752.79104477612 5780.855721393034 6443.592039800995 6471.6567164179105 
25800.27263681592 25828.655721393035 6051.003980099503 6079.387064676617 6594.357213930348 6622.740298507462 
25365.432835820895 25393.13432835821 5805.980099502488 5833.681592039801 6092.79104477612 6120.492537313433 
25792.008955223882 25820.357213930347 5897.3820895522385 5925.730348258707 6533.347263681592 6561.6955223880595 
26220.93432835821 26248.894527363183 6206.4019900497515 6234.3621890547265 6628.073631840796 6656.033830845771 
26155.692537313433 26183.70746268657 6101.523383084577 6129.5383084577115 6388.274626865672 6416.289552238806 
25930.028855721393 25958.22786069652 5815.083582089553 5843.282587064677 6741.894527363184 6770.093532338308 
25802.776119402984 25830.910447761195 5828.980099502488 5857.114427860696 6848.562189054726 6876.6965174129355 
25840.423880597016 25869.0855721393 6099.553233830846 6128.214925373134 6324.5980099502485 6353.259701492538 
25540.81393034826 25569.02288557214 6005.988059701493 6034.197014925373 6764.938308457711 6793.147263681592 
26032.70447761194 26060.958208955224 5788.206965174129 5816.4606965174125 6502.5402985074625 6530.7940298507465 
25962.40895522388 25990.88656716418 6048.030845771144 6076.508457711443 6705.6378109452735 6734.115422885572 
25782.40696517413 25810.9592039801 6040.023880597015 6068.576119402985 6684.183084577115 6712.7353233830845 
25961.40696517413 25989.66567164179 5952.426865671642 5980.685572139303 6416.317412935324 6444.576119402985 
25495.666666666668 25523.766169154227 5866.915422885572 5895.014925373134 6407.781094527363 6435.880597014925 
25398.994029850746 25427.232835820894 6005.576119402985 6033.814925373134 6547.635820895523 6575.874626865671 
25270.569154228855 25298.76815920398 6075.733333333334 6103.9323383084575 6309.897512437811 6338.096517412935 
26017.375124378108 26045.95721393035 6009.00696517413 6037.589054726368 6647.867661691543 6676.449751243781 
25712.77313432836 25741.03184079602 5995.355223880597 6023.613930348259 6831.852736318408 6860.111442786069 
25342.25472636816 25370.025870646765 5810.876616915423 5838.64776119403 6482.209950248756 6509.981094527363 
25877.792039800996 25905.991044776118 6126.403980099502 6154.602985074627 6824.145273631841 6852.344278606965 
26121.81592039801 26150.572139303484 5713.721393034826 5742.477611940299 6557.273631840796 6586.0298507462685 
25669.960199004974 25697.84577114428 5804.492537313433 5832.378109452737 6489.835820895522 6517.721393034826 
25935.195024875622 25963.42885572139 5880.374129353234 5908.607960199005 6699.309452736318 6727.543283582089 
25219.696517412936 25248.034825870647 5958.427860696517 5986.766169154229 6418.238805970149 6446.577114427861 
25801.38407960199 25829.77711442786 5860.583084577114 5888.976119402985 6400.443781094527 6428.836815920398 
25340.016915422886 25368.340298507464 5831.270646766169 5859.594029850747 6834.608955223881 6862.9323383084575 
26067.849751243783 26096.56616915423 6050.566169154229 6079.282587064677 6510.411940298507 6539.128358208955 
25564.355223880597 25592.728358208955 5868.434825870647 5896.807960199005 6230.549253731343 6258.922388059702 
26127.948258706467 26156.331343283582 5981.7542288557215 6010.137313432836 6274.5402985074625 6302.923383084577 
25918.432835820895 25946.537313432837 5988.258706467662 6016.363184079602 6758.437810945274 6786.542288557214 
25449.532338308458 25477.557213930348 5835.497512437811 5863.522388059701 6384.611940298508 6412.636815920398 
26308.309452736317 26336.329353233832 5963.423880597015 5991.443781094527 6515.558208955224 6543.5781094527365 
25720.82089552239 25749.009950248757 5919.502487562189 5947.691542288557 6717.3034825870645 6745.492537313433 
25638.13432835821 25666.258706467663 6083.194029850746 6111.318407960199 6733.860696517413 6761.985074626866 
25673.400995024876 25701.86368159204 6104.1870646766165 6132.649751243781 6309.346268656716 6337.808955223881 
25435.29552238806 25463.196019900497 6018.196019900498 6046.096517412935 6346.653731343284 6374.554228855722 
26204.30049751244 26232.882587064676 6132.171144278607 6160.753233830846 6821.181094527363 6849.763184079602 
25905.380099502487 25933.648756218907 6072.5393034825875 6100.807960199005 6942.111442786069 6970.380099502488 
25651.28855721393 25679.756218905473 5941.273631840796 5969.741293532338 6655.960199004975 6684.427860696517 
26019.133333333335 26047.82487562189 6081.750248756219 6110.441791044776 6729.247761194029 6757.939303482587 
