9324.945 9353.57 1590.87 1619.495 1797.845 1826.47 
9397.0225 9426.11 1428.3725 1457.46 1800.3225 1829.41 
9054.2 9082.7875 1457.9375 1486.525 1856.3 1884.8875 
9253.9125 9281.65 1320.7875 1348.525 1637.6875 1665.425 
9209.745 9238.4325 1395.6075 1424.295 1628.145 1656.8325 
9309.175 9337.5375 1382.6375 1411.0 1585.275 1613.6375 
9095.4075 9122.6075 1525.995 1553.195 1741.9575 1769.1575 
9327.3175 9355.655 1531.805 1560.1425 1907.4175 1935.755 
9023.055 9051.605 1258.2925 1286.8425 1569.405 1597.955 
9092.7525 9121.6775 1420.6275 1449.5525 1610.2525 1639.1775 
9613.3175 9642.2925 1259.08 1288.055 1525.8925 1554.8675 
9257.7325 9285.6825 1431.42 1459.37 1554.8075 1582.7575 
9308.79 9337.4525 1325.8275 1354.49 1453.865 1482.5275 
9117.1575 9145.47 1492.4075 1520.72 1574.1575 1602.47 
9379.6325 9408.5825 1490.17 1519.12 1710.8575 1739.8075 
9399.4675 9427.8675 1399.48 1427.88 1613.3675 1641.7675 
9224.7075 9253.4325 1260.3825 1289.1075 1703.4075 1732.1325 
9089.5375 9117.9 1369.4125 1397.775 1641.8375 1670.2 
9001.7175 9029.78 1146.78 1174.8425 1474.3925 1502.455 
9340.6125 9368.0875 1531.6 1559.075 1534.2375 1561.7125 
9277.9775 9306.0025 1466.1025 1494.1275 1609.7775 1637.8025 
9401.1025 9429.99 1466.2275 1495.115 1633.2025 1662.09 
9158.0525 9186.59 1461.9275 1490.465 1724.1525 1752.69 
9000.055 9028.205 1373.3175 1401.4675 1945.605 1973.755 
9005.475 9034.0875 1342.7375 1371.35 1428.8 1457.4125 
9171.09 9199.065 1357.9525 1385.9275 1707.165 1735.14 
9227.0575 9256.2075 1367.9825 1397.1325 1580.0825 1609.2325 
8821.87 8849.62 1312.1575 1339.9075 1511.895 1539.645 
9099.87 9128.5075 1344.2575 1372.895 1511.82 1540.4575 
9100.8025 9128.0775 1426.0025 1453.2775 1560.3025 1587.5775 
9034.6575 9062.82 1442.4325 1470.595 1654.1825 1682.345 
9331.555 9359.6175 1370.13 1398.1925 1629.33 1657.3925 
9382.5225 9411.3225 1403.16 1431.96 1560.4725 1589.2725 
9081.2425 9109.33 1500.905 1528.9925 1593.0175 1621.105 
9276.255 9304.2425 1468.5425 1496.53 1844.805 1872.7925 
9063.9925 9092.8675 1345.7675 1374.6425 1593.7675 1622.6425 
9022.9525 9050.5775 1338.74 1366.365 1473.3525 1500.9775 
9189.825 9218.3375 1436.7375 1465.25 1588.0 1616.5125 
9097.5425 9125.38 1531.105 1558.9425 1886.4675 1914.305 
9144.0275 9171.815 1498.94 1526.7275 1762.2025 1789.99 
9436.1575 9464.2325 1389.5575 1417.6325 1611.2325 1639.3075 
8954.61 8982.585 1394.51 1422.485 1484.46 1512.435 
9499.0375 9527.6875 1488.0375 1516.6875 1639.9125 1668.5625 
8864.47 8892.1575 1379.5075 1407.195 1567.17 1594.8575 
9234.5375 9263.25 1423.585 1452.2975 2056.2375 2084.95 
9056.8 9083.975 1325.8375 1353.0125 1440.6 1467.775 
9279.965 9307.7525 1494.39 1522.1775 1743.49 1771.2775 
9113.74 9141.315 1381.4275 1409.0025 1719.965 1747.54 
8940.1075 8967.9325 1254.47 1282.295 1611.3825 1639.2075 
9258.07 9286.27 1429.57 1457.77 1554.995 1583.195 
