28357.67305936073 28386.307762557077 6790.3990867579905 6819.033789954338 7492.362557077626 7520.997260273973 
28558.517808219178 28587.111415525113 6573.234703196347 6601.828310502283 7326.275799086758 7354.869406392694 
27842.043835616438 27869.824657534245 6268.26301369863 6296.043835616439 6834.039269406393 6861.820091324201 
28365.718721461188 28394.166210045663 6472.389954337899 6500.837442922374 7287.412785388128 7315.860273972603 
27748.012785388128 27775.921461187216 6671.789041095891 6699.697716894977 7495.09497716895 7523.0036529680365 
28118.018264840182 28146.296803652967 6358.3059360730595 6386.584474885844 7336.0502283105025 7364.328767123287 
28755.93698630137 28784.59908675799 6931.640182648402 6960.302283105023 7754.151598173516 7782.813698630137 
28116.36712328767 28144.61826484018 6597.047488584475 6625.2986301369865 7162.234703196347 7190.485844748859 
28387.84200913242 28415.983561643836 6572.709589041096 6600.851141552512 7539.965296803653 7568.106849315069 
28107.50502283105 28135.879452054796 6526.509589041096 6554.88401826484 7440.276712328767 7468.651141552511 
28617.207305936074 28645.8602739726 6827.892237442922 6856.545205479452 6956.472146118722 6985.125114155251 
27997.095890410958 28025.43378995434 6633.328767123287 6661.666666666667 7337.146118721461 7365.48401826484 
28119.82922374429 28148.71506849315 6741.285844748859 6770.171689497717 7527.842922374429 7556.728767123288 
28396.008219178082 28424.802739726027 6668.976255707763 6697.7707762557075 7240.606392694064 7269.400913242009 
27515.672146118723 27543.626484018267 6590.831963470319 6618.786301369863 7362.991780821918 7390.946118721461 
28112.48493150685 28140.603652968035 6582.215525114155 6610.334246575342 7482.379908675799 7510.498630136986 
27730.991780821918 27758.790867579908 6436.220091324201 6464.0191780821915 7181.617351598174 7209.416438356165 
28515.0301369863 28543.53698630137 6613.240182648402 6641.74703196347 7668.897716894977 7697.404566210045 
28086.151598173517 28114.439269406394 6657.005479452055 6685.293150684932 7190.183561643836 7218.471232876713 
28333.247488584475 28361.70410958904 6563.10593607306 6591.562557077626 7669.233789954338 7697.690410958904 
28034.667579908677 28062.996347031964 6509.6630136986305 6537.991780821918 7363.2748858447485 7391.603652968037 
28235.208219178083 28263.30410958904 6764.7789954337895 6792.874885844749 7489.075799086758 7517.171689497717 
27528.110502283103 27556.352511415524 6652.2748858447485 6680.516894977169 7598.553424657534 7626.795433789955 
28232.622831050227 28260.540639269406 6794.974429223745 6822.892237442922 7167.951598173516 7195.869406392694 
28089.602739726026 28117.803652968036 6704.347031963471 6732.54794520548 7129.095890410959 7157.296803652968 
28531.77899543379 28560.445662100457 6655.235616438356 6683.902283105022 7512.71506849315 7541.381735159817 
28131.074885844748 28159.43105022831 6658.029223744292 6686.385388127854 7208.56803652968 7236.924200913242 
28506.383561643837 28534.70776255708 6610.698630136986 6639.022831050228 7258.58904109589 7286.913242009133 
27829.662100456622 27858.07305936073 6654.1278538812785 6682.5388127853885 7611.840182648401 7640.251141552511 
28302.760730593607 28331.06210045662 6656.550684931507 6684.852054794521 7225.952511415525 7254.253881278539 
28911.712328767124 28940.141552511417 6693.164383561644 6721.593607305936 7023.232876712329 7051.662100456621 
28013.891324200915 28042.699543378996 6848.854794520548 6877.6630136986305 7170.379908675799 7199.188127853881 
28088.881278538815 28117.086757990866 6814.602739726028 6842.808219178082 7462.474885844749 7490.680365296804 
28354.66392694064 28382.997260273973 6675.7872146118725 6704.1205479452055 7193.490410958904 7221.823744292237 
28061.740639269407 28090.375342465755 6689.215525114155 6717.850228310503 7514.411872146119 7543.046575342466 
27563.648401826485 27591.51598173516 6483.219178082192 6511.086757990867 7497.917808219178 7525.785388127854 
28125.30410958904 28153.710502283106 6531.244748858448 6559.651141552511 7537.089497716895 7565.495890410959 
28885.740639269407 28914.571689497716 6802.96894977169 6831.8 7512.850228310503 7541.681278538813 
28384.13698630137 28412.712328767124 6616.1506849315065 6644.726027397261 7474.506849315068 7503.082191780822 
28310.31598173516 28338.699543378996 6635.553424657534 6663.93698630137 7399.644748858447 7428.028310502283 
28150.289497716894 28178.67305936073 6566.175342465754 6594.558904109589 7509.371689497717 7537.755251141552 
28398.780821917808 28427.37899543379 6805.502283105023 6834.100456621005 7621.543378995434 7650.141552511415 
28556.722374429224 28585.33424657534 6750.831963470319 6779.443835616438 7594.571689497717 7623.183561643836 
28510.904109589042 28539.552511415524 6625.424657534247 6654.07305936073 7366.762557077625 7395.41095890411 
28262.144292237444 28290.57808219178 6796.377168949772 6824.81095890411 7539.043835616439 7567.477625570777 
28735.055707762556 28763.594520547944 6596.503196347032 6625.04200913242 7366.612785388128 7395.151598173516 
28354.358904109587 28382.61917808219 6438.317808219178 6466.578082191781 7194.847488584475 7223.107762557078 
28516.408219178084 28544.942465753425 6819.686757990868 6848.2210045662105 7600.129680365297 7628.66392694064 
27911.30593607306 27939.479452054795 6708.474885844749 6736.648401826484 7768.132420091324 7796.3059360730595 
27542.734246575343 27570.43287671233 6555.104109589041 6582.8027397260275 7827.862100456621 7855.560730593607 
