20945.017283950616 20973.616049382716 4578.492592592593 4607.0913580246915 4932.733333333334 4961.332098765432 
20484.543209876545 20512.98148148148 4686.450617283951 4714.888888888889 5357.62962962963 5386.067901234568 
20237.607407407406 20265.854320987655 4514.440740740741 4542.687654320987 5256.483950617284 5284.7308641975305 
20816.635802469136 20845.66049382716 4406.197530864198 4435.222222222223 5590.833333333333 5619.858024691358 
20313.949382716048 20342.140740740742 4543.325925925926 4571.517283950618 5228.986419753086 5257.177777777778 
20369.095061728396 20397.162962962964 4519.076543209877 4547.144444444444 4967.8975308641975 4995.965432098766 
20813.464197530866 20841.87160493827 4656.346913580247 4684.754320987654 5175.587654320988 5203.995061728395 
20763.893827160493 20792.17160493827 4609.227160493827 4637.504938271605 5248.276543209877 5276.554320987654 
20382.316049382716 20410.624691358025 4402.896296296296 4431.204938271605 4752.451851851852 4780.760493827161 
20291.562962962962 20319.958024691357 4471.618518518519 4500.013580246914 5167.254320987654 5195.649382716049 
20074.366666666665 20102.212345679014 4510.2308641975305 4538.076543209877 4858.5641975308645 4886.40987654321 
21084.73209876543 21113.454320987654 4593.874074074074 4622.596296296297 5003.176543209876 5031.898765432099 
20166.923456790122 20194.528395061727 4473.201234567901 4500.806172839506 5185.256790123457 5212.861728395062 
20111.0024691358 20139.082716049383 4149.5888888888885 4177.669135802469 5125.335802469136 5153.416049382716 
20744.946913580246 20773.866666666665 4713.916049382716 4742.835802469136 4957.477777777778 4986.3975308641975 
20540.40740740741 20569.03086419753 4496.771604938272 4525.395061728395 5147.320987654321 5175.944444444444 
20439.98148148148 20468.925925925927 4487.469135802469 4516.413580246914 5101.537037037037 5130.481481481482 
19915.938271604937 19944.185185185186 4519.191358024691 4547.438271604939 4632.432098765432 4660.679012345679 
20262.471604938273 20290.78024691358 4302.483950617284 4330.792592592593 4695.977777777778 4724.286419753086 
20382.593827160494 20411.174074074075 4509.927160493828 4538.507407407407 5122.7172839506175 5151.297530864197 
20058.414814814816 20086.204938271603 4366.279012345679 4394.069135802469 4942.1925925925925 4969.982716049382 
19995.155555555557 20022.914814814816 4568.0506172839505 4595.80987654321 5030.167901234568 5057.927160493828 
20385.80987654321 20414.106172839507 4541.945679012346 4570.241975308642 4732.266666666666 4760.562962962963 
20317.27283950617 20345.618518518517 4727.80987654321 4756.155555555555 4961.667901234568 4990.013580246914 
20692.365432098766 20721.174074074075 4631.266666666666 4660.075308641975 5249.155555555555 5277.964197530864 
19795.28024691358 19823.40987654321 4373.274074074074 4401.403703703703 4908.453086419753 4936.582716049383 
20311.56049382716 20339.449382716048 4417.856790123456 4445.745679012346 4988.128395061728 5016.017283950618 
20258.908641975308 20286.93950617284 4283.711111111111 4311.741975308642 4956.8592592592595 4984.89012345679 
20853.876543209877 20883.074074074073 4545.574074074074 4574.771604938272 4902.320987654321 4931.518518518518 
20291.916049382715 20320.304938271605 4297.125925925926 4325.514814814815 4741.57037037037 4769.959259259259 
20409.513580246912 20438.143209876544 4385.618518518519 4414.248148148148 4838.093827160494 4866.723456790123 
20560.335802469137 20589.2 4504.74938271605 4533.613580246913 5084.743209876543 5113.607407407408 
19993.202469135802 20021.41234567901 4406.066666666667 4434.276543209877 4728.19012345679 4756.4 
20805.44197530864 20834.225925925926 4402.818518518518 4431.6024691358025 5173.059259259259 5201.843209876543 
20775.62098765432 20804.818518518518 4412.886419753087 4442.083950617284 5198.213580246914 5227.4111111111115 
20622.035802469134 20650.548148148147 4347.764197530864 4376.276543209877 4812.369135802469 4840.881481481481 
19952.696296296297 19980.782716049383 4515.566666666667 4543.653086419753 5056.054320987654 5084.1407407407405 
20675.243209876542 20703.87901234568 4489.977777777778 4518.613580246913 5091.675308641975 5120.311111111111 
20185.434567901233 20213.662962962964 4583.514814814815 4611.743209876543 4895.162962962963 4923.391358024692 
19724.51975308642 19752.235802469135 4571.846913580247 4599.562962962963 5402.322222222222 5430.038271604938 
20349.116049382716 20377.245679012347 4545.992592592593 4574.122222222222 4877.486419753086 4905.6160493827165 
20524.187654320987 20552.304938271605 4433.9469135802465 4462.0641975308645 4708.607407407408 4736.724691358025 
20907.181481481482 20935.897530864197 4567.625925925926 4596.341975308642 4878.638271604938 4907.354320987654 
20280.36913580247 20308.437037037038 4471.788888888889 4499.856790123456 5065.653086419753 5093.720987654321 
20442.94814814815 20471.102469135803 4573.92962962963 4602.083950617284 4951.528395061729 4979.682716049383 
20051.856790123456 20079.83827160494 4681.387654320988 4709.369135802469 5104.7827160493825 5132.764197530864 
19976.596296296295 20004.60864197531 4646.158024691358 4674.170370370371 5120.225925925926 5148.238271604938 
20192.895061728395 20221.46913580247 4640.265432098766 4668.83950617284 4983.70987654321 5012.283950617284 
20980.124691358025 21009.334567901235 4584.803703703704 4614.013580246914 5132.297530864197 5161.507407407407 
20185.84074074074 20213.803703703703 4379.3839506172835 4407.346913580247 4864.445679012346 4892.4086419753085 
