35876.34444444445 35904.6 8546.051851851851 8574.307407407407 9151.218518518519 9179.474074074074 
35658.37111111111 35686.741481481484 8745.308148148148 8773.678518518518 9396.393333333333 9424.763703703704 
35429.915555555555 35458.60444444444 8620.178518518518 8648.867407407408 10076.211851851851 10104.90074074074 
35060.200740740744 35088.17481481482 8699.419259259259 8727.393333333333 9036.867407407408 9064.841481481482 
34414.32074074074 34442.11703703704 8855.75037037037 8883.546666666667 9042.854074074074 9070.650370370371 
34930.77407407408 34958.57407407407 8458.5 8486.3 9040.3 9068.1 
35325.15851851852 35353.11777777778 8822.962222222222 8850.921481481482 9639.98074074074 9667.94 
34649.57037037037 34678.19629629629 8403.562962962964 8432.18888888889 9187.874074074074 9216.5 
35777.211851851855 35805.874814814815 8825.797037037037 8854.46 9842.545185185185 9871.208148148147 
35768.57925925926 35797.223703703705 8744.327407407407 8772.971851851851 9846.342222222222 9874.986666666666 
34952.86814814815 34981.305185185185 8770.397777777778 8798.834814814814 9250.416296296296 9278.853333333333 
35075.30370370371 35103.47777777778 8441.981481481482 8470.155555555555 9143.851851851852 9172.025925925926 
34999.36518518518 35027.83555555555 8538.028148148149 8566.498518518518 9445.535555555556 9474.005925925925 
34705.93777777778 34733.834074074075 8799.048888888889 8826.945185185185 9264.004444444445 9291.90074074074 
35657.83259259259 35686.72888888889 8821.38074074074 8850.277037037036 9566.891851851851 9595.788148148149 
34931.36666666667 34959.07777777778 8580.874074074074 8608.585185185186 9479.58888888889 9507.3 
34873.66296296296 34901.77777777778 8528.018518518518 8556.133333333333 8924.366666666667 8952.481481481482 
35399.63037037037 35428.30074074074 8536.863703703704 8565.534074074074 9742.334074074073 9771.004444444445 
34836.148148148146 34864.46296296296 8410.011111111111 8438.325925925927 9576.925925925925 9605.24074074074 
34980.96888888889 35008.86888888889 8687.254074074073 8715.154074074075 9335.954074074074 9363.854074074074 
36148.44 36177.15851851852 8540.388148148148 8569.106666666667 9704.958518518519 9733.677037037038 
35216.33037037037 35244.26 8436.534074074074 8464.463703703705 9078.004444444445 9105.934074074074 
35214.491111111114 35242.48 8731.89851851852 8759.887407407406 9232.505925925925 9260.494814814814 
35255.503703703704 35284.07407407407 8614.462962962964 8643.033333333333 9418.022222222222 9446.592592592593 
35232.93703703704 35261.54074074074 8806.151851851851 8834.755555555555 9720.151851851851 9748.755555555555 
35587.12814814815 35615.65777777778 8675.739259259259 8704.26888888889 9521.424444444445 9549.954074074074 
34792.282222222224 34820.293333333335 8369.956296296295 8397.967407407408 9006.26 9034.271111111111 
34916.64666666667 34945.205925925926 8738.794814814815 8767.354074074074 9586.513333333334 9615.072592592593 
35453.62 35481.468148148146 8548.490370370371 8576.338518518518 9545.938518518518 9573.786666666667 
34323.00518518518 34350.56444444445 8624.994074074075 8652.553333333333 9487.79037037037 9515.349629629629 
35650.515555555554 35679.23777777778 8716.315555555555 8745.037777777778 9539.382222222222 9568.104444444445 
34818.08962962963 34845.84888888889 8755.026666666667 8782.785925925926 9133.608148148149 9161.367407407408 
35730.54814814815 35759.433333333334 8864.429629629629 8893.314814814816 9429.851851851852 9458.737037037037 
35456.711851851855 35485.70444444445 8902.741481481482 8931.734074074075 9633.104444444445 9662.097037037038 
35051.80888888889 35079.91259259259 8758.712592592592 8786.816296296296 9153.401481481482 9181.505185185186 
35218.968148148146 35247.28666666667 8684.394074074075 8712.712592592592 9467.923703703704 9496.242222222223 
35182.177037037036 35210.62148148148 8904.636296296296 8933.080740740741 9615.917777777779 9644.362222222222 
35271.723703703705 35300.16814814815 8666.516296296297 8694.96074074074 9407.294074074074 9435.73851851852 
34581.07777777778 34609.322222222225 8609.033333333333 8637.277777777777 9206.559259259258 9234.803703703703 
35396.288148148145 35425.04 8560.962222222222 8589.714074074074 9099.991851851852 9128.743703703703 
34921.88222222222 34949.76 8465.100740740741 8492.97851851852 9597.763703703704 9625.641481481482 
34239.0362962963 34266.677037037036 8650.24 8677.88074074074 9444.391851851851 9472.032592592592 
35756.81037037037 35785.41037037037 8812.284444444444 8840.884444444444 9799.528888888888 9828.128888888888 
35460.20518518519 35488.76074074074 8473.457037037037 8502.012592592593 9174.582962962962 9203.138518518519 
35225.2837037037 35253.7837037037 8720.057777777778 8748.557777777778 9910.105925925925 9938.605925925925 
35318.905185185184 35347.44962962963 8479.264444444445 8507.808888888889 9343.349629629629 9371.894074074075 
35660.14074074074 35688.73703703703 8429.366666666667 8457.962962962964 9648.54074074074 9677.137037037037 
35584.125185185185 35612.758518518516 8791.999259259259 8820.632592592592 9499.91037037037 9528.543703703705 
35523.42888888889 35551.83259259259 8699.747407407407 8728.15111111111 9658.902962962962 9687.306666666667 
35110.32740740741 35138.58666666667 8690.475555555555 8718.734814814814 9223.794074074074 9252.053333333333 
