5999.0142857142855 6027.675 668.4785714285714 697.1392857142857 829.05 857.7107142857143 
6176.164285714286 6205.396428571428 681.9678571428572 711.2 932.3071428571428 961.5392857142857 
5773.146428571428 5801.146428571428 569.0035714285714 597.0035714285714 835.5392857142857 863.5392857142857 
5826.542857142857 5854.542857142857 486.9892857142857 514.9892857142858 792.6142857142858 820.6142857142858 
5692.625 5720.303571428572 555.0178571428571 582.6964285714286 809.3035714285714 836.9821428571429 
5792.557142857143 5821.503571428571 557.9142857142857 586.8607142857143 708.4142857142857 737.3607142857143 
5742.314285714286 5770.814285714286 547.5285714285715 576.0285714285715 914.4214285714286 942.9214285714286 
5813.2 5841.164285714286 566.325 594.2892857142857 868.3785714285714 896.3428571428572 
5900.325 5928.342857142857 562.1285714285714 590.1464285714286 739.9321428571428 767.95 
5562.6 5589.903571428571 567.6714285714286 594.975 719.8857142857142 747.1892857142857 
6067.296428571429 6095.85 597.5285714285715 626.0821428571429 814.5821428571429 843.1357142857142 
5719.435714285714 5747.185714285714 568.4178571428571 596.1678571428571 804.3642857142858 832.1142857142858 
6003.585714285714 6031.442857142857 556.55 584.4071428571428 703.6571428571428 731.5142857142857 
6161.471428571429 6190.560714285714 618.5964285714285 647.6857142857143 793.9 822.9892857142858 
5406.275 5433.953571428571 629.4 657.0785714285714 741.3821428571429 769.0607142857143 
6258.221428571429 6287.167857142857 549.0785714285714 578.025 847.0785714285714 876.025 
5593.192857142857 5621.210714285714 665.4071428571428 693.425 722.6928571428572 750.7107142857143 
5797.992857142857 5826.492857142857 523.4035714285715 551.9035714285715 769.9571428571429 798.4571428571429 
5654.696428571428 5681.821428571428 543.1785714285714 570.3035714285714 616.5892857142857 643.7142857142857 
5912.0 5940.017857142857 641.0892857142857 669.1071428571429 822.25 850.2678571428571 
6046.675 6075.460714285714 649.7642857142857 678.55 816.7821428571428 845.5678571428572 
6046.4 6075.042857142857 609.0785714285714 637.7214285714285 777.7928571428571 806.4357142857143 
5930.453571428571 5959.185714285714 642.5785714285714 671.3107142857143 788.0607142857143 816.7928571428571 
6005.028571428571 6033.671428571429 558.4214285714286 587.0642857142857 871.5642857142857 900.2071428571429 
5913.410714285715 5941.0 654.9464285714286 682.5357142857143 725.6607142857143 753.25 
5986.039285714286 6014.325 642.3785714285714 670.6642857142857 878.575 906.8607142857143 
5760.632142857143 5788.864285714286 567.0964285714285 595.3285714285714 717.8821428571429 746.1142857142858 
5560.967857142857 5589.575 590.5571428571428 619.1642857142857 853.8607142857143 882.4678571428572 
5814.828571428571 5843.007142857143 570.7214285714285 598.9 932.15 960.3285714285714 
6263.017857142857 6292.035714285715 571.3571428571429 600.375 835.7678571428571 864.7857142857143 
5992.553571428572 6021.535714285715 538.5714285714286 567.5535714285714 901.5535714285714 930.5357142857143 
5622.482142857143 5649.089285714285 484.57142857142856 511.17857142857144 746.0892857142857 772.6964285714286 
5904.828571428571 5932.775 588.6678571428571 616.6142857142858 695.4714285714285 723.4178571428571 
5969.825 5998.7357142857145 535.6642857142857 564.575 819.3964285714286 848.3071428571428 
5887.175 5914.407142857143 579.0857142857143 606.3178571428572 879.2107142857143 906.4428571428572 
5809.003571428571 5838.003571428571 577.4857142857143 606.4857142857143 737.9678571428572 766.9678571428572 
5863.767857142857 5892.464285714285 564.7321428571429 593.4285714285714 646.3035714285714 675.0 
5753.642857142857 5782.285714285715 691.2142857142857 719.8571428571429 707.0714285714286 735.7142857142857 
6226.0142857142855 6254.8892857142855 604.8535714285714 633.7285714285714 860.6928571428572 889.5678571428572 
6198.692857142857 6228.067857142857 650.6571428571428 680.0321428571428 889.9071428571428 919.2821428571428 
6023.832142857143 6053.457142857143 627.6535714285715 657.2785714285715 772.2964285714286 801.9214285714286 
5804.682142857143 5832.557142857143 542.2714285714286 570.1464285714286 693.5392857142857 721.4142857142857 
6059.739285714286 6088.971428571429 645.2928571428571 674.525 1019.525 1048.7571428571428 
5647.403571428571 5675.6 570.6178571428571 598.8142857142857 807.1178571428571 835.3142857142857 
5613.567857142857 5639.8892857142855 457.12142857142857 483.4428571428571 639.2107142857143 665.5321428571428 
5722.592857142857 5750.2357142857145 583.2 610.8428571428572 974.5928571428572 1002.2357142857143 
5797.467857142857 5825.414285714286 580.1285714285714 608.075 742.9678571428572 770.9142857142857 
5662.078571428571 5689.882142857143 646.1678571428571 673.9714285714285 765.4 793.2035714285714 
6097.635714285714 6125.314285714286 527.3142857142857 554.9928571428571 623.9571428571429 651.6357142857142 
5881.835714285714 5909.942857142857 580.8714285714286 608.9785714285714 766.9428571428572 795.05 
