10317.16404494382 10345.456179775281 1694.1977528089888 1722.4898876404495 1988.9730337078652 2017.265168539326 
10064.27191011236 10092.597752808988 1696.9573033707866 1725.2831460674158 2026.3280898876405 2054.6539325842696 
9949.314606741573 9976.808988764045 1877.5955056179776 1905.0898876404494 1901.3258426966293 1928.8202247191011 
9998.247191011236 10025.370786516854 1680.741573033708 1707.8651685393259 2026.9775280898875 2054.1011235955057 
10768.404494382023 10797.730337078652 1722.887640449438 1752.2134831460673 2137.044943820225 2166.370786516854 
10342.087640449437 10370.177528089887 1774.0314606741574 1802.1213483146068 2056.997752808989 2085.0876404494384 
9847.242696629213 9874.591011235954 1573.1752808988765 1600.523595505618 1805.1865168539325 1832.5348314606742 
10265.085393258427 10293.444943820225 1648.467415730337 1676.8269662921348 1988.4224719101123 2016.78202247191 
10352.020224719101 10380.065168539326 1695.1325842696629 1723.1775280898876 2030.008988764045 2058.0539325842697 
10474.96404494382 10503.065168539326 1808.8629213483146 1836.9640449438202 2075.5370786516855 2103.638202247191 
10683.741573033707 10711.887640449439 1737.3258426966293 1765.4719101123596 1842.741573033708 1870.887640449438 
10371.474157303372 10400.429213483147 1668.2719101123596 1697.2269662921349 2102.1370786516854 2131.0921348314605 
9947.191011235955 9975.08988764045 1630.4044943820224 1658.3033707865168 1947.2921348314608 1975.191011235955 
10128.952808988764 10157.098876404494 1773.896629213483 1802.0426966292134 2059.773033707865 2087.9191011235953 
10030.905617977529 10058.591011235954 1728.9280898876405 1756.6134831460674 2043.4561797752808 2071.141573033708 
10425.568539325843 10454.141573033708 1764.1752808988765 1792.7483146067416 2043.01797752809 2071.591011235955 
10580.591011235954 10609.186516853933 1645.1752808988765 1673.7707865168538 2018.7595505617978 2047.3550561797754 
10391.516853932584 10420.044943820225 1622.5393258426966 1651.0674157303372 2021.191011235955 2049.7191011235955 
10496.557303370786 10525.119101123595 1641.7707865168538 1670.332584269663 1974.5460674157302 2003.1078651685393 
10576.968539325842 10605.159550561797 1780.1258426966292 1808.3168539325843 2162.552808988764 2190.743820224719 
10516.422471910113 10545.523595505618 1699.411235955056 1728.5123595505618 2299.579775280899 2328.6808988764046 
10740.537078651685 10769.323595505619 1806.761797752809 1835.5483146067415 2070.8629213483146 2099.649438202247 
10287.797752808989 10315.797752808989 1643.2359550561798 1671.2359550561798 2027.1797752808989 2055.179775280899 
10724.25168539326 10753.566292134832 1826.7685393258428 1856.0831460674158 2136.4426966292135 2165.7573033707863 
10329.92584269663 10357.959550561798 1799.5662921348314 1827.6 1953.7573033707865 1981.791011235955 
10803.521348314607 10832.712359550562 1599.6224719101124 1628.8134831460675 2002.9483146067416 2032.1393258426967 
10440.458426966292 10468.72808988764 1688.885393258427 1717.1550561797753 1971.7955056179776 2000.065168539326 
10444.968539325842 10473.125842696629 1823.6988764044943 1851.856179775281 1965.2494382022471 1993.4067415730337 
10166.211235955056 10194.739325842696 1670.9191011235955 1699.4471910112359 1991.885393258427 2020.4134831460674 
10690.503370786517 10719.087640449437 1764.1325842696629 1792.7168539325842 2265.5258426966293 2294.1101123595504 
10155.157303370786 10183.775280898877 1753.5955056179776 1782.2134831460673 2227.6404494382023 2256.258426966292 
10099.824719101123 10127.049438202248 1736.2741573033709 1763.4988764044945 2198.7573033707863 2225.98202247191 
10173.775280898877 10201.539325842698 1662.4494382022472 1690.2134831460673 1677.7640449438202 1705.5280898876404 
10680.505617977527 10709.550561797752 1813.741573033708 1842.7865168539327 2106.0898876404494 2135.1348314606744 
10576.16629213483 10604.851685393258 1682.58202247191 1711.267415730337 1844.2224719101123 1872.9078651685393 
10646.775280898877 10675.8202247191 1617.887640449438 1646.9325842696628 1912.5393258426966 1941.5842696629213 
10658.791011235955 10687.4202247191 1768.2516853932584 1796.8808988764044 2055.4988764044942 2084.1280898876403 
10396.786516853932 10424.921348314607 1722.1685393258426 1750.3033707865168 1923.247191011236 1951.3820224719102 
10509.16404494382 10537.355056179775 1741.2876404494382 1769.4786516853933 1883.6921348314606 1911.8831460674157 
10524.530337078651 10553.114606741574 1676.0921348314607 1704.676404494382 1990.4741573033707 2019.0584269662922 
10659.687640449438 10687.844943820224 1702.3393258426966 1730.4966292134832 1982.732584269663 2010.8898876404494 
10377.92808988764 10406.849438202247 1806.4786516853933 1835.4 2461.332584269663 2490.2539325842695 
10572.811235955056 10600.979775280899 1713.7662921348315 1741.934831460674 2010.41797752809 2038.5865168539326 
10147.265168539327 10175.74831460674 1649.8831460674157 1678.3662921348314 1819.4786516853933 1847.961797752809 
10461.523595505618 10490.208988764045 1783.0741573033708 1811.7595505617978 2041.4 2070.085393258427 
10208.462921348315 10237.047191011236 1608.7775280898877 1637.361797752809 2163.822471910112 2192.4067415730337 
10146.301123595505 10174.2 1630.3460674157304 1658.2449438202248 1912.2224719101123 1940.1213483146068 
10163.27415730337 10191.375280898876 1652.0157303370786 1680.1168539325843 2169.5550561797754 2197.656179775281 
10862.74382022472 10891.474157303372 1737.7887640449437 1766.5191011235954 2102.350561797753 2131.0808988764047 
10375.339325842697 10403.83370786517 1681.4966292134832 1709.991011235955 1894.047191011236 1922.541573033708 
