14336.606722689075 14364.732773109245 2914.926050420168 2943.052100840336 3268.110924369748 3296.236974789916 
14266.6756302521 14294.347899159664 2896.070588235294 2923.7428571428572 3265.69243697479 3293.364705882353 
14796.053781512604 14824.667226890757 2924.146218487395 2952.7596638655464 3374.347899159664 3402.961344537815 
14473.040336134454 14501.544537815125 2915.4773109243697 2943.981512605042 3134.1075630252103 3162.6117647058823 
14857.61512605042 14886.505882352942 2886.968067226891 2915.858823529412 3429.7915966386554 3458.6823529411763 
14750.455462184875 14779.421848739496 2774.455462184874 2803.421848739496 3313.7747899159663 3342.741176470588 
14490.6 14519.06218487395 2885.7428571428572 2914.2050420168066 3456.793277310924 3485.255462184874 
14739.650420168067 14768.726050420168 2946.8605042016807 2975.9361344537815 3193.8436974789915 3222.9193277310924 
14584.502521008404 14613.460504201681 2840.9899159663864 2869.947899159664 3001.9226890756304 3030.8806722689073 
14241.220168067226 14269.236974789916 2872.8672268907562 2900.8840336134454 2977.833613445378 3005.850420168067 
14896.216806722688 14925.267226890755 2864.4689075630254 2893.5193277310923 3334.746218487395 3363.796638655462 
14914.72268907563 14943.344537815126 2991.915966386555 3020.5378151260506 3288.3949579831933 3317.016806722689 
14430.38655462185 14458.008403361344 2860.546218487395 2888.168067226891 3114.126050420168 3141.747899159664 
14670.98319327731 14699.142857142857 2829.798319327731 2857.9579831932774 3037.764705882353 3065.924369747899 
14288.235294117647 14316.0756302521 2843.3865546218485 2871.2268907563025 3157.0504201680674 3184.890756302521 
14547.13781512605 14575.078991596638 2804.9361344537815 2832.87731092437 3027.78487394958 3055.726050420168 
14543.682352941176 14571.993277310925 2822.4806722689077 2850.7915966386554 3243.909243697479 3272.220168067227 
14262.900840336135 14290.505882352942 2771.9344537815127 2799.5394957983194 3234.5563025210085 3262.1613445378152 
14361.927731092437 14389.835294117647 2795.50756302521 2823.41512605042 3230.8605042016807 3258.7680672268907 
14136.576470588236 14163.727731092436 2606.660504201681 2633.8117647058825 2990.4 3017.5512605042018 
14206.268907563026 14234.29411764706 2967.4117647058824 2995.436974789916 3144.294117647059 3172.3193277310925 
14112.245378151261 14139.573109243698 2905.6235294117646 2932.951260504202 3277.5142857142855 3304.8420168067228 
14341.823529411764 14369.697478991597 2816.5882352941176 2844.4621848739494 3054.5210084033615 3082.3949579831933 
14484.628571428571 14513.494117647058 2948.578151260504 2977.4436974789915 3259.8638655462187 3288.7294117647057 
14168.611764705882 14196.746218487395 2798.4100840336137 2826.544537815126 3349.3764705882354 3377.510924369748 
14547.910924369748 14576.457142857143 2945.583193277311 2974.1294117647058 3454.6420168067225 3483.1882352941175 
14732.709243697478 14761.280672268907 2913.978151260504 2942.549579831933 3829.440336134454 3858.0117647058823 
14567.379831932773 14596.346218487395 2626.875630252101 2655.8420168067228 3231.5394957983194 3260.505882352941 
14256.833613445378 14285.060504201681 3021.6487394957985 3049.875630252101 3360.2705882352943 3388.497478991597 
13966.433613445379 13993.828571428572 2708.744537815126 2736.1394957983193 3260.6941176470586 3288.089075630252 
14495.917647058823 14524.085714285715 2852.3882352941177 2880.5563025210085 3571.757983193277 3599.926050420168 
14278.381512605041 14306.717647058824 2851.440336134454 2879.7764705882355 3298.524369747899 3326.8605042016807 
14818.865546218487 14847.588235294117 2826.0252100840335 2854.747899159664 3186.5714285714284 3215.294117647059 
14598.754621848739 14627.636974789915 2930.998319327731 2959.8806722689073 3476.2252100840337 3505.1075630252103 
14485.640336134455 14513.926050420168 2936.0857142857144 2964.3714285714286 3161.5478991596638 3189.833613445378 
14865.095798319328 14893.364705882354 2751.3899159663865 2779.6588235294116 3223.3226890756305 3251.5915966386556 
14465.927731092437 14494.213445378151 2931.944537815126 2960.2302521008405 3201.347899159664 3229.633613445378 
14779.048739495798 14807.326050420168 2939.594957983193 2967.872268907563 3220.603361344538 3248.8806722689073 
14291.988235294117 14319.803361344539 2918.4336134453783 2946.2487394957984 3222.366386554622 3250.181512605042 
14981.418487394958 15009.914285714285 2803.250420168067 2831.746218487395 3303.8134453781513 3332.309243697479 
14593.181512605042 14621.517647058823 2872.5512605042018 2900.8873949579834 3664.9882352941177 3693.3243697478993 
14730.931092436975 14759.611764705882 2894.8974789915965 2923.578151260504 3120.4689075630254 3149.149579831933 
14394.515966386554 14422.43193277311 2857.978151260504 2885.894117647059 3247.163025210084 3275.078991596639 
14493.072268907563 14521.652100840336 2945.963025210084 2974.542857142857 3167.58487394958 3196.164705882353 
14439.927731092437 14468.188235294117 2824.4823529411765 2852.7428571428572 3256.238655462185 3284.4991596638656 
14449.225210084034 14477.83025210084 2820.5697478991597 2849.1747899159664 3247.8386554621848 3276.4436974789915 
14425.754621848739 14453.552941176471 2902.7378151260505 2930.5361344537814 3068.216806722689 3096.0151260504203 
14295.843697478991 14323.373109243697 2770.9193277310924 2798.4487394957982 3329.331092436975 3356.8605042016807 
14727.010084033613 14755.993277310925 2781.5478991596638 2810.5310924369746 3168.0773109243696 3197.0605042016805 
14268.838655462185 14296.847058823529 2746.8806722689073 2774.889075630252 3136.8470588235296 3164.855462184874 
