7561.653731343284 7590.489552238806 853.2955223880597 882.131343283582 1094.1462686567165 1122.982089552239 
7538.605970149254 7567.098507462687 959.4268656716417 987.9194029850746 1025.0985074626865 1053.5910447761194 
7526.017910447761 7554.271641791045 1073.868656716418 1102.1223880597015 1168.9582089552239 1197.2119402985074 
7475.331343283582 7503.8537313432835 980.420895522388 1008.9432835820895 986.7492537313433 1015.2716417910448 
7232.698507462686 7260.638805970149 1057.1164179104478 1085.0567164179104 1235.9074626865672 1263.8477611940298 
7373.755223880597 7401.934328358209 890.3970149253731 918.5761194029851 1084.4567164179105 1112.6358208955223 
7588.089552238806 7616.880597014925 1000.1044776119403 1028.8955223880596 1113.1194029850747 1141.910447761194 
7568.728358208955 7597.220895522388 894.9970149253732 923.4895522388059 1138.5641791044777 1167.0567164179104 
7282.462686567164 7310.313432835821 861.6417910447761 889.4925373134329 1109.6716417910447 1137.5223880597016 
7528.686567164179 7556.985074626866 894.6716417910447 922.9701492537314 965.9850746268656 994.2835820895523 
7148.4 7176.265671641791 928.0567164179105 955.9223880597015 914.0865671641791 941.9522388059702 
7239.764179104478 7267.2268656716415 868.555223880597 896.0179104477612 1026.7044776119403 1054.1671641791045 
7153.868656716418 7182.077611940298 926.2567164179104 954.465671641791 1009.9134328358209 1038.1223880597015 
7406.785074626866 7435.979104477612 854.5164179104478 883.710447761194 1076.6805970149253 1105.8746268656716 
7133.531343283582 7161.8 937.3820895522388 965.6507462686567 960.2626865671642 988.5313432835821 
7726.764179104478 7756.4208955223885 939.7641791044776 969.420895522388 1107.7940298507463 1137.4507462686568 
7176.20895522388 7204.835820895522 905.9104477611941 934.5373134328358 1008.9701492537314 1037.597014925373 
7543.4 7572.250746268657 806.2656716417911 835.1164179104478 1020.4597014925373 1049.310447761194 
7475.026865671642 7503.997014925373 963.8626865671641 992.8328358208955 1273.2507462686567 1302.220895522388 
7445.397014925373 7474.3820895522385 969.8149253731343 998.8 1126.0089552238805 1154.9940298507463 
7793.620895522388 7822.979104477612 1117.4716417910447 1146.8298507462687 1285.7850746268657 1315.1432835820895 
7423.8328358208955 7452.355223880597 1022.8776119402985 1051.4 1087.131343283582 1115.6537313432837 
7796.883582089552 7826.1671641791045 1119.5850746268657 1148.868656716418 1413.0776119402985 1442.3611940298508 
7367.370149253731 7395.84776119403 874.2059701492537 902.6835820895523 1026.8179104477613 1055.2955223880597 
7479.907462686567 7508.982089552239 872.1910447761194 901.2656716417911 1134.4 1163.4746268656716 
7659.946268656717 7688.752238805971 1064.3940298507462 1093.2 1197.9014925373135 1226.7074626865672 
7325.456716417911 7353.277611940299 1019.8597014925373 1047.6805970149253 1337.7402985074627 1365.5611940298506 
7132.44776119403 7159.910447761194 1048.8955223880596 1076.358208955224 1183.358208955224 1210.8208955223881 
7195.483582089552 7222.9313432835825 927.9611940298507 955.4089552238806 1002.7820895522389 1030.2298507462688 
7624.680597014925 7653.397014925373 921.9194029850746 950.6358208955224 1059.8 1088.5164179104477 
7156.498507462687 7184.64776119403 889.3194029850746 917.4686567164179 1078.4835820895523 1106.6328358208955 
7248.59104477612 7275.740298507462 780.9044776119403 808.0537313432836 1076.6059701492538 1103.755223880597 
7551.325373134328 7579.817910447761 1026.9970149253732 1055.489552238806 1220.1462686567165 1248.6388059701492 
7480.020895522388 7508.543283582089 980.0805970149254 1008.6029850746269 1181.3492537313432 1209.8716417910448 
7470.686567164179 7498.850746268657 936.4029850746268 964.5671641791045 1131.597014925373 1159.7611940298507 
7128.316417910448 7155.808955223881 944.5253731343283 972.0179104477612 984.1820895522388 1011.6746268656716 
7420.092537313433 7448.958208955224 1012.7940298507463 1041.6597014925374 1195.868656716418 1224.734328358209 
7622.220895522388 7651.594029850747 1002.7283582089552 1032.1014925373133 1504.9223880597015 1534.2955223880597 
7814.337313432836 7842.531343283582 969.4119402985075 997.6059701492537 1027.9044776119404 1056.0985074626865 
7457.217910447761 7485.486567164179 932.8 961.0686567164179 1132.2477611940299 1160.5164179104477 
7500.70447761194 7528.570149253731 902.1522388059701 930.0179104477612 1238.1223880597015 1265.9880597014926 
7714.755223880597 7743.337313432836 912.6507462686567 941.2328358208955 1225.844776119403 1254.4268656716417 
7558.185074626866 7586.40895522388 910.9283582089553 939.1522388059701 1006.0208955223881 1034.244776119403 
7650.8925373134325 7679.414925373134 964.3850746268656 992.9074626865672 1307.8626865671642 1336.3850746268656 
7480.202985074627 7508.546268656716 942.3970149253731 970.7402985074627 1153.6805970149253 1182.023880597015 
7410.985074626866 7439.238805970149 1103.2835820895523 1131.5373134328358 1146.4626865671642 1174.7164179104477 
7395.59104477612 7424.516417910448 936.9641791044776 965.889552238806 1273.0089552238805 1301.9343283582089 
7099.883582089552 7127.435820895523 745.8835820895522 773.4358208955224 907.5701492537313 935.1223880597015 
7492.662686567164 7521.946268656717 1080.4537313432836 1109.737313432836 1216.2298507462688 1245.5134328358208 
7324.8537313432835 7353.376119402985 963.3164179104477 991.8388059701492 1353.3462686567163 1381.868656716418 
