35642.82271062271 35670.661538461536 8533.63956043956 8561.478388278389 9419.339194139195 9447.178021978021 
34930.32307692308 34957.97142857143 8658.088644688645 8685.736996336997 9328.004395604396 9355.652747252747 
35654.72967032967 35682.978754578755 8551.989743589744 8580.238827838828 9226.249816849817 9254.498901098901 
34604.00586080586 34631.69084249084 8642.068131868133 8669.753113553114 9498.925274725274 9526.610256410257 
35623.45641025641 35651.599267399266 8658.50402930403 8686.646886446886 9615.15238095238 9643.295238095237 
36316.32820512821 36344.84468864469 8789.134065934066 8817.650549450549 9654.082783882784 9682.599267399268 
35661.48937728938 35690.02783882784 8807.745787545788 8836.284249084249 9606.06446886447 9634.60293040293 
34620.09816849817 34648.31428571429 8841.823443223444 8870.03956043956 9487.25934065934 9515.475457875458 
35149.68571428571 35178.16923076923 8855.403663003663 8883.88717948718 9854.517216117216 9883.000732600733 
35127.85641025641 35156.20073260073 8692.127472527472 8720.471794871795 9305.77216117216 9334.116483516484 
35687.55897435897 35716.02783882784 8651.712820512821 8680.181684981684 9200.69816849817 9229.167032967032 
35283.953113553114 35311.69304029304 8808.465934065935 8836.205860805861 9699.429304029303 9727.16923076923 
35280.6652014652 35308.55164835165 8671.939926739928 8699.826373626374 9170.515018315018 9198.401465201465 
36351.27252747253 36380.01978021978 8900.426373626373 8929.173626373626 9656.309157509157 9685.05641025641 
35833.16923076923 35861.21684981685 8663.616117216117 8691.663736263736 9613.61978021978 9641.667399267399 
36129.11501831502 36157.74139194139 8745.312820512821 8773.939194139195 9519.975824175825 9548.602197802198 
35251.28058608059 35279.536996336996 8534.024175824175 8562.280586080586 9301.841025641026 9330.097435897436 
35519.596336996336 35548.010256410256 8734.55238095238 8762.9663003663 9833.687912087913 9862.101831501832 
36178.9641025641 36207.517216117216 8667.98608058608 8696.539194139194 9361.561172161171 9390.114285714286 
34752.440293040294 34780.6673992674 8761.015384615384 8789.242490842491 9504.385347985348 9532.612454212454 
36077.063003663 36105.755311355315 8679.612454212454 8708.304761904761 9645.052014652014 9673.744322344322 
35904.683516483514 35933.460073260074 8718.591941391942 8747.368498168498 9739.507692307692 9768.284249084249 
35454.276190476194 35482.58388278388 8605.880586080586 8634.18827838828 9678.631501831502 9706.939194139195 
35794.11355311355 35822.68864468864 8539.267399267399 8567.842490842491 10136.336996336997 10164.912087912087 
35876.95091575092 35905.745787545784 9073.628571428571 9102.423443223443 9681.599267399268 9710.394139194139 
35468.94065934066 35497.01391941392 8596.34358974359 8624.41684981685 9663.054212454212 9691.127472527472 
34607.389743589745 34635.173626373624 8488.723076923077 8516.50695970696 9511.818315018316 9539.602197802198 
35890.70256410256 35919.4021978022 8840.266666666666 8868.9663003663 9569.17509157509 9597.874725274725 
34931.032234432234 34958.75018315019 8719.596336996337 8747.314285714287 9630.684249084248 9658.402197802197 
35176.908424908426 35204.92673992674 8531.131868131868 8559.150183150183 9370.06227106227 9398.080586080587 
34702.01758241758 34729.71721611721 8713.19706959707 8740.896703296703 9465.676923076922 9493.376556776557 
35831.097435897434 35859.76043956044 8932.507692307692 8961.170695970695 10126.038827838827 10154.701831501832 
35624.04908424908 35652.28351648352 8701.78901098901 8730.023443223443 9549.09304029304 9577.327472527473 
36486.69010989011 36515.29450549451 8713.986813186813 8742.59120879121 9722.627838827839 9751.232234432235 
35538.23443223443 35566.19047619047 8579.575091575092 8607.531135531135 9352.516483516483 9380.472527472528 
36221.97216117216 36251.10402930403 8644.173626373626 8673.305494505494 9487.052747252746 9516.184615384615 
36107.92307692308 36136.95970695971 8896.97435897436 8926.010989010989 9928.681318681318 9957.71794871795 
36178.04322344322 36206.54139194139 8737.589010989012 8766.08717948718 9398.860073260073 9427.358241758242 
35559.15531135531 35587.8 8909.279853479853 8937.924542124541 9834.87326007326 9863.517948717948 
35689.65128205128 35718.497435897436 8946.63663003663 8975.482783882784 9952.592673992674 9981.438827838829 
36021.950183150184 36050.737728937725 8663.221245421246 8692.008791208791 9892.466666666667 9921.254212454212 
35364.477655677656 35392.74505494505 8516.964835164836 8545.232234432235 9543.58021978022 9571.84761904762 
36029.882783882786 36058.406593406595 8954.948717948719 8983.472527472528 10121.483516483517 10150.007326007326 
36336.16336996337 36364.522344322344 8811.192673992675 8839.551648351648 9910.335531135532 9938.694505494506 
35580.06007326007 35608.52893772894 8836.419047619047 8864.887912087912 10061.455677655678 10089.924542124541 
35589.54358974359 35618.12234432234 8788.404395604395 8816.98315018315 9857.290842490842 9885.869597069597 
36050.88644688645 36079.72527472527 8809.318681318682 8838.157509157509 9666.970695970696 9695.809523809523 
36435.485714285714 36464.43443223443 9014.401465201465 9043.350183150184 10378.983882783883 10407.9326007326 
35506.5956043956 35534.85201465202 8656.031501831501 8684.287912087912 10004.071794871796 10032.328205128206 
35692.71428571428 35721.18681318681 8742.31501831502 8770.787545787545 9853.289377289377 9881.761904761905 
