45940.37134670487 45968.58051575931 11705.036103151862 11733.245272206304 12407.061891117479 12435.271060171919 
46290.02693409742 46318.19312320917 11302.25329512894 11330.419484240687 12522.029799426935 12550.195988538682 
46259.8670487106 46287.87277936963 11686.907163323782 11714.912893982808 12733.887106017191 12761.892836676217 
45866.41146131805 45894.67793696275 11524.892836676217 11553.159312320917 12977.531805157592 13005.798280802292 
46257.77249283667 46285.978796561605 11370.772492836677 11398.978796561605 12331.77535816619 12359.981661891117 
46316.60401146132 46345.03954154728 11526.297421203439 11554.732951289398 12688.916332378223 12717.351862464184 
45698.8653295129 45726.91690544412 11388.117478510028 11416.169054441261 12606.610315186246 12634.66189111748 
46370.424068767905 46398.88252148997 11619.968481375357 11648.42693409742 12834.191977077364 12862.650429799427 
45845.11346704871 45873.46017191977 11825.167908309455 11853.514613180516 13129.769627507163 13158.116332378224 
45823.978796561605 45852.27392550143 11883.05329512894 11911.348424068769 13041.345558739255 13069.640687679082 
46024.03782234957 46052.21833810888 11683.232664756448 11711.41318051576 12555.135243553008 12583.315759312321 
46217.85558739255 46246.213753581666 11908.660744985673 11937.018911174786 12716.88424068768 12745.24240687679 
45886.26418338109 45914.57936962751 11786.659598853868 11814.974785100287 12700.444699140402 12728.75988538682 
46268.432664756445 46297.01146131805 11794.154727793697 11822.7335243553 12928.607449856734 12957.186246418338 
45295.708309455586 45323.65959885387 11302.120916905444 11330.072206303725 12031.96905444126 12059.920343839542 
46009.274498567334 46037.36045845272 11535.35759312321 11563.443553008596 12680.38911174785 12708.475071633238 
46053.4217765043 46081.53065902579 11646.71977077364 11674.82865329513 12862.301432664757 12890.410315186247 
45813.19369627507 45841.62922636103 11766.282521489971 11794.718051575932 13077.792550143267 13106.228080229226 
46176.36389684814 46204.6217765043 11337.936962750717 11366.194842406876 12867.2664756447 12895.52435530086 
46553.42808022923 46582.084240687676 11780.009742120345 11808.665902578796 13049.654441260745 13078.310601719199 
46446.24355300859 46474.71919770774 11827.799426934098 11856.275071633238 12799.851002865329 12828.32664756447 
45991.03610315186 46019.29398280802 11410.600573065902 11438.858452722063 12985.526074498568 13013.783954154727 
46416.448137535815 46444.87793696275 11588.009742120345 11616.439541547277 12722.141547277937 12750.571346704872 
46458.94899713467 46487.335816618914 11624.676790830945 11653.063610315186 12574.080802292263 12602.467621776505 
46313.23495702006 46341.82808022923 11553.41547277937 11582.008595988538 12444.275071633238 12472.868194842407 
45442.42693409742 45470.65329512894 11592.398280802292 11620.62464183381 12803.449856733525 12831.676217765043 
45889.58911174785 45917.64641833811 11539.99312320917 11568.050429799427 12727.064756446991 12755.12206303725 
46293.44068767908 46321.79025787966 11761.154154727794 11789.503724928367 12914.412034383955 12942.761604584528 
45726.57936962751 45754.75128939828 11367.536389684814 11395.708309455587 12442.547851002866 12470.71977077364 
45532.53925501433 45560.381661891115 11386.38452722063 11414.226934097422 12484.524928366762 12512.367335243553 
46579.59369627507 46608.436103151864 11718.676790830945 11747.519197707736 13103.73982808023 13132.58223495702 
46413.511747851 46442.02750716332 11554.732378223496 11583.248137535817 12612.328366762178 12640.844126074498 
45986.58452722063 46014.81661891117 11776.78223495702 11805.014326647564 13031.756446991403 13059.988538681948 
45624.66876790831 45652.757593123206 12017.40229226361 12045.49111747851 12498.098567335244 12526.187392550144 
45789.12378223496 45817.436103151864 11716.34441260745 11744.656733524354 12770.90888252149 12799.221203438396 
46367.87106017192 46396.20630372493 11568.742120343839 11597.077363896848 12754.578796561605 12782.914040114612 
46095.27392550143 46123.342693409744 11408.156446991405 11436.225214899714 12380.308309455588 12408.377077363897 
46088.78911174785 46117.21891117479 11624.79770773639 11653.227507163323 12374.132951289399 12402.562750716332 
45769.10028653295 45797.13753581662 11509.449856733525 11537.487106017192 12748.948424068767 12776.985673352436 
46338.524928366765 46367.02063037249 11517.58223495702 11546.07793696275 12991.868767908309 13020.36446991404 
46372.49111747851 46400.92378223496 11849.536962750717 11877.969627507164 12428.625787965617 12457.058452722064 
46100.37994269341 46128.56905444126 11712.236676217764 11740.425787965616 13214.589111747851 13242.778223495701 
45974.832664756446 46002.95873925502 11489.600573065902 11517.72664756447 12844.382808022923 12872.50888252149 
46484.866475644696 46513.38223495702 11484.740401146131 11513.256160458453 12536.387965616046 12564.903724928367 
46478.376504297994 46506.800573065906 11541.571346704872 11569.99541547278 13047.582808022922 13076.00687679083 
45513.52435530086 45541.679083094554 11808.724928366762 11836.879656160458 13124.272206303725 13152.42693409742 
45929.878510028655 45957.95014326648 11468.789684813753 11496.861318051577 13000.368481375359 13028.44011461318 
45887.11518624642 45915.410315186244 11172.645272206304 11200.940401146132 12694.986246418339 12723.281375358167 
45808.82693409742 45837.124928366764 11578.087679083095 11606.385673352435 12268.010315186246 12296.308309455588 
46271.06131805158 46299.45100286533 11520.766189111748 11549.155873925502 13618.577077363896 13646.96676217765 
