13795.433628318584 13824.353982300885 2523.858407079646 2552.778761061947 2904.8053097345132 2933.7256637168143 
13997.391150442478 14026.550442477876 2580.6389380530973 2609.7982300884955 3213.877876106195 3243.0371681415927 
13787.994690265486 13816.330973451328 2613.145132743363 2641.4814159292036 2848.7646017699117 2877.100884955752 
13433.495575221239 13461.097345132743 2767.849557522124 2795.451327433628 2938.690265486726 2966.29203539823 
13728.826548672567 13756.693805309735 2665.2778761061945 2693.145132743363 2939.1893805309733 2967.0566371681416 
13283.465486725663 13311.713274336284 2560.925663716814 2589.1734513274337 2954.978761061947 2983.2265486725664 
13630.938053097345 13658.964601769912 2618.734513274336 2646.761061946903 2833.5840707964603 2861.6106194690265 
13320.838938053097 13348.449557522124 2612.113274336283 2639.7238938053097 2816.883185840708 2844.4938053097344 
13439.104424778761 13466.953982300885 2449.5380530973453 2477.387610619469 2716.122123893805 2743.971681415929 
13547.414159292035 13574.847787610619 2581.2194690265487 2608.6530973451327 3073.122123893805 3100.5557522123895 
13420.835398230089 13448.870796460176 2416.791150442478 2444.8265486725663 2954.0477876106193 2982.0831858407078 
13676.378761061947 13704.821238938053 2438.2725663716815 2466.715044247788 2836.4230088495574 2864.8654867256637 
13652.93982300885 13681.169911504425 2571.5769911504426 2599.807079646018 3259.338053097345 3287.5681415929203 
13350.47610619469 13378.883185840708 2480.546902654867 2508.953982300885 2774.5380530973453 2802.945132743363 
13641.854867256638 13669.90796460177 2566.0141592920354 2594.067256637168 3031.261946902655 3059.3150442477877 
13678.962831858407 13707.405309734513 2594.1486725663717 2622.591150442478 3041.6442477876108 3070.0867256637166 
13805.81592920354 13834.293805309735 2868.7982300884955 2897.2761061946903 3092.054867256637 3120.5327433628318 
13766.76814159292 13794.821238938053 2448.7504424778763 2476.803539823009 2842.3522123893804 2870.405309734513 
13725.469026548673 13753.946902654867 2817.9646017699115 2846.4424778761063 2948.380530973451 2976.858407079646 
13523.157522123895 13551.18407079646 2583.1398230088494 2611.166371681416 2843.4849557522125 2871.5115044247786 
13327.293805309735 13354.789380530974 2689.9309734513276 2717.4265486725662 2963.3911504424777 2990.886725663717 
13659.001769911505 13688.302654867257 2556.3469026548673 2585.6477876106196 2948.886725663717 2978.187610619469 
13807.3203539823 13835.576991150443 2569.753982300885 2598.0106194690266 3164.833628318584 3193.0902654867255 
13741.338053097345 13770.063716814158 2594.3203539823007 2623.046017699115 3153.2938053097346 3182.0194690265484 
13575.02831858407 13603.373451327434 2646.214159292035 2674.5592920353984 3038.807079646018 3067.1522123893806 
13501.46017699115 13529.548672566372 2546.3008849557523 2574.3893805309735 3054.495575221239 3082.5840707964603 
13398.246017699115 13426.254867256637 2578.378761061947 2606.387610619469 2989.812389380531 3017.8212389380533 
14231.1203539823 14260.651327433628 2676.2353982300883 2705.766371681416 2916.2973451327434 2945.828318584071 
13580.299115044249 13608.900884955752 2661.051327433628 2689.6530973451327 2763.104424778761 2791.7061946902654 
13453.182300884955 13481.545132743362 2757.695575221239 2786.058407079646 3092.0938053097343 3120.4566371681417 
13547.224778761061 13575.959292035399 2570.375221238938 2599.1097345132744 3051.446017699115 3080.1805309734514 
13221.461946902655 13249.169911504425 2717.2761061946903 2744.9840707964604 2788.5681415929203 2816.2761061946903 
13595.499115044247 13623.313274336284 2595.7557522123893 2623.569911504425 2870.853097345133 2898.667256637168 
13796.775221238939 13825.005309734514 2708.2265486725664 2736.4566371681417 3153.1557522123894 3181.3858407079647 
13617.969911504424 13645.996460176992 2558.6513274336285 2586.6778761061946 2721.4477876106193 2749.474336283186 
13497.702654867257 13525.313274336284 2539.6849557522123 2567.295575221239 2899.2690265486726 2926.879646017699 
14233.761061946903 14262.716814159292 2696.8141592920356 2725.7699115044247 3062.1238938053098 3091.079646017699 
13602.042477876106 13630.502654867256 2690.6265486725665 2719.0867256637166 2966.1398230088494 2994.6 
13691.693805309735 13719.853097345132 2637.2247787610618 2665.38407079646 2999.596460176991 3027.7557522123893 
13639.153982300884 13667.490265486726 2515.6849557522123 2544.021238938053 3368.879646017699 3397.21592920354 
13461.922123893806 13490.169911504425 2616.7805309734513 2645.028318584071 3060.9398230088495 3089.187610619469 
13349.208849557523 13377.023008849557 2501.0230088495573 2528.837168141593 3081.4477876106193 3109.261946902655 
13387.146902654868 13414.899115044247 2518.288495575221 2546.0407079646016 2913.403539823009 2941.1557522123894 
13603.2796460177 13631.562831858408 2539.695575221239 2567.978761061947 3202.6513274336285 3230.9345132743365 
13538.713274336284 13566.686725663716 2647.8460176991152 2675.8194690265486 2914.3858407079647 2942.359292035398 
13563.745132743363 13590.948672566372 2699.143362831858 2726.3469026548673 2841.612389380531 2868.81592920354 
13564.624778761063 13592.562831858408 2519.1823008849556 2547.120353982301 3130.686725663717 3158.624778761062 
13964.456637168141 13992.633628318585 2674.8637168141595 2703.0407079646016 2892.6601769911504 2920.837168141593 
13970.789380530974 13999.35575221239 2612.453097345133 2641.0194690265484 3163.187610619469 3191.753982300885 
13537.601769911504 13566.194690265487 2677.424778761062 2706.0176991150443 2975.309734513274 3003.902654867257 
