15229.964227642276 15258.460162601627 3003.7284552845526 3032.2243902439022 3374.2 3402.6959349593494 
15082.304065040651 15110.434146341464 2993.7918699186994 3021.9219512195123 3430.7512195121953 3458.8813008130082 
15460.678048780488 15489.40162601626 2811.8731707317074 2840.5967479674796 3345.3853658536586 3374.108943089431 
14734.91707317073 14762.746341463415 3006.908943089431 3034.7382113821136 3353.721951219512 3381.551219512195 
15003.325203252032 15031.373983739837 2979.869918699187 3007.918699186992 3334.60162601626 3362.650406504065 
15103.105691056911 15131.609756097561 2969.6747967479673 2998.1788617886177 3144.691056910569 3173.1951219512193 
15097.707317073171 15126.528455284553 3028.121951219512 3056.9430894308944 3350.9349593495936 3379.756097560976 
15304.474796747967 15333.230894308943 2934.531707317073 2963.287804878049 3234.1252032520324 3262.8813008130082 
15152.09268292683 15180.775609756098 2962.5479674796748 2991.230894308943 3388.669918699187 3417.3528455284554 
15649.09268292683 15677.482926829269 3175.7268292682925 3204.1170731707316 3466.011382113821 3494.4016260162603 
15319.681300813008 15348.421138211383 3125.1691056910568 3153.908943089431 3525.949593495935 3554.6894308943088 
15359.647154471544 15388.752845528456 3149.622764227642 3178.7284552845526 3624.4357723577236 3653.541463414634 
14754.253658536585 14782.066666666668 2852.692682926829 2880.5056910569106 3212.879674796748 3240.692682926829 
15481.455284552845 15509.845528455284 2970.788617886179 2999.1788617886177 3251.723577235772 3280.1138211382113 
15077.151219512196 15105.30569105691 3011.582113821138 3039.7365853658534 3407.4357723577236 3435.590243902439 
14926.320325203253 14954.40975609756 3045.840650406504 3073.930081300813 3499.2065040650405 3527.29593495935 
15315.50406504065 15343.918699186992 3015.8130081300815 3044.2276422764226 3269.918699186992 3298.3333333333335 
15109.380487804878 15137.169105691057 2970.7951219512197 2998.5837398373983 3629.030894308943 3656.819512195122 
15189.055284552845 15217.79512195122 2996.6 3025.339837398374 3260.90081300813 3289.640650406504 
14614.001626016261 14641.172357723577 3086.7089430894307 3113.879674796748 3492.4162601626017 3519.5869918699186 
15028.440650406505 15057.009756097561 2871.70081300813 2900.269918699187 3073.6682926829267 3102.2373983739835 
15084.326829268293 15112.188617886179 2786.8715447154473 2814.733333333333 3160.3512195121953 3188.213008130081 
15262.471544715447 15290.861788617885 3078.3252032520327 3106.7154471544713 3548.837398373984 3577.2276422764226 
14932.964227642276 14960.939837398373 2894.069918699187 2922.0455284552845 3166.712195121951 3194.6878048780486 
14613.20162601626 14641.372357723578 2985.860162601626 3014.030894308943 3238.266666666667 3266.437398373984 
15000.915447154472 15029.411382113822 3107.5739837398373 3136.069918699187 3592.468292682927 3620.9642276422765 
15450.869918699187 15479.203252032521 3052.9024390243903 3081.2357723577234 3592.471544715447 3620.8048780487807 
14870.325203252032 14898.130081300813 2762.7398373983738 2790.5447154471544 3109.520325203252 3137.3252032520327 
15424.627642276422 15453.091056910569 3086.920325203252 3115.3837398373985 3315.3349593495936 3343.79837398374 
15365.024390243903 15393.91056910569 3092.4634146341464 3121.349593495935 3365.5365853658536 3394.4227642276423 
15140.227642276423 15168.739837398374 3012.1951219512193 3040.7073170731705 3475.0650406504064 3503.5772357723577 
15080.152845528455 15108.843902439025 3072.0552845528455 3100.7463414634144 3266.8764227642278 3295.5674796747967 
15194.274796747968 15222.00650406504 3036.7626016260165 3064.4943089430894 3329.941463414634 3357.673170731707 
15267.61138211382 15296.172357723577 3001.741463414634 3030.3024390243904 3219.1154471544714 3247.6764227642275 
15139.835772357723 15167.356097560976 3325.1040650406503 3352.6243902439023 3654.429268292683 3681.949593495935 
15102.19674796748 15130.334959349593 2838.9934959349594 2867.131707317073 3293.0341463414634 3321.172357723577 
15149.017886178863 15176.521951219513 2986.0260162601626 3013.530081300813 3580.2455284552843 3607.7495934959347 
15695.796747967479 15724.170731707318 3037.479674796748 3065.8536585365855 3610.682926829268 3639.0569105691056 
15097.058536585366 15125.253658536585 2930.4 2958.5951219512194 3267.00162601626 3295.1967479674795 
14674.777235772357 14702.972357723576 2939.330081300813 2967.5252032520325 3236.671544715447 3264.866666666667 
15136.912195121951 15165.717073170732 2837.611382113821 2866.4162601626017 3407.619512195122 3436.4243902439025 
14981.921951219512 15010.840650406504 2964.6373983739836 2993.5560975609756 3610.0439024390244 3638.9626016260163 
15213.717073170732 15242.009756097561 2971.9934959349594 3000.286178861789 3244.7170731707315 3273.009756097561 
15585.609756097561 15614.634146341463 3109.1544715447153 3138.1788617886177 3456.951219512195 3485.9756097560976 
14954.263414634146 14981.661788617886 2872.808130081301 2900.2065040650405 3292.49918699187 3319.89756097561 
14558.009756097561 14585.887804878048 2849.3918699186993 2877.269918699187 3315.790243902439 3343.6682926829267 
14929.221138211382 14956.782113821138 2902.00162601626 2929.562601626016 3331.0341463414634 3358.5951219512194 
14843.008130081302 14870.81300813008 3044.032520325203 3071.837398373984 3150.2195121951218 3178.0243902439024 
15201.165853658536 15229.434146341464 2997.1252032520324 3025.3934959349594 3358.8325203252034 3387.10081300813 
14889.736585365854 14917.874796747967 2900.2650406504067 2928.4032520325204 3121.3219512195124 3149.460162601626 
