25688.575 25717.1 5878.625 5907.15 6665.385 6693.91 
25744.675 25773.265 5786.475 5815.065 6491.445 6520.035 
25545.964 25573.754 5866.429 5894.219 6301.794 6329.584 
25746.251 25774.621 5976.631 6005.001 6455.981 6484.351 
25378.439 25407.169 5969.914 5998.644 6487.409 6516.139 
25674.456 25702.696 5950.896 5979.136 6758.646 6786.886 
25614.22 25642.34 5845.82 5873.94 7050.85 7078.97 
25936.956 25965.596 5808.446 5837.086 6308.936 6337.576 
25006.377 25034.697 5902.122 5930.442 6469.977 6498.297 
25914.831 25943.111 5885.736 5914.016 6469.641 6497.921 
24775.964 24803.779 5774.264 5802.079 6074.104 6101.919 
25983.479 26012.154 5948.089 5976.764 6748.719 6777.394 
25345.652 25374.032 5993.017 6021.397 6743.512 6771.892 
25476.95 25505.115 6040.22 6068.385 6670.82 6698.985 
25915.868 25944.398 6095.318 6123.848 6768.438 6796.968 
25979.104 26007.964 5831.279 5860.139 6424.294 6453.154 
25670.533 25698.988 6122.373 6150.828 6770.283 6798.738 
25935.759 25963.984 5941.294 5969.519 6390.079 6418.304 
24985.036 25012.731 5763.596 5791.291 6363.476 6391.171 
25983.433 26012.428 5968.688 5997.683 6959.553 6988.548 
25536.534 25564.539 6007.589 6035.594 6962.004 6990.009 
26400.88 26429.27 5865.705 5894.095 6259.99 6288.38 
26227.731 26256.906 6168.511 6197.686 6836.981 6866.156 
24982.414 25010.759 6026.849 6055.194 6904.914 6933.259 
24786.819 24814.734 5660.354 5688.269 6548.519 6576.434 
25585.799 25613.434 5883.954 5911.589 6633.759 6661.394 
25535.72 25563.855 6077.84 6105.975 6765.62 6793.755 
25751.809 25779.874 6005.999 6034.064 6906.339 6934.404 
25721.644 25749.699 6096.549 6124.604 6450.084 6478.139 
25230.745 25258.67 5936.96 5964.885 6420.305 6448.23 
25417.45 25445.875 5935.06 5963.485 6429.4 6457.825 
25573.123 25601.163 5877.958 5905.998 6482.453 6510.493 
25413.798 25441.943 6004.178 6032.323 6532.568 6560.713 
24938.405 24966.165 5993.525 6021.285 6179.795 6207.555 
26174.206 26202.716 5946.691 5975.201 6647.516 6676.026 
25300.285 25328.75 5976.39 6004.855 6684.475 6712.94 
25753.825 25782.175 5795.68 5824.03 6728.025 6756.375 
25790.898 25819.418 5892.213 5920.733 7003.748 7032.268 
25545.21 25573.65 6076.245 6104.685 6297.08 6325.52 
25631.395 25659.69 5926.23 5954.525 6880.845 6909.14 
26208.029 26236.859 5909.974 5938.804 6980.419 7009.249 
25291.35 25319.605 5786.98 5815.235 6418.9 6447.155 
25623.186 25652.026 6037.746 6066.586 6420.336 6449.176 
25901.318 25930.383 6139.028 6168.093 7072.868 7101.933 
25988.854 26017.204 5975.339 6003.689 6673.314 6701.664 
25897.8 25926.665 6093.48 6122.345 6761.48 6790.345 
25612.212 25640.392 5777.127 5805.307 6617.672 6645.852 
25514.969 25543.144 5826.864 5855.039 6323.169 6351.344 
25563.769 25592.119 5953.309 5981.659 6661.969 6690.319 
25936.977 25965.277 5915.762 5944.062 6900.857 6929.157 
