37093.986476868326 37122.39572953737 9059.794306049822 9088.203558718862 10006.096797153024 10034.506049822065 
37338.37580071174 37366.73879003559 9134.03772241993 9162.400711743772 9755.646263345196 9784.009252669039 
36432.27046263345 36460.41637010676 8986.405693950179 9014.551601423487 9865.491103202847 9893.637010676157 
36798.76014234876 36827.02348754449 8798.71743772242 8826.98078291815 9593.240569395019 9621.503914590747 
36471.620640569396 36499.64199288256 8886.631316725978 8914.652669039146 9748.713167259786 9776.734519572954 
36877.0512455516 36905.42135231317 8995.997864768684 9024.36797153025 9439.851957295374 9468.22206405694 
36437.071886121 36465.10035587189 8871.0256227758 8899.05409252669 9606.826334519574 9634.854804270462 
36370.54946619217 36398.645551601425 8901.453380782918 8929.549466192171 9705.115302491104 9733.211387900355 
37142.3359430605 37170.56014234875 9325.300355871886 9353.524555160142 10037.449822064056 10065.674021352314 
37059.775088967974 37088.36939501779 9172.515302491103 9201.109608540924 10063.501067615658 10092.095373665481 
36064.116725978645 36092.23060498221 8911.575800711744 8939.689679715302 9812.056227758007 9840.170106761565 
36422.484697508895 36450.78007117438 9182.990035587189 9211.285409252669 10180.338790035586 10208.634163701068 
36248.76583629893 36276.79786476868 9142.40640569395 9170.438434163701 9762.05053380783 9790.08256227758 
36758.58007117438 36786.96797153025 9116.85409252669 9145.241992882562 10306.284697508896 10334.672597864768 
36861.70676156584 36890.02348754449 8875.83487544484 8904.151601423488 9714.2512455516 9742.567971530249 
37419.80996441281 37448.69252669039 9147.653380782918 9176.535943060499 9777.720996441281 9806.603558718862 
36817.27259786477 36845.62135231317 8961.07330960854 8989.42206405694 10196.564412811387 10224.913167259787 
37462.09822064057 37490.58220640569 9024.92028469751 9053.404270462634 10015.831316725978 10044.315302491103 
36980.49822064057 37009.04982206406 9034.790035587188 9063.341637010677 10065.377224199288 10093.928825622776 
36772.3359430605 36800.38932384342 9265.46049822064 9293.513879003558 9922.48896797153 9950.542348754449 
36772.359430604985 36801.42348754448 9010.010676156584 9039.074733096086 9804.298932384341 9833.362989323843 
36903.8512455516 36932.23558718861 8894.292526690391 8922.676868327402 9767.797864768683 9796.182206405694 
36830.05266903915 36858.52597864769 8950.340925266904 8978.814234875445 9686.611387900355 9715.084697508897 
36911.036298932384 36939.723131672596 8925.961565836298 8954.648398576512 10399.34590747331 10428.032740213523 
36312.300355871885 36340.58149466192 8970.07971530249 8998.360854092527 9644.474733096085 9672.755871886122 
36429.25836298933 36457.40071174377 8801.137366548042 8829.279715302491 9513.881138790035 9542.023487544484 
37335.62135231317 37364.464768683276 9334.646263345196 9363.489679715303 9988.870462633451 10017.713879003559 
36738.167259786474 36766.99644128114 9189.519572953737 9218.348754448398 9979.167259786476 10007.996441281139 
37426.54519572954 37455.509608540924 8973.712455516014 9002.676868327402 9683.068327402136 9712.032740213523 
36705.883985765126 36734.197153024914 8854.631316725978 8882.944483985764 9636.506761565835 9664.819928825622 
36937.60284697509 36965.82348754448 8764.948042704626 8793.168683274022 9764.859074733096 9793.07971530249 
36946.486120996444 36975.09466192171 8878.866903914592 8907.475444839858 10138.902491103203 10167.51103202847 
36664.434163701066 36693.01779359431 8822.170818505338 8850.754448398577 9798.124555160142 9826.708185053381 
36494.2 36522.5024911032 9065.260498220641 9093.562989323844 10125.591459074732 10153.893950177935 
36042.65053380783 36070.59359430605 8775.287544483986 8803.230604982207 9802.155871886122 9830.098932384342 
36583.274733096085 36612.07900355872 8881.452669039147 8910.25693950178 9851.648398576512 9880.452669039147 
36661.170818505336 36689.36654804271 9224.074733096086 9252.270462633453 9834.79715302491 9862.992882562277 
36770.64128113879 36798.94377224199 9202.915302491103 9231.217793594305 10398.039857651245 10426.342348754448 
36355.79786476868 36383.68398576512 9120.559430604982 9148.445551601424 9687.901067615658 9715.7871886121 
37112.16868327402 37140.52455516014 8990.108185053381 9018.464056939501 9936.720284697509 9965.07615658363 
36085.589323843415 36113.43985765125 9078.728113879004 9106.578647686832 9796.966548042705 9824.817081850533 
36588.79288256228 36617.28754448399 9169.992170818505 9198.486832740213 10028.967259786477 10057.461921708185 
36527.99572953737 36556.52953736655 8788.985053380782 8817.518861209965 9770.618505338078 9799.15231316726 
37318.538078291815 37346.81921708185 8924.587900355871 8952.869039145908 9808.249822064057 9836.530960854092 
36832.22775800712 36860.60498220641 9090.672597864768 9119.049822064057 10234.2384341637 10262.615658362989 
37392.7615658363 37421.44483985765 9094.722419928825 9123.405693950179 10113.007117437723 10141.690391459075 
36931.33238434164 36959.883985765126 8974.268327402135 9002.819928825622 10035.634875444839 10064.186476868328 
36057.297508896794 36085.02704626334 8779.101779359431 8806.831316725978 9458.496797153024 9486.226334519573 
36702.58434163701 36730.60569395018 8928.11103202847 8956.132384341638 9638.958007117437 9666.979359430605 
36862.192170818504 36890.26334519573 9051.138790035588 9079.209964412812 9469.021352313168 9497.092526690392 
