12264.078431372549 12292.470588235294 2177.4901960784314 2205.8823529411766 2261.1176470588234 2289.5098039215686 
12485.186274509804 12513.607843137255 2176.6372549019607 2205.0588235294117 2440.6960784313724 2469.1176470588234 
12054.472549019607 12082.639215686275 2212.1294117647058 2240.2960784313727 2428.786274509804 2456.9529411764706 
11935.947058823529 11964.064705882352 2172.4176470588236 2200.535294117647 2580.8490196078433 2608.9666666666667 
12516.121568627452 12545.27843137255 2181.3764705882354 2210.5333333333333 2720.9450980392157 2750.1019607843136 
12440.331372549019 12468.713725490195 2234.7039215686273 2263.086274509804 2657.272549019608 2685.654901960784 
12531.419607843138 12560.301960784314 2228.654901960784 2257.5372549019608 2770.321568627451 2799.2039215686273 
12382.666666666666 12411.78431372549 2208.0686274509803 2237.1862745098038 2712.176470588235 2741.294117647059 
12104.037254901961 12132.360784313725 2290.949019607843 2319.272549019608 2589.154901960784 2617.478431372549 
12345.69411764706 12374.498039215687 2445.1254901960783 2473.929411764706 2625.5372549019608 2654.3411764705884 
12312.64705882353 12340.960784313726 2284.4411764705883 2312.7549019607845 2601.5098039215686 2629.823529411765 
11984.378431372548 12012.152941176471 2244.1529411764704 2271.927450980392 2437.437254901961 2465.211764705882 
12414.023529411765 12443.239215686275 2080.562745098039 2109.778431372549 2247.7294117647057 2276.9450980392157 
12340.727450980392 12368.786274509805 2330.4529411764706 2358.5117647058823 2614.492156862745 2642.550980392157 
12363.050980392158 12391.67843137255 2165.8745098039217 2194.5019607843137 2629.1686274509802 2657.7960784313727 
12480.954901960784 12509.641176470588 2295.0039215686274 2323.690196078431 2552.8764705882354 2581.562745098039 
12305.25294117647 12333.703921568627 2316.4882352941177 2344.9392156862746 2514.5470588235294 2542.9980392156863 
12342.11568627451 12370.674509803921 2281.9882352941177 2310.5470588235294 2525.1941176470586 2553.752941176471 
12512.358823529412 12541.3 2289.780392156863 2318.721568627451 2615.8882352941177 2644.829411764706 
12183.38431372549 12211.786274509805 2043.8450980392156 2072.247058823529 2640.1686274509802 2668.570588235294 
12359.537254901961 12387.635294117646 2196.3607843137256 2224.458823529412 2492.8117647058825 2520.9098039215687 
12308.439215686274 12337.037254901961 2127.1254901960783 2155.7235294117645 2444.2431372549017 2472.8411764705884 
12314.054901960784 12341.829411764706 2140.4176470588236 2168.192156862745 2741.113725490196 2768.8882352941177 
12097.63137254902 12125.180392156863 2328.719607843137 2356.2686274509806 2530.337254901961 2557.886274509804 
12004.927450980393 12033.525490196078 2158.7019607843135 2187.3 2485.613725490196 2514.211764705882 
12181.613725490197 12210.16274509804 2154.133333333333 2182.6823529411763 2247.2607843137257 2275.809803921569 
11924.156862745098 11952.039215686274 2201.735294117647 2229.6176470588234 2633.1176470588234 2661.0 
12158.0 12186.362745098038 2345.8137254901962 2374.176470588235 2833.627450980392 2861.9901960784314 
12519.621568627452 12548.219607843137 2281.366666666667 2309.964705882353 2579.3470588235296 2607.9450980392157 
12299.541176470588 12328.472549019607 2262.4627450980392 2291.394117647059 2685.443137254902 2714.3745098039217 
12112.986274509803 12141.466666666667 2138.005882352941 2166.486274509804 2851.437254901961 2879.9176470588236 
12341.509803921568 12370.0 2338.735294117647 2367.225490196078 2995.5882352941176 3024.078431372549 
12188.311764705883 12217.380392156863 2046.056862745098 2075.1254901960783 2742.449019607843 2771.5176470588235 
12408.388235294118 12436.51568627451 2405.1725490196077 2433.3 2485.2901960784316 2513.4176470588236 
11982.08431372549 12009.692156862746 2173.3980392156864 2201.005882352941 2347.51568627451 2375.1235294117646 
11885.521568627451 11914.129411764707 2122.31568627451 2150.923529411765 2761.1882352941175 2789.7960784313727 
12270.472549019607 12298.854901960784 2299.7078431372547 2328.0901960784313 2524.1392156862744 2552.521568627451 
12041.48431372549 12070.170588235294 2328.749019607843 2357.435294117647 2538.856862745098 2567.543137254902 
12149.550980392158 12177.913725490196 2405.5803921568627 2433.943137254902 2867.1392156862744 2895.5019607843137 
12343.08431372549 12371.947058823529 2269.8686274509805 2298.7313725490194 2509.4960784313726 2538.358823529412 
11909.711764705882 11937.250980392157 2179.643137254902 2207.1823529411763 2283.9470588235295 2311.486274509804 
12162.27843137255 12190.209803921569 2363.670588235294 2391.6019607843136 2706.592156862745 2734.5235294117647 
11929.739215686275 11957.396078431373 2302.48431372549 2330.141176470588 2479.9745098039216 2507.6313725490195 
12113.22156862745 12141.250980392157 2217.064705882353 2245.0941176470587 2470.3980392156864 2498.427450980392 
12315.25294117647 12343.998039215687 2317.7431372549017 2346.4882352941177 2510.880392156863 2539.6254901960783 
12351.72156862745 12379.849019607844 2251.486274509804 2279.613725490196 2762.780392156863 2790.907843137255 
12062.203921568627 12090.341176470589 2061.752941176471 2089.8901960784315 2466.2039215686273 2494.3411764705884 
12216.26862745098 12244.876470588235 2186.8470588235296 2215.4549019607844 2665.366666666667 2693.9745098039216 
12074.425490196078 12102.494117647058 2378.9549019607844 2407.0235294117647 2518.386274509804 2546.4549019607844 
12023.474509803922 12051.307843137254 2285.013725490196 2312.8470588235296 2676.0235294117647 2703.856862745098 
