33089.004743083 33117.40790513834 7988.838735177866 8017.241897233202 8568.645059288538 8597.048221343874 
32525.864031620553 32553.891699604745 7938.796837944664 7966.824505928854 9051.290909090909 9079.318577075099 
33307.75019762846 33336.5209486166 8148.117786561264 8176.888537549407 8465.311462450592 8494.082213438734 
33798.21027667984 33827.04822134387 7979.052173913044 8007.890118577075 9205.154940711462 9233.992885375494 
33039.44426877471 33067.78023715415 8034.392885375494 8062.728853754941 9210.736758893281 9239.072727272727 
32767.579446640317 32795.63478260869 7913.271146245059 7941.326482213439 8863.06956521739 8891.12490118577 
33435.826877470354 33464.60948616601 8062.170750988143 8090.953359683795 9048.154940711462 9076.937549407116 
32117.624505928852 32145.138339920948 7987.893280632411 8015.407114624506 8286.624505928854 8314.138339920948 
31851.100395256915 31879.041106719367 8002.298023715415 8030.238735177865 8487.8395256917 8515.78023715415 
32510.030039525693 32538.06561264822 7723.547826086957 7751.583399209486 8933.709881422925 8961.745454545455 
32939.355731225296 32967.343873517784 7953.169960474308 7981.158102766798 9114.379446640316 9142.367588932806 
33228.87588932806 33257.25533596838 8067.939130434783 8096.318577075099 8724.02608695652 8752.405533596839 
33001.71699604743 33029.91462450593 8077.471936758893 8105.669565217391 9307.191304347825 9335.388932806323 
32855.822924901186 32884.012648221345 7858.996837944664 7887.186561264823 8545.700395256918 8573.890118577076 
32827.283794466406 32855.78577075099 7994.303557312253 8022.805533596838 9025.690909090908 9054.192885375494 
32915.12727272727 32943.92964426878 7869.143083003953 7897.945454545455 8935.724110671938 8964.52648221344 
33034.719367588936 33063.11067193676 7918.723320158103 7947.114624505929 8711.97233201581 8740.363636363636 
33682.747826086954 33711.45533596838 7620.625296442688 7649.332806324111 9023.107509881424 9051.815019762846 
33556.27035573123 33584.894861660076 8148.499604743083 8177.124110671937 9017.381027667983 9046.005533596837 
33188.54861660079 33217.173122529646 8163.904347826087 8192.52885375494 8992.323320158102 9020.947826086956 
32796.012648221345 32824.56205533597 7895.000790513834 7923.550197628459 8813.42371541502 8841.973122529644 
32437.60395256917 32466.165217391303 7728.291699604743 7756.852964426877 8793.50513833992 8822.066403162054 
33278.86956521739 33307.52569169961 7974.743083003953 8003.399209486166 9293.245059288538 9321.90118577075 
33080.31778656127 33108.78023715415 8149.894861660079 8178.357312252964 8495.83162055336 8524.294071146245 
32997.09644268775 33025.495652173915 7858.238735177865 7886.637944664031 9403.89881422925 9432.298023715415 
33241.52806324111 33270.2 8048.622924901186 8077.294861660079 8803.476679841897 8832.14861660079 
33706.62766798419 33735.995256917 8224.062450592884 8253.430039525692 8763.864822134386 8793.232411067194 
32632.04980237154 32660.25138339921 7785.895652173913 7814.097233201581 8391.587351778657 8419.788932806325 
32553.735968379446 32581.36837944664 8013.874308300396 8041.506719367589 8525.4 8553.032411067194 
32553.064031620554 32581.103557312254 7897.40395256917 7925.44347826087 8731.803162055336 8759.842687747036 
33069.29723320158 33097.78735177866 8109.032411067194 8137.522529644269 9149.894071146246 9178.38418972332 
32308.573913043478 32336.688537549406 8035.198418972332 8063.313043478261 8762.190513833992 8790.305138339922 
32651.833201581027 32679.71067193676 7894.038735177865 7921.916205533596 8687.5604743083 8715.437944664032 
33042.06482213439 33070.47193675889 8005.349407114624 8033.75652173913 8554.132015810277 8582.539130434783 
32757.274308300395 32785.242687747035 8127.309881422925 8155.278260869565 8589.049011857707 8617.017391304347 
32874.660079051384 32902.88537549407 7808.217391304348 7836.442687747036 8712.221343873518 8740.446640316206 
33183.77154150198 33212.46719367589 8095.012648221344 8123.708300395257 8665.269565217392 8693.965217391304 
33082.6743083004 33110.95494071146 8042.069565217392 8070.350197628459 9171.350197628459 9199.630830039525 
32539.06561264822 32566.749407114625 7975.871936758893 8003.555731225297 9064.16837944664 9091.852173913043 
33059.73359683794 33088.010276679845 7947.986561264822 7976.26324110672 8763.950988142293 8792.227667984189 
33408.66324110672 33436.987351778655 8170.58418972332 8198.908300395256 9200.55652173913 9228.880632411066 
33651.44268774703 33679.93675889328 7968.098814229249 7996.592885375494 9325.415019762846 9353.90909090909 
33146.509090909094 33174.5604743083 8045.805533596838 8073.856916996047 8755.058498023716 8783.109881422924 
33476.978656126485 33505.89565217392 8095.998418972332 8124.915415019763 8433.694071146245 8462.611067193677 
33668.229249011856 33697.08300395257 7851.110671936759 7879.96442687747 9018.225296442688 9047.0790513834 
32492.38023715415 32520.127272727274 7954.42371541502 7982.170750988143 8536.50276679842 8564.249802371542 
32944.09565217391 32972.633201581026 8011.818972332016 8040.356521739131 9161.008695652174 9189.546245059288 
33192.18972332016 33220.98814229249 7844.498023715415 7873.296442687747 8841.482213438736 8870.280632411068 
33234.40158102767 33262.57944664032 7784.20395256917 7812.381818181818 8507.306719367589 8535.484584980237 
32306.058498023714 32334.65928853755 8111.722529644268 8140.323320158102 8863.169169960474 8891.769960474308 
