43189.73888888889 43218.346913580244 10540.686419753087 10569.294444444444 11487.856172839507 11516.464197530864 
42850.317901234564 42878.63888888889 10932.768518518518 10961.089506172839 11922.441358024691 11950.762345679012 
43432.8475308642 43461.60987654321 10642.038888888888 10670.801234567902 11807.884567901234 11836.646913580247 
41815.64012345679 41843.544444444444 10604.612345679012 10632.516666666666 11454.238888888889 11482.143209876544 
42510.77407407408 42539.01790123457 10494.761728395062 10523.005555555555 11832.953086419753 11861.196913580246 
42379.21666666667 42407.12098765432 10699.707407407408 10727.611728395063 11410.05 11437.954320987654 
42218.25432098765 42246.21111111111 10685.93950617284 10713.896296296296 11542.964197530864 11570.920987654321 
43368.04012345679 43396.52469135803 10648.981481481482 10677.466049382716 11568.225308641975 11596.70987654321 
42401.54567901234 42429.93148148148 10423.872839506173 10452.258641975308 12011.11975308642 12039.505555555555 
42137.16975308642 42165.49382716049 10678.064814814816 10706.388888888889 11773.175925925925 11801.5 
42571.30370370371 42599.2512345679 10723.186419753087 10751.133950617284 11348.982716049382 11376.93024691358 
42837.57407407407 42865.76234567901 10694.172839506173 10722.361111111111 11578.432098765432 11606.62037037037 
43350.92283950617 43380.003086419754 10571.99074074074 10601.07098765432 12160.608024691359 12189.688271604939 
42022.89012345679 42050.64938271605 10616.837654320987 10644.596913580246 11666.914814814814 11694.674074074073 
43013.37160493827 43041.862345679016 10708.177160493828 10736.667901234568 11627.47037037037 11655.961111111112 
42735.98395061729 42764.292592592596 11085.564197530864 11113.872839506173 11938.737037037037 11967.045679012346 
42432.80987654321 42461.18950617284 10767.803703703703 10796.183333333332 11561.612345679012 11589.991975308641 
42563.65802469136 42591.77222222222 10789.577777777778 10817.691975308642 11518.81851851852 11546.932716049383 
42252.8 42281.043827160494 10719.343209876542 10747.587037037038 11386.948148148149 11415.191975308642 
42434.91358024691 42463.06172839506 10677.530864197532 10705.67901234568 11443.753086419752 11471.901234567902 
42351.474691358024 42379.70925925926 10562.36049382716 10590.595061728394 11785.437654320987 11813.672222222222 
42941.63024691358 42970.2012345679 10640.275308641976 10668.846296296297 11858.722839506172 11887.293827160494 
43112.50617283951 43140.87345679013 10703.561728395061 10731.92901234568 11559.413580246914 11587.780864197532 
43666.45987654321 43695.28086419753 10756.796296296296 10785.617283950618 11856.953703703704 11885.774691358025 
42750.985802469135 42779.21111111111 10627.596913580246 10655.822222222223 11424.183333333332 11452.40864197531 
42801.700617283954 42830.391975308645 10785.978395061727 10814.66975308642 11733.589506172839 11762.280864197532 
43366.49197530864 43395.18641975309 10923.667901234568 10952.362345679012 11934.856172839507 11963.55061728395 
42458.78333333333 42486.804938271605 10802.65987654321 10830.68148148148 11776.684567901235 11804.706172839506 
42510.12222222222 42538.32592592593 10581.236419753086 10609.44012345679 11692.881481481481 11721.085185185186 
42248.432716049385 42276.340123456794 10780.201234567901 10808.108641975308 11613.636419753086 11641.543827160494 
42096.14074074074 42124.60061728395 10782.366049382716 10810.825925925927 11714.69012345679 11743.15 
42575.19135802469 42603.39506172839 10820.842592592593 10849.046296296296 11772.882716049382 11801.086419753086 
42545.724074074074 42573.95864197531 10795.041975308643 10823.276543209877 11553.853703703704 11582.088271604938 
42570.98827160494 42598.81234567901 10662.031481481481 10689.855555555556 11847.846296296297 11875.67037037037 
42669.427777777775 42697.835185185184 10584.165432098765 10612.572839506172 11889.687037037036 11918.094444444445 
42934.595679012345 42963.17901234568 10660.08024691358 10688.663580246914 11702.385802469136 11730.969135802468 
42803.37160493827 42831.51049382716 10683.047530864198 10711.186419753087 11926.161728395062 11954.30061728395 
43662.707407407404 43691.636419753086 10869.401851851851 10898.33086419753 11769.114814814815 11798.043827160494 
42059.973456790125 42088.11851851852 10606.427160493828 10634.572222222223 11734.47962962963 11762.624691358025 
42537.78950617284 42566.101234567905 10780.363580246914 10808.675308641976 11510.116666666667 11538.428395061728 
43037.42469135803 43065.78888888889 10701.267283950618 10729.631481481481 12203.208641975309 12231.572839506172 
43064.62037037037 43092.83950617284 10660.876543209877 10689.095679012345 11777.447530864198 11805.666666666666 
42080.31358024691 42108.4524691358 10473.535802469136 10501.674691358025 11319.887654320988 11348.026543209877 
42919.43456790123 42947.73703703703 10635.391358024692 10663.693827160494 11925.718518518519 11954.020987654321 
43431.03703703704 43459.83641975309 10859.166666666666 10887.966049382716 12008.777777777777 12037.577160493827 
43928.64135802469 43957.19074074074 10548.996296296296 10577.545679012346 11562.196913580246 11590.746296296296 
42432.09074074074 42460.137037037035 10570.562962962964 10598.60925925926 11168.22037037037 11196.266666666666 
42433.01790123457 42461.159876543206 10674.382098765433 10702.524074074074 11906.61049382716 11934.752469135803 
42802.98271604938 42831.47037037037 10687.834567901235 10716.322222222223 11670.019753086419 11698.507407407407 
41961.43024691358 41989.14012345679 10599.362345679012 10627.072222222223 11816.319135802469 11844.02901234568 
