6224.776666666667 6252.526666666667 648.9266666666666 676.6766666666666 848.1766666666666 875.9266666666666 
6680.366666666667 6707.616666666667 695.4833333333333 722.7333333333333 877.3666666666667 904.6166666666667 
6388.863333333334 6416.613333333334 661.33 689.08 885.0633333333334 912.8133333333334 
6677.806666666666 6706.2733333333335 670.5733333333334 699.04 889.84 918.3066666666666 
6209.113333333334 6236.846666666666 645.23 672.9633333333334 716.2466666666667 743.98 
6290.106666666667 6317.556666666666 766.0233333333333 793.4733333333334 999.9733333333334 1027.4233333333334 
6419.653333333334 6447.32 601.6866666666666 629.3533333333334 835.92 863.5866666666667 
6705.556666666666 6734.423333333333 697.4233333333333 726.29 864.49 893.3566666666667 
6667.993333333333 6696.576666666667 716.8266666666667 745.41 1004.3266666666667 1032.91 
6629.3 6657.583333333333 747.5333333333333 775.8166666666667 904.2 932.4833333333333 
6475.096666666666 6503.18 804.68 832.7633333333333 1024.7966666666666 1052.88 
6486.79 6515.573333333334 793.29 822.0733333333334 1006.8233333333334 1035.6066666666666 
6223.046666666667 6250.746666666667 773.8966666666666 801.5966666666667 837.8133333333334 865.5133333333333 
6555.536666666667 6583.6033333333335 792.0033333333333 820.07 1094.87 1122.9366666666667 
6407.033333333334 6435.516666666666 768.8 797.2833333333333 946.0 974.4833333333333 
6525.746666666667 6554.28 643.53 672.0633333333334 1021.9466666666667 1050.48 
6385.066666666667 6413.15 740.8 768.8833333333333 970.3 998.3833333333333 
6357.043333333333 6384.876666666667 623.16 650.9933333333333 752.01 779.8433333333334 
6410.05 6438.6 613.2166666666667 641.7666666666667 904.65 933.2 
6484.016666666666 6512.4 708.0 736.3833333333333 984.2166666666667 1012.6 
6309.8966666666665 6338.713333333333 688.73 717.5466666666666 957.9633333333334 986.78 
6619.586666666667 6647.27 780.3366666666667 808.02 1009.7866666666666 1037.47 
6409.36 6437.276666666667 776.0766666666667 803.9933333333333 982.5266666666666 1010.4433333333334 
6423.26 6451.593333333333 791.2766666666666 819.61 799.9266666666666 828.26 
6505.673333333333 6534.406666666667 732.1566666666666 760.89 750.8733333333333 779.6066666666667 
6223.803333333333 6251.153333333334 815.9033333333333 843.2533333333333 911.97 939.32 
6513.583333333333 6541.833333333333 843.7333333333333 871.9833333333333 1019.7833333333333 1048.0333333333333 
5951.303333333333 5978.253333333333 756.92 783.87 842.3033333333333 869.2533333333333 
6081.106666666667 6108.39 810.0933333333334 837.3766666666667 815.64 842.9233333333333 
6654.69 6683.89 632.9733333333334 662.1733333333333 888.9566666666667 918.1566666666666 
6435.363333333334 6463.963333333333 685.03 713.63 1031.43 1060.03 
6162.86 6190.71 595.9433333333334 623.7933333333333 818.96 846.81 
6397.76 6425.693333333334 662.5766666666667 690.51 1038.56 1066.4933333333333 
6632.25 6661.516666666666 656.1666666666666 685.4333333333333 991.8833333333333 1021.15 
6465.49 6493.756666666667 681.3733333333333 709.64 836.1233333333333 864.39 
6461.1466666666665 6488.363333333334 495.28 522.4966666666667 717.7466666666667 744.9633333333334 
6450.643333333333 6479.543333333333 693.02 721.92 920.81 949.71 
6816.4366666666665 6845.97 914.1366666666667 943.67 1103.17 1132.7033333333334 
6729.54 6757.823333333334 891.1066666666667 919.39 1017.94 1046.2233333333334 
6612.873333333333 6641.473333333333 851.5233333333333 880.1233333333333 990.7066666666667 1019.3066666666666 
6581.046666666667 6609.613333333334 608.4466666666667 637.0133333333333 1021.9133333333333 1050.48 
6309.123333333333 6337.5233333333335 804.1733333333333 832.5733333333334 994.2566666666667 1022.6566666666666 
6611.763333333333 6641.113333333334 670.1133333333333 699.4633333333334 810.8633333333333 840.2133333333334 
6522.953333333333 6551.27 646.5366666666666 674.8533333333334 895.5533333333333 923.87 
6260.163333333333 6287.746666666667 547.6133333333333 575.1966666666667 820.63 848.2133333333334 
6421.17 6448.803333333333 766.0033333333333 793.6366666666667 1025.27 1052.9033333333334 
6394.123333333333 6423.04 643.2066666666667 672.1233333333333 751.7566666666667 780.6733333333333 
6296.3133333333335 6324.613333333334 648.48 676.78 776.8133333333334 805.1133333333333 
6469.003333333333 6498.703333333333 763.0033333333333 792.7033333333334 1072.3366666666666 1102.0366666666666 
6567.296666666667 6595.03 804.73 832.4633333333334 1001.2633333333333 1028.9966666666667 
