3806.657142857143 3834.942857142857 214.1095238095238 242.39523809523808 313.9428571428571 342.22857142857146 
3872.552380952381 3901.4095238095238 183.98095238095237 212.83809523809524 377.26666666666665 406.12380952380954 
3723.3714285714286 3751.442857142857 202.72857142857143 230.8 233.32380952380953 261.3952380952381 
3603.995238095238 3630.995238095238 279.04285714285714 306.04285714285714 309.2809523809524 336.2809523809524 
3974.195238095238 4002.790476190476 254.98095238095237 283.5761904761905 336.7190476190476 365.3142857142857 
4085.752380952381 4114.3 208.2047619047619 236.75238095238095 359.56190476190477 388.1095238095238 
4147.828571428571 4175.638095238095 353.85238095238094 381.66190476190474 444.0190476190476 471.8285714285714 
3748.347619047619 3775.3952380952383 278.5047619047619 305.55238095238093 415.15714285714284 442.2047619047619 
3887.1761904761906 3915.1761904761906 297.53333333333336 325.53333333333336 417.7952380952381 445.7952380952381 
4284.938095238095 4315.057142857143 369.5571428571429 399.67619047619047 498.65238095238095 528.7714285714286 
4352.604761904762 4382.390476190476 220.84285714285716 250.62857142857143 374.4142857142857 404.2 
3895.809523809524 3923.8333333333335 221.14285714285714 249.16666666666666 435.95238095238096 463.9761904761905 
4266.433333333333 4295.6238095238095 188.07619047619048 217.26666666666668 310.33809523809526 339.5285714285714 
3958.638095238095 3986.542857142857 231.8761904761905 259.7809523809524 358.9238095238095 386.8285714285714 
3691.152380952381 3717.652380952381 189.2 215.7 379.7238095238095 406.2238095238095 
4101.742857142857 4131.2904761904765 257.3142857142857 286.8619047619048 451.93333333333334 481.4809523809524 
3961.4190476190474 3989.8238095238094 292.14761904761906 320.55238095238093 318.37142857142857 346.7761904761905 
3735.4380952380952 3762.295238095238 232.2952380952381 259.15238095238095 318.96190476190475 345.81904761904764 
3875.5761904761903 3904.861904761905 222.95714285714286 252.24285714285713 330.05238095238093 359.33809523809526 
3681.885714285714 3709.004761904762 240.13333333333333 267.252380952381 456.26666666666665 483.3857142857143 
4092.1190476190477 4122.071428571428 251.5 281.45238095238096 413.64285714285717 443.5952380952381 
4111.814285714286 4140.457142857143 329.8142857142857 358.45714285714286 452.3857142857143 481.0285714285714 
3905.538095238095 3933.8952380952383 230.06190476190477 258.4190476190476 402.34761904761905 430.7047619047619 
3947.295238095238 3975.890476190476 207.86666666666667 236.46190476190475 436.43809523809523 465.03333333333336 
3786.0904761904762 3813.614285714286 216.97142857142856 244.4952380952381 280.8047619047619 308.3285714285714 
3571.019047619048 3598.8285714285716 289.4 317.20952380952383 405.4190476190476 433.22857142857146 
3899.304761904762 3926.5904761904762 229.2095238095238 256.4952380952381 411.7809523809524 439.06666666666666 
3917.4714285714285 3945.5904761904762 202.59047619047618 230.7095238095238 330.4714285714286 358.5904761904762 
4006.309523809524 4033.3809523809523 222.9047619047619 249.97619047619048 319.7857142857143 346.85714285714283 
3878.342857142857 3905.866666666667 207.74761904761905 235.27142857142857 312.48571428571427 340.0095238095238 
3766.595238095238 3793.9523809523807 206.14761904761906 233.5047619047619 314.1666666666667 341.5238095238095 
4045.7238095238095 4074.7238095238095 269.6047619047619 298.6047619047619 508.48571428571427 537.4857142857143 
3868.295238095238 3897.2238095238095 165.77142857142857 194.7 323.77142857142854 352.7 
3680.8952380952383 3708.847619047619 243.6809523809524 271.6333333333333 367.18095238095236 395.1333333333333 
3983.6190476190477 4012.9285714285716 247.3095238095238 276.6190476190476 391.23809523809524 420.54761904761904 
3628.1809523809525 3655.3714285714286 319.252380952381 346.4428571428571 421.03809523809525 448.22857142857146 
4127.27619047619 4155.204761904762 236.0857142857143 264.01428571428573 386.51428571428573 414.4428571428571 
3838.8190476190475 3867.057142857143 174.9142857142857 203.15238095238095 297.3904761904762 325.62857142857143 
4044.7190476190476 4073.695238095238 240.6 269.5761904761905 344.76666666666665 373.74285714285713 
4137.666666666667 4167.309523809524 271.5952380952381 301.23809523809524 594.5714285714286 624.2142857142857 
4021.3142857142857 4049.7428571428572 235.86190476190475 264.29047619047617 374.64761904761906 403.0761904761905 
4054.152380952381 4082.9857142857145 246.86666666666667 275.7 399.5809523809524 428.4142857142857 
4085.7619047619046 4113.714285714285 241.07142857142858 269.0238095238095 464.3333333333333 492.2857142857143 
3881.3952380952383 3909.942857142857 257.82380952380953 286.37142857142857 450.15714285714284 478.7047619047619 
4035.295238095238 4063.866666666667 247.8190476190476 276.3904761904762 331.5809523809524 360.15238095238095 
4046.5761904761903 4075.980952380952 213.31428571428572 242.71904761904761 323.7190476190476 353.12380952380954 
3882.3285714285716 3910.7571428571428 278.5190476190476 306.94761904761907 448.94761904761907 477.37619047619046 
3885.8333333333335 3915.095238095238 191.66666666666666 220.92857142857142 356.1190476190476 385.3809523809524 
4117.928571428572 4146.357142857143 270.5238095238095 298.95238095238096 467.9761904761905 496.4047619047619 
4281.2095238095235 4310.566666666667 234.82857142857142 264.1857142857143 414.1142857142857 443.4714285714286 
