47378.9085399449 47406.72396694215 12272.668870523416 12300.484297520661 13056.35482093664 13084.170247933884 
47876.2 47904.54986225895 12104.100826446282 12132.450688705234 13692.059504132232 13720.409366391184 
47666.892011019285 47694.94159779614 11886.500826446281 11914.55041322314 12680.59173553719 12708.64132231405 
47390.92892561983 47418.69201101928 12162.438567493113 12190.201652892561 13014.077685950413 13041.840771349862 
48104.45950413223 48132.996694214875 12296.84517906336 12325.382369146006 13644.473278236914 13673.010468319559 
47782.490909090906 47810.722314049584 12075.298071625344 12103.529476584023 13394.262258953167 13422.493663911846 
48202.657851239666 48231.250137741044 12101.60826446281 12130.200550964188 14210.704683195592 14239.29696969697 
47736.862258953166 47764.90082644628 11966.426997245178 11994.465564738292 12957.636363636364 12985.674931129477 
48056.808815427 48085.045730027545 12172.053994490358 12200.290909090909 13468.574655647382 13496.811570247934 
47627.0347107438 47655.30743801653 11928.974104683195 11957.246831955923 13267.869421487603 13296.142148760331 
47406.082093663914 47434.062809917355 12390.043526170799 12418.024242424242 13671.29696969697 13699.277685950414 
48407.91625344352 48436.602203856746 12367.403856749312 12396.089807162534 13816.392837465564 13845.078787878789 
48099.01322314049 48127.2694214876 11967.332782369145 11995.588980716253 13250.481542699725 13278.737741046833 
48126.53553719008 48155.02314049587 12253.786225895317 12282.273829201102 13385.260055096418 13413.747658402204 
47308.368044077135 47336.370798898075 12101.122865013775 12129.125619834711 13290.563636363637 13318.566391184573 
48208.833608815425 48237.22479338843 12440.750964187328 12469.142148760331 13439.800550964188 13468.19173553719 
47639.308539944905 47667.70523415978 12142.625344352617 12171.022038567493 12904.815426997246 12933.212121212122 
48489.316253443525 48517.9608815427 12436.723966942149 12465.368595041322 13718.387878787878 13747.032506887052 
48387.06611570248 48415.63636363636 12307.809917355371 12336.380165289256 13008.683195592286 13037.253443526171 
48021.65619834711 48049.94820936639 11975.785674931129 12004.077685950413 13088.512947658402 13116.804958677685 
48667.25344352617 48695.862258953166 11977.460055096419 12006.068870523415 13145.785123966942 13174.39393939394 
48020.88650137741 48049.19504132232 12119.858953168045 12148.167493112947 13451.181267217631 13479.489807162534 
47841.69641873278 47869.89476584022 12290.170247933884 12318.368595041322 13269.418181818182 13297.61652892562 
47646.568595041324 47674.67878787879 11997.271074380165 12025.38126721763 12708.957024793388 12737.067217630854 
48662.749862258956 48691.2044077135 11669.182369146005 11697.63691460055 13000.62038567493 13029.074931129477 
48626.330578512396 48655.08815426997 12082.776859504133 12111.534435261708 13303.831955922866 13332.58953168044 
47777.10303030303 47805.249035812674 12287.130578512397 12315.276584022038 13298.334435261708 13326.48044077135 
47747.65123966942 47775.72011019284 12224.149862258953 12252.218732782369 12991.28484848485 13019.353719008264 
48044.09972451791 48072.14104683196 12257.314600550964 12285.355922865014 13161.18787878788 13189.229201101929 
48134.34269972452 48162.5217630854 12424.392286501377 12452.571349862259 12958.058953168043 12986.238016528925 
48251.590633608816 48280.21597796143 12235.593388429752 12264.218732782369 13209.97906336088 13238.6044077135 
48611.52782369146 48640.38181818182 12479.125619834711 12507.97961432507 13543.23305785124 13572.087052341598 
47423.8694214876 47451.753719008266 12074.103581267218 12101.987878787879 13303.46997245179 13331.354269972451 
48472.238567493114 48500.74545454545 12143.034710743801 12171.541597796144 13605.80606060606 13634.312947658402 
47716.78512396694 47745.267217630855 12285.804407713498 12314.28650137741 13566.60606060606 13595.088154269972 
48096.49311294766 48124.61432506887 12189.407713498622 12217.528925619834 12802.055096418733 12830.176308539945 
47752.71570247934 47780.88650137741 12258.561432506887 12286.732231404958 13368.92782369146 13397.098622589532 
48027.80495867768 48056.190633608814 12062.43305785124 12090.818732782369 12942.165840220385 12970.551515151516 
48103.694214876035 48131.78787878788 12210.462809917355 12238.556473829201 13239.542699724518 13267.636363636364 
48937.61267217631 48966.229752066116 12428.904683195593 12457.521763085399 13386.182920110194 13414.8 
47839.746005509645 47867.88650137741 12047.856198347108 12075.996694214877 13608.971900826446 13637.112396694214 
46721.893112947655 46750.0391184573 12025.887603305786 12054.033608815427 13391.829752066116 13419.975757575758 
48370.520661157025 48398.93663911846 11997.487603305784 12025.903581267217 13106.947658402203 13135.363636363636 
47666.4523415978 47694.63140495868 12056.292561983471 12084.471625344353 13218.802203856749 13246.98126721763 
48666.46060606061 48695.190633608814 12122.959228650137 12151.689256198348 13379.377961432507 13408.107988980717 
48755.55041322314 48784.167493112946 12163.88650137741 12192.503581267218 13304.203305785124 13332.820385674931 
48031.28099173554 48059.67768595041 12158.969696969696 12187.366391184572 13553.796143250689 13582.192837465565 
48455.698071625346 48484.29311294766 12438.328925619835 12466.92396694215 13668.378512396694 13696.973553719008 
48737.082093663914 48765.823140495864 12220.892011019283 12249.633057851239 13645.420936639119 13674.161983471075 
47412.18016528925 47440.07272727273 12107.155371900826 12135.047933884298 13212.083746556475 13239.976308539945 
