33.3 56.3 57.6 80.6 24.3 47.3 
35.5 64.0 53.6 82.1 21.9 50.4 
33.5 62.0 35.0 63.5 25.5 54.0 
35.2 64.2 64.1 93.1 30.2 59.2 
25.9 53.9 43.5 71.5 20.9 48.9 
22.5 46.0 53.9 77.4 17.5 41.0 
34.0 59.0 34.4 59.4 29.0 54.0 
30.2 57.7 51.2 78.7 25.2 52.7 
38.6 67.6 46.4 75.4 32.6 61.6 
41.4 70.9 45.8 75.3 37.4 66.9 
34.0 59.5 58.9 84.4 25.0 50.5 
32.7 61.7 51.4 80.4 28.7 57.7 
28.9 59.9 42.9 73.9 23.9 54.9 
37.1 59.1 44.4 66.4 27.6 49.6 
29.6 57.1 43.1 70.6 22.6 50.1 
25.5 48.5 40.9 63.9 20.5 43.5 
39.7 69.7 42.4 72.4 33.7 63.7 
34.0 63.5 57.4 86.9 29.0 58.5 
29.1 57.6 37.7 66.2 24.1 52.6 
26.0 51.0 46.5 71.5 21.0 46.0 
27.5 54.0 61.9 88.4 22.5 49.0 
31.0 55.0 33.9 57.9 26.0 50.0 
36.9 61.4 48.4 72.9 31.9 56.4 
26.2 51.2 66.2 91.2 21.2 46.2 
30.2 57.7 55.9 83.4 25.2 52.7 
35.1 64.1 62.3 91.3 30.1 59.1 
16.0 44.0 29.1 57.1 11.0 39.0 
58.2 84.7 54.4 80.9 51.2 77.7 
26.4 57.9 45.8 77.3 21.4 52.9 
30.8 58.8 38.2 66.2 25.8 53.8 
23.9 46.9 41.0 64.0 18.9 41.9 
30.0 57.5 45.7 73.2 26.0 53.5 
23.0 54.0 54.6 85.6 18.0 49.0 
28.5 56.0 36.9 64.4 23.5 51.0 
32.6 63.1 50.7 81.2 26.6 57.1 
30.6 60.6 59.2 89.2 25.6 55.6 
40.6 75.1 69.5 104.0 29.6 64.1 
27.5 50.5 42.0 65.0 22.5 45.5 
41.6 72.6 50.7 81.7 36.6 67.6 
29.4 54.4 43.3 68.3 23.4 48.4 
21.5 50.0 49.2 77.7 16.5 45.0 
33.5 66.0 54.9 87.4 28.5 61.0 
23.5 46.0 34.1 56.6 18.5 41.0 
31.8 60.3 55.6 84.1 26.8 55.3 
24.5 55.0 57.7 88.2 19.5 50.0 
39.0 62.0 64.3 87.3 34.0 57.0 
37.6 60.6 48.1 71.1 32.6 55.6 
31.0 51.5 56.8 77.3 26.0 46.5 
54.7 84.7 50.0 80.0 44.7 74.7 
30.0 59.0 48.1 77.1 25.0 54.0 
