37675.575265017666 37704.10176678445 8993.529328621908 9022.055830388692 10017.76961130742 10046.296113074204 
36467.34982332156 36494.97526501767 9042.809187279152 9070.434628975265 10407.374558303887 10435.0 
37011.403533568904 37039.95123674912 9011.96890459364 9040.516607773852 9871.131448763252 9899.679151943463 
37459.264310954066 37487.73780918728 9009.840282685513 9038.313780918728 9855.741342756184 9884.2148409894 
36240.52014134276 36268.61908127208 8966.986572438163 8995.085512367492 9781.357597173144 9809.456537102473 
37400.436749116605 37428.843109540634 9109.260070671378 9137.666431095406 10004.708833922261 10033.11519434629 
37042.66572438162 37071.58798586572 9294.796466431095 9323.718727915195 9843.587985865724 9872.510247349823 
37180.366077738516 37208.60282685512 9074.25300353357 9102.489752650177 10248.044522968197 10276.281272084805 
36570.240989399295 36598.202120141344 9015.4 9043.361130742049 10345.488339222615 10373.449469964664 
37962.09823321555 37991.264310954066 9112.46925795053 9141.635335689047 10652.151236749116 10681.317314487633 
36722.67915194346 36750.604946996464 9157.240989399294 9185.166784452296 9869.848763250884 9897.774558303887 
36502.07067137809 36529.89399293286 9033.056537102473 9060.879858657243 9943.756183745583 9971.579505300353 
36789.98091872792 36818.31660777385 9000.19293286219 9028.528621908128 9965.334275618374 9993.66996466431 
37187.83674911661 37216.32438162544 9096.204240282685 9124.69187279152 9945.918021201413 9974.405653710248 
36679.10671378092 36707.198586572435 9178.265724381625 9206.357597173144 10826.657950530036 10854.749823321556 
37051.3222614841 37080.07491166078 9318.74628975265 9347.498939929328 9973.71448763251 10002.467137809188 
36949.04664310954 36977.389399293286 9244.555477031801 9272.898233215548 10153.26219081272 10181.604946996467 
36816.36749116608 36844.48763250883 8828.830388692579 8856.950530035336 9802.081272084806 9830.201413427561 
36922.93780918728 36951.340636042405 9032.319434628975 9060.7222614841 9677.563250883391 9705.966077738516 
37461.879858657245 37491.13074204947 9404.003533568904 9433.25441696113 10487.742049469965 10516.992932862191 
37247.44310954063 37275.61978798587 9080.860070671379 9109.036749116607 10106.443109540636 10134.619787985866 
37391.4628975265 37419.78445229682 9021.452296819787 9049.773851590106 10063.515901060071 10091.83745583039 
37599.0777385159 37627.93286219081 9434.275618374559 9463.13074204947 10460.756183745583 10489.611307420495 
36684.80636042403 36712.67915194346 9062.657950530036 9090.53074204947 9744.930035335688 9772.802826855124 
37146.38586572438 37174.38586572438 9229.87703180212 9257.87703180212 9885.534275618375 9913.534275618375 
36679.88056537102 36708.13851590106 8966.350530035335 8994.608480565372 9741.375265017668 9769.633215547703 
37382.16042402827 37410.95901060071 9098.390106007068 9127.188692579506 10524.559717314487 10553.358303886926 
35943.63321554771 35971.13144876325 9102.389399293286 9129.887632508833 9886.22332155477 9913.721554770318 
37054.7074204947 37082.643816254415 9180.258657243816 9208.195053003534 9724.05371024735 9751.990106007068 
36744.03674911661 36772.24169611307 9161.54558303887 9189.750530035335 9668.443109540636 9696.648056537102 
36501.58374558304 36529.735689045934 9140.601413427561 9168.75335689046 9960.866431095406 9989.018374558304 
37106.34699646643 37134.93003533569 9097.265724381625 9125.848763250884 9951.551943462897 9980.134982332156 
36971.93498233215 37000.24946996466 9176.136395759717 9204.450883392226 10239.563957597173 10267.878445229682 
37351.086925795054 37379.11872791519 9058.040989399293 9086.072791519435 9644.482685512368 9672.514487632508 
37271.18374558304 37299.96466431095 9272.197879858657 9300.978798586573 10336.43109540636 10365.212014134275 
37038.264310954066 37066.31024734982 9048.30671378092 9076.35265017668 9989.03109540636 10017.07703180212 
37721.942049469966 37750.754770318024 9231.525088339222 9260.337809187278 10725.260070671378 10754.072791519435 
37789.99929328622 37818.46925795053 9039.575265017667 9068.045229681979 10318.914487632508 10347.38445229682 
36917.122261484095 36945.65583038869 9148.560424028268 9177.093992932862 10622.73003533569 10651.263604240283 
37177.33003533569 37205.92014134276 8987.149823321555 9015.739929328622 9910.591519434629 9939.181625441695 
37979.20494699647 38007.636042402824 9203.96113074205 9232.39222614841 10406.08480565371 10434.515901060071 
36946.17385159011 36974.63321554771 8966.848763250884 8995.30812720848 10209.84522968198 10238.304593639576 
37165.42402826855 37193.66077738516 9143.590106007066 9171.826855123674 9792.706713780919 9820.943462897527 
37357.010600706715 37385.74204946996 9198.296819787985 9227.028268551237 9945.784452296819 9974.515901060071 
36457.73215547703 36486.30106007067 9201.608480565372 9230.177385159011 10008.414134275617 10036.983038869257 
37512.50035335689 37541.31307420495 9192.33074204947 9221.143462897526 10244.786572438163 10273.59929328622 
37779.37526501767 37808.06077738516 8854.562544169612 8883.248056537102 10130.00777385159 10158.69328621908 
36820.98869257951 36848.93568904594 9227.183038869258 9255.13003533569 9925.42332155477 9953.370318021201 
36800.65300353357 36828.981625441695 9159.444522968199 9187.773144876324 10408.091166077738 10436.419787985866 
37232.80494699647 37261.221908127205 9195.462190812721 9223.879151943464 10111.649469964665 10140.066431095407 
