23565.29189189189 23593.464864864865 5418.843243243243 5447.016216216216 5979.308108108108 6007.481081081081 
23613.888648648648 23642.22918918919 5394.9805405405405 5423.3210810810815 6274.131891891892 6302.4724324324325 
23540.34162162162 23568.584864864864 5557.422702702703 5585.665945945946 6355.092972972973 6383.336216216217 
23585.17081081081 23613.332972972974 5463.024864864865 5491.187027027027 5819.251891891892 5847.414054054054 
23889.396756756756 23917.699459459458 5450.483243243243 5478.785945945946 5953.369729729729 5981.672432432432 
23787.48108108108 23816.297297297297 5354.081081081081 5382.897297297297 5991.972972972973 6020.7891891891895 
23238.891891891893 23266.616216216215 5258.556756756757 5286.281081081081 5997.1783783783785 6024.902702702702 
23721.603243243244 23749.776216216218 5373.7816216216215 5401.954594594595 5769.727567567567 5797.9005405405405 
24128.8 24157.47027027027 5450.92972972973 5479.6 5996.07027027027 6024.740540540541 
23280.70162162162 23309.08 5115.901621621621 5144.28 5800.771891891892 5829.15027027027 
23492.357837837837 23520.644324324323 5075.736216216216 5104.022702702703 5481.401081081081 5509.687567567567 
23477.074594594593 23505.625945945947 5350.447567567568 5378.998918918919 6179.523243243243 6208.074594594595 
23926.061621621622 23954.18054054054 5320.407567567568 5348.526486486487 5805.137297297298 5833.256216216216 
23518.964324324323 23547.62918918919 5199.537297297297 5228.2021621621625 5851.358918918919 5880.023783783784 
23327.587027027028 23355.776216216218 5399.808648648649 5427.997837837838 5777.03027027027 5805.219459459459 
23694.140540540542 23722.735135135135 5471.118918918919 5499.713513513513 6223.475675675676 6252.07027027027 
23749.300540540542 23777.424864864865 5318.073513513514 5346.197837837838 6097.608648648648 6125.732972972973 
23420.355675675677 23449.036756756755 5249.323243243243 5278.004324324324 5673.507027027027 5702.188108108108 
23431.07891891892 23458.997837837836 5301.43027027027 5329.349189189189 6052.500540540541 6080.419459459459 
24179.745945945946 24208.43783783784 5239.632432432432 5268.324324324324 5871.3297297297295 5900.021621621621 
23530.29081081081 23558.62054054054 5159.274594594594 5187.604324324324 5986.966486486486 6015.296216216217 
23857.584864864864 23885.97945945946 5251.352432432433 5279.747027027027 5807.028108108108 5835.422702702703 
23425.067027027028 23453.315675675676 5290.418378378378 5318.667027027027 6224.510270270271 6252.758918918919 
23587.048648648648 23615.37837837838 5228.302702702703 5256.632432432432 5959.335135135135 5987.664864864865 
23327.958918918917 23355.883243243243 5469.121081081081 5497.045405405405 5796.515675675676 5824.44 
23278.305945945947 23306.70054054054 5502.938378378379 5531.332972972973 6444.592432432432 6472.987027027027 
23308.886486486488 23336.94054054054 5476.108108108108 5504.1621621621625 6216.351351351352 6244.405405405405 
23787.207567567566 23815.80756756757 5476.072432432433 5504.672432432432 6114.888648648649 6143.488648648648 
23328.815135135133 23357.544864864863 5224.452972972973 5253.182702702703 5911.707027027027 5940.436756756757 
23748.695135135134 23776.76 5328.970810810811 5357.0356756756755 5949.770810810811 5977.835675675676 
24021.50054054054 24050.587027027028 5483.835675675676 5512.922162162162 6134.88972972973 6163.976216216216 
22938.157837837836 22965.855135135134 5428.071351351351 5455.768648648648 5831.957837837838 5859.655135135135 
23736.833513513513 23765.30918918919 5518.865945945946 5547.341621621622 6287.0118918918915 6315.487567567568 
23691.697297297298 23719.87027027027 5517.891891891892 5546.064864864865 5894.654054054054 5922.827027027027 
23790.817297297297 23819.06054054054 5509.79027027027 5538.033513513514 6411.633513513513 6439.876756756757 
23200.877837837837 23228.926486486485 5390.358918918919 5418.407567567568 5864.742702702702 5892.791351351351 
24359.08108108108 24387.956756756757 5369.827027027027 5398.7027027027025 6121.454054054054 6150.3297297297295 
23657.214054054053 23686.208648648648 5187.322162162162 5216.316756756757 5906.603243243243 5935.597837837838 
22760.154594594595 22787.614054054055 5220.224864864865 5247.684324324325 5669.597837837838 5697.057297297298 
23508.77189189189 23537.193513513514 5319.025945945946 5347.447567567568 6302.95027027027 6331.371891891892 
23466.7827027027 23495.663783783784 5443.101621621621 5471.982702702703 6117.134054054054 6146.015135135135 
23480.215135135135 23508.5772972973 5558.431351351352 5586.793513513513 6012.890810810811 6041.252972972973 
23795.10702702703 23823.77189189189 5456.463783783784 5485.128648648649 5903.188108108108 5931.852972972973 
23474.95027027027 23503.177297297298 5103.393513513513 5131.620540540541 5979.236756756757 6007.463783783784 
23606.313513513513 23634.8972972973 5271.189189189189 5299.772972972973 5597.302702702703 5625.886486486486 
23057.83243243243 23085.90810810811 5402.243243243243 5430.318918918919 5717.978378378379 5746.054054054054 
23820.485405405405 23849.55027027027 5651.496216216216 5680.561081081081 6268.858378378379 6297.923243243244 
23455.385945945945 23483.645405405405 5294.6075675675675 5322.867027027027 6176.148108108108 6204.407567567568 
23384.816216216215 23413.16756756757 5303.4 5331.751351351351 6096.691891891892 6125.0432432432435 
24144.525405405406 24173.087567567567 5526.438918918919 5555.001081081081 6043.201081081081 6071.763243243243 
