49640.19631578947 49668.07263157895 12941.046315789474 12968.922631578947 14321.322631578947 14349.19894736842 
50742.37157894737 50770.771578947366 13013.092631578947 13041.492631578947 14036.071578947369 14064.471578947368 
50283.24789473684 50311.43210526316 12568.416315789475 12596.60052631579 13626.016315789473 13654.20052631579 
50543.273157894735 50571.967894736845 12854.88105263158 12883.575789473683 13893.088947368422 13921.783684210526 
49829.516842105266 49857.40368421053 12650.966842105263 12678.853684210526 13880.811578947369 13908.698421052632 
50863.31789473684 50891.79947368421 12686.281052631579 12714.762631578948 13840.707368421052 13869.18894736842 
50053.02842105263 50081.24947368421 12744.594210526317 12772.815263157894 13880.002105263158 13908.223157894738 
49946.24684210526 49974.465263157894 12988.304736842105 13016.523157894737 14383.152105263158 14411.37052631579 
49914.115263157895 49942.12315789473 12818.944210526315 12846.952105263157 13925.436315789473 13953.444210526315 
50449.50052631579 50477.98210526316 12630.437368421053 12658.918947368422 13883.821578947369 13912.303157894738 
50955.8 50984.436842105264 12889.705263157895 12918.342105263158 14324.731578947369 14353.368421052632 
50538.48842105263 50566.701578947366 12687.556842105263 12715.77 13922.383157894737 13950.596315789473 
50274.28 50302.55368421053 12988.419473684211 13016.693157894737 14054.28 14082.553684210527 
50245.707368421055 50274.15736842105 12874.41 12902.86 13819.086315789473 13847.536315789474 
49673.64421052631 49702.06526315789 12729.523157894737 12757.944210526315 13901.64947368421 13930.070526315789 
50517.86 50546.04947368421 12675.79947368421 12703.988947368422 14264.633684210527 14292.823157894736 
51102.494736842105 51130.8052631579 12739.421052631578 12767.731578947369 14033.294736842105 14061.605263157895 
51094.66210526316 51123.50947368421 12834.548947368421 12863.396315789474 14107.93052631579 14136.777894736842 
49994.3 50022.78421052632 12597.147368421052 12625.631578947368 14290.394736842105 14318.878947368421 
50552.10842105263 50580.303157894734 12666.92157894737 12695.116315789473 14020.155789473683 14048.35052631579 
50449.72736842105 50477.969473684214 12668.493157894736 12696.735263157894 13758.874736842105 13787.116842105263 
50326.766842105266 50354.81684210526 12732.282631578948 12760.332631578947 13866.05105263158 13894.101052631579 
50555.16631578947 50583.44 12998.150526315789 13026.424210526317 14156.14 14184.413684210527 
50081.472631578945 50109.80947368421 12639.833157894736 12668.17 13872.183157894737 13900.52 
49822.59789473684 49850.782105263155 12756.105789473684 12784.29 13961.35052631579 13989.534736842104 
50581.13526315789 50609.81947368421 12842.253684210526 12870.937894736842 14467.714210526316 14496.398421052632 
49884.17157894737 49912.40315789474 12771.497894736842 12799.72947368421 14311.824210526316 14340.055789473685 
50919.5847368421 50948.20052631579 12936.084736842105 12964.70052631579 14141.074210526316 14169.69 
50048.365263157895 50076.47578947368 13098.391578947369 13126.502105263158 13843.638947368421 13871.74947368421 
50193.08 50221.414210526316 12808.403684210527 12836.737894736842 14006.895789473685 14035.23 
50808.205789473686 50836.60315789474 13083.434736842106 13111.832105263158 13499.663684210527 13528.06105263158 
50077.29157894737 50105.72578947368 12605.817894736841 12634.252105263158 13625.907368421053 13654.34157894737 
50614.55368421053 50643.22210526316 13034.532631578948 13063.201052631579 14153.511578947368 14182.18 
51433.76315789474 51462.3052631579 12882.763157894737 12911.305263157894 14428.8 14457.342105263158 
50445.11052631579 50473.231578947365 13030.8 13058.921052631578 14121.926315789473 14150.047368421052 
49829.75947368421 49857.722631578945 12575.756842105264 12603.72 13913.243684210527 13941.206842105263 
50699.506842105264 50727.76210526316 12899.025263157895 12927.28052631579 14432.527894736842 14460.783157894737 
50371.92947368421 50400.29 12950.76894736842 12979.12947368421 14199.01894736842 14227.37947368421 
50372.42263157895 50400.78578947368 12918.033157894737 12946.396315789474 14046.50157894737 14074.864736842106 
49551.277368421055 49579.174736842106 12916.837894736842 12944.735263157894 14154.045789473685 14181.943157894737 
50040.33052631579 50068.51210526316 12665.704210526315 12693.885789473685 14209.74105263158 14237.922631578947 
50311.774736842104 50340.23789473684 12790.616842105263 12819.08 13975.658947368422 14004.122105263157 
50448.215263157894 50476.773157894735 12598.033684210526 12626.59157894737 13605.21 13633.767894736842 
49895.83315789474 49923.917368421055 12777.433157894737 12805.517368421053 13971.085789473684 13999.17 
49559.305789473685 49587.33736842105 12843.445263157895 12871.476842105263 13933.316315789474 13961.347894736842 
50180.576315789476 50208.915789473685 12835.36052631579 12863.7 13976.086842105264 14004.426315789473 
49767.57684210526 49795.566315789474 12581.703157894737 12609.692631578948 13515.876842105263 13543.866315789473 
50715.20421052632 50743.60684210526 12858.883157894737 12887.285789473684 14214.735789473683 14243.138421052632 
50283.935263157895 50312.353684210524 12830.924736842106 12859.343157894737 14475.882631578947 14504.30105263158 
49979.34052631579 50007.25894736842 12630.216842105263 12658.135263157894 13958.403684210527 13986.322105263158 
