5908.740350877193 5936.4771929824565 687.4070175438596 715.1438596491228 762.1964912280702 789.9333333333333 
6302.578947368421 6331.315789473684 608.9122807017544 637.6491228070175 814.3859649122807 843.1228070175439 
5933.154385964912 5960.59298245614 485.7157894736842 513.1543859649123 777.5929824561404 805.0315789473684 
6097.99649122807 6127.101754385965 738.6456140350878 767.7508771929824 878.0491228070175 907.1543859649123 
6083.301754385965 6111.687719298246 632.0385964912281 660.4245614035087 778.6877192982456 807.0736842105263 
5972.929824561404 6000.315789473684 498.6842105263158 526.0701754385965 814.0 841.3859649122807 
6084.757894736842 6114.564912280702 550.6 580.4070175438596 728.4947368421052 758.301754385965 
5981.108771929825 6008.547368421053 687.4070175438596 714.8456140350877 859.8631578947368 887.301754385965 
5929.989473684211 5958.164912280702 577.3228070175438 605.4982456140351 941.8666666666667 970.0421052631579 
5997.0842105263155 6025.785964912281 575.3298245614035 604.0315789473684 886.8561403508772 915.5578947368421 
6439.666666666667 6469.666666666667 618.2280701754386 648.2280701754386 773.438596491228 803.438596491228 
5897.105263157895 5923.543859649123 615.1929824561404 641.6315789473684 735.0526315789474 761.4912280701755 
6294.754385964912 6323.561403508772 579.7543859649123 608.561403508772 667.5087719298245 696.3157894736842 
5981.178947368421 6009.021052631579 609.6175438596491 637.459649122807 645.1964912280702 673.0385964912281 
6293.635087719298 6322.933333333333 632.6175438596491 661.9157894736842 818.9859649122807 848.2842105263157 
6035.2 6063.533333333334 710.4280701754386 738.7614035087719 918.9368421052632 947.2701754385965 
5836.19298245614 5864.7192982456145 525.5964912280701 554.1228070175439 702.280701754386 730.8070175438596 
5918.880701754386 5947.231578947369 544.5824561403509 572.9333333333333 733.0736842105263 761.4245614035087 
5982.7649122807015 6011.8 625.1859649122807 654.2210526315789 837.5894736842105 866.6245614035088 
6112.336842105263 6140.635087719298 538.1263157894737 566.4245614035087 743.2315789473685 771.5298245614035 
6121.322807017544 6149.112280701755 698.1473684210526 725.9368421052632 841.0947368421052 868.8842105263158 
6079.508771929824 6107.982456140351 663.8421052631579 692.3157894736842 828.8947368421053 857.3684210526316 
5892.887719298245 5920.5368421052635 656.3087719298246 683.9578947368421 871.3614035087719 899.0105263157894 
6334.515789473684 6363.638596491228 673.2350877192982 702.3578947368421 1004.5684210526316 1033.6912280701754 
5762.771929824561 5790.649122807017 606.561403508772 634.438596491228 711.3859649122807 739.2631578947369 
5888.533333333334 5915.60350877193 577.8666666666667 604.9368421052632 611.9894736842106 639.0596491228071 
6348.508771929824 6377.754385964912 554.3157894736842 583.561403508772 988.9122807017544 1018.1578947368421 
6099.529824561403 6127.301754385965 582.7754385964912 610.5473684210526 832.9859649122807 860.7578947368421 
6216.870175438597 6245.642105263158 593.0982456140351 621.8701754385964 857.5894736842105 886.3614035087719 
6068.859649122807 6096.771929824561 661.5263157894736 689.438596491228 863.0526315789474 890.9649122807018 
5880.277192982456 5907.891228070175 600.0140350877193 627.6280701754386 804.680701754386 832.2947368421053 
6116.519298245614 6145.378947368421 521.6947368421053 550.5543859649123 792.7824561403509 821.6421052631579 
6196.715789473684 6225.715789473684 783.2421052631579 812.2421052631579 915.1894736842105 944.1894736842105 
6169.982456140351 6198.7192982456145 639.9122807017544 668.6491228070175 948.3508771929825 977.0877192982456 
5894.919298245614 5923.024561403508 649.4631578947368 677.5684210526316 698.1298245614036 726.2350877192982 
5967.438596491228 5995.666666666667 624.5087719298245 652.7368421052631 908.0526315789474 936.280701754386 
6017.835087719298 6046.361403508772 581.6421052631579 610.1684210526316 786.5894736842105 815.1157894736842 
5908.0982456140355 5935.940350877193 552.659649122807 580.5017543859649 714.4315789473684 742.2736842105263 
6315.736842105263 6344.859649122807 720.1929824561404 749.3157894736842 1045.3333333333333 1074.4561403508771 
6137.403508771929 6167.035087719299 678.719298245614 708.3508771929825 952.8947368421053 982.5263157894736 
5674.168421052632 5702.080701754386 684.2736842105263 712.1859649122807 889.5543859649123 917.4666666666667 
6081.403508771929 6109.631578947368 489.2105263157895 517.438596491228 731.3157894736842 759.5438596491229 
5588.3263157894735 5615.273684210526 486.1333333333333 513.0807017543859 673.3263157894737 700.2736842105263 
6394.305263157895 6423.550877192983 628.8140350877193 658.0596491228071 749.0596491228071 778.3052631578947 
5915.0982456140355 5942.852631578948 622.5719298245614 650.3263157894737 807.5368421052632 835.2912280701754 
5828.529824561403 5856.038596491228 639.1263157894737 666.6350877192982 847.4245614035087 874.9333333333333 
6052.056140350877 6080.126315789474 638.0912280701755 666.161403508772 893.3368421052631 921.4070175438596 
5911.936842105263 5940.445614035088 651.2350877192982 679.7438596491228 809.6385964912281 838.1473684210526 
6138.0 6166.298245614035 670.3684210526316 698.6666666666666 895.4561403508771 923.7543859649123 
5745.035087719299 5772.438596491228 588.1228070175439 615.5263157894736 681.2280701754386 708.6315789473684 
