6890.14375 6918.409375 870.003125 898.26875 1044.8625 1073.128125 
6886.715625 6915.79375 857.121875 886.2 1258.903125 1287.98125 
6999.021875 7027.209375 804.44375 832.63125 1112.209375 1140.396875 
7000.078125 7027.859375 942.415625 970.196875 1144.890625 1172.671875 
7096.56875 7125.31875 893.709375 922.459375 1118.1 1146.85 
7304.025 7332.43125 859.446875 887.853125 907.275 935.68125 
7124.428125 7153.0375 849.221875 877.83125 1028.928125 1057.5375 
7080.125 7108.46875 919.203125 947.546875 975.625 1003.96875 
6923.425 6952.3 803.08125 831.95625 1075.20625 1104.08125 
7224.678125 7253.428125 791.81875 820.56875 1090.459375 1119.209375 
7019.159375 7047.20625 850.6125 878.659375 1107.284375 1135.33125 
7175.43125 7203.68125 960.071875 988.321875 1042.49375 1070.74375 
7136.325 7164.98125 995.059375 1023.715625 1068.54375 1097.2 
7143.084375 7172.00625 935.44375 964.365625 1046.709375 1075.63125 
6922.8625 6950.89375 854.909375 882.940625 981.05 1009.08125 
7396.846875 7426.190625 896.971875 926.315625 1149.940625 1179.284375 
7004.940625 7034.01875 777.3 806.378125 998.065625 1027.14375 
7061.234375 7089.203125 793.53125 821.5 1135.234375 1163.203125 
6690.44375 6717.81875 789.521875 816.896875 949.81875 977.19375 
6790.11875 6818.853125 758.18125 786.915625 1013.775 1042.509375 
6868.91875 6896.98125 708.590625 736.653125 1088.45 1116.5125 
7291.525 7321.259375 827.74375 857.478125 1271.4 1301.134375 
7133.19375 7161.13125 906.865625 934.803125 1066.4125 1094.35 
7075.9375 7103.8125 673.09375 700.96875 938.28125 966.15625 
7076.95 7104.98125 699.653125 727.684375 961.73125 989.7625 
6691.19375 6718.709375 836.31875 863.834375 877.44375 904.959375 
7001.16875 7029.95 791.3875 820.16875 1111.325 1140.10625 
7063.6125 7091.378125 858.471875 886.2375 1074.33125 1102.096875 
7009.25625 7037.428125 878.19375 906.365625 1235.475 1263.646875 
7007.99375 7035.509375 888.603125 916.11875 1117.49375 1145.009375 
7002.465625 7031.16875 858.45 887.153125 1068.903125 1097.60625 
6595.61875 6622.525 788.86875 815.775 1329.30625 1356.2125 
7211.984375 7240.890625 775.046875 803.953125 1253.546875 1282.453125 
6960.15625 6988.4375 883.8125 912.09375 1049.53125 1077.8125 
7017.49375 7046.2125 755.665625 784.384375 1179.5875 1208.30625 
7007.921875 7036.625 822.046875 850.75 1025.359375 1054.0625 
7278.78125 7307.953125 875.734375 904.90625 1181.125 1210.296875 
7032.828125 7060.921875 747.578125 775.671875 1088.390625 1116.484375 
6891.721875 6919.471875 876.3 904.05 1158.065625 1185.815625 
7243.346875 7272.815625 923.425 952.89375 1172.409375 1201.878125 
7243.771875 7273.490625 1019.553125 1049.271875 1263.334375 1293.053125 
6942.990625 6972.25625 838.553125 867.81875 1169.615625 1198.88125 
7058.25625 7086.25625 837.615625 865.615625 989.63125 1017.63125 
6872.309375 6899.996875 849.621875 877.309375 1027.559375 1055.246875 
6421.971875 6449.159375 855.33125 882.51875 1012.971875 1040.159375 
7179.33125 7208.95625 1020.378125 1050.003125 1155.675 1185.3 
6737.36875 6765.478125 733.228125 761.3375 867.775 895.884375 
7089.6 7117.9125 844.31875 872.63125 1144.81875 1173.13125 
7160.5 7188.515625 830.546875 858.5625 1111.8125 1139.828125 
6884.61875 6912.9 945.30625 973.5875 1034.11875 1062.4 
