36436.150714285715 36464.00785714286 8559.511428571428 8587.368571428571 9212.693571428572 9240.550714285715 
36591.42071428571 36619.88857142857 9214.306428571428 9242.774285714286 9846.463571428572 9874.931428571428 
36724.72928571429 36753.10785714286 9199.786428571428 9228.165 9815.543571428572 9843.922142857144 
36563.827142857146 36592.10214285714 8914.47 8942.745 10016.112857142858 10044.387857142858 
36642.12857142857 36670.09642857143 8990.9 9018.867857142857 9790.65 9818.617857142857 
36590.60428571429 36618.94714285714 8878.89 8907.232857142857 10075.054285714286 10103.397142857142 
37357.69357142857 37386.28642857143 8906.600714285714 8935.193571428572 9312.286428571428 9340.879285714285 
36518.385714285716 36546.864285714284 9147.132142857143 9175.610714285714 9642.092857142858 9670.57142857143 
35978.131428571425 36006.48142857143 8778.299285714285 8806.649285714286 9713.531428571428 9741.881428571429 
36906.93714285714 36935.32642857143 8839.208571428571 8867.597857142857 10323.908571428572 10352.297857142858 
36687.04857142857 36715.57 8955.391428571429 8983.912857142857 9734.255714285715 9762.777142857143 
37051.62285714286 37080.26571428571 9016.108571428571 9044.751428571428 9863.78 9892.422857142858 
36408.467142857146 36436.53857142857 8814.570714285714 8842.642142857143 9544.274285714286 9572.345714285715 
36865.555 36893.947857142855 9044.205 9072.597857142857 9780.797857142858 9809.190714285714 
36267.29285714286 36295.21785714286 9140.896428571428 9168.82142857143 9873.0 9900.925 
36981.95785714286 37010.59714285714 9199.879285714285 9228.51857142857 10082.022142857142 10110.661428571428 
36797.959285714285 36826.73428571429 8896.716428571428 8925.49142857143 9884.516428571429 9913.291428571429 
36728.79285714286 36757.389285714286 9054.207142857143 9082.80357142857 10135.407142857142 10164.003571428571 
36482.59714285714 36510.897142857146 9051.361428571428 9079.661428571428 9819.918571428572 9848.218571428572 
36699.86142857143 36728.44357142857 9300.000714285714 9328.582857142857 9647.89 9676.472142857143 
36143.237857142856 36171.38428571429 9073.591428571428 9101.737857142858 9841.409285714286 9869.555714285714 
36274.334285714285 36302.34857142857 8948.909285714286 8976.923571428571 10220.59857142857 10248.612857142858 
36847.19571428571 36875.71 9086.874285714286 9115.388571428572 10038.931428571428 10067.445714285714 
36299.78571428572 36327.66428571429 8974.764285714286 9002.642857142857 9944.857142857143 9972.735714285714 
37177.99071428571 37206.290714285715 8941.63357142857 8969.933571428572 9654.205 9682.505 
36835.938571428575 36864.33857142857 8711.824285714285 8740.224285714286 10102.395714285714 10130.795714285714 
36614.80285714286 36643.38857142857 8956.274285714286 8984.86 9941.117142857143 9969.702857142856 
37103.1 37131.66785714286 9048.889285714286 9077.457142857143 9974.257142857143 10002.825 
36535.63071428571 36563.934285714284 9148.280714285715 9176.584285714285 10284.445 10312.748571428572 
36780.90928571428 36809.16285714286 8656.11642857143 8684.37 9912.930714285714 9941.184285714286 
36420.73428571429 36448.809285714284 9291.409285714286 9319.484285714285 9779.34857142857 9807.423571428571 
36563.58142857143 36591.53857142857 8882.920714285714 8910.877857142857 9862.124285714286 9890.081428571428 
36378.657857142854 36407.147142857146 9045.422142857144 9073.911428571428 9712.479285714286 9740.968571428572 
36244.85428571429 36273.01142857143 9044.225714285714 9072.382857142857 9739.24 9767.397142857142 
37031.927142857145 37060.52357142857 9128.634285714286 9157.230714285713 9909.32 9937.916428571429 
36221.92214285714 36250.09714285714 9001.536428571428 9029.711428571429 10026.64357142857 10054.818571428572 
36237.955714285716 36266.077142857146 8790.159285714286 8818.280714285715 9902.02 9930.141428571429 
36644.29285714286 36672.760714285716 8911.992857142857 8940.460714285715 10079.757142857143 10108.225 
36353.01 36381.349285714285 8935.013571428572 8963.352857142858 9948.68857142857 9977.027857142857 
36417.88071428571 36446.57357142857 8991.798571428571 9020.49142857143 10019.802142857143 10048.495 
36406.47142857143 36434.675 9112.685714285713 9140.889285714286 9710.285714285714 9738.489285714286 
36673.10357142857 36701.392857142855 8808.6 8836.889285714286 9828.625 9856.914285714285 
36697.52285714286 36725.98357142857 8874.294285714286 8902.755 9850.615714285714 9879.076428571429 
36830.73 36859.512142857144 9285.569285714286 9314.351428571428 9571.308571428572 9600.090714285714 
36069.184285714284 36096.82 8874.162857142857 8901.798571428571 9337.17 9364.805714285714 
36742.819285714286 36770.98 8997.347857142857 9025.50857142857 9869.876428571428 9898.037142857143 
36493.12285714286 36521.27642857143 9011.983571428571 9040.137142857142 9809.472857142857 9837.626428571428 
37305.868571428575 37335.032857142854 9057.275714285714 9086.44 10029.168571428572 10058.332857142857 
37387.32142857143 37416.07142857143 9001.042857142857 9029.792857142857 10165.7 10194.45 
36863.1 36891.43928571429 8968.528571428571 8996.867857142857 9740.95 9769.289285714285 
