30559.982127659576 30588.726808510637 7364.148085106383 7392.8927659574465 8406.973617021276 8435.718297872341 
30741.80595744681 30770.584680851065 7269.482553191489 7298.261276595745 8384.627234042553 8413.405957446808 
30623.451914893616 30651.651914893617 6878.966808510639 6907.1668085106385 8181.3029787234045 8209.502978723403 
31002.07404255319 31031.086808510638 7123.9506382978725 7152.963404255319 8352.622978723404 8381.63574468085 
31175.817872340427 31204.72 7387.962553191489 7416.864680851064 8276.528510638298 8305.430638297872 
30781.822978723405 30810.533617021276 7545.4017021276595 7574.112340425532 8406.533617021276 8435.244255319149 
30657.96 30686.547234042555 7321.423829787234 7350.011063829787 7971.028085106383 7999.615319148937 
30275.48255319149 30303.86978723404 7167.993191489361 7196.380425531915 8220.88255319149 8249.269787234043 
30426.202553191488 30454.87489361702 7264.453617021277 7293.125957446809 7977.977021276596 8006.649361702128 
30475.2714893617 30503.926808510638 7161.803404255319 7190.458723404256 7933.454468085107 7962.109787234042 
30265.205957446808 30293.40170212766 6997.171914893617 7025.367659574468 8040.886808510639 8069.08255319149 
30448.861276595744 30477.28680851064 7188.478297872341 7216.903829787234 7996.269787234042 8024.6953191489365 
30776.331914893617 30805.055319148934 7320.872340425532 7349.595744680851 7969.187234042553 7997.9106382978725 
30782.104680851065 30810.35574468085 7410.649361702128 7438.900425531915 8448.16 8476.411063829788 
30527.17106382979 30555.379574468087 7431.03914893617 7459.247659574468 8244.171063829786 8272.379574468085 
30247.150638297873 30275.146382978724 7177.857021276595 7205.8527659574465 7795.784680851064 7823.780425531915 
30050.05191489362 30078.32425531915 7387.856170212766 7416.1285106382975 8786.311489361702 8814.583829787234 
30037.903829787236 30065.68255319149 7242.431489361702 7270.210212765957 8044.2059574468085 8071.984680851064 
30375.704680851064 30403.811063829788 7068.594042553192 7096.700425531915 7802.1855319148935 7830.291914893617 
30578.07744680851 30606.711489361704 7197.24340425532 7225.87744680851 8418.337021276595 8446.971063829787 
30400.86978723404 30429.512340425532 7126.12085106383 7154.763404255319 8318.584680851063 8347.227234042553 
30599.616170212765 30628.224680851064 7481.394893617021 7510.003404255319 7954.956595744681 7983.565106382979 
30584.739574468083 30613.343829787234 7221.556595744681 7250.16085106383 8241.47574468085 8270.08 
30292.581276595745 30320.76 7318.338723404256 7346.517446808511 7609.419574468086 7637.5982978723405 
30452.64255319149 30480.84680851064 7368.68085106383 7396.885106382979 7988.936170212766 8017.140425531915 
30564.685106382978 30593.310638297873 7261.659574468085 7290.2851063829785 8261.982978723405 8290.608510638298 
30598.101276595746 30626.731063829786 7161.458723404256 7190.0885106382975 7743.450212765957 7772.08 
30425.1114893617 30452.96255319149 7223.183829787234 7251.034893617021 8210.630638297873 8238.48170212766 
30364.895319148935 30393.19319148936 7243.963404255319 7272.261276595745 7744.116595744681 7772.414468085107 
30310.733617021277 30338.618723404255 7086.648510638298 7114.533617021277 7879.895319148936 7907.780425531915 
30253.425531914894 30281.502127659576 7142.83829787234 7170.914893617021 8021.829787234043 8049.906382978724 
30678.309787234044 30706.786382978724 7294.773617021277 7323.250212765957 8093.8714893617025 8122.348085106383 
31233.885957446808 31262.698723404254 7199.051914893617 7227.864680851064 8083.822127659574 8112.634893617022 
30390.533617021276 30418.610212765958 7401.244255319149 7429.32085106383 7895.9506382978725 7924.027234042554 
30595.552340425533 30623.897021276596 7033.28 7061.624680851064 8059.607659574468 8087.9523404255315 
30417.34978723404 30445.690212765956 7294.417872340426 7322.75829787234 8353.52425531915 8381.864680851064 
30680.67744680851 30709.15829787234 7295.098723404255 7323.579574468085 8454.851914893618 8483.332765957446 
30240.577021276596 30268.92595744681 7228.666382978723 7257.015319148936 7865.100425531915 7893.449361702128 
30730.062978723403 30758.52255319149 7254.084255319149 7282.543829787234 8043.522553191489 8071.982127659575 
30599.499574468085 30627.96340425532 7251.452765957447 7279.916595744681 7817.018723404255 7845.482553191489 
30841.137021276594 30869.685957446807 7321.473191489362 7350.022127659575 7898.060425531915 7926.609361702128 
29804.295319148936 29832.07829787234 7227.67829787234 7255.4612765957445 7862.197446808511 7889.980425531915 
30191.050212765957 30219.15234042553 7208.773617021277 7236.875744680851 7929.573617021277 7957.6757446808515 
30927.108936170214 30955.71744680851 7411.640851063829 7440.249361702127 7745.947234042554 7774.555744680851 
31244.88425531915 31273.292765957445 7170.9523404255315 7199.36085106383 8154.803404255319 8183.211914893617 
29579.771914893616 29607.69106382979 7458.125106382979 7486.044255319149 8188.993191489361 8216.912340425532 
30208.194893617023 30236.60340425532 7115.207659574468 7143.616170212766 7932.650212765958 7961.058723404255 
30980.949787234043 31009.745531914894 7392.924255319149 7421.72 8396.579574468085 8425.375319148936 
30438.453617021278 30466.80680851064 7108.8919148936175 7137.2451063829785 7714.457872340426 7742.811063829788 
30352.28680851064 30380.303829787234 7098.508085106383 7126.525106382979 7859.925106382979 7887.942127659575 
