34685.45227272727 34713.99015151515 8502.804545454546 8531.342424242424 9216.444696969696 9244.982575757576 
34936.711363636365 34965.50681818182 8471.480303030303 8500.275757575757 9822.726515151515 9851.521969696969 
34732.844696969696 34761.26136363636 8576.48106060606 8604.897727272728 9512.579545454546 9540.996212121212 
34464.711363636365 34493.26818181818 8399.063636363637 8427.620454545455 8739.968939393939 8768.525757575757 
34165.096212121214 34193.11515151515 8290.001515151514 8318.020454545454 9033.505303030302 9061.524242424242 
34636.277272727275 34664.89848484848 8507.966666666667 8536.58787878788 9799.110606060605 9827.731818181817 
34614.08409090909 34642.114393939395 8378.171212121211 8406.201515151515 8983.917424242425 9011.947727272727 
34640.451515151515 34668.81136363636 8525.000757575757 8553.360606060605 9025.769696969697 9054.129545454545 
34152.406818181815 34180.80454545454 8470.899242424242 8499.29696969697 9513.058333333332 9541.45606060606 
34768.42803030303 34796.93939393939 8307.367424242424 8335.878787878788 9247.314393939394 9275.825757575758 
34763.204545454544 34791.73863636364 8202.371212121212 8230.905303030304 9316.39393939394 9344.92803030303 
34507.55909090909 34535.990909090906 8517.09696969697 8545.528787878788 9310.256060606062 9338.68787878788 
34526.395454545454 34555.225 8495.876515151514 8524.70606060606 9125.039393939394 9153.868939393938 
34264.068181818184 34292.32196969697 8213.609848484848 8241.863636363636 9152.113636363636 9180.367424242424 
34397.531818181815 34425.823484848486 8381.06212121212 8409.353787878788 9347.1 9375.391666666666 
34458.57196969697 34486.90151515151 8413.689393939394 8442.01893939394 8820.329545454546 8848.65909090909 
33904.34393939394 33932.472727272725 8150.082575757576 8178.211363636364 8677.237878787879 8705.366666666667 
34112.27272727273 34140.21590909091 8353.920454545454 8381.863636363636 9114.810606060606 9142.753787878788 
34612.6696969697 34640.90454545455 8112.033333333334 8140.268181818182 9512.563636363637 9540.798484848485 
33996.5053030303 34024.87651515152 8469.092424242424 8497.463636363636 9159.512878787878 9187.88409090909 
34865.73787878788 34894.37803030303 8599.677272727273 8628.317424242425 9402.45 9431.09015151515 
34293.503787878784 34321.606060606064 8412.363636363636 8440.46590909091 9096.655303030304 9124.757575757576 
34477.75227272727 34505.9 8321.59696969697 8349.744696969698 8777.047727272728 8805.195454545454 
34720.031818181815 34747.986363636366 8297.433333333332 8325.387878787878 9185.54696969697 9213.501515151514 
34595.84545454545 34624.68257575758 8496.383333333333 8525.220454545455 9338.936363636363 9367.773484848485 
34790.92121212121 34819.35303030303 8314.985606060605 8343.417424242425 9002.110606060605 9030.542424242425 
35003.18712121212 35031.66439393939 8413.6 8442.077272727272 9467.967424242424 9496.444696969696 
34582.61818181818 34610.80378787879 8642.224242424243 8670.40984848485 9356.012121212121 9384.197727272727 
33999.37954545455 34027.14090909091 8392.913636363637 8420.675 9115.243181818181 9143.004545454545 
34383.68863636364 34412.14318181818 8330.35909090909 8358.813636363637 9446.923484848485 9475.37803030303 
34493.09090909091 34521.51515151515 8817.170454545454 8845.594696969696 9672.333333333334 9700.757575757576 
34675.66439393939 34704.01666666667 8280.25909090909 8308.611363636364 9053.861363636364 9082.213636363636 
34238.472727272725 34266.5446969697 8431.60909090909 8459.68106060606 8951.078787878789 8979.150757575757 
35014.95984848485 35043.232575757575 8396.225 8424.497727272726 9290.891666666666 9319.164393939394 
34221.1196969697 34250.142424242425 8581.441666666668 8610.464393939394 9047.49090909091 9076.513636363636 
34275.56136363636 34303.739393939395 8379.37196969697 8407.55 9218.425 9246.603030303031 
33767.69545454546 33795.29772727273 8509.4 8537.002272727274 8859.771212121212 8887.373484848486 
33627.70757575757 33655.32878787879 8086.078787878788 8113.7 8920.722727272727 8948.343939393939 
35093.736363636366 35122.51666666667 8437.58106060606 8466.361363636364 9532.85 9561.630303030302 
34127.40984848485 34155.49318181818 8306.887121212121 8334.970454545455 9165.561363636363 9193.644696969697 
34303.77954545455 34332.07878787879 8500.177272727273 8528.476515151515 9312.18106060606 9340.480303030303 
35030.75303030303 35059.548484848485 8497.548484848485 8526.343939393939 9350.040909090909 9378.836363636363 
34592.52348484848 34620.826515151515 8448.849242424243 8477.152272727273 8832.71287878788 8861.01590909091 
35202.0143939394 35230.825 8393.817424242425 8422.62803030303 9412.953787878789 9441.764393939395 
34686.91136363636 34715.388636363634 8333.926515151516 8362.403787878788 9818.244696969698 9846.72196969697 
34414.861363636366 34443.49015151515 8331.67196969697 8360.300757575758 9129.702272727272 9158.33106060606 
33814.67272727273 33842.19545454546 8196.15 8223.672727272728 8866.157575757576 8893.680303030304 
33795.593181818185 33823.740909090906 8356.81287878788 8384.960606060606 8973.820454545454 9001.968181818182 
34459.15606060606 34487.4553030303 8485.553787878787 8513.853030303031 9446.78484848485 9475.084090909091 
34741.066666666666 34769.43409090909 8225.210606060606 8253.57803030303 9100.93787878788 9129.305303030304 
