32026.763414634148 32055.234959349593 7788.539837398374 7817.011382113821 8510.88536585366 8539.356910569106 
31572.048780487807 31600.345528455284 7734.056910569106 7762.3536585365855 8331.113821138211 8359.41056910569 
31851.647967479676 31879.81056910569 7675.391869918699 7703.554471544716 8425.9 8454.062601626016 
31491.523577235774 31519.385365853657 7618.381300813008 7646.2430894308945 8292.255284552846 8320.117073170732 
32753.32764227642 32781.68943089431 7790.254471544716 7818.616260162602 8607.034959349594 8635.39674796748 
31762.773983739837 31790.77804878049 7918.286178861788 7946.290243902439 8314.790243902438 8342.79430894309 
32258.560975609755 32287.036585365855 7877.243902439024 7905.719512195122 8428.853658536585 8457.329268292682 
31370.939837398375 31399.309756097562 7549.923577235772 7578.2934959349595 8190.273170731707 8218.643089430894 
32144.58455284553 32173.470731707315 7757.2878048780485 7786.173983739837 8359.153658536585 8388.039837398373 
32077.457723577234 32105.69756097561 7608.563414634146 7636.8032520325205 8438.709756097562 8466.949593495934 
31898.026016260163 31926.489430894308 8105.485365853659 8133.9487804878045 8893.48943089431 8921.952845528454 
31561.751219512196 31590.00731707317 7795.613008130082 7823.869105691057 8265.734959349593 8293.991056910569 
32146.461788617886 32174.79105691057 7678.132520325204 7706.461788617886 8293.69756097561 8322.026829268292 
32137.684552845527 32166.009756097563 7750.6967479674795 7779.021951219513 8033.887804878049 8062.213008130081 
31680.552845528455 31708.914634146342 7532.581300813008 7560.943089430894 8331.829268292682 8360.19105691057 
31968.69674796748 31996.721138211382 7642.591056910569 7670.615447154471 8517.664227642277 8545.688617886179 
31761.066666666666 31789.253658536585 7711.473170731707 7739.660162601626 8220.245528455285 8248.432520325203 
31638.065040650406 31666.288617886177 7572.991869918699 7601.215447154472 8401.69918699187 8429.922764227642 
31780.59918699187 31808.359349593495 7567.851219512195 7595.6113821138215 8100.867479674796 8128.627642276423 
31808.335772357725 31836.465853658538 7556.291056910569 7584.421138211382 8321.636585365854 8349.766666666666 
31806.168292682927 31834.213008130082 7828.4447154471545 7856.4894308943085 8412.9 8440.944715447155 
31940.970731707315 31969.190243902438 7781.4991869918695 7809.718699186992 8793.547967479675 8821.767479674796 
32172.250406504067 32200.91707317073 7733.408943089431 7762.075609756098 8648.681300813008 8677.347967479674 
31926.134146341465 31954.483739837397 7575.264227642277 7603.613821138211 8562.386178861789 8590.735772357724 
31880.255284552844 31908.543902439025 7665.088617886179 7693.377235772357 8566.645528455285 8594.934146341464 
30808.624390243902 30836.41707317073 7643.583739837399 7671.376422764228 8641.665040650407 8669.457723577236 
31804.20975609756 31832.441463414634 7648.547154471545 7676.778861788618 8603.258536585367 8631.490243902439 
32320.317073170732 32348.674796747968 7637.577235772358 7665.934959349594 8240.49593495935 8268.853658536585 
32100.247154471544 32128.50731707317 7514.869105691057 7543.129268292683 8450.222764227643 8478.482926829269 
32211.345528455284 32239.955284552845 7449.674796747968 7478.284552845528 8105.613821138211 8134.223577235773 
31945.933333333334 31974.5837398374 7742.534959349594 7771.185365853658 8569.453658536586 8598.10406504065 
32577.81300813008 32606.532520325203 7758.8943089430895 7787.613821138211 8636.926829268292 8665.646341463415 
31777.269105691055 31805.38699186992 7726.578048780488 7754.69593495935 8687.391056910568 8715.508943089431 
32159.615447154472 32188.09512195122 7693.062601626017 7721.542276422764 8374.339024390243 8402.818699186992 
32212.61869918699 32241.40731707317 7385.447967479675 7414.236585365854 8668.773170731707 8697.561788617886 
32226.80325203252 32255.457723577234 7711.534959349594 7740.189430894309 8606.51056910569 8635.165040650407 
31608.469105691056 31636.656097560975 7873.355284552846 7901.542276422764 8722.98943089431 8751.176422764227 
31478.19512195122 31505.967479674797 7899.955284552845 7927.727642276423 8558.40650406504 8586.178861788618 
32147.88943089431 32176.226829268293 7912.405691056911 7940.7430894308945 8300.995121951219 8329.332520325202 
31490.3 31518.157723577235 7870.056097560976 7897.9138211382115 8265.608943089432 8293.466666666667 
31642.265853658537 31670.233333333334 7752.806504065041 7780.773983739838 8443.412195121951 8471.379674796748 
31587.71463414634 31615.336585365854 7477.641463414634 7505.263414634146 8222.438211382114 8250.060162601627 
32103.29918699187 32131.5918699187 7814.876422764228 7843.169105691057 8853.819512195121 8882.112195121952 
32407.834959349595 32436.639837398376 7670.558536585366 7699.3634146341465 8879.981300813008 8908.786178861788 
31475.439837398375 31503.480487804878 7993.354471544715 8021.395121951219 8122.886991869918 8150.927642276422 
32735.510569105692 32763.982113821137 7691.380487804878 7719.852032520325 8915.786991869918 8944.258536585367 
32093.079674796747 32121.555284552847 7878.254471544716 7906.730081300813 8953.965853658536 8982.441463414634 
31806.780487804877 31835.121951219513 7668.0609756097565 7696.40243902439 8676.39837398374 8704.739837398374 
31875.282113821137 31903.623577235772 7892.80243902439 7921.143902439025 8630.729268292684 8659.070731707317 
32493.459349593497 32522.61788617886 7734.760162601626 7763.918699186992 9118.288617886179 9147.447154471545 
