48008.14223433242 48036.616348773845 12473.798910081743 12502.273024523161 13434.77166212534 13463.245776566757 
48192.20163487738 48220.185286103544 12317.446866485014 12345.430517711171 13527.348773841963 13555.33242506812 
48002.35313351499 48030.62833787466 12407.701907356948 12435.977111716622 13404.922615803815 13433.197820163488 
48391.02343324251 48419.524795640325 12035.107901907357 12063.609264305178 13272.584741144414 13301.086103542235 
48270.38801089918 48298.87029972752 12323.725885558582 12352.20817438692 13357.644141689374 13386.126430517712 
48910.83542234333 48939.086103542235 12198.023433242506 12226.274114441418 12966.38038147139 12994.6310626703 
48340.31117166213 48368.39564032698 12293.441961852861 12321.526430517712 13501.174931880108 13529.25940054496 
48887.73024523161 48916.103542234334 12256.550408719346 12284.92370572207 13376.043596730246 13404.41689373297 
48513.184196185284 48541.1514986376 12429.652861035422 12457.620163487738 12938.162397820164 12966.129700272479 
49659.232152588556 49687.94877384196 12144.728065395095 12173.444686648501 13671.828882833788 13700.545504087193 
48608.16621253406 48636.22070844687 12328.346049046322 12356.400544959128 13560.517711171662 13588.57220708447 
48969.108446866485 48997.63433242507 12360.855040871935 12389.380926430518 13268.64250681199 13297.168392370571 
48012.76839237057 48041.07084468665 12595.23705722071 12623.539509536784 13202.90735694823 13231.209809264305 
48586.61089918256 48614.71716621253 12144.316621253405 12172.42288828338 13587.229427792916 13615.335694822888 
48102.70626702997 48130.578201634875 12224.292098092643 12252.164032697548 13646.245776566757 13674.117711171662 
47829.72152588556 47857.80599455041 12565.348228882835 12593.432697547683 13307.942234332426 13336.026702997275 
48277.15476839237 48305.11662125341 12061.176566757493 12089.138419618528 13505.037602179837 13532.999455040872 
48214.9416893733 48243.184196185284 12273.655585831062 12301.898092643052 13687.107901907357 13715.350408719347 
48564.9863760218 48593.253405994554 12059.686648501362 12087.953678474114 13154.019073569481 13182.286103542234 
48043.117166212534 48071.062670299725 12415.346049046322 12443.291553133515 13759.23978201635 13787.185286103542 
47388.22070844687 47415.817438692095 12369.610354223434 12397.207084468664 13448.136239782016 13475.732970027248 
48241.68610354223 48270.040326975475 12273.342779291554 12301.697002724795 12835.350953678475 12863.705177111717 
49008.22397820163 49037.0659400545 12746.491008174387 12775.332970027248 13950.368392370572 13979.210354223433 
48982.56130790191 49011.359673024526 12360.351498637603 12389.149863760218 13668.24795640327 13697.046321525886 
48093.833242506815 48121.98038147139 12168.99128065395 12197.138419618528 13507.97220708447 13536.119346049047 
48920.682288828335 48949.434332425066 12265.843051771117 12294.595095367848 13552.123705722071 13580.8757493188 
48340.439237057224 48368.496457765665 12325.752588555859 12353.809809264305 13540.409264305177 13568.466485013623 
48301.09754768392 48329.40544959128 12446.359128065395 12474.667029972752 13086.522615803815 13114.830517711172 
49091.79182561308 49120.19237057221 12361.677384196186 12390.077929155314 13245.79455040872 13274.195095367848 
48203.32098092643 48231.697002724795 12194.122070844687 12222.498092643053 12941.296457765668 12969.672479564033 
48801.5068119891 48830.16076294278 12414.544959128065 12443.198910081745 13086.234332425069 13114.888283378747 
48394.4038147139 48422.796185286104 12366.777111716621 12395.169482288828 14168.368392370572 14196.760762942778 
48276.02506811989 48304.19400544959 12198.243051771116 12226.411989100818 14042.234877384197 14070.403814713896 
48784.502452316076 48812.954768392374 12335.668664850136 12364.120980926431 13565.279019073569 13593.731335149863 
49202.218528610356 49230.76348773842 12278.736239782016 12307.281198910081 13985.480108991826 14014.02506811989 
48618.17493188011 48646.45013623978 12350.510081743869 12378.785286103543 13428.117711171662 13456.392915531334 
48941.18964577657 48969.919891008176 12434.80272479564 12463.532970027249 13926.282288828337 13955.012534059946 
48488.401089918254 48516.74986376022 12218.646321525886 12246.995095367847 13347.123160762943 13375.471934604904 
48171.871934604904 48200.26975476839 12520.351498637603 12548.74931880109 13568.534059945505 13596.931880108992 
49265.65722070845 49294.425613079016 12678.302997275205 12707.071389645776 14285.485558583106 14314.253950953678 
49410.89863760218 49439.47084468665 12391.615258855585 12420.187465940055 13168.65068119891 13197.222888283379 
48812.03378746594 48840.172752043596 12347.908446866484 12376.047411444142 13508.78310626703 13536.922070844686 
47735.04795640327 47762.80272479564 12261.745504087194 12289.500272479563 13462.990735694822 13490.745504087194 
48254.886648501364 48282.96566757493 12143.2 12171.279019073569 13396.736784741144 13424.815803814714 
48274.756403269756 48303.235967302455 12184.445776566758 12212.925340599455 13257.511171662125 13285.990735694822 
48313.990735694824 48342.658310626706 12009.54659400545 12038.21416893733 12913.737329700272 12942.404904632152 
47753.12098092643 47781.172752043596 12398.251771117166 12426.303542234333 13516.971117166213 13545.022888283378 
48563.533514986375 48591.96948228883 12377.607084468666 12406.043051771117 13860.190190735695 13888.626158038147 
48670.27901907357 48699.16457765667 12204.769482288828 12233.655040871934 13873.175476839237 13902.061035422343 
48521.00272479564 48549.610354223434 12337.217983651226 12365.82561307902 13612.24795640327 13640.855585831063 
