7678.54 7706.411428571429 1174.4542857142858 1202.3257142857142 1333.3685714285714 1361.24 
8111.322857142857 8140.137142857143 1194.3657142857144 1223.18 1510.2942857142857 1539.1085714285714 
7961.434285714286 7989.948571428571 1021.9628571428572 1050.4771428571428 1223.0057142857142 1251.52 
7602.868571428571 7630.925714285714 1011.9542857142857 1040.0114285714285 1249.04 1277.097142857143 
8021.42 8050.82 1008.4628571428572 1037.8628571428571 1532.3914285714286 1561.7914285714285 
7632.934285714286 7660.391428571428 1087.3342857142857 1114.7914285714285 1212.4485714285715 1239.9057142857143 
7926.777142857143 7955.32 1164.42 1192.962857142857 1198.462857142857 1227.0057142857142 
7994.608571428572 8024.094285714285 1000.18 1029.6657142857143 1402.037142857143 1431.5228571428572 
7538.7 7566.4 961.0714285714286 988.7714285714286 1335.8714285714286 1363.5714285714287 
7757.488571428571 7785.917142857143 956.5885714285714 985.0171428571429 1242.6314285714286 1271.06 
7845.391428571428 7873.905714285715 1034.6771428571428 1063.1914285714286 1345.1057142857144 1373.62 
7763.368571428571 7791.354285714286 1087.9971428571428 1115.9828571428573 1184.54 1212.5257142857142 
7955.805714285714 7984.191428571428 988.5057142857142 1016.8914285714286 1237.0628571428572 1265.4485714285715 
7630.114285714286 7658.857142857143 1038.442857142857 1067.1857142857143 1132.5142857142857 1161.2571428571428 
7748.045714285714 7776.06 1115.817142857143 1143.8314285714287 1367.5314285714285 1395.5457142857142 
7791.32 7818.634285714285 917.6771428571428 944.9914285714286 1286.1485714285714 1313.462857142857 
7642.877142857143 7671.305714285714 1105.0628571428572 1133.4914285714285 1207.02 1235.4485714285715 
7759.368571428571 7787.725714285714 1172.0114285714285 1200.3685714285714 1401.6542857142856 1430.0114285714285 
7579.942857142857 7607.128571428571 1064.4857142857143 1091.6714285714286 1425.9714285714285 1453.1571428571428 
7906.262857142857 7934.405714285715 1085.5485714285714 1113.6914285714286 1166.2628571428572 1194.4057142857143 
7675.148571428572 7703.062857142857 1138.6485714285714 1166.5628571428572 1345.4057142857143 1373.32 
7904.851428571428 7932.937142857143 956.0514285714286 984.1371428571429 1266.8514285714286 1294.9371428571428 
7699.194285714286 7726.808571428572 1009.0657142857143 1036.68 1218.7657142857142 1246.38 
7606.591428571429 7634.805714285714 1043.1914285714286 1071.4057142857143 1458.3628571428571 1486.577142857143 
7934.294285714286 7963.594285714285 1073.9085714285713 1103.2085714285715 1366.5514285714285 1395.8514285714286 
7924.717142857143 7953.4457142857145 1158.8457142857144 1187.5742857142857 1528.6028571428571 1557.3314285714287 
7806.051428571429 7835.38 1084.1514285714286 1113.48 1363.5657142857142 1392.8942857142856 
7672.425714285714 7700.425714285714 1093.4971428571428 1121.4971428571428 1357.1971428571428 1385.1971428571428 
7568.977142857143 7596.105714285714 1165.12 1192.2485714285715 1299.3485714285714 1326.4771428571428 
7831.868571428571 7859.74 908.9828571428571 936.8542857142858 1078.7542857142857 1106.6257142857144 
7576.868571428571 7604.754285714285 1085.1114285714286 1112.9971428571428 1248.297142857143 1276.182857142857 
7780.891428571428 7809.291428571429 1090.3771428571429 1118.777142857143 1393.32 1421.72 
8020.951428571429 8050.865714285715 1079.5514285714285 1109.4657142857143 1321.6371428571429 1351.5514285714285 
7876.851428571428 7905.608571428572 1019.18 1047.9371428571428 1254.6228571428571 1283.38 
7570.454285714286 7597.754285714285 876.3828571428571 903.6828571428572 1154.94 1182.24 
7921.425714285714 7950.368571428571 1131.2257142857143 1160.1685714285713 1162.4257142857143 1191.3685714285714 
7771.154285714286 7799.425714285714 999.4542857142857 1027.7257142857143 1107.64 1135.9114285714286 
7852.231428571428 7880.731428571428 924.5457142857143 953.0457142857143 1163.402857142857 1191.902857142857 
7971.36 7999.845714285714 1032.2171428571428 1060.702857142857 1405.0457142857142 1433.5314285714285 
7403.162857142857 7430.005714285714 968.0342857142857 994.8771428571429 1028.4771428571428 1055.32 
8003.222857142857 8031.794285714286 1055.9657142857143 1084.537142857143 1435.0514285714285 1463.6228571428571 
7801.822857142857 7829.937142857143 981.4085714285715 1009.5228571428571 1253.8228571428572 1281.9371428571428 
7622.865714285715 7651.494285714286 978.3514285714285 1006.98 1277.58 1306.2085714285715 
7968.128571428571 7997.814285714286 1105.8142857142857 1135.5 1365.357142857143 1395.0428571428572 
8094.348571428572 8123.791428571429 1033.9771428571428 1063.42 1274.6342857142856 1304.077142857143 
7982.625714285714 8011.354285714286 998.44 1027.1685714285713 1146.2828571428572 1175.0114285714285 
7868.042857142857 7896.157142857143 1005.9857142857143 1034.1 1292.4142857142858 1320.5285714285715 
7546.988571428571 7574.9742857142855 964.8742857142857 992.86 1253.702857142857 1281.6885714285713 
7860.597142857143 7888.782857142857 1096.4542857142858 1124.64 1149.5685714285714 1177.7542857142857 
7511.611428571428 7539.511428571429 1118.3685714285714 1146.2685714285715 1264.8114285714287 1292.7114285714285 
