24165.28128342246 24194.056684491978 5521.719786096257 5550.495187165775 6476.206417112299 6504.981818181818 
23796.37540106952 23825.038502673797 5486.177540106952 5514.84064171123 6218.519786096257 6247.182887700535 
23849.293048128344 23877.688770053475 5523.351871657754 5551.747593582888 6741.170053475936 6769.56577540107 
23678.733689839573 23707.241711229948 5488.43422459893 5516.942245989305 6203.295187165775 6231.80320855615 
24091.267379679146 24119.727272727272 5549.005347593583 5577.465240641711 6232.449197860962 6260.909090909091 
23773.469518716578 23801.186096256686 5292.367914438502 5320.08449197861 5813.924064171123 5841.64064171123 
24189.103743315507 24218.082352941175 5502.9860962566845 5531.964705882353 6061.99679144385 6090.975401069519 
23383.192513368984 23411.245989304814 5325.4331550802135 5353.486631016042 6055.5187165775405 6083.572192513369 
24112.273796791444 24140.91550802139 5364.6374331550805 5393.2791443850265 6097.305882352941 6125.947593582888 
23829.95614973262 23858.51229946524 5496.148663101604 5524.704812834225 6368.827807486631 6397.383957219251 
23568.499465240642 23596.895187165774 5352.820320855615 5381.2160427807485 5974.526203208557 6002.92192513369 
23532.170053475937 23560.266310160427 5448.982887700535 5477.079144385027 5916.731550802139 5944.827807486631 
23303.502673796793 23331.342245989305 5523.679144385027 5551.5187165775405 5793.572192513369 5821.411764705882 
24122.74331550802 24151.614973262032 5552.267379679144 5581.139037433155 6021.754010695187 6050.625668449198 
24226.479144385026 24255.366844919787 5397.254545454545 5426.142245989305 6379.992513368984 6408.880213903743 
24428.08128342246 24456.84064171123 5637.498395721925 5666.257754010695 6187.509090909091 6216.268449197861 
23711.59679144385 23739.91229946524 5496.6930481283425 5525.008556149733 6064.928342245989 6093.2438502673795 
23727.570053475934 23755.50588235294 5335.532620320856 5363.4684491978605 6068.933689839572 6096.869518716578 
23640.373262032084 23668.32513368984 5532.073796791444 5560.025668449198 5805.43743315508 5833.389304812834 
23476.426737967915 23504.597860962567 5400.9508021390375 5429.12192513369 5846.282352941176 5874.4534759358285 
23504.483422459893 23532.6064171123 5270.050267379679 5298.173262032085 5974.617112299466 6002.740106951872 
23981.191443850268 24009.6192513369 5633.480213903743 5661.908021390374 5884.7689839572195 5913.19679144385 
23332.44705882353 23360.420320855614 5470.265240641711 5498.238502673797 6143.939037433155 6171.912299465241 
24260.29732620321 24288.80534759358 5635.532620320856 5664.04064171123 6044.869518716578 6073.3775401069515 
23913.20962566845 23941.685561497325 5611.952941176471 5640.428877005347 6123.717647058824 6152.1935828877 
24026.397860962566 24054.451336898397 5536.980748663102 5565.03422459893 5695.740106951872 5723.793582887701 
24066.40320855615 24095.285561497327 5384.157219251337 5413.039572192513 6105.542245989305 6134.424598930481 
23948.195721925134 23976.452406417113 5423.00320855615 5451.259893048128 5863.997860962567 5892.254545454545 
24044.845989304813 24073.204278074867 5382.182887700535 5410.541176470589 5981.450267379679 6009.808556149733 
23597.33048128342 23625.5871657754 5349.998930481283 5378.255614973262 6031.378609625668 6059.635294117647 
23771.219251336897 23799.780748663103 5287.326203208556 5315.8877005347595 5708.026737967914 5736.588235294118 
24399.52834224599 24428.05240641711 5398.277005347593 5426.801069518717 6074.3144385026735 6102.838502673797 
23664.108021390373 23692.11871657754 5428.391443850267 5456.402139037433 6185.642780748663 6213.653475935829 
23248.780748663103 23276.94652406417 5451.620320855615 5479.786096256685 6160.1122994652405 6188.27807486631 
23785.176470588234 23813.48128342246 5339.27807486631 5367.582887700535 5909.705882352941 5938.010695187166 
23456.489839572194 23484.361497326205 5396.83743315508 5424.709090909091 6172.28128342246 6200.15294117647 
23999.07914438503 24027.383957219252 5293.774331550802 5322.079144385027 5882.891978609626 5911.19679144385 
23590.814973262033 23618.73475935829 5465.911229946524 5493.831016042781 6002.670588235294 6030.590374331551 
24218.51550802139 24247.242780748664 5451.510160427808 5480.23743315508 5921.130481283422 5949.857754010695 
23624.617112299464 23652.6064171123 5300.119786096257 5328.109090909091 5693.542245989305 5721.5315508021395 
24037.95294117647 24066.348663101606 5591.412834224599 5619.808556149733 6080.952941176471 6109.348663101604 
23621.657754010695 23649.508021390375 5448.919786096257 5476.770053475936 6048.080213903743 6075.9304812834225 
23712.002139037435 23740.531550802138 5422.659893048129 5451.189304812834 5587.71871657754 5616.248128342246 
24324.410695187165 24353.12192513369 5349.116577540107 5377.827807486631 6127.571122994653 6156.282352941176 
23863.51229946524 23891.4 5311.742245989305 5339.6299465240645 5793.9026737967915 5821.790374331551 
23737.49625668449 23765.319786096257 5413.731550802139 5441.555080213904 6165.522994652407 6193.346524064171 
23652.029946524064 23680.22780748663 5457.131550802139 5485.329411764706 6116.976470588235 6145.174331550802 
23622.764705882353 23651.03743315508 5550.92513368984 5579.197860962567 5782.919786096257 5811.192513368984 
24240.71550802139 24270.07914438503 5498.175401069519 5527.5390374331555 5721.7689839572195 5751.1326203208555 
23945.7743315508 23974.432085561497 5512.67807486631 5541.335828877005 5932.88128342246 5961.5390374331555 
