20773.41585365854 20802.269512195122 4462.446341463415 4491.3 5043.818292682927 5072.671951219512 
20668.64024390244 20696.835365853658 4454.621951219512 4482.817073170731 5150.75 5178.945121951219 
20701.50243902439 20729.88048780488 4502.398780487805 4530.776829268293 5012.209756097561 5040.587804878049 
20729.29756097561 20757.90731707317 4668.041463414635 4696.651219512195 4909.078048780488 4937.687804878049 
20239.460975609756 20267.81463414634 4336.467073170732 4364.8207317073175 5054.59512195122 5082.9487804878045 
21003.008536585367 21031.6 4528.673170731708 4557.264634146341 4911.435365853658 4940.026829268293 
20681.509756097563 20709.918292682927 4520.540243902439 4548.9487804878045 5202.875609756097 5231.284146341463 
20472.45 20500.675609756097 4539.840243902439 4568.065853658537 5284.718292682926 5312.943902439024 
20462.4 20490.631707317072 4636.753658536585 4664.985365853659 4939.424390243902 4967.6560975609755 
20406.526829268292 20434.45975609756 4439.002439024391 4466.935365853658 4854.258536585366 4882.191463414634 
20375.436585365853 20403.753658536585 4622.95487804878 4651.271951219513 4837.485365853659 4865.80243902439 
20681.16585365854 20709.65975609756 4713.964634146341 4742.458536585365 5179.312195121951 5207.806097560976 
20822.353658536584 20851.439024390245 4675.15243902439 4704.237804878048 5618.012195121952 5647.09756097561 
20712.739024390245 20740.684146341464 4643.257317073171 4671.2024390243905 5058.226829268293 5086.171951219512 
20516.230487804878 20544.68170731707 4732.943902439024 4761.395121951219 5179.669512195122 5208.120731707317 
20498.246341463415 20526.28292682927 4630.618292682927 4658.65487804878 5052.160975609756 5080.19756097561 
20468.920731707316 20496.829268292684 4627.768292682927 4655.676829268293 4933.481707317073 4961.390243902439 
20841.684146341464 20869.989024390245 4630.190243902439 4658.4951219512195 4979.110975609756 5007.415853658536 
21412.72195121951 21441.41707317073 4638.337804878049 4667.032926829268 5341.673170731708 5370.368292682927 
20602.926829268294 20630.713414634145 4552.920731707317 4580.707317073171 4781.304878048781 4809.091463414634 
20704.280487804877 20732.975609756097 4550.414634146341 4579.109756097561 4994.975609756098 5023.670731707317 
20777.284146341462 20805.91219512195 4310.393902439025 4339.021951219513 5098.515853658537 5127.143902439025 
20557.863414634146 20586.015853658537 4612.339024390244 4640.491463414634 4767.0707317073175 4795.223170731707 
20396.940243902438 20425.519512195122 4608.3 4636.879268292683 4887.64756097561 4916.226829268293 
20969.712195121952 20998.175609756097 4484.730487804878 4513.193902439024 5055.943902439024 5084.407317073171 
20454.5 20482.524390243903 4428.743902439024 4456.768292682927 5057.963414634146 5085.987804878048 
20750.59512195122 20779.04024390244 4634.753658536585 4663.1987804878045 5161.960975609756 5190.4060975609755 
21019.921951219512 21048.678048780486 4832.129268292683 4860.885365853658 5212.848780487805 5241.604878048781 
20542.05243902439 20570.77195121951 4784.881707317073 4813.601219512195 5277.015853658537 5305.735365853659 
20962.51219512195 20991.298780487807 4600.609756097561 4629.3963414634145 5477.963414634146 5506.75 
20207.070731707317 20235.107317073172 4356.881707317073 4384.918292682927 5034.70487804878 5062.741463414634 
20551.864634146343 20580.565853658536 4709.224390243902 4737.925609756097 5273.498780487805 5302.2 
20678.5756097561 20706.80731707317 4509.6365853658535 4537.868292682927 4979.941463414634 5008.173170731708 
20597.220731707315 20625.428048780486 4645.086585365853 4673.293902439024 5270.525609756098 5298.732926829268 
20616.929268292683 20645.343902439025 4657.996341463415 4686.410975609756 5175.014634146341 5203.4292682926825 
20480.123170731706 20508.251219512196 4487.964634146341 4516.092682926829 5215.976829268293 5244.104878048781 
20704.023170731707 20732.120731707317 4456.840243902439 4484.937804878049 5060.120731707317 5088.218292682926 
20559.280487804877 20586.841463414636 4517.90243902439 4545.463414634146 4998.231707317073 5025.792682926829 
20915.57682926829 20944.04024390244 4625.503658536585 4653.967073170732 4985.528048780488 5013.991463414634 
20360.215853658538 20388.75243902439 4604.923170731708 4633.459756097561 4987.362195121951 5015.898780487805 
19960.43536585366 19987.539024390244 4427.40487804878 4454.508536585366 4681.471951219512 4708.575609756098 
20718.656097560975 20746.918292682927 4416.832926829268 4445.09512195122 4891.875609756097 4920.137804878049 
21060.324390243903 21088.95243902439 4550.019512195122 4578.64756097561 5473.019512195122 5501.64756097561 
20701.54756097561 20729.712195121952 4479.260975609756 4507.425609756097 5114.315853658537 5142.480487804878 
20460.428048780486 20488.732926829267 4699.543902439024 4727.848780487805 5069.281707317074 5097.586585365853 
21147.296341463414 21176.09512195122 4599.082926829268 4627.881707317073 5045.55243902439 5074.351219512195 
20674.765853658537 20703.515853658537 4620.753658536585 4649.503658536585 4833.778048780488 4862.528048780488 
20537.919512195123 20566.18170731707 4418.809756097561 4447.071951219512 4982.882926829268 5011.145121951219 
20732.589024390243 20761.09512195122 4721.1987804878045 4749.70487804878 5161.235365853659 5189.741463414634 
20625.791463414633 20654.096341463413 4678.760975609756 4707.065853658537 4970.315853658537 4998.620731707317 
