31408.602459016394 31437.159836065573 7362.516393442623 7391.073770491803 8805.717213114754 8834.274590163934 
31503.14344262295 31531.377049180326 7663.856557377049 7692.0901639344265 8276.676229508197 8304.909836065573 
32177.987704918032 32206.754098360656 7440.352459016393 7469.118852459016 8537.79918032787 8566.565573770491 
31609.498360655736 31637.289344262295 7395.518852459017 7423.309836065574 8005.539344262295 8033.330327868853 
30783.841803278687 30811.73524590164 7664.022131147541 7691.915573770491 8283.96475409836 8311.858196721312 
31242.06393442623 31269.77295081967 7534.334426229509 7562.043442622951 7868.3426229508195 7896.051639344262 
31829.6868852459 31858.248360655736 7343.957377049181 7372.518852459017 7917.73606557377 7946.297540983606 
31875.465573770492 31903.867213114754 7669.137704918033 7697.539344262295 8566.940983606557 8595.34262295082 
31841.245081967212 31870.00737704918 7346.503278688525 7375.265573770492 8763.163114754097 8791.925409836065 
32315.28770491803 32344.369672131146 7591.611475409836 7620.693442622951 8253.254918032786 8282.336885245903 
31819.15 31847.27295081967 7602.4696721311475 7630.5926229508195 8380.682786885245 8408.805737704917 
31727.950819672133 31756.29098360656 7732.88524590164 7761.225409836065 8556.352459016394 8584.692622950819 
31900.624590163934 31929.124590163934 7451.194262295082 7479.694262295082 8150.649180327869 8179.149180327869 
31656.595081967214 31684.627868852458 7426.939344262295 7454.972131147541 8235.996721311476 8264.029508196722 
31254.10573770492 31282.187704918033 7490.249180327869 7518.331147540984 8209.154918032787 8237.236885245902 
32013.30819672131 32041.795901639343 7443.85737704918 7472.345081967213 7941.52131147541 7970.009016393443 
31744.187704918033 31772.57295081967 7534.425409836065 7562.810655737705 8599.105737704918 8627.490983606558 
31491.924590163933 31519.961475409837 7663.318032786885 7691.354918032787 8688.137704918032 8716.174590163935 
32082.4868852459 32110.90901639344 7780.58524590164 7809.00737704918 8230.7 8259.12213114754 
31853.368852459018 31881.299180327867 7431.959016393443 7459.889344262295 8199.467213114754 8227.397540983606 
31745.41475409836 31774.148360655738 7667.361475409836 7696.095081967213 8425.332786885247 8454.066393442623 
31067.155737704918 31095.09836065574 7487.672131147541 7515.61475409836 8055.688524590164 8083.631147540984 
30922.366393442622 30950.112295081966 7151.095901639344 7178.8418032786885 8618.800819672131 8646.546721311475 
31952.904918032786 31981.331147540983 7891.17131147541 7919.597540983606 8458.298360655737 8486.724590163934 
31779.7631147541 31808.148360655738 7687.832786885246 7716.2180327868855 8130.484426229508 8158.869672131147 
31460.418032786885 31488.65163934426 7526.963114754099 7555.196721311476 8194.11475409836 8222.348360655738 
31999.35573770492 32028.25737704918 7728.023770491804 7756.925409836065 8269.86393442623 8298.765573770492 
32016.154918032786 32045.101639344262 7792.331147540984 7821.277868852459 8786.802459016393 8815.749180327868 
32277.54262295082 32306.526229508196 7561.190163934426 7590.173770491803 8591.15737704918 8620.140983606558 
31863.12868852459 31891.059016393443 7521.882786885246 7549.813114754098 8431.341803278689 8459.272131147542 
32007.17213114754 32035.819672131147 7679.668032786885 7708.315573770492 8593.393442622952 8622.040983606557 
31584.749180327868 31612.88442622951 7437.630327868853 7465.765573770492 8062.126229508197 8090.261475409836 
31820.011475409836 31848.638524590166 7461.708196721312 7490.33524590164 8212.691803278689 8241.318852459017 
31507.473770491804 31536.02295081967 7594.465573770492 7623.014754098361 8583.604918032786 8612.154098360656 
31640.497540983608 31668.903278688525 7757.296721311475 7785.702459016394 8694.67786885246 8723.083606557377 
31353.612295081966 31381.82131147541 7696.202459016394 7724.411475409836 8230.333606557377 8258.54262295082 
31191.745081967212 31219.872131147542 7545.216393442623 7573.3434426229505 8483.146721311476 8511.273770491804 
31943.687704918033 31972.07295081967 7431.372131147541 7459.75737704918 7993.876229508197 8022.261475409836 
31273.19426229508 31301.374590163934 7585.317213114754 7613.497540983607 8151.317213114754 8179.497540983607 
31523.316393442623 31552.004918032788 7667.533606557377 7696.222131147541 8277.259016393442 8305.947540983607 
31213.980327868852 31242.254918032788 7550.308196721311 7578.582786885246 7884.234426229508 7912.509016393443 
31449.809836065575 31478.182786885245 7569.535245901639 7597.9081967213115 8494.596721311475 8522.969672131148 
31473.77295081967 31501.940983606557 7734.391803278689 7762.559836065574 8449.42049180328 8477.588524590165 
32347.101639344262 32376.183606557377 7526.290163934426 7555.372131147541 8587.503278688524 8616.585245901639 
31614.47213114754 31642.738524590164 7745.287704918032 7773.554098360656 8462.586885245903 8490.853278688524 
31747.966393442624 31776.09344262295 7452.618032786885 7480.745081967213 8625.195901639345 8653.322950819673 
31995.8631147541 32024.658196721313 7779.17868852459 7807.973770491803 8922.559836065573 8951.354918032786 
31604.354918032786 31632.66639344262 7601.068032786885 7629.379508196721 8367.723770491802 8396.03524590164 
31913.13442622951 31941.519672131148 7714.298360655737 7742.683606557377 8101.363934426229 8129.749180327869 
31168.509016393444 31196.554098360655 7526.554098360656 7554.599180327868 8244.672950819671 8272.718032786885 
