46708.462146892656 46736.888700564974 11830.891525423729 11859.318079096045 13015.795480225988 13044.222033898304 
46034.85649717514 46062.95536723164 11823.062711864406 11851.161581920904 12577.353672316383 12605.452542372881 
46786.51016949153 46814.57796610169 11863.9197740113 11891.98757062147 13079.843502824859 13107.911299435029 
47094.58531073447 47123.333898305085 11864.574011299435 11893.322598870056 12391.850847457627 12420.599435028249 
47088.78531073446 47117.38418079096 11876.545197740114 11905.14406779661 13003.350282485875 13031.949152542373 
46844.120903954805 46872.397740112996 11684.264971751412 11712.541807909605 13056.493785310735 13084.770621468926 
46856.73615819209 46884.59491525424 11778.538418079095 11806.397175141243 13028.442372881356 13056.301129943502 
46687.25367231639 46715.48813559322 11784.812994350283 11813.047457627119 12846.914689265537 12875.149152542373 
45531.59491525424 45559.2220338983 11718.541242937854 11746.16836158192 12659.877401129943 12687.504519774011 
45924.97401129943 45953.358192090396 11607.471186440678 11635.85536723164 12788.544632768362 12816.928813559321 
45750.25367231639 45778.13785310734 11767.038983050847 11794.923163841808 12711.457062146892 12739.341242937853 
46714.5604519774 46743.0209039548 11859.616949152542 11888.077401129944 12948.453107344632 12976.913559322034 
46873.42542372881 46901.702259887 11905.682485875706 11933.959322033897 12769.617514124293 12797.894350282486 
47446.44915254237 47475.274011299436 11834.189265536723 11863.014124293786 13390.878531073446 13419.703389830509 
46945.354237288135 46973.52937853107 11851.83163841808 11880.006779661016 12940.495480225989 12968.670621468926 
47131.07796610169 47159.481920903956 11795.580790960452 11823.984745762711 13586.366101694915 13614.770056497175 
47099.31186440678 47128.085875706216 11914.00395480226 11942.777966101696 12779.79209039548 12808.566101694916 
46534.328813559325 46562.834463276835 12045.325988700564 12073.83163841808 13128.701694915255 13157.207344632769 
46649.36271186441 46677.67344632768 11806.970056497175 11835.280790960453 12745.50395480226 12773.814689265537 
46529.50451977401 46557.71920903955 11984.738983050847 12012.953672316384 13018.787005649718 13047.001694915254 
47863.94180790961 47892.74406779661 12081.029378531073 12109.83163841808 12764.212994350282 12793.015254237289 
46608.8 46637.24350282486 11934.884745762713 11963.32824858757 13093.274576271186 13121.718079096045 
46777.54915254237 46806.032203389834 11986.82033898305 12015.30338983051 13255.667796610169 13284.150847457628 
46893.39152542373 46921.75875706215 11891.157062146893 11919.52429378531 12841.674011299436 12870.041242937854 
47076.19943502825 47104.57231638418 11826.65988700565 11855.032768361581 12502.719209039547 12531.09209039548 
46464.93615819209 46492.95028248588 11889.258192090396 11917.27231638418 12513.337288135594 12541.351412429378 
46783.13389830509 46811.32033898305 11975.179096045198 12003.365536723164 12683.698870056498 12711.885310734464 
46583.69322033898 46611.834463276835 11941.631073446328 11969.77231638418 13205.970056497175 13234.111299435028 
46210.25367231639 46238.31299435028 11775.589830508474 11803.649152542373 12942.135028248587 12970.194350282485 
46812.9593220339 46841.250282485875 12072.278531073447 12100.569491525424 12736.818079096045 12765.109039548022 
46826.52429378531 46854.72768361582 11799.100564971752 11827.30395480226 13195.01581920904 13223.219209039547 
46372.52542372881 46400.59322033898 11727.601694915254 11755.669491525423 12552.045197740114 12580.112994350282 
45574.324293785314 45602.383615819206 11998.078531073446 12026.137853107344 12604.32429378531 12632.38361581921 
47315.523163841804 47343.96949152542 11777.808474576272 11806.254802259888 13407.980790960451 13436.427118644067 
47137.304519774014 47166.329943502824 11841.030508474576 11870.05593220339 12730.089830508474 12759.115254237287 
46604.33050847457 46632.57062146893 11974.610169491525 12002.850282485875 12728.115819209039 12756.35593220339 
46890.2581920904 46918.66214689265 11331.995480225989 11360.399435028248 12446.953107344632 12475.357062146893 
46727.66440677966 46756.14745762712 11833.96384180791 11862.446892655367 13253.302824858758 13281.785875706215 
46694.38644067797 46723.146327683615 11824.35536723164 11853.115254237287 12991.91186440678 13020.67175141243 
47162.85649717514 47191.353672316385 12045.805649717515 12074.302824858758 12937.172881355933 12965.670056497174 
46834.08361581921 46862.65706214689 11910.120338983052 11938.693785310734 13905.010169491525 13933.583615819209 
46340.68361581921 46368.76836158192 11805.4802259887 11833.564971751412 12971.813559322034 12999.898305084746 
46097.97514124294 46126.161581920904 11944.619209039549 11972.805649717515 12701.590960451977 12729.777401129944 
47697.55819209039 47726.44519774011 12014.30395480226 12043.190960451977 13063.258757062147 13092.145762711865 
46915.96949152542 46944.21242937853 11882.25197740113 11910.494915254238 12768.054237288135 12796.297175141242 
46822.92768361582 46851.14802259887 11831.85988700565 11860.0802259887 13061.164971751412 13089.385310734464 
46085.8186440678 46113.962711864406 11543.462711864408 11571.606779661017 12783.37231638418 12811.516384180792 
46740.55593220339 46768.937288135596 11739.570056497176 11767.951412429378 12633.262146892655 12661.643502824858 
47483.40282485876 47512.165536723165 11969.860451977402 11998.623163841808 13359.657062146893 13388.4197740113 
46779.55423728814 46807.839548022595 11853.698305084747 11881.983615819208 12744.000564971751 12772.285875706215 
