46923.06457142857 46951.601714285716 11668.576 11697.113142857143 12707.196 12735.733142857143 
45877.64 45906.00571428571 11719.217142857144 11747.582857142857 12685.114285714286 12713.48 
46112.885714285716 46141.61714285714 11694.84 11723.57142857143 12994.531428571428 13023.262857142858 
46167.028 46195.27657142857 11867.862285714285 11896.110857142858 13346.319428571429 13374.568 
46370.073142857145 46398.436 11362.090285714286 11390.453142857143 12523.713142857143 12552.076 
45985.68 46013.83142857143 11540.98 11569.131428571429 12978.88 13007.031428571428 
46651.15142857143 46679.96 11696.934285714286 11725.742857142857 12530.951428571429 12559.76 
45997.14857142857 46025.3 11578.562857142857 11606.714285714286 12344.954285714286 12373.105714285713 
46168.39371428572 46196.81085714286 11543.250857142857 11571.668 12532.170857142857 12560.588 
46523.298285714285 46551.764 11720.858285714286 11749.324 12597.73257142857 12626.198285714287 
46409.088 46437.51657142857 11560.345142857142 11588.773714285715 12903.265142857143 12931.693714285715 
46387.624 46416.04971428571 11819.598285714286 11848.024 13077.218285714285 13105.644 
45525.26571428571 45552.95142857143 11480.42 11508.105714285713 12254.351428571428 12282.037142857143 
46489.40742857143 46518.09028571429 11692.024571428572 11720.707428571428 12821.796 12850.478857142858 
46433.56285714286 46462.002857142856 11679.857142857143 11708.297142857144 12778.248571428572 12806.68857142857 
45403.01371428571 45430.94514285714 11390.682285714285 11418.613714285715 12556.739428571429 12584.670857142857 
45979.02057142857 46007.26914285714 11663.712 11691.960571428572 12872.820571428572 12901.069142857143 
46228.79142857143 46257.137142857144 11745.605714285713 11773.951428571429 12637.15142857143 12665.497142857143 
47219.26685714286 47248.184 11886.626857142857 11915.544 13095.472571428572 13124.389714285715 
45620.093714285715 45648.47942857143 11867.922285714285 11896.308 13080.808 13109.193714285715 
45847.05542857143 45875.60971428571 11590.464 11619.018285714286 13313.032571428572 13341.586857142856 
46068.64742857143 46096.99314285714 11785.141714285714 11813.487428571429 12652.144571428571 12680.490285714286 
45848.01085714286 45876.09657142857 11842.936571428572 11871.022285714285 13100.753714285715 13128.83942857143 
45956.81657142857 45985.148 11816.333714285714 11844.665142857142 13146.885142857143 13175.216571428571 
46528.81085714286 46557.31942857143 11776.059428571429 11804.568 12477.530857142858 12506.039428571428 
45809.30285714286 45836.92571428572 11423.211428571429 11450.834285714285 12007.937142857143 12035.56 
46544.743428571426 46572.84057142857 11467.369142857144 11495.466285714285 12681.109142857144 12709.206285714286 
46047.713142857145 46076.38457142857 11679.718857142858 11708.390285714286 12706.907428571429 12735.578857142857 
46763.45142857143 46792.217142857146 11901.65142857143 11930.417142857143 12581.314285714287 12610.08 
46669.68742857143 46698.34457142857 11761.758857142857 11790.416 13196.813142857143 13225.470285714286 
47059.08857142857 47087.70285714286 11778.762857142858 11807.377142857144 13369.877142857144 13398.49142857143 
45710.84914285714 45738.83485714286 11671.712 11699.697714285714 12500.912 12528.897714285715 
46144.74285714285 46173.25428571428 11629.714285714286 11658.225714285714 12205.942857142858 12234.454285714286 
46401.75542857143 46430.135428571426 11528.789714285715 11557.169714285714 12685.481142857143 12713.861142857142 
46231.14742857143 46259.676 11365.967428571428 11394.496 12907.061714285714 12935.590285714286 
47091.51085714286 47120.088 11688.722285714286 11717.299428571429 13018.876571428571 13047.453714285713 
45714.64171428572 45742.94171428571 11749.004571428572 11777.30457142857 12190.396 12218.696 
45652.34285714286 45680.654285714285 11383.474285714286 11411.785714285714 12612.657142857142 12640.968571428572 
46624.98285714286 46653.48285714286 11904.15142857143 11932.65142857143 12863.34857142857 12891.84857142857 
45680.81314285714 45708.876 11654.547428571428 11682.610285714285 12320.836 12348.898857142856 
46487.89657142857 46515.968 11691.388 11719.459428571428 12529.793714285714 12557.865142857143 
46136.94171428571 46165.073142857145 11534.761714285714 11562.893142857143 12852.878857142858 12881.010285714287 
45784.222285714284 45812.185142857146 11320.042285714286 11348.005142857142 12402.228 12430.190857142858 
45245.864571428574 45274.236 11514.333142857144 11542.704571428572 12812.293142857143 12840.664571428571 
46025.16 46053.34857142857 11685.985714285714 11714.174285714285 12608.714285714286 12636.902857142857 
46289.11771428571 46317.50057142857 11654.700571428571 11683.083428571428 13058.403428571428 13086.786285714286 
45613.66285714286 45641.897142857146 11653.717142857144 11681.951428571429 12672.685714285713 12700.92 
45705.628 45733.87085714286 11802.670857142857 11830.913714285714 12737.976571428571 12766.219428571429 
46362.789142857146 46391.377714285714 11701.289142857142 11729.877714285714 13010.246285714285 13038.834857142858 
46963.737714285715 46992.649142857146 11537.034857142857 11565.946285714286 13149.446285714286 13178.357714285714 
