9446.469135802468 9475.481481481482 1490.567901234568 1519.5802469135801 1671.0493827160494 1700.0617283950617 
9658.683950617284 9687.461728395061 1552.646913580247 1581.4246913580248 2091.288888888889 2120.0666666666666 
9356.79012345679 9385.172839506173 1459.6296296296296 1488.0123456790122 1719.716049382716 1748.0987654320988 
9082.093827160494 9110.007407407407 1510.143209876543 1538.0567901234567 1653.8098765432098 1681.7234567901235 
9056.876543209877 9084.827160493827 1299.3086419753085 1327.2592592592594 1632.567901234568 1660.5185185185185 
9138.474074074074 9166.523456790124 1436.8444444444444 1464.8938271604939 1518.2641975308643 1546.3135802469135 
9333.345679012345 9361.530864197532 1367.469135802469 1395.6543209876543 1803.530864197531 1831.716049382716 
9233.103703703704 9261.153086419754 1501.8444444444444 1529.8938271604939 1723.7086419753086 1751.758024691358 
9083.54074074074 9111.775308641976 1546.3925925925926 1574.6271604938272 1805.2814814814815 1833.5160493827161 
8995.567901234568 9023.271604938273 1317.0864197530864 1344.79012345679 1634.8148148148148 1662.5185185185185 
9416.207407407408 9444.17037037037 1500.651851851852 1528.6148148148147 1653.404938271605 1681.3679012345679 
9311.241975308641 9340.254320987655 1405.8962962962962 1434.9086419753087 1544.3654320987655 1573.3777777777777 
9617.256790123456 9646.31851851852 1580.651851851852 1609.7135802469136 1817.3925925925926 1846.4543209876542 
9531.2 9559.953086419753 1344.2987654320987 1373.0518518518518 1605.804938271605 1634.558024691358 
9107.162962962962 9134.422222222222 1457.916049382716 1485.1753086419753 1962.1876543209876 1989.446913580247 
9269.291358024691 9297.069135802469 1467.9456790123456 1495.7234567901235 1741.2543209876544 1769.032098765432 
9184.264197530863 9213.041975308643 1545.0543209876544 1573.8320987654322 1605.585185185185 1634.362962962963 
9405.632098765433 9434.446913580246 1657.8296296296296 1686.6444444444444 2044.9530864197532 2073.767901234568 
9156.723456790123 9184.995061728396 1480.464197530864 1508.7358024691357 1543.4518518518519 1571.7234567901235 
9210.204938271605 9238.748148148148 1465.846913580247 1494.3901234567902 1655.5506172839507 1684.093827160494 
9093.972839506172 9121.898765432099 1595.158024691358 1623.083950617284 1898.5037037037036 1926.4296296296295 
9325.508641975308 9354.101234567901 1381.2864197530864 1409.879012345679 1710.1629629629629 1738.7555555555555 
9363.987654320988 9392.79012345679 1428.9135802469136 1457.716049382716 1763.432098765432 1792.2345679012346 
9346.372839506173 9375.570370370371 1411.1876543209876 1440.3851851851853 1790.5086419753086 1819.7061728395063 
9081.31111111111 9109.706172839506 1354.595061728395 1382.9901234567901 1685.1012345679012 1713.4962962962964 
9183.353086419753 9211.624691358025 1419.674074074074 1447.9456790123456 1747.316049382716 1775.5876543209877 
9253.014814814815 9281.496296296296 1398.3234567901234 1426.804938271605 1653.446913580247 1681.9283950617285 
9366.45925925926 9394.755555555555 1328.4716049382716 1356.767901234568 1688.125925925926 1716.4222222222222 
9429.982716049382 9458.22962962963 1446.7604938271604 1475.0074074074073 1689.6493827160493 1717.8962962962962 
8995.81975308642 9023.86913580247 1447.2271604938271 1475.2765432098765 1646.0296296296297 1674.079012345679 
9397.846913580246 9425.958024691357 1527.3901234567902 1555.5012345679013 1757.4395061728394 1785.5506172839507 
9294.45925925926 9322.274074074074 1537.446913580247 1565.2617283950617 1683.9777777777779 1711.7925925925927 
9463.797530864198 9491.982716049382 1564.093827160494 1592.2790123456791 1776.8962962962962 1805.0814814814814 
9727.854320987655 9757.15061728395 1490.1012345679012 1519.3975308641975 1877.7185185185185 1907.0148148148148 
9466.930864197531 9495.893827160493 1550.3135802469135 1579.2765432098765 1639.856790123457 1668.8197530864197 
9563.306172839506 9591.762962962963 1501.5160493827161 1529.972839506173 1738.2074074074073 1766.6641975308642 
9409.777777777777 9438.802469135802 1331.0987654320988 1360.1234567901236 1762.3086419753085 1791.3333333333333 
9594.041975308643 9623.523456790124 1519.2518518518518 1548.7333333333333 1736.0543209876544 1765.535802469136 
9433.14074074074 9461.486419753086 1363.437037037037 1391.7827160493828 1610.4123456790123 1638.758024691358 
9545.671604938272 9574.004938271604 1546.683950617284 1575.0172839506172 1852.5481481481481 1880.8814814814814 
9478.313580246913 9507.387654320988 1551.325925925926 1580.4 1828.8444444444444 1857.9185185185186 
9162.641975308641 9190.246913580248 1370.2469135802469 1397.851851851852 1784.6296296296296 1812.2345679012346 
9186.286419753087 9213.99012345679 1503.5086419753086 1531.2123456790123 1663.7555555555555 1691.4592592592592 
9662.4987654321 9691.56049382716 1551.3876543209876 1580.4493827160493 1791.325925925926 1820.3876543209876 
9545.953086419753 9575.422222222222 1642.8666666666666 1672.3358024691358 1916.1382716049384 1945.6074074074074 
8954.945679012346 8982.562962962964 1361.9827160493828 1389.6 1581.0567901234567 1608.674074074074 
9609.661728395062 9638.340740740741 1424.2666666666667 1452.9456790123456 1827.5506172839507 1856.2296296296297 
9446.069135802469 9475.254320987655 1516.6987654320988 1545.883950617284 1851.8592592592593 1881.0444444444445 
9297.708641975309 9325.622222222222 1455.2641975308643 1483.1777777777777 1612.9555555555555 1640.8691358024691 
9388.85925925926 9417.85925925926 1541.525925925926 1570.525925925926 1727.3407407407408 1756.3407407407408 
