31329.96929460581 31358.326141078836 7470.857261410788 7499.214107883818 8222.48796680498 8250.844813278009 
31483.526141078837 31512.140248962656 7389.3560165975105 7417.970124481328 8331.878838174274 8360.492946058092 
31490.13692946058 31518.69294605809 7632.883817427386 7661.439834024896 8504.165975103735 8532.721991701244 
30933.50705394191 30961.403319502075 7472.598340248963 7500.494605809128 7976.117012448133 8004.013278008299 
31700.083817427385 31728.86804979253 7512.627385892116 7541.411618257262 8585.772614107884 8614.55684647303 
31453.43817427386 31481.985892116183 7335.463070539419 7364.010788381743 8593.608298755187 8622.15601659751 
31063.001659751037 31091.279668049792 7289.657261410788 7317.935269709544 8220.076348547718 8248.354356846474 
30677.195850622407 30705.21244813278 7505.3908713692945 7533.407468879668 8047.556846473029 8075.573443983402 
31707.949377593362 31736.476348547716 7569.351867219917 7597.878838174274 8434.177593360995 8462.704564315352 
31261.93112033195 31290.404149377595 7502.831535269709 7531.304564315353 8028.723651452282 8057.196680497926 
31255.703734439834 31283.799170124483 7485.122821576763 7513.218257261411 8041.4755186721995 8069.570954356846 
31145.073029045645 31173.7244813278 7541.629045643153 7570.2804979253115 8314.853112033195 8343.504564315353 
31438.478838174273 31467.07634854772 7505.030705394191 7533.628215767635 8588.159336099585 8616.756846473028 
30881.13858921162 30909.458091286306 7331.36265560166 7359.682157676349 8177.989211618257 8206.308713692946 
31002.501244813277 31030.82489626556 7196.808298755187 7225.131950207468 7870.032365145228 7898.3560165975105 
31929.55020746888 31958.27634854772 7737.815767634855 7766.541908713693 8474.749377593362 8503.4755186722 
31341.84979253112 31370.434854771785 7582.546887966805 7611.131950207468 8728.783402489627 8757.36846473029 
31524.615767634856 31553.404149377595 7510.5244813278005 7539.31286307054 8425.640663900414 8454.429045643154 
31114.57925311203 31143.09377593361 7668.67468879668 7697.189211618257 8485.131120331951 8513.645643153526 
31812.617427385892 31841.364315352697 7755.028215767635 7783.77510373444 8672.25643153527 8701.003319502075 
31204.520331950207 31232.81908713693 7452.32531120332 7480.624066390042 8144.6323651452285 8172.93112033195 
31298.620746887966 31327.04398340249 7356.712033195021 7385.1352697095435 8227.844813278009 8256.26804979253 
31114.81244813278 31143.285477178422 7156.945228215767 7185.418257261411 8415.721161825726 8444.194190871369 
31648.829875518673 31677.547717842324 7424.834024896266 7453.551867219917 8001.780082987552 8030.497925311203 
30940.447302904566 30968.41825726141 7502.521991701245 7530.492946058092 8175.0655601659755 8203.036514522822 
30940.91701244813 30969.261410788382 7509.668049792531 7538.01244813278 8085.070539419087 8113.414937759336 
31447.616597510372 31476.334439834023 7409.056431535269 7437.774273858921 8026.052282157676 8054.770124481328 
31938.93112033195 31968.026556016597 7614.4 7643.495435684647 8875.773443983402 8904.868879668049 
30835.948547717842 30864.160165975103 7418.732780082987 7446.944398340249 8723.321991701245 8751.533609958506 
31178.68796680498 31207.20663900415 7443.650622406639 7472.169294605809 8382.791701244812 8411.310373443983 
31892.196680497924 31921.001659751037 7583.4663900414935 7612.271369294605 8814.22572614108 8843.03070539419 
31725.73609958506 31754.491286307053 7582.370954356847 7611.126141078838 8089.85643153527 8118.611618257261 
32193.43900414938 32222.36846473029 7642.29377593361 7671.223236514523 8229.87468879668 8258.804149377593 
31019.291286307052 31047.556846473028 7420.365975103735 7448.631535269709 8270.573443983403 8298.839004149377 
31680.124481327803 31708.738589211618 7442.04979253112 7470.663900414937 8468.684647302905 8497.298755186723 
32052.009958506223 32080.752697095435 7429.682157676349 7458.42489626556 8611.167634854772 8639.910373443983 
30728.0 30756.103734439836 7276.452282157677 7304.55601659751 8278.029045643154 8306.132780082988 
31283.88049792531 31312.48215767635 7516.897095435685 7545.498755186722 8600.440663900416 8629.042323651453 
31176.58091286307 31204.829875518673 7590.377593360996 7618.6265560165975 8051.7136929460585 8079.96265560166 
31380.497925311203 31408.970954356846 7920.2572614107885 7948.730290456431 8461.929460580914 8490.402489626556 
30741.216597510374 30769.266390041495 7315.24979253112 7343.299585062241 8030.133609958506 8058.183402489626 
30531.96846473029 30560.014107883817 7471.611618257261 7499.657261410788 8150.271369294605 8178.317012448133 
31253.178423236513 31281.821576763487 7526.39419087137 7555.03734439834 8234.045643153528 8262.688796680497 
31797.35020746888 31826.16348547718 7502.624066390042 7531.43734439834 8517.553526970954 8546.366804979252 
31370.166804979253 31398.448962655602 7570.9344398340245 7599.2165975103735 8407.872199170124 8436.154356846473 
31073.839834024897 31102.271369294605 7443.192531120332 7471.624066390042 8331.246473029045 8359.678008298755 
31424.9377593361 31453.273858921162 7535.821576763486 7564.157676348547 8133.107883817427 8161.44398340249 
31028.98838174274 31056.930290456432 7560.892946058091 7588.834854771784 7611.000829875518 7638.942738589211 
31327.112033195022 31355.219917012448 7352.659751037344 7380.767634854772 7902.3443983402485 7930.452282157677 
31097.414937759335 31125.68049792531 7693.871369294606 7722.136929460581 8270.946058091286 8299.21161825726 
