51633.75595854922 51662.398445595856 12933.2689119171 12961.91139896373 14184.004663212436 14212.647150259067 
50983.32694300518 51011.84248704663 13201.163730569948 13229.679274611399 14218.067875647668 14246.58341968912 
51746.522797927464 51775.3310880829 13173.862176165803 13202.670466321244 14119.367357512954 14148.175647668393 
51502.11450777202 51530.37875647668 13172.681865284974 13200.946113989638 14154.637823834197 14182.90207253886 
50432.50414507772 50460.59222797927 13107.701036269431 13135.789119170984 14555.519689119172 14583.607772020725 
50041.76113989637 50069.48393782383 12971.162694300518 12998.885492227979 14023.895854922279 14051.61865284974 
51187.35751295337 51215.99222797927 13115.253886010363 13143.88860103627 14650.316062176165 14678.950777202073 
50949.6378238342 50977.94352331606 13229.974611398964 13258.28031088083 14241.534196891193 14269.839896373058 
50245.44663212435 50273.77305699482 13111.99585492228 13140.322279792746 14415.488082901555 14443.81450777202 
50798.07098445596 50826.304145077724 12706.931088082902 12735.164248704663 14385.92590673575 14414.159067357514 
51008.821243523314 51037.14248704663 12982.044041450778 13010.365284974094 14066.634715025906 14094.955958549222 
51202.5481865285 51231.1414507772 13124.1103626943 13152.703626943005 14341.724352331606 14370.31761658031 
51614.498445595855 51642.640932642484 13140.00103626943 13168.143523316063 14025.343005181347 14053.48549222798 
51370.326424870465 51398.68393782384 13138.450777202073 13166.80829015544 14928.352331606218 14956.709844559586 
50854.891191709845 50883.13471502591 13031.266839378239 13059.5103626943 14353.523316062176 14381.766839378239 
50196.44766839378 50224.476165803106 13090.743005181348 13118.771502590673 14316.551295336787 14344.579792746114 
50953.23316062176 50981.54922279793 13228.458549222798 13256.774611398963 14227.518134715026 14255.834196891192 
51415.573575129536 51443.822279792745 12965.29378238342 12993.542487046632 14011.734196891191 14039.982901554404 
50821.1585492228 50849.171502590674 13065.554922279793 13093.567875647668 14244.868393782383 14272.88134715026 
51676.964248704666 51705.29067357513 12908.21554404145 12936.541968911917 14318.591191709844 14346.917616580311 
50356.0103626943 50384.32901554404 13113.81865284974 13142.137305699482 14201.63212435233 14229.950777202073 
51917.04041450777 51945.695854922276 12907.550777202072 12936.20621761658 14471.688082901554 14500.343523316062 
51175.361658031085 51204.13886010363 13231.592227979274 13260.369430051813 14948.449740932643 14977.226943005182 
50634.038860103625 50662.11658031088 12942.616580310882 12970.694300518135 14348.370466321243 14376.448186528498 
50120.29896373057 50148.40777202073 13201.275647668394 13229.384455958549 14023.723834196891 14051.832642487047 
50829.28445595855 50857.57720207254 12825.10829015544 12853.40103626943 13980.807772020726 14009.100518134715 
51879.66321243523 51908.51554404145 13123.39896373057 13152.251295336788 14629.787564766839 14658.639896373057 
50636.38756476684 50664.69326424871 12988.338341968913 13016.644041450778 14306.765803108809 14335.071502590674 
51136.067357512955 51164.79533678757 13085.512953367876 13114.240932642488 14027.834196891192 14056.562176165804 
51659.537823834195 51687.78134715026 13252.475647668394 13280.719170984456 14180.81761658031 14209.061139896374 
51445.26839378238 51473.5274611399 13234.859067357513 13263.118134715025 14263.449740932643 14291.708808290156 
51311.20829015544 51339.50103626943 13024.493264248704 13052.786010362694 14087.705699481865 14115.998445595855 
51158.427461139894 51187.062176165804 13205.321243523316 13233.955958549222 14365.753886010363 14394.38860103627 
49552.20155440414 49579.99689119171 12830.862176165803 12858.657512953368 14259.243005181348 14287.038341968911 
51731.182901554406 51759.71658031088 13011.646632124352 13040.180310880829 14748.90310880829 14777.436787564768 
51295.132124352334 51323.70207253886 12851.779792746114 12880.349740932643 14453.70207253886 14482.272020725388 
51027.16424870466 51055.57616580311 13107.578756476683 13135.99067357513 13892.10207253886 13920.513989637306 
50823.07202072539 50851.16528497409 12834.027979274611 12862.121243523316 14207.989119170985 14236.082383419689 
51050.744559585495 51079.04248704663 12959.081347150259 12987.3792746114 14209.70829015544 14238.006217616581 
50951.395336787566 50979.27357512953 12882.21658031088 12910.09481865285 14272.949740932643 14300.82797927461 
51507.69792746114 51536.021761658034 13209.918134715026 13238.241968911918 14196.366321243524 14224.690155440414 
51518.354922279796 51546.95077720207 13104.81347150259 13133.409326424871 14029.028497409327 14057.624352331606 
51382.79378238342 51411.09430051813 12856.353367875648 12884.653886010363 13945.524352331606 13973.824870466322 
51261.062176165804 51289.51813471503 13137.116580310882 13165.572538860104 14298.39378238342 14326.849740932643 
51234.40466321244 51262.68445595855 12756.712953367876 12784.99274611399 14205.415025906736 14233.69481865285 
51803.76528497409 51832.462176165805 13179.630569948187 13208.327461139896 14365.412953367875 14394.109844559585 
51052.68652849741 51081.16321243523 12880.365284974094 12908.841968911916 13976.87823834197 14005.354922279792 
50928.37409326425 50956.79378238342 13224.946632124353 13253.366321243524 14244.125388601036 14272.545077720208 
50717.00829015544 50745.1170984456 13009.808808290156 13037.917616580311 14252.516062176166 14280.624870466321 
51960.973056994815 51989.63367875648 13033.615544041451 13062.276165803109 14081.480829015543 14110.141450777202 
