17627.465248226952 17655.614184397164 3676.841134751773 3704.990070921986 3777.3304964539007 3805.4794326241135 
17354.66241134752 17382.428368794328 3637.5914893617023 3665.3574468085108 3950.1446808510636 3977.9106382978725 
17334.940425531913 17363.1390070922 3547.1390070921984 3575.3375886524823 4310.195744680851 4338.394326241135 
17006.24255319149 17033.717730496453 3543.7886524822693 3571.263829787234 3850.1787234042554 3877.6539007092197 
17389.798581560284 17418.351773049646 3634.37304964539 3662.9262411347518 4047.1248226950356 4075.678014184397 
17649.126241134752 17677.878014184396 3544.5517730496454 3573.303546099291 4064.4524822695034 4093.204255319149 
17465.13475177305 17493.71631205674 3561.5248226950353 3590.1063829787236 4095.0567375886526 4123.63829787234 
17567.859574468086 17596.419858156027 3714.618439716312 3743.1787234042554 4105.895035460993 4134.455319148936 
17058.71205673759 17086.39290780142 3624.8255319148934 3652.506382978723 4153.300709219858 4180.981560283688 
17210.01134751773 17238.15319148936 3814.7843971631205 3842.9262411347518 4312.160283687943 4340.302127659575 
17222.804255319148 17250.768794326243 3744.378723404255 3772.3432624113475 4045.733333333333 4073.6978723404254 
17354.550354609928 17382.245390070922 3429.394326241135 3457.0893617021275 3913.69219858156 3941.3872340425532 
17413.18865248227 17441.35886524823 3751.819858156028 3779.990070921986 4093.2099290780143 4121.380141843972 
17717.21985815603 17745.54609929078 3878.368794326241 3906.695035460993 4121.156028368794 4149.482269503546 
17564.197163120567 17593.232624113476 3649.8709219858156 3678.9063829787233 4322.104964539007 4351.140425531915 
17310.415602836878 17338.975886524822 3790.1744680851066 3818.7347517730495 4145.41560283688 4173.975886524822 
17519.397163120568 17547.957446808512 3573.45390070922 3602.0141843971633 4140.340425531915 4168.900709219858 
17753.321985815604 17781.740425531916 3703.1517730496453 3731.5702127659574 3970.0241134751773 3998.4425531914894 
17598.333333333332 17627.28368794326 3665.8652482269504 3694.8156028368794 4138.978723404255 4167.929078014185 
17472.465248226952 17500.621276595746 3849.713475177305 3877.869503546099 4659.933333333333 4688.0893617021275 
17720.96879432624 17749.96879432624 3794.741843971631 3823.741843971631 4238.153191489362 4267.153191489362 
17541.960283687942 17570.27234042553 3646.655319148936 3674.9673758865247 4467.442553191489 4495.754609929078 
17494.987234042554 17523.313475177303 3698.0794326241135 3726.4056737588653 4193.093617021276 4221.419858156029 
17615.974468085107 17644.61276595745 3872.6198581560284 3901.258156028369 3948.463829787234 3977.1021276595743 
17899.571631205672 17928.4085106383 3943.9120567375885 3972.748936170213 4279.124822695036 4307.96170212766 
17340.763120567375 17368.91914893617 3606.7985815602838 3634.954609929078 3777.068085106383 3805.224113475177 
18225.81560283688 18255.198581560282 3694.1560283687945 3723.5390070921985 4390.375886524823 4419.758865248227 
17246.13475177305 17273.687943262412 3787.6170212765956 3815.1702127659573 4422.425531914893 4449.978723404255 
17283.957446808512 17311.992907801417 3742.567375886525 3770.6028368794327 4046.531914893617 4074.567375886525 
17246.095035460992 17274.144680851063 3624.8255319148934 3652.8751773049644 3895.2794326241133 3923.3290780141842 
17743.4085106383 17772.1390070922 3708.14609929078 3736.876595744681 4496.692198581561 4525.422695035461 
17800.005673758864 17829.0695035461 3701.133333333333 3730.1971631205674 4055.4170212765957 4084.48085106383 
16935.2 16963.11489361702 3775.1574468085105 3803.072340425532 4343.1078014184395 4371.022695035461 
17719.863829787235 17748.381560283688 3912.927659574468 3941.445390070922 4306.2255319148935 4334.743262411347 
17127.651063829788 17155.16879432624 3589.7432624113476 3617.260992907801 4241.587234042553 4269.104964539007 
17141.0695035461 17169.239716312055 3753.7007092198583 3781.8709219858156 3992.1262411347516 4020.2964539007094 
17706.951773049645 17734.51205673759 3804.136170212766 3831.696453900709 3996.2070921985814 4023.767375886525 
17533.239716312055 17561.66524822695 3811.076595744681 3839.5021276595744 4296.112056737588 4324.537588652483 
18097.64539007092 18126.312056737588 3656.5886524822695 3685.255319148936 4508.702127659574 4537.368794326241 
17465.485106382977 17493.98865248227 3699.6695035460993 3728.17304964539 3910.868085106383 3939.3716312056736 
17435.863829787235 17463.998581560285 3612.3673758865248 3640.5021276595744 4097.842553191489 4125.977304964539 
17933.14893617021 17962.056737588653 3901.54609929078 3930.45390070922 4528.574468085107 4557.482269503546 
17744.117730496455 17772.529078014184 3661.748936170213 3690.1602836879433 4053.6567375886525 4082.068085106383 
17424.03546099291 17452.50354609929 3566.148936170213 3594.6170212765956 3919.8297872340427 3948.2978723404253 
17630.03404255319 17658.374468085105 3567.445390070922 3595.785815602837 4129.643971631206 4157.984397163121 
17079.7304964539 17107.63829787234 3640.177304964539 3668.0851063829787 4144.914893617021 4172.822695035461 
17835.062411347517 17863.53758865248 3663.1971631205674 3691.6723404255317 4233.551773049646 4262.02695035461 
17791.960283687942 17820.704964539007 3616.4 3645.1446808510636 3745.882269503546 3774.62695035461 
17474.540425531915 17502.88085106383 3633.3276595744683 3661.668085106383 4093.895035460993 4122.235460992908 
17262.5304964539 17290.544680851064 3741.587234042553 3769.6014184397163 4423.643971631206 4451.6581560283685 
