40369.65787781351 40398.25273311897 10200.407073954984 10229.00192926045 11423.854019292605 11452.44887459807 
41042.445016077174 41070.705466237945 10350.621864951769 10378.88231511254 11069.232797427652 11097.493247588425 
41009.34019292604 41037.63279742765 10111.80964630225 10140.102250803859 11195.825723472668 11224.118327974276 
40959.16655948553 40987.54919614148 10150.163344051447 10178.545980707395 11155.999356913184 11184.381993569132 
41398.74726688103 41427.30996784566 10208.24887459807 10236.8115755627 11018.094533762058 11046.657234726688 
40847.45401929261 40875.875241157555 10261.894533762057 10290.315755627009 11742.71768488746 11771.138906752412 
40092.16141479099 40120.007073954985 10104.62765273312 10132.473311897105 11021.605144694533 11049.45080385852 
40515.936334405145 40544.122829582 9989.936334405145 10018.122829581993 10452.569774919613 10480.756270096463 
40810.42379421222 40838.88038585209 10449.861093247588 10478.31768488746 11176.947909967846 11205.404501607716 
40938.42958199357 40966.89581993569 10041.92154340836 10070.387781350482 11053.365273311898 11081.831511254019 
41350.29067524116 41379.14276527331 10196.40964630225 10225.261736334405 11120.338906752411 11149.190996784566 
40405.76591639871 40434.007073954985 10238.913826366559 10267.15498392283 11306.373633440515 11334.614790996784 
40556.23408360129 40584.658520900324 10435.896463022507 10464.320900321543 11108.533118971061 11136.957556270096 
41349.335048231515 41378.0038585209 10259.73697749196 10288.40578778135 11401.421864951768 11430.090675241157 
41287.06302250804 41315.89903536977 10337.35884244373 10366.194855305466 11251.419935691318 11280.255948553055 
41433.3845659164 41461.95691318328 10359.468167202573 10388.040514469454 11284.03729903537 11312.609646302251 
40909.2308681672 40937.42057877813 10099.951125401929 10128.140836012863 10980.410932475885 11008.600643086816 
41122.4 41150.99807073955 10183.377491961415 10211.975562700965 11291.110610932476 11319.708681672026 
40558.30803858521 40586.61672025723 10295.69389067524 10324.002572347266 11425.275884244373 11453.584565916399 
40203.90546623794 40231.89581993569 9996.08231511254 10024.07266881029 11263.136977491962 11291.127331189711 
41031.95176848875 41060.73633440515 10155.607717041801 10184.392282958199 11849.832797427653 11878.617363344052 
40045.89196141479 40073.80192926045 10407.644372990353 10435.554340836014 11292.049517684887 11319.959485530546 
41961.23729903537 41989.83858520901 9980.976848874598 10009.578135048232 11032.92540192926 11061.526688102895 
41159.413504823155 41187.7382636656 10399.583922829583 10427.908681672026 11367.455305466237 11395.780064308681 
41434.367845659166 41463.110610932476 10197.8115755627 10226.554340836014 11029.914469453377 11058.657234726688 
40600.732475884244 40628.74855305466 10091.610289389067 10119.626366559485 10692.819292604501 10720.835369774919 
40502.730546623796 40530.72090032155 9968.164630225081 9996.15498392283 10961.447588424437 10989.437942122186 
41448.217363344054 41476.79935691319 10196.156270096462 10224.738263665595 11379.712540192926 11408.294533762059 
40276.573633440516 40304.924115755624 10265.0077170418 10293.358199356913 10803.001286173634 10831.351768488747 
40509.35434083601 40537.46688102894 10026.36077170418 10054.473311897105 11420.926688102894 11449.03922829582 
40365.366559485534 40393.85209003215 10287.91961414791 10316.405144694534 10763.389067524116 10791.874598070739 
40569.470096463025 40597.71446945338 10327.489389067525 10355.733762057878 10919.87845659164 10948.122829581993 
40203.73183279743 40231.52926045016 10203.32347266881 10231.120900321543 10733.863665594856 10761.661093247589 
40871.18778135048 40899.73118971061 10430.422508038586 10458.965916398714 11352.438585209004 11380.981993569132 
40605.65659163987 40633.68231511254 9922.56655948553 9950.5922829582 11269.711254019292 11297.73697749196 
41277.83536977492 41306.330546623794 10096.63922829582 10125.134405144694 10861.652090032154 10890.14726688103 
41264.867524115754 41293.26623794212 10494.11189710611 10522.510610932475 11465.250160771704 11493.648874598071 
41494.942765273314 41523.65016077171 9949.0038585209 9977.711254019292 11041.061736334404 11069.769131832798 
40639.096463022506 40667.096463022506 9953.569131832797 9981.569131832797 10734.630225080386 10762.630225080386 
41309.548553054665 41337.696463022505 10146.596784565916 10174.744694533762 11082.374919614147 11110.522829581994 
40768.657234726685 40797.2038585209 10078.679742765273 10107.226366559486 11358.306752411576 11386.853376205789 
40999.24051446946 41027.446302250806 9956.661736334405 9984.867524115756 11240.517041800644 11268.722829581993 
41795.59163987138 41824.24115755627 10173.610932475884 10202.260450160771 11218.430868167203 11247.08038585209 
41163.72218649518 41192.5807073955 9936.596784565916 9965.455305466237 10872.780064308681 10901.638585209002 
41364.367845659166 41392.592926045014 10183.097749196142 10211.322829581994 11473.95305466238 11502.17813504823 
40796.94662379421 40825.00450160772 10217.772990353698 10245.830868167202 11410.15884244373 11438.216720257235 
41324.78199356913 41353.145337620575 10248.470096463023 10276.833440514469 11130.45080385852 11158.814147909969 
41021.02186495177 41049.39807073955 10183.902893890676 10212.279099678457 11159.69389067524 11188.070096463023 
40467.118327974276 40495.37556270097 10306.086173633441 10334.343408360128 11081.726045016077 11109.983279742766 
40235.07395498392 40263.07717041801 10142.807073954984 10170.810289389068 10966.40192926045 10994.405144694534 
