16196.288188976378 16225.39842519685 3079.036220472441 3108.1464566929135 3427.24094488189 3456.3511811023623 
15613.872440944882 15641.990551181103 3001.691338582677 3029.8094488188976 3690.903937007874 3719.0220472440947 
15460.387401574802 15488.426771653543 2944.2692913385827 2972.308661417323 3607.529133858268 3635.568503937008 
15717.173228346457 15745.614173228347 3031.732283464567 3060.1732283464567 3548.314960629921 3576.755905511811 
15490.95748031496 15519.099212598425 3139.784251968504 3167.9259842519687 3593.705511811024 3621.8472440944884 
15986.35748031496 16014.908661417323 3215.711811023622 3244.262992125984 3588.995275590551 3617.5464566929136 
15027.448818897637 15055.220472440946 3021.488188976378 3049.259842519685 3176.716535433071 3204.488188976378 
15542.174803149606 15570.828346456692 3036.5527559055117 3065.2062992125984 3642.544881889764 3671.19842519685 
15674.688188976377 15703.176377952756 3359.924409448819 3388.412598425197 3464.68031496063 3493.1685039370077 
15843.571653543308 15872.626771653544 3318.107086614173 3347.1622047244095 3382.587401574803 3411.6425196850396 
15646.099212598425 15674.981102362204 3110.4456692913386 3139.327559055118 3726.059842519685 3754.9417322834647 
15747.346456692914 15776.110236220473 3078.8976377952754 3107.6614173228345 3309.3543307086616 3338.1181102362207 
15675.83464566929 15703.850393700788 3136.1181102362207 3164.1338582677167 3446.3779527559054 3474.3937007874015 
15825.781102362205 15854.2062992126 3088.096062992126 3116.5212598425196 3449.7417322834644 3478.166929133858 
15771.204724409448 15799.385826771653 3212.850393700787 3241.031496062992 3821.3700787401576 3849.551181102362 
15747.770078740157 15775.7937007874 3099.3606299212597 3127.384251968504 3235.5102362204725 3263.5338582677164 
15403.44409448819 15431.04251968504 3102.2551181102363 3129.8535433070865 3481.215748031496 3508.8141732283466 
15989.089763779528 16017.247244094488 3248.955905511811 3277.1133858267717 3291.0661417322835 3319.223622047244 
15352.565354330709 15380.95905511811 3184.6283464566927 3213.0220472440947 3798.5732283464567 3826.9669291338582 
15703.749606299212 15731.84409448819 3055.851968503937 3083.946456692913 3354.6551181102363 3382.7496062992127 
15535.771653543306 15563.984251968504 3161.7244094488187 3189.9370078740158 3520.6771653543306 3548.8897637795276 
15849.089763779528 15877.562204724409 3234.8850393700786 3263.3574803149604 3483.0818897637796 3511.5543307086614 
15440.815748031497 15468.67401574803 3089.327559055118 3117.1858267716534 3624.603149606299 3652.4614173228347 
15766.889763779527 15795.629921259842 3019.685039370079 3048.4251968503936 3747.6692913385828 3776.4094488188975 
15381.771653543306 15410.543307086615 3131.0 3159.771653543307 3448.8818897637793 3477.6535433070867 
15350.384251968504 15378.644094488189 3114.644094488189 3142.903937007874 3269.100787401575 3297.3606299212597 
15420.653543307086 15448.677165354331 3173.8425196850394 3201.8661417322833 3570.6141732283463 3598.6377952755906 
15726.88503937008 15755.688188976377 3122.507086614173 3151.3102362204722 3689.696062992126 3718.4992125984254 
15404.154330708661 15432.288188976378 3224.091338582677 3252.225196850394 3413.4377952755904 3441.571653543307 
15531.924409448819 15560.152755905512 3101.144881889764 3129.3732283464565 3500.4992125984254 3528.727559055118 
16122.955905511812 16152.034645669291 3272.3496062992126 3301.428346456693 3654.0031496062993 3683.0818897637796 
15596.634645669292 15625.209448818898 3045.288188976378 3073.8629921259844 3488.327559055118 3516.9023622047243 
16032.623622047244 16061.6 3093.332283464567 3122.308661417323 3609.182677165354 3638.1590551181102 
15759.431496062993 15788.092913385826 3248.3291338582676 3276.9905511811025 3398.0220472440947 3426.683464566929 
15442.631496062992 15470.930708661417 3256.7023622047245 3285.0015748031497 3837.0330708661418 3865.332283464567 
15720.04566929134 15748.604724409448 2888.9905511811025 2917.5496062992124 3625.6283464566927 3654.187401574803 
16133.948031496064 16162.940157480314 3036.1055118110235 3065.0976377952757 4014.1133858267717 4043.1055118110235 
15516.102362204725 15543.811023622047 3087.984251968504 3115.6929133858266 3708.818897637795 3736.527559055118 
15927.248818897639 15956.437795275591 3271.579527559055 3300.768503937008 3770.2330708661416 3799.4220472440943 
15503.092913385826 15530.730708661416 3146.651968503937 3174.2897637795277 3634.423622047244 3662.0614173228346 
15822.366929133857 15850.327559055118 3137.807874015748 3165.768503937008 3736.122834645669 3764.0834645669293 
15620.422047244094 15648.925984251968 3094.6346456692913 3123.1385826771652 3749.122834645669 3777.6267716535435 
15073.173228346457 15101.622047244095 3312.1102362204724 3340.5590551181103 3417.181102362205 3445.6299212598424 
16070.110236220473 16098.88188976378 3022.417322834646 3051.1889763779527 3150.1023622047246 3178.8740157480315 
15511.88188976378 15540.27559055118 3419.236220472441 3447.6299212598424 3717.9212598425197 3746.314960629921 
15107.059842519686 15134.768503937008 3282.1937007874017 3309.9023622047243 3547.9496062992125 3575.6582677165356 
15709.2031496063 15738.069291338583 3122.644094488189 3151.5102362204725 3518.5023622047242 3547.368503937008 
15488.286614173228 15516.2 3092.8377952755905 3120.7511811023624 3253.1133858267717 3281.026771653543 
16008.029921259842 16036.935433070867 3144.7779527559055 3173.683464566929 3655.2503937007873 3684.155905511811 
15285.48661417323 15313.612598425198 3151.9275590551183 3180.053543307087 3429.5732283464567 3457.699212598425 
