49.583333333333336 75.625 51.8125 77.85416666666667 39.375 65.41666666666667 
147.83333333333334 175.4375 59.666666666666664 87.27083333333333 47.479166666666664 75.08333333333333 
68.41666666666667 93.10416666666667 56.625 81.3125 49.145833333333336 73.83333333333333 
86.3125 117.45833333333333 48.604166666666664 79.75 51.541666666666664 82.6875 
93.72916666666667 122.0625 58.041666666666664 86.375 55.270833333333336 83.60416666666667 
59.0625 86.5625 61.020833333333336 88.52083333333333 45.833333333333336 73.33333333333333 
66.5 92.22916666666667 58.958333333333336 84.6875 41.708333333333336 67.4375 
61.916666666666664 87.4375 48.895833333333336 74.41666666666667 45.395833333333336 70.91666666666667 
102.9375 132.72916666666666 56.25 86.04166666666667 43.145833333333336 72.9375 
109.14583333333333 138.625 55.104166666666664 84.58333333333333 48.0625 77.54166666666667 
80.33333333333333 108.97916666666667 61.479166666666664 90.125 46.1875 74.83333333333333 
70.39583333333333 97.0625 62.520833333333336 89.1875 47.645833333333336 74.3125 
107.95833333333333 135.14583333333334 59.875 87.0625 45.416666666666664 72.60416666666667 
103.0625 131.39583333333334 56.083333333333336 84.41666666666667 55.895833333333336 84.22916666666667 
99.875 127.375 52.791666666666664 80.29166666666667 53.5 81.0 
106.20833333333333 133.29166666666666 58.104166666666664 85.1875 58.5625 85.64583333333333 
59.729166666666664 87.95833333333333 60.4375 88.66666666666667 43.708333333333336 71.9375 
80.70833333333333 107.58333333333333 52.895833333333336 79.77083333333333 48.5625 75.4375 
192.08333333333334 220.20833333333334 64.04166666666667 92.16666666666667 58.291666666666664 86.41666666666667 
100.1875 126.33333333333333 58.604166666666664 84.75 50.145833333333336 76.29166666666667 
101.5625 130.9375 64.0625 93.4375 58.333333333333336 87.70833333333333 
59.979166666666664 88.72916666666667 48.583333333333336 77.33333333333333 41.5 70.25 
49.9375 75.14583333333333 60.166666666666664 85.375 30.3125 55.520833333333336 
68.85416666666667 97.39583333333333 58.791666666666664 87.33333333333333 41.645833333333336 70.1875 
85.79166666666667 114.75 60.166666666666664 89.125 48.583333333333336 77.54166666666667 
72.10416666666667 96.89583333333333 60.416666666666664 85.20833333333333 46.5625 71.35416666666667 
77.54166666666667 105.35416666666667 61.708333333333336 89.52083333333333 43.4375 71.25 
66.89583333333333 95.95833333333333 64.41666666666667 93.47916666666667 52.604166666666664 81.66666666666667 
57.5 85.625 52.375 80.5 41.604166666666664 69.72916666666667 
80.64583333333333 105.85416666666667 59.395833333333336 84.60416666666667 44.4375 69.64583333333333 
139.85416666666666 166.72916666666666 60.083333333333336 86.95833333333333 59.791666666666664 86.66666666666667 
92.83333333333333 120.33333333333333 59.729166666666664 87.22916666666667 51.458333333333336 78.95833333333333 
57.791666666666664 86.125 52.041666666666664 80.375 44.1875 72.52083333333333 
87.54166666666667 117.4375 59.625 89.52083333333333 49.645833333333336 79.54166666666667 
128.875 158.04166666666666 58.541666666666664 87.70833333333333 49.791666666666664 78.95833333333333 
95.89583333333333 123.5 62.854166666666664 90.45833333333333 47.9375 75.54166666666667 
147.5625 176.72916666666666 55.604166666666664 84.77083333333333 64.85416666666667 94.02083333333333 
55.041666666666664 82.75 55.458333333333336 83.16666666666667 39.208333333333336 66.91666666666667 
75.625 103.75 51.875 80.0 48.5625 76.6875 
124.70833333333333 152.3125 57.020833333333336 84.625 54.791666666666664 82.39583333333333 
105.39583333333333 132.27083333333334 55.625 82.5 46.166666666666664 73.04166666666667 
67.625 93.45833333333333 59.708333333333336 85.54166666666667 45.875 71.70833333333333 
88.8125 118.29166666666667 59.25 88.72916666666667 47.270833333333336 76.75 
95.27083333333333 122.5625 62.5625 89.85416666666667 59.375 86.66666666666667 
63.354166666666664 90.33333333333333 57.645833333333336 84.625 45.041666666666664 72.02083333333333 
108.52083333333333 136.4375 56.5 84.41666666666667 48.416666666666664 76.33333333333333 
134.27083333333334 160.72916666666666 63.833333333333336 90.29166666666667 60.020833333333336 86.47916666666667 
82.27083333333333 106.64583333333333 55.8125 80.1875 51.395833333333336 75.77083333333333 
102.16666666666667 130.5 64.5625 92.89583333333333 57.104166666666664 85.4375 
96.02083333333333 123.625 53.208333333333336 80.8125 51.375 78.97916666666667 
