36.625 65.0625 56.6875 85.125 29.75 58.1875 
35.75 67.0 43.1875 74.4375 30.75 62.0 
31.375 60.125 47.4375 76.1875 26.375 55.125 
30.125 63.5625 43.9375 77.375 25.125 58.5625 
27.9375 55.75 52.0 79.8125 22.9375 50.75 
36.9375 66.625 56.5625 86.25 31.9375 61.625 
25.75 57.3125 35.125 66.6875 21.375 52.9375 
35.5 63.0 43.875 71.375 30.5 58.0 
28.5625 53.875 52.9375 78.25 23.5625 48.875 
40.625 65.9375 43.125 68.4375 32.1875 57.5 
30.625 60.0 41.875 71.25 25.625 55.0 
30.4375 63.25 46.5 79.3125 26.0625 58.875 
48.875 70.75 49.125 71.0 29.9375 51.8125 
51.5625 80.3125 53.5 82.25 39.0625 67.8125 
30.0625 56.9375 48.5 75.375 24.4375 51.3125 
31.3125 61.625 52.5 82.8125 26.3125 56.625 
37.0625 63.625 47.3125 73.875 29.5625 56.125 
40.75 72.0 53.125 84.375 35.125 66.375 
33.4375 62.8125 39.4375 68.8125 28.4375 57.8125 
43.0 73.625 31.375 62.0 35.8125 66.4375 
45.0 70.0 52.5625 77.5625 35.0 60.0 
33.9375 62.0625 63.5625 91.6875 28.3125 56.4375 
31.4375 63.0 39.0625 70.625 22.6875 54.25 
48.0 77.375 52.4375 81.8125 36.125 65.5 
34.9375 62.4375 50.4375 77.9375 28.6875 56.1875 
38.375 61.5 46.5625 69.6875 31.5 54.625 
33.875 57.9375 52.5 76.5625 28.875 52.9375 
31.5 57.125 55.625 81.25 27.125 52.75 
36.125 60.5 45.75 70.125 31.75 56.125 
59.5625 90.8125 50.4375 81.6875 41.4375 72.6875 
33.9375 64.5625 54.875 85.5 26.4375 57.0625 
30.9375 61.5625 41.0625 71.6875 24.6875 55.3125 
36.5625 66.5625 48.6875 78.6875 31.5625 61.5625 
28.375 56.5 46.9375 75.0625 21.5 49.625 
39.5 67.625 54.875 83.0 33.875 62.0 
34.5625 66.125 44.1875 75.75 25.25 56.8125 
50.9375 84.375 47.875 81.3125 44.6875 78.125 
36.1875 68.375 51.4375 83.625 24.3125 56.5 
34.125 60.375 49.75 76.0 29.125 55.375 
33.0625 60.5625 41.375 68.875 28.0625 55.5625 
35.0 61.875 40.625 67.5 28.4375 55.3125 
34.25 61.75 46.4375 73.9375 29.875 57.375 
34.4375 63.1875 38.8125 67.5625 28.1875 56.9375 
36.75 64.25 46.625 74.125 22.375 49.875 
41.5 75.875 43.75 78.125 37.125 71.5 
29.375 61.5625 52.375 84.5625 25.0 57.1875 
43.625 70.5 42.6875 69.5625 35.125 62.0 
30.6875 61.3125 47.5625 78.1875 25.6875 56.3125 
29.1875 62.9375 55.25 89.0 24.1875 57.9375 
35.75 63.25 48.875 76.375 27.875 55.375 
