49.333333333333336 76.0 59.55555555555556 86.22222222222223 39.388888888888886 66.05555555555556 
53.5 82.25 54.69444444444444 83.44444444444444 35.77777777777778 64.52777777777777 
43.888888888888886 70.13888888888889 44.19444444444444 70.44444444444444 30.444444444444443 56.69444444444444 
45.27777777777778 74.44444444444444 56.916666666666664 86.08333333333333 32.05555555555556 61.22222222222222 
100.22222222222223 127.86111111111111 55.05555555555556 82.69444444444444 49.583333333333336 77.22222222222223 
63.611111111111114 91.66666666666667 50.638888888888886 78.69444444444444 46.638888888888886 74.69444444444444 
39.833333333333336 66.91666666666667 47.083333333333336 74.16666666666667 33.44444444444444 60.52777777777778 
54.111111111111114 83.41666666666667 52.52777777777778 81.83333333333333 36.75 66.05555555555556 
47.833333333333336 75.05555555555556 54.02777777777778 81.25 38.666666666666664 65.88888888888889 
40.083333333333336 66.05555555555556 50.80555555555556 76.77777777777777 34.25 60.22222222222222 
49.361111111111114 75.61111111111111 50.083333333333336 76.33333333333333 38.75 65.0 
102.80555555555556 132.11111111111111 52.52777777777778 81.83333333333333 59.44444444444444 88.75 
85.80555555555556 113.02777777777777 53.75 80.97222222222223 46.361111111111114 73.58333333333333 
46.25 73.88888888888889 61.638888888888886 89.27777777777777 33.75 61.388888888888886 
43.361111111111114 73.36111111111111 47.361111111111114 77.36111111111111 33.666666666666664 63.666666666666664 
62.361111111111114 92.22222222222223 52.30555555555556 82.16666666666667 47.69444444444444 77.55555555555556 
43.5 70.86111111111111 50.72222222222222 78.08333333333333 35.166666666666664 62.52777777777778 
70.08333333333333 101.61111111111111 51.666666666666664 83.19444444444444 47.19444444444444 78.72222222222223 
76.72222222222223 105.61111111111111 52.47222222222222 81.36111111111111 43.416666666666664 72.30555555555556 
74.13888888888889 102.33333333333333 57.05555555555556 85.25 40.888888888888886 69.08333333333333 
49.44444444444444 81.25 53.583333333333336 85.38888888888889 43.52777777777778 75.33333333333333 
79.47222222222223 105.44444444444444 53.72222222222222 79.69444444444444 41.19444444444444 67.16666666666667 
76.0 104.33333333333333 59.27777777777778 87.61111111111111 49.861111111111114 78.19444444444444 
54.083333333333336 78.94444444444444 62.97222222222222 87.83333333333333 30.75 55.611111111111114 
48.02777777777778 75.94444444444444 44.44444444444444 72.36111111111111 35.30555555555556 63.22222222222222 
71.55555555555556 100.72222222222223 50.77777777777778 79.94444444444444 41.083333333333336 70.25 
50.52777777777778 75.52777777777777 55.388888888888886 80.38888888888889 44.02777777777778 69.02777777777777 
69.38888888888889 97.72222222222223 58.30555555555556 86.63888888888889 46.333333333333336 74.66666666666667 
54.111111111111114 78.69444444444444 47.083333333333336 71.66666666666667 39.94444444444444 64.52777777777777 
48.861111111111114 77.19444444444444 57.47222222222222 85.80555555555556 38.30555555555556 66.63888888888889 
54.27777777777778 80.94444444444444 65.05555555555556 91.72222222222223 39.94444444444444 66.61111111111111 
64.25 93.13888888888889 63.75 92.63888888888889 38.69444444444444 67.58333333333333 
67.52777777777777 95.16666666666667 52.916666666666664 80.55555555555556 39.44444444444444 67.08333333333333 
52.97222222222222 79.22222222222223 46.138888888888886 72.38888888888889 41.02777777777778 67.27777777777777 
47.916666666666664 75.83333333333333 62.19444444444444 90.11111111111111 41.25 69.16666666666667 
52.888888888888886 79.27777777777777 59.861111111111114 86.25 44.97222222222222 71.36111111111111 
68.75 96.38888888888889 53.02777777777778 80.66666666666667 41.861111111111114 69.5 
55.19444444444444 81.58333333333333 54.44444444444444 80.83333333333333 42.19444444444444 68.58333333333333 
39.55555555555556 64.69444444444444 53.333333333333336 78.47222222222223 30.11111111111111 55.25 
67.13888888888889 96.30555555555556 55.55555555555556 84.72222222222223 45.69444444444444 74.86111111111111 
64.33333333333333 95.30555555555556 60.97222222222222 91.94444444444444 39.611111111111114 70.58333333333333 
52.30555555555556 78.41666666666667 49.97222222222222 76.08333333333333 31.805555555555557 57.916666666666664 
49.138888888888886 77.05555555555556 56.19444444444444 84.11111111111111 44.166666666666664 72.08333333333333 
41.861111111111114 71.58333333333333 53.80555555555556 83.52777777777777 36.583333333333336 66.30555555555556 
63.833333333333336 91.61111111111111 55.19444444444444 82.97222222222223 46.888888888888886 74.66666666666667 
77.63888888888889 106.11111111111111 50.52777777777778 79.0 43.111111111111114 71.58333333333333 
62.916666666666664 90.69444444444444 52.19444444444444 79.97222222222223 41.833333333333336 69.61111111111111 
67.22222222222223 94.86111111111111 56.583333333333336 84.22222222222223 50.833333333333336 78.47222222222223 
58.72222222222222 86.5 45.72222222222222 73.5 40.166666666666664 67.94444444444444 
73.97222222222223 100.36111111111111 56.138888888888886 82.52777777777777 51.333333333333336 77.72222222222223 
