58.951219512195124 86.7560975609756 62.8780487804878 90.6829268292683 42.34146341463415 70.14634146341463 
100.92682926829268 127.02439024390245 58.53658536585366 84.63414634146342 51.5609756097561 77.65853658536585 
50.09756097560975 79.60975609756098 56.170731707317074 85.6829268292683 32.46341463414634 61.97560975609756 
140.0731707317073 170.3170731707317 52.63414634146341 82.8780487804878 54.26829268292683 84.51219512195122 
80.60975609756098 107.07317073170732 65.39024390243902 91.85365853658537 43.8780487804878 70.34146341463415 
65.17073170731707 93.34146341463415 65.09756097560975 93.26829268292683 50.829268292682926 79.0 
62.073170731707314 91.21951219512195 58.02439024390244 87.17073170731707 37.31707317073171 66.46341463414635 
66.53658536585365 94.09756097560975 55.68292682926829 83.2439024390244 40.51219512195122 68.07317073170732 
55.0 82.8048780487805 56.19512195121951 84.0 37.97560975609756 65.78048780487805 
82.60975609756098 114.5609756097561 46.36585365853659 78.3170731707317 36.19512195121951 68.14634146341463 
52.51219512195122 80.07317073170732 59.63414634146341 87.1951219512195 29.26829268292683 56.829268292682926 
93.53658536585365 120.36585365853658 59.951219512195124 86.78048780487805 50.09756097560975 76.92682926829268 
50.58536585365854 78.63414634146342 48.58536585365854 76.63414634146342 39.19512195121951 67.2439024390244 
131.0 162.21951219512195 58.170731707317074 89.39024390243902 62.0 93.21951219512195 
105.5609756097561 136.0487804878049 56.73170731707317 87.21951219512195 55.26829268292683 85.7560975609756 
127.60975609756098 155.53658536585365 55.707317073170735 83.63414634146342 49.926829268292686 77.85365853658537 
52.926829268292686 80.60975609756098 64.8780487804878 92.5609756097561 43.09756097560975 70.78048780487805 
94.78048780487805 121.97560975609755 57.19512195121951 84.39024390243902 60.31707317073171 87.51219512195122 
44.926829268292686 71.39024390243902 56.02439024390244 82.48780487804878 36.390243902439025 62.853658536585364 
64.90243902439025 91.2439024390244 58.390243902439025 84.73170731707317 47.46341463414634 73.8048780487805 
65.02439024390245 93.5609756097561 55.41463414634146 83.95121951219512 48.926829268292686 77.46341463414635 
47.53658536585366 75.46341463414635 51.21951219512195 79.14634146341463 33.46341463414634 61.390243902439025 
61.80487804878049 89.48780487804878 47.21951219512195 74.90243902439025 50.951219512195124 78.63414634146342 
47.5609756097561 75.97560975609755 48.0 76.41463414634147 35.41463414634146 63.829268292682926 
69.1951219512195 97.2439024390244 59.170731707317074 87.21951219512195 43.34146341463415 71.39024390243902 
70.02439024390245 98.4390243902439 48.65853658536585 77.07317073170732 41.707317073170735 70.1219512195122 
57.75609756097561 84.09756097560975 55.926829268292686 82.26829268292683 39.146341463414636 65.48780487804878 
69.63414634146342 96.34146341463415 47.63414634146341 74.34146341463415 47.73170731707317 74.4390243902439 
48.292682926829265 75.36585365853658 54.26829268292683 81.34146341463415 36.609756097560975 63.68292682926829 
72.0 101.14634146341463 55.609756097560975 84.7560975609756 41.68292682926829 70.82926829268293 
54.78048780487805 81.97560975609755 52.65853658536585 79.85365853658537 34.80487804878049 62.0 
52.829268292682926 81.73170731707317 53.5609756097561 82.46341463414635 37.58536585365854 66.48780487804878 
65.78048780487805 95.53658536585365 46.65853658536585 76.41463414634147 43.0 72.7560975609756 
54.63414634146341 80.2439024390244 56.58536585365854 82.1951219512195 42.80487804878049 68.41463414634147 
70.07317073170732 98.1219512195122 64.73170731707317 92.78048780487805 46.78048780487805 74.82926829268293 
62.46341463414634 94.17073170731707 55.707317073170735 87.41463414634147 36.41463414634146 68.1219512195122 
79.65853658536585 108.8048780487805 66.09756097560975 95.2439024390244 62.1219512195122 91.26829268292683 
51.707317073170735 80.0 49.073170731707314 77.36585365853658 39.21951219512195 67.51219512195122 
58.4390243902439 84.29268292682927 57.048780487804876 82.90243902439025 45.46341463414634 71.3170731707317 
97.51219512195122 129.46341463414635 59.951219512195124 91.90243902439025 50.73170731707317 82.6829268292683 
63.926829268292686 94.04878048780488 55.926829268292686 86.04878048780488 44.65853658536585 74.78048780487805 
65.0 92.3170731707317 50.46341463414634 77.78048780487805 38.853658536585364 66.17073170731707 
63.170731707317074 90.2439024390244 59.707317073170735 86.78048780487805 46.951219512195124 74.02439024390245 
65.1951219512195 95.5609756097561 54.78048780487805 85.14634146341463 47.0 77.36585365853658 
63.048780487804876 91.21951219512195 54.0 82.17073170731707 41.58536585365854 69.7560975609756 
69.21951219512195 100.4390243902439 53.97560975609756 85.1951219512195 45.63414634146341 76.85365853658537 
66.73170731707317 93.1951219512195 51.75609756097561 78.21951219512195 50.51219512195122 76.97560975609755 
59.34146341463415 86.17073170731707 59.0 85.82926829268293 41.78048780487805 68.60975609756098 
61.707317073170735 89.63414634146342 53.75609756097561 81.6829268292683 38.02439024390244 65.95121951219512 
102.51219512195122 131.90243902439025 60.68292682926829 90.07317073170732 55.048780487804876 84.4390243902439 
