42.4 68.54285714285714 53.0 79.14285714285714 32.0 58.142857142857146 
48.542857142857144 78.4 56.17142857142857 86.02857142857142 37.42857142857143 67.28571428571429 
41.2 69.48571428571428 51.8 80.08571428571429 33.34285714285714 61.628571428571426 
63.2 93.91428571428571 61.68571428571428 92.4 56.34285714285714 87.05714285714286 
47.714285714285715 74.42857142857143 49.22857142857143 75.94285714285714 33.285714285714285 60.0 
51.0 79.0 56.74285714285714 84.74285714285715 34.0 62.0 
62.77142857142857 89.34285714285714 51.17142857142857 77.74285714285715 46.34285714285714 72.91428571428571 
49.6 80.74285714285715 54.65714285714286 85.8 37.885714285714286 69.02857142857142 
50.94285714285714 82.22857142857143 60.74285714285714 92.02857142857142 36.57142857142857 67.85714285714286 
80.74285714285715 107.74285714285715 63.77142857142857 90.77142857142857 51.2 78.2 
50.22857142857143 75.8 64.57142857142857 90.14285714285714 36.48571428571429 62.05714285714286 
44.48571428571429 72.91428571428571 48.857142857142854 77.28571428571429 38.17142857142857 66.6 
46.42857142857143 76.0 49.285714285714285 78.85714285714286 36.4 65.97142857142858 
49.885714285714286 77.45714285714286 48.114285714285714 75.68571428571428 38.25714285714286 65.82857142857142 
43.114285714285714 68.4 46.94285714285714 72.22857142857143 35.82857142857143 61.114285714285714 
53.857142857142854 83.0 64.31428571428572 93.45714285714286 46.74285714285714 75.88571428571429 
44.628571428571426 73.2 51.05714285714286 79.62857142857143 39.74285714285714 68.31428571428572 
43.22857142857143 69.94285714285714 53.17142857142857 79.88571428571429 38.08571428571429 64.8 
49.22857142857143 76.37142857142857 52.94285714285714 80.08571428571429 37.628571428571426 64.77142857142857 
51.34285714285714 80.91428571428571 46.82857142857143 76.4 42.2 71.77142857142857 
60.457142857142856 88.6 57.08571428571429 85.22857142857143 39.48571428571429 67.62857142857143 
75.28571428571429 101.85714285714286 44.68571428571428 71.25714285714285 55.17142857142857 81.74285714285715 
64.25714285714285 93.4 51.42857142857143 80.57142857142857 39.371428571428574 68.51428571428572 
107.05714285714286 135.9142857142857 61.57142857142857 90.42857142857143 57.97142857142857 86.82857142857142 
71.11428571428571 98.11428571428571 62.31428571428572 89.31428571428572 38.542857142857144 65.54285714285714 
43.31428571428572 71.31428571428572 54.97142857142857 82.97142857142858 38.885714285714286 66.88571428571429 
51.08571428571429 76.22857142857143 59.34285714285714 84.48571428571428 37.371428571428574 62.51428571428571 
56.371428571428574 82.94285714285714 46.885714285714286 73.45714285714286 44.17142857142857 70.74285714285715 
118.94285714285714 147.37142857142857 51.91428571428571 80.34285714285714 47.0 75.42857142857143 
52.8 80.08571428571429 54.02857142857143 81.31428571428572 42.91428571428571 70.2 
43.91428571428571 72.48571428571428 51.65714285714286 80.22857142857143 31.37142857142857 59.94285714285714 
42.25714285714286 71.25714285714285 51.68571428571428 80.68571428571428 33.4 62.4 
69.74285714285715 99.6 51.77142857142857 81.62857142857143 43.97142857142857 73.82857142857142 
69.91428571428571 96.62857142857143 56.91428571428571 83.62857142857143 42.0 68.71428571428571 
54.457142857142856 84.17142857142858 57.8 87.51428571428572 49.65714285714286 79.37142857142857 
36.628571428571426 62.2 49.08571428571429 74.65714285714286 34.77142857142857 60.34285714285714 
74.28571428571429 105.28571428571429 61.0 92.0 47.285714285714285 78.28571428571429 
43.285714285714285 70.71428571428571 50.02857142857143 77.45714285714286 36.0 63.42857142857143 
59.02857142857143 82.88571428571429 54.74285714285714 78.6 41.31428571428572 65.17142857142858 
46.8 74.37142857142857 50.94285714285714 78.51428571428572 37.51428571428571 65.08571428571429 
52.02857142857143 79.02857142857142 48.22857142857143 75.22857142857143 44.457142857142856 71.45714285714286 
40.285714285714285 67.85714285714286 54.285714285714285 81.85714285714286 35.57142857142857 63.142857142857146 
38.34285714285714 67.05714285714286 58.51428571428571 87.22857142857143 31.62857142857143 60.34285714285714 
48.48571428571429 78.05714285714286 50.885714285714286 80.45714285714286 37.48571428571429 67.05714285714286 
54.142857142857146 83.28571428571429 53.65714285714286 82.8 43.57142857142857 72.71428571428571 
41.68571428571428 72.68571428571428 38.05714285714286 69.05714285714286 33.542857142857144 64.54285714285714 
59.6 87.88571428571429 49.714285714285715 78.0 37.57142857142857 65.85714285714286 
57.8 82.8 58.82857142857143 83.82857142857142 41.6 66.6 
52.77142857142857 82.62857142857143 61.2 91.05714285714286 44.628571428571426 74.48571428571428 
56.371428571428574 86.8 48.94285714285714 79.37142857142857 41.65714285714286 72.08571428571429 
