27.304347826086957 55.78260869565217 49.65217391304348 78.1304347826087 23.17391304347826 51.65217391304348 
38.391304347826086 65.56521739130434 50.391304347826086 77.56521739130434 29.17391304347826 56.34782608695652 
39.47826086956522 68.82608695652173 52.130434782608695 81.47826086956522 32.73913043478261 62.08695652173913 
41.391304347826086 67.47826086956522 54.869565217391305 80.95652173913044 35.95652173913044 62.04347826086956 
37.95652173913044 66.8695652173913 55.73913043478261 84.65217391304348 33.0 61.91304347826087 
28.0 54.30434782608695 49.69565217391305 76.0 23.0 49.30434782608695 
34.608695652173914 60.26086956521739 41.30434782608695 66.95652173913044 29.608695652173914 55.26086956521739 
41.608695652173914 68.56521739130434 56.43478260869565 83.3913043478261 30.73913043478261 57.69565217391305 
42.869565217391305 70.26086956521739 47.95652173913044 75.34782608695652 36.130434782608695 63.52173913043478 
44.65217391304348 70.30434782608695 57.608695652173914 83.26086956521739 34.43478260869565 60.08695652173913 
31.0 58.17391304347826 47.34782608695652 74.52173913043478 26.0 53.17391304347826 
36.21739130434783 65.56521739130434 48.91304347826087 78.26086956521739 32.52173913043478 61.869565217391305 
36.391304347826086 62.47826086956522 54.869565217391305 80.95652173913044 28.347826086956523 54.43478260869565 
38.52173913043478 66.78260869565217 49.47826086956522 77.73913043478261 30.91304347826087 59.17391304347826 
37.65217391304348 65.26086956521739 53.21739130434783 80.82608695652173 28.956521739130434 56.56521739130435 
62.52173913043478 91.65217391304348 57.391304347826086 86.52173913043478 44.69565217391305 73.82608695652173 
34.34782608695652 59.78260869565217 57.95652173913044 83.3913043478261 29.217391304347824 54.65217391304348 
38.56521739130435 66.17391304347827 58.21739130434783 85.82608695652173 28.565217391304348 56.17391304347826 
46.130434782608695 75.69565217391305 44.82608695652174 74.3913043478261 36.34782608695652 65.91304347826087 
50.391304347826086 79.08695652173913 47.69565217391305 76.3913043478261 40.608695652173914 69.30434782608695 
39.52173913043478 65.6086956521739 45.43478260869565 71.52173913043478 31.47826086956522 57.56521739130435 
53.21739130434783 83.65217391304348 52.391304347826086 82.82608695652173 39.95652173913044 70.3913043478261 
41.34782608695652 65.47826086956522 55.130434782608695 79.26086956521739 36.34782608695652 60.47826086956522 
28.26086956521739 53.69565217391305 38.869565217391305 64.30434782608695 23.26086956521739 48.69565217391305 
35.08695652173913 63.130434782608695 57.0 85.04347826086956 27.91304347826087 55.95652173913044 
46.26086956521739 73.0 39.95652173913044 66.69565217391305 32.130434782608695 58.869565217391305 
49.56521739130435 75.43478260869566 50.95652173913044 76.82608695652173 40.0 65.8695652173913 
28.52173913043478 54.608695652173914 49.43478260869565 75.52173913043478 22.217391304347824 48.30434782608695 
39.47826086956522 69.69565217391305 49.0 79.21739130434783 28.956521739130434 59.17391304347826 
52.52173913043478 76.21739130434783 48.56521739130435 72.26086956521739 41.0 64.69565217391305 
30.52173913043478 55.95652173913044 51.78260869565217 77.21739130434783 25.956521739130434 51.391304347826086 
37.17391304347826 66.30434782608695 53.21739130434783 82.34782608695652 31.956521739130434 61.08695652173913 
35.04347826086956 63.95652173913044 48.30434782608695 77.21739130434783 27.869565217391305 56.78260869565217 
46.43478260869565 74.91304347826087 64.3913043478261 92.8695652173913 37.08695652173913 65.56521739130434 
42.47826086956522 74.21739130434783 37.78260869565217 69.52173913043478 32.43478260869565 64.17391304347827 
37.52173913043478 65.56521739130434 48.78260869565217 76.82608695652173 33.391304347826086 61.43478260869565 
37.17391304347826 67.3913043478261 48.608695652173914 78.82608695652173 28.043478260869566 58.26086956521739 
49.08695652173913 77.78260869565217 48.47826086956522 77.17391304347827 27.347826086956523 56.04347826086956 
42.26086956521739 71.3913043478261 53.21739130434783 82.34782608695652 31.52173913043478 60.65217391304348 
52.608695652173914 78.04347826086956 52.130434782608695 77.56521739130434 36.30434782608695 61.73913043478261 
49.17391304347826 79.82608695652173 56.82608695652174 87.47826086956522 34.391304347826086 65.04347826086956 
34.43478260869565 64.8695652173913 45.04347826086956 75.47826086956522 27.043478260869566 57.47826086956522 
28.82608695652174 54.04347826086956 47.04347826086956 72.26086956521739 24.26086956521739 49.47826086956522 
28.73913043478261 57.65217391304348 42.65217391304348 71.56521739130434 22.434782608695652 51.34782608695652 
49.43478260869565 77.26086956521739 52.08695652173913 79.91304347826087 30.08695652173913 57.91304347826087 
34.78260869565217 60.65217391304348 47.391304347826086 73.26086956521739 26.17391304347826 52.04347826086956 
46.34782608695652 68.30434782608695 45.04347826086956 67.0 32.30434782608695 54.26086956521739 
31.0 55.56521739130435 56.34782608695652 80.91304347826087 25.565217391304348 50.130434782608695 
47.391304347826086 77.6086956521739 45.47826086956522 75.69565217391305 37.17391304347826 67.3913043478261 
49.0 80.08695652173913 58.608695652173914 89.69565217391305 29.695652173913043 60.78260869565217 
