64.38461538461539 96.3076923076923 46.666666666666664 78.58974358974359 40.1025641025641 72.02564102564102 
61.92307692307692 91.41025641025641 57.1025641025641 86.58974358974359 37.58974358974359 67.07692307692308 
67.25641025641026 95.84615384615384 59.15384615384615 87.74358974358974 34.87179487179487 63.46153846153846 
55.282051282051285 83.23076923076923 57.97435897435897 85.92307692307692 42.64102564102564 70.58974358974359 
39.1025641025641 67.43589743589743 44.743589743589745 73.07692307692308 30.794871794871796 59.12820512820513 
49.15384615384615 76.71794871794872 55.87179487179487 83.43589743589743 38.46153846153846 66.02564102564102 
73.41025641025641 102.38461538461539 67.28205128205128 96.25641025641026 51.1025641025641 80.07692307692308 
60.64102564102564 89.35897435897436 55.82051282051282 84.53846153846153 47.794871794871796 76.51282051282051 
65.84615384615384 94.3076923076923 50.17948717948718 78.64102564102564 43.92307692307692 72.38461538461539 
63.58974358974359 93.2051282051282 60.41025641025641 90.02564102564102 41.41025641025641 71.02564102564102 
42.23076923076923 72.1025641025641 51.0 80.87179487179488 34.282051282051285 64.15384615384616 
70.02564102564102 97.46153846153847 62.17948717948718 89.61538461538461 41.07692307692308 68.51282051282051 
77.74358974358974 108.64102564102564 60.58974358974359 91.48717948717949 51.30769230769231 82.2051282051282 
56.12820512820513 86.12820512820512 54.35897435897436 84.35897435897436 30.82051282051282 60.82051282051282 
62.1025641025641 92.48717948717949 56.69230769230769 87.07692307692308 43.02564102564103 73.41025641025641 
62.8974358974359 91.87179487179488 58.64102564102564 87.61538461538461 42.02564102564103 71.0 
59.794871794871796 92.1025641025641 53.256410256410255 85.56410256410257 36.84615384615385 69.15384615384616 
74.15384615384616 103.8974358974359 54.794871794871796 84.53846153846153 40.58974358974359 70.33333333333333 
67.28205128205128 96.76923076923077 60.1025641025641 89.58974358974359 40.30769230769231 69.7948717948718 
68.61538461538461 95.66666666666667 42.02564102564103 69.07692307692308 36.69230769230769 63.743589743589745 
64.87179487179488 95.64102564102564 55.43589743589744 86.2051282051282 42.94871794871795 73.71794871794872 
66.92307692307692 94.48717948717949 59.256410256410255 86.82051282051282 42.17948717948718 69.74358974358974 
46.69230769230769 74.38461538461539 49.8974358974359 77.58974358974359 35.12820512820513 62.82051282051282 
107.87179487179488 136.84615384615384 67.6923076923077 96.66666666666667 61.46153846153846 90.43589743589743 
47.07692307692308 76.43589743589743 50.53846153846154 79.8974358974359 37.02564102564103 66.38461538461539 
74.33333333333333 104.07692307692308 51.1025641025641 80.84615384615384 48.76923076923077 78.51282051282051 
49.84615384615385 74.2051282051282 63.46153846153846 87.82051282051282 33.58974358974359 57.94871794871795 
65.46153846153847 93.7948717948718 56.666666666666664 85.0 49.41025641025641 77.74358974358974 
52.743589743589745 79.92307692307692 52.02564102564103 79.2051282051282 34.82051282051282 62.0 
69.82051282051282 99.17948717948718 49.256410256410255 78.61538461538461 41.82051282051282 71.17948717948718 
74.2051282051282 106.8974358974359 51.97435897435897 84.66666666666667 35.94871794871795 68.64102564102564 
41.46153846153846 68.12820512820512 45.743589743589745 72.41025641025641 32.51282051282051 59.17948717948718 
59.282051282051285 87.35897435897436 54.84615384615385 82.92307692307692 48.76923076923077 76.84615384615384 
57.282051282051285 85.35897435897436 59.87179487179487 87.94871794871794 40.256410256410255 68.33333333333333 
38.82051282051282 66.0 60.8974358974359 88.07692307692308 30.23076923076923 57.41025641025641 
62.8974358974359 90.71794871794872 54.41025641025641 82.23076923076923 44.12820512820513 71.94871794871794 
51.92307692307692 78.58974358974359 49.333333333333336 76.0 36.87179487179487 63.53846153846154 
64.15384615384616 91.33333333333333 50.30769230769231 77.48717948717949 42.666666666666664 69.84615384615384 
68.15384615384616 95.58974358974359 56.256410256410255 83.6923076923077 37.205128205128204 64.64102564102564 
69.92307692307692 99.28205128205128 48.35897435897436 77.71794871794872 49.94871794871795 79.3076923076923 
71.82051282051282 99.8974358974359 55.05128205128205 83.12820512820512 40.15384615384615 68.23076923076923 
61.30769230769231 90.66666666666667 44.30769230769231 73.66666666666667 38.05128205128205 67.41025641025641 
70.7948717948718 102.97435897435898 53.92307692307692 86.1025641025641 47.61538461538461 79.7948717948718 
86.66666666666667 116.02564102564102 48.17948717948718 77.53846153846153 46.0 75.35897435897436 
44.282051282051285 72.74358974358974 51.84615384615385 80.3076923076923 32.1025641025641 60.56410256410256 
77.35897435897436 107.74358974358974 45.84615384615385 76.23076923076923 47.12820512820513 77.51282051282051 
53.17948717948718 82.15384615384616 57.64102564102564 86.61538461538461 41.12820512820513 70.1025641025641 
64.35897435897436 92.94871794871794 58.205128205128204 86.7948717948718 39.35897435897436 67.94871794871794 
102.82051282051282 132.17948717948718 59.87179487179487 89.23076923076923 56.69230769230769 86.05128205128206 
54.61538461538461 80.12820512820512 54.51282051282051 80.02564102564102 35.256410256410255 60.76923076923077 
