49.642857142857146 77.14285714285714 53.0 80.5 40.357142857142854 67.85714285714286 
43.392857142857146 72.5 42.57142857142857 71.67857142857143 32.892857142857146 62.0 
50.464285714285715 80.82142857142857 50.67857142857143 81.03571428571429 39.035714285714285 69.39285714285714 
42.82142857142857 72.28571428571429 53.535714285714285 83.0 32.107142857142854 61.57142857142857 
71.42857142857143 102.67857142857143 59.92857142857143 91.17857142857143 49.32142857142857 80.57142857142857 
37.642857142857146 63.714285714285715 38.32142857142857 64.39285714285714 31.571428571428573 57.642857142857146 
39.142857142857146 68.07142857142857 46.25 75.17857142857143 30.571428571428573 59.5 
59.75 88.5 61.964285714285715 90.71428571428571 37.607142857142854 66.35714285714286 
64.60714285714286 94.07142857142857 54.642857142857146 84.10714285714286 39.964285714285715 69.42857142857143 
53.035714285714285 83.57142857142857 59.107142857142854 89.64285714285714 31.821428571428573 62.357142857142854 
53.964285714285715 83.25 46.357142857142854 75.64285714285714 35.392857142857146 64.67857142857143 
43.392857142857146 70.71428571428571 53.035714285714285 80.35714285714286 38.392857142857146 65.71428571428571 
46.75 74.07142857142857 61.5 88.82142857142857 31.321428571428573 58.642857142857146 
51.285714285714285 76.64285714285714 56.392857142857146 81.75 39.25 64.60714285714286 
48.785714285714285 75.92857142857143 54.17857142857143 81.32142857142857 36.5 63.642857142857146 
42.92857142857143 72.21428571428571 47.42857142857143 76.71428571428571 32.92857142857143 62.214285714285715 
37.035714285714285 65.07142857142857 52.07142857142857 80.10714285714286 33.142857142857146 61.17857142857143 
51.535714285714285 80.10714285714286 49.82142857142857 78.39285714285714 41.535714285714285 70.10714285714286 
43.607142857142854 71.10714285714286 46.07142857142857 73.57142857142857 34.0 61.5 
88.03571428571429 116.96428571428571 63.214285714285715 92.14285714285714 56.25 85.17857142857143 
37.464285714285715 64.07142857142857 47.464285714285715 74.07142857142857 32.464285714285715 59.07142857142857 
45.82142857142857 73.5 58.464285714285715 86.14285714285714 34.107142857142854 61.785714285714285 
46.285714285714285 72.89285714285714 45.642857142857146 72.25 34.5 61.107142857142854 
50.42857142857143 80.96428571428571 51.642857142857146 82.17857142857143 43.285714285714285 73.82142857142857 
53.42857142857143 80.75 48.82142857142857 76.14285714285714 35.57142857142857 62.892857142857146 
55.25 83.28571428571429 53.17857142857143 81.21428571428571 34.785714285714285 62.82142857142857 
42.714285714285715 72.89285714285714 48.0 78.17857142857143 34.142857142857146 64.32142857142857 
49.964285714285715 82.10714285714286 59.32142857142857 91.46428571428571 34.92857142857143 67.07142857142857 
39.142857142857146 68.96428571428571 51.714285714285715 81.53571428571429 30.571428571428573 60.392857142857146 
45.785714285714285 70.60714285714286 56.357142857142854 81.17857142857143 35.214285714285715 60.035714285714285 
55.5 84.60714285714286 45.92857142857143 75.03571428571429 44.964285714285715 74.07142857142857 
55.892857142857146 88.57142857142857 59.642857142857146 92.32142857142857 44.57142857142857 77.25 
44.392857142857146 74.57142857142857 56.785714285714285 86.96428571428571 38.32142857142857 68.5 
39.535714285714285 67.21428571428571 54.607142857142854 82.28571428571429 27.75 55.42857142857143 
51.32142857142857 82.57142857142857 49.75 81.0 37.107142857142854 68.35714285714286 
53.67857142857143 83.32142857142857 57.75 87.39285714285714 37.785714285714285 67.42857142857143 
77.07142857142857 108.85714285714286 52.42857142857143 84.21428571428571 51.857142857142854 83.64285714285714 
46.142857142857146 72.21428571428571 38.285714285714285 64.35714285714286 38.285714285714285 64.35714285714286 
89.67857142857143 118.78571428571429 53.285714285714285 82.39285714285714 52.392857142857146 81.5 
36.464285714285715 66.46428571428571 68.82142857142857 98.82142857142857 31.821428571428573 61.82142857142857 
60.035714285714285 88.60714285714286 55.07142857142857 83.64285714285714 38.714285714285715 67.28571428571429 
52.392857142857146 77.75 53.107142857142854 78.46428571428571 42.25 67.60714285714286 
44.42857142857143 71.21428571428571 47.785714285714285 74.57142857142857 35.5 62.285714285714285 
49.964285714285715 78.0 44.32142857142857 72.35714285714286 34.32142857142857 62.357142857142854 
47.357142857142854 78.42857142857143 55.785714285714285 86.85714285714286 36.142857142857146 67.21428571428571 
46.392857142857146 76.03571428571429 53.107142857142854 82.75 37.785714285714285 67.42857142857143 
62.964285714285715 92.60714285714286 45.5 75.14285714285714 40.035714285714285 69.67857142857143 
42.285714285714285 68.71428571428571 51.464285714285715 77.89285714285714 33.57142857142857 60.0 
42.392857142857146 67.92857142857143 49.642857142857146 75.17857142857143 37.5 63.035714285714285 
68.89285714285714 100.32142857142857 61.607142857142854 93.03571428571429 45.32142857142857 76.75 
