27.333333333333332 52.333333333333336 46.77777777777778 71.77777777777777 22.333333333333332 47.333333333333336 
30.88888888888889 60.888888888888886 48.0 78.0 25.88888888888889 55.888888888888886 
38.333333333333336 66.66666666666667 54.22222222222222 82.55555555555556 34.44444444444444 62.77777777777778 
27.88888888888889 56.77777777777778 59.22222222222222 88.11111111111111 22.88888888888889 51.77777777777778 
29.444444444444443 65.0 33.111111111111114 68.66666666666667 24.444444444444443 60.0 
33.22222222222222 66.0 44.888888888888886 77.66666666666667 28.22222222222222 61.0 
27.11111111111111 55.44444444444444 42.0 70.33333333333333 18.77777777777778 47.111111111111114 
45.55555555555556 75.0 65.0 94.44444444444444 36.111111111111114 65.55555555555556 
30.555555555555557 57.22222222222222 37.888888888888886 64.55555555555556 25.555555555555557 52.22222222222222 
39.44444444444444 70.0 47.55555555555556 78.11111111111111 35.55555555555556 66.11111111111111 
21.88888888888889 48.0 45.666666666666664 71.77777777777777 16.88888888888889 43.0 
33.111111111111114 58.111111111111114 57.666666666666664 82.66666666666667 30.333333333333332 55.333333333333336 
37.22222222222222 65.55555555555556 36.111111111111114 64.44444444444444 32.22222222222222 60.55555555555556 
38.666666666666664 67.0 42.333333333333336 70.66666666666667 33.666666666666664 62.0 
48.888888888888886 85.0 42.44444444444444 78.55555555555556 43.888888888888886 80.0 
23.333333333333332 48.333333333333336 36.22222222222222 61.22222222222222 18.333333333333332 43.333333333333336 
25.0 58.888888888888886 52.55555555555556 86.44444444444444 20.0 53.888888888888886 
36.0 63.22222222222222 27.88888888888889 55.111111111111114 31.0 58.22222222222222 
28.333333333333332 55.0 50.55555555555556 77.22222222222223 23.333333333333332 50.0 
34.111111111111114 66.33333333333333 42.77777777777778 75.0 29.11111111111111 61.333333333333336 
25.0 54.44444444444444 52.666666666666664 82.11111111111111 20.0 49.44444444444444 
32.55555555555556 60.333333333333336 50.77777777777778 78.55555555555556 26.444444444444443 54.22222222222222 
41.22222222222222 66.22222222222223 42.666666666666664 67.66666666666667 37.333333333333336 62.333333333333336 
33.77777777777778 61.55555555555556 59.0 86.77777777777777 26.0 53.77777777777778 
25.555555555555557 48.888888888888886 41.888888888888886 65.22222222222223 20.555555555555557 43.888888888888886 
25.555555555555557 51.666666666666664 29.77777777777778 55.888888888888886 20.555555555555557 46.666666666666664 
48.333333333333336 78.33333333333333 46.44444444444444 76.44444444444444 34.77777777777778 64.77777777777777 
26.11111111111111 53.333333333333336 40.55555555555556 67.77777777777777 21.11111111111111 48.333333333333336 
32.22222222222222 58.333333333333336 52.44444444444444 78.55555555555556 27.22222222222222 53.333333333333336 
36.111111111111114 61.111111111111114 25.22222222222222 50.22222222222222 30.0 55.0 
24.444444444444443 47.22222222222222 43.77777777777778 66.55555555555556 19.444444444444443 42.22222222222222 
30.555555555555557 52.77777777777778 49.666666666666664 71.88888888888889 25.555555555555557 47.77777777777778 
27.22222222222222 58.888888888888886 47.666666666666664 79.33333333333333 22.22222222222222 53.888888888888886 
19.88888888888889 53.77777777777778 43.333333333333336 77.22222222222223 14.88888888888889 48.77777777777778 
31.11111111111111 55.55555555555556 36.22222222222222 60.666666666666664 26.11111111111111 50.55555555555556 
37.44444444444444 63.0 67.77777777777777 93.33333333333333 32.44444444444444 58.0 
31.77777777777778 57.333333333333336 60.77777777777778 86.33333333333333 26.77777777777778 52.333333333333336 
36.333333333333336 63.0 52.77777777777778 79.44444444444444 30.22222222222222 56.888888888888886 
31.666666666666668 59.44444444444444 49.55555555555556 77.33333333333333 26.666666666666668 54.44444444444444 
34.888888888888886 71.0 37.44444444444444 73.55555555555556 29.88888888888889 66.0 
31.333333333333332 63.0 30.11111111111111 61.77777777777778 20.77777777777778 52.44444444444444 
25.0 46.111111111111114 53.77777777777778 74.88888888888889 20.0 41.111111111111114 
33.888888888888886 70.0 30.11111111111111 66.22222222222223 28.88888888888889 65.0 
25.555555555555557 57.22222222222222 46.666666666666664 78.33333333333333 20.555555555555557 52.22222222222222 
31.555555555555557 66.0 49.55555555555556 84.0 26.555555555555557 61.0 
21.666666666666668 48.333333333333336 42.55555555555556 69.22222222222223 16.666666666666668 43.333333333333336 
28.88888888888889 61.666666666666664 51.666666666666664 84.44444444444444 23.88888888888889 56.666666666666664 
36.55555555555556 62.111111111111114 57.888888888888886 83.44444444444444 32.666666666666664 58.22222222222222 
34.666666666666664 62.44444444444444 38.22222222222222 66.0 21.88888888888889 49.666666666666664 
23.77777777777778 51.55555555555556 39.22222222222222 67.0 18.77777777777778 46.55555555555556 
