63.03030303030303 90.15151515151516 56.57575757575758 83.6969696969697 53.78787878787879 80.9090909090909 
40.333333333333336 67.15151515151516 52.24242424242424 79.06060606060606 32.60606060606061 59.42424242424242 
52.666666666666664 79.03030303030303 51.78787878787879 78.15151515151516 36.15151515151515 62.515151515151516 
44.696969696969695 73.48484848484848 53.45454545454545 82.24242424242425 39.09090909090909 67.87878787878788 
61.42424242424242 93.0909090909091 47.21212121212121 78.87878787878788 38.81818181818182 70.48484848484848 
47.0 75.18181818181819 45.90909090909091 74.0909090909091 41.696969696969695 69.87878787878788 
37.878787878787875 68.63636363636364 50.90909090909091 81.66666666666667 31.96969696969697 62.72727272727273 
37.93939393939394 65.66666666666667 54.45454545454545 82.18181818181819 32.63636363636363 60.36363636363637 
62.39393939393939 93.15151515151516 52.06060606060606 82.81818181818181 50.42424242424242 81.18181818181819 
48.18181818181818 77.27272727272727 49.484848484848484 78.57575757575758 30.90909090909091 60.0 
41.72727272727273 69.0 55.666666666666664 82.93939393939394 32.303030303030305 59.57575757575758 
67.21212121212122 100.0909090909091 51.39393939393939 84.27272727272727 48.27272727272727 81.15151515151516 
65.06060606060606 95.36363636363636 55.45454545454545 85.75757575757575 40.84848484848485 71.15151515151516 
53.06060606060606 84.12121212121212 47.18181818181818 78.24242424242425 44.121212121212125 75.18181818181819 
80.33333333333333 106.39393939393939 54.484848484848484 80.54545454545455 50.27272727272727 76.33333333333333 
38.333333333333336 66.66666666666667 52.54545454545455 80.87878787878788 31.636363636363637 59.96969696969697 
55.75757575757576 85.45454545454545 51.63636363636363 81.33333333333333 43.78787878787879 73.48484848484848 
52.93939393939394 78.84848484848484 54.54545454545455 80.45454545454545 46.303030303030305 72.21212121212122 
41.81818181818182 68.18181818181819 48.696969696969695 75.06060606060606 36.121212121212125 62.484848484848484 
62.21212121212121 93.12121212121212 57.18181818181818 88.0909090909091 45.666666666666664 76.57575757575758 
50.57575757575758 80.87878787878788 53.03030303030303 83.33333333333333 43.90909090909091 74.21212121212122 
47.45454545454545 75.93939393939394 51.333333333333336 79.81818181818181 32.84848484848485 61.333333333333336 
63.24242424242424 90.51515151515152 66.93939393939394 94.21212121212122 46.03030303030303 73.3030303030303 
49.24242424242424 71.96969696969697 56.24242424242424 78.96969696969697 37.96969696969697 60.696969696969695 
51.42424242424242 76.42424242424242 53.15151515151515 78.15151515151516 36.54545454545455 61.54545454545455 
54.666666666666664 84.81818181818181 54.21212121212121 84.36363636363636 35.42424242424242 65.57575757575758 
39.84848484848485 67.87878787878788 53.81818181818182 81.84848484848484 30.303030303030305 58.333333333333336 
112.9090909090909 141.24242424242425 63.878787878787875 92.21212121212122 63.63636363636363 91.96969696969697 
40.121212121212125 65.87878787878788 50.515151515151516 76.27272727272727 29.96969696969697 55.72727272727273 
53.57575757575758 82.21212121212122 49.78787878787879 78.42424242424242 37.878787878787875 66.51515151515152 
49.78787878787879 79.78787878787878 52.18181818181818 82.18181818181819 37.84848484848485 67.84848484848484 
41.515151515151516 70.0 53.42424242424242 81.9090909090909 33.63636363636363 62.121212121212125 
39.57575757575758 67.60606060606061 45.63636363636363 73.66666666666667 31.696969696969695 59.72727272727273 
95.06060606060606 128.0909090909091 53.27272727272727 86.3030303030303 31.757575757575758 64.78787878787878 
71.81818181818181 100.45454545454545 67.3030303030303 95.93939393939394 44.75757575757576 73.39393939393939 
44.63636363636363 71.45454545454545 48.484848484848484 75.3030303030303 36.90909090909091 63.72727272727273 
38.121212121212125 66.60606060606061 55.96969696969697 84.45454545454545 29.78787878787879 58.27272727272727 
96.54545454545455 125.03030303030303 55.54545454545455 84.03030303030303 56.27272727272727 84.75757575757575 
49.60606060606061 78.0909090909091 53.63636363636363 82.12121212121212 34.45454545454545 62.93939393939394 
62.696969696969695 90.87878787878788 56.84848484848485 85.03030303030303 39.63636363636363 67.81818181818181 
48.45454545454545 75.72727272727273 45.54545454545455 72.81818181818181 33.15151515151515 60.42424242424242 
72.21212121212122 101.75757575757575 49.15151515151515 78.6969696969697 54.24242424242424 83.78787878787878 
36.333333333333336 63.75757575757576 49.81818181818182 77.24242424242425 22.939393939393938 50.36363636363637 
50.93939393939394 80.93939393939394 56.21212121212121 86.21212121212122 35.63636363636363 65.63636363636364 
44.96969696969697 71.18181818181819 54.75757575757576 80.96969696969697 26.96969696969697 53.18181818181818 
39.18181818181818 67.36363636363636 56.54545454545455 84.72727272727273 31.757575757575758 59.93939393939394 
32.878787878787875 56.81818181818182 58.06060606060606 82.0 23.818181818181817 47.75757575757576 
46.515151515151516 71.96969696969697 55.93939393939394 81.39393939393939 40.0 65.45454545454545 
38.666666666666664 64.72727272727273 54.72727272727273 80.78787878787878 33.06060606060606 59.121212121212125 
48.54545454545455 79.0 66.63636363636364 97.0909090909091 36.18181818181818 66.63636363636364 
