21.363636363636363 48.63636363636363 48.09090909090909 75.36363636363636 16.363636363636363 43.63636363636363 
31.545454545454547 59.27272727272727 45.81818181818182 73.54545454545455 26.545454545454547 54.27272727272727 
23.636363636363637 49.09090909090909 48.54545454545455 74.0 17.727272727272727 43.18181818181818 
43.45454545454545 75.27272727272727 40.72727272727273 72.54545454545455 31.09090909090909 62.90909090909091 
51.54545454545455 77.45454545454545 59.18181818181818 85.0909090909091 43.81818181818182 69.72727272727273 
29.727272727272727 62.0 57.18181818181818 89.45454545454545 24.727272727272727 57.0 
40.0 67.72727272727273 41.54545454545455 69.27272727272727 35.0 62.72727272727273 
29.363636363636363 53.90909090909091 38.54545454545455 63.09090909090909 25.272727272727273 49.81818181818182 
51.09090909090909 78.36363636363636 56.72727272727273 84.0 45.18181818181818 72.45454545454545 
33.0 57.09090909090909 56.27272727272727 80.36363636363636 28.0 52.09090909090909 
36.72727272727273 62.63636363636363 63.0 88.9090909090909 31.727272727272727 57.63636363636363 
37.0 65.18181818181819 47.18181818181818 75.36363636363636 32.90909090909091 61.09090909090909 
29.90909090909091 59.45454545454545 36.54545454545455 66.0909090909091 24.90909090909091 54.45454545454545 
42.09090909090909 65.27272727272727 57.27272727272727 80.45454545454545 33.45454545454545 56.63636363636363 
34.45454545454545 59.90909090909091 51.27272727272727 76.72727272727273 26.727272727272727 52.18181818181818 
36.0 65.54545454545455 51.45454545454545 81.0 31.0 60.54545454545455 
41.0 68.27272727272727 54.72727272727273 82.0 35.09090909090909 62.36363636363637 
29.454545454545453 51.72727272727273 53.36363636363637 75.63636363636364 24.454545454545453 46.72727272727273 
35.36363636363637 61.27272727272727 63.0 88.9090909090909 18.545454545454547 44.45454545454545 
46.18181818181818 77.0909090909091 49.72727272727273 80.63636363636364 37.54545454545455 68.45454545454545 
31.09090909090909 58.81818181818182 50.36363636363637 78.0909090909091 26.09090909090909 53.81818181818182 
37.45454545454545 60.63636363636363 54.45454545454545 77.63636363636364 32.45454545454545 55.63636363636363 
37.18181818181818 65.36363636363636 39.45454545454545 67.63636363636364 29.454545454545453 57.63636363636363 
41.72727272727273 72.18181818181819 60.27272727272727 90.72727272727273 35.81818181818182 66.27272727272727 
30.272727272727273 56.18181818181818 48.27272727272727 74.18181818181819 25.272727272727273 51.18181818181818 
23.818181818181817 52.90909090909091 56.27272727272727 85.36363636363636 18.818181818181817 47.90909090909091 
23.636363636363637 49.54545454545455 32.72727272727273 58.63636363636363 18.636363636363637 44.54545454545455 
31.181818181818183 61.18181818181818 53.0 83.0 23.454545454545453 53.45454545454545 
22.90909090909091 51.54545454545455 33.90909090909091 62.54545454545455 17.0 45.63636363636363 
24.272727272727273 52.45454545454545 52.27272727272727 80.45454545454545 18.363636363636363 46.54545454545455 
21.363636363636363 45.0 44.72727272727273 68.36363636363636 16.363636363636363 40.0 
32.18181818181818 60.36363636363637 49.18181818181818 77.36363636363636 28.09090909090909 56.27272727272727 
46.09090909090909 74.27272727272727 45.72727272727273 73.9090909090909 35.63636363636363 63.81818181818182 
28.545454545454547 55.81818181818182 37.36363636363637 64.63636363636364 23.545454545454547 50.81818181818182 
20.818181818181817 54.45454545454545 41.90909090909091 75.54545454545455 14.909090909090908 48.54545454545455 
36.63636363636363 62.09090909090909 50.81818181818182 76.27272727272727 32.54545454545455 58.0 
28.272727272727273 52.81818181818182 23.181818181818183 47.72727272727273 23.272727272727273 47.81818181818182 
32.09090909090909 58.90909090909091 31.09090909090909 57.90909090909091 23.90909090909091 50.72727272727273 
26.09090909090909 49.27272727272727 57.18181818181818 80.36363636363636 19.272727272727273 42.45454545454545 
46.45454545454545 77.81818181818181 41.27272727272727 72.63636363636364 36.0 67.36363636363636 
30.818181818181817 59.90909090909091 43.54545454545455 72.63636363636364 25.818181818181817 54.90909090909091 
35.63636363636363 72.0 42.36363636363637 78.72727272727273 30.636363636363637 67.0 
26.363636363636363 56.81818181818182 29.818181818181817 60.27272727272727 21.363636363636363 51.81818181818182 
31.272727272727273 64.0 67.81818181818181 100.54545454545455 25.363636363636363 58.09090909090909 
24.454545454545453 52.63636363636363 41.27272727272727 69.45454545454545 19.454545454545453 47.63636363636363 
59.90909090909091 85.36363636363636 51.81818181818182 77.27272727272727 38.09090909090909 63.54545454545455 
34.81818181818182 62.54545454545455 48.09090909090909 75.81818181818181 23.454545454545453 51.18181818181818 
47.45454545454545 72.45454545454545 58.36363636363637 83.36363636363636 39.72727272727273 64.72727272727273 
24.545454545454547 48.63636363636363 41.81818181818182 65.9090909090909 19.545454545454547 43.63636363636363 
25.454545454545453 52.27272727272727 40.36363636363637 67.18181818181819 20.454545454545453 47.27272727272727 
