73.1842105263158 101.47368421052632 58.36842105263158 86.65789473684211 39.94736842105263 68.23684210526316 
66.86842105263158 93.57894736842105 69.34210526315789 96.05263157894737 47.0 73.71052631578948 
52.89473684210526 81.84210526315789 54.8421052631579 83.78947368421052 41.026315789473685 69.97368421052632 
51.0 76.0 58.8421052631579 83.84210526315789 35.21052631578947 60.21052631578947 
58.1578947368421 83.94736842105263 50.973684210526315 76.76315789473684 40.6578947368421 66.44736842105263 
72.71052631578948 104.28947368421052 54.31578947368421 85.89473684210526 51.63157894736842 83.21052631578948 
56.94736842105263 86.6842105263158 54.526315789473685 84.26315789473684 38.18421052631579 67.92105263157895 
43.39473684210526 72.07894736842105 53.0 81.6842105263158 33.39473684210526 62.078947368421055 
63.0 90.89473684210526 49.5 77.39473684210526 41.94736842105263 69.84210526315789 
60.078947368421055 88.23684210526316 61.078947368421055 89.23684210526316 40.78947368421053 68.94736842105263 
104.86842105263158 133.42105263157896 57.55263157894737 86.10526315789474 56.23684210526316 84.78947368421052 
51.078947368421055 77.39473684210526 51.23684210526316 77.55263157894737 35.60526315789474 61.921052631578945 
77.39473684210526 108.3157894736842 55.921052631578945 86.84210526315789 48.76315789473684 79.6842105263158 
65.07894736842105 91.0 61.578947368421055 87.5 39.5 65.42105263157895 
36.28947368421053 61.81578947368421 50.26315789473684 75.78947368421052 27.605263157894736 53.13157894736842 
78.47368421052632 109.26315789473684 67.5 98.28947368421052 42.3421052631579 73.13157894736842 
77.52631578947368 107.0 53.39473684210526 82.86842105263158 50.078947368421055 79.55263157894737 
68.1842105263158 94.36842105263158 59.73684210526316 85.92105263157895 40.5 66.6842105263158 
42.473684210526315 71.02631578947368 51.31578947368421 79.86842105263158 28.394736842105264 56.94736842105263 
56.60526315789474 84.23684210526316 55.23684210526316 82.86842105263158 38.76315789473684 66.39473684210526 
108.26315789473684 136.81578947368422 63.26315789473684 91.8157894736842 52.89473684210526 81.44736842105263 
48.55263157894737 78.55263157894737 54.10526315789474 84.10526315789474 33.23684210526316 63.23684210526316 
67.73684210526316 98.52631578947368 48.23684210526316 79.02631578947368 45.89473684210526 76.6842105263158 
71.15789473684211 98.92105263157895 46.31578947368421 74.07894736842105 43.3421052631579 71.10526315789474 
54.63157894736842 83.05263157894737 50.71052631578947 79.13157894736842 37.5 65.92105263157895 
66.44736842105263 92.89473684210526 58.1578947368421 84.60526315789474 53.28947368421053 79.73684210526316 
58.73684210526316 87.28947368421052 54.026315789473685 82.57894736842105 36.421052631578945 64.97368421052632 
53.1578947368421 83.28947368421052 63.05263157894737 93.1842105263158 37.921052631578945 68.05263157894737 
76.07894736842105 102.13157894736842 62.36842105263158 88.42105263157895 48.421052631578945 74.47368421052632 
72.65789473684211 97.26315789473684 46.39473684210526 71.0 38.973684210526315 63.578947368421055 
53.473684210526315 80.57894736842105 58.421052631578945 85.52631578947368 42.60526315789474 69.71052631578948 
64.94736842105263 93.63157894736842 51.10526315789474 79.78947368421052 43.10526315789474 71.78947368421052 
80.6842105263158 111.47368421052632 54.921052631578945 85.71052631578948 48.68421052631579 79.47368421052632 
82.65789473684211 113.84210526315789 65.39473684210526 96.57894736842105 45.31578947368421 76.5 
49.0 77.15789473684211 50.89473684210526 79.05263157894737 39.71052631578947 67.86842105263158 
92.6842105263158 122.6842105263158 61.973684210526315 91.97368421052632 58.89473684210526 88.89473684210526 
65.36842105263158 93.0 53.68421052631579 81.3157894736842 47.6578947368421 75.28947368421052 
43.078947368421055 71.10526315789474 57.73684210526316 85.76315789473684 30.763157894736842 58.78947368421053 
69.07894736842105 100.78947368421052 59.23684210526316 90.94736842105263 41.36842105263158 73.07894736842105 
40.6578947368421 69.47368421052632 58.76315789473684 87.57894736842105 32.89473684210526 61.71052631578947 
55.10526315789474 84.84210526315789 50.89473684210526 80.63157894736842 42.31578947368421 72.05263157894737 
39.89473684210526 68.1842105263158 47.3421052631579 75.63157894736842 32.26315789473684 60.55263157894737 
57.76315789473684 85.26315789473684 62.26315789473684 89.76315789473684 47.18421052631579 74.6842105263158 
66.07894736842105 93.71052631578948 56.28947368421053 83.92105263157895 36.63157894736842 64.26315789473684 
52.78947368421053 80.55263157894737 51.5 79.26315789473684 43.8421052631579 71.60526315789474 
124.05263157894737 151.1578947368421 57.578947368421055 84.6842105263158 66.63157894736842 93.73684210526316 
44.0 73.60526315789474 52.31578947368421 81.92105263157895 36.71052631578947 66.3157894736842 
65.15789473684211 93.1842105263158 53.44736842105263 81.47368421052632 39.89473684210526 67.92105263157895 
83.05263157894737 113.84210526315789 56.0 86.78947368421052 53.55263157894737 84.34210526315789 
67.52631578947368 96.73684210526316 61.63157894736842 90.84210526315789 47.73684210526316 76.94736842105263 
