18.333333333333332 46.666666666666664 31.333333333333332 59.666666666666664 13.333333333333334 41.666666666666664 
46.666666666666664 88.33333333333333 34.0 75.66666666666667 41.666666666666664 83.33333333333333 
20.0 56.666666666666664 29.666666666666668 66.33333333333333 15.0 51.666666666666664 
16.666666666666668 36.666666666666664 59.666666666666664 79.66666666666667 11.666666666666666 31.666666666666668 
53.0 86.33333333333333 35.666666666666664 69.0 28.0 61.333333333333336 
31.666666666666668 63.333333333333336 57.666666666666664 89.33333333333333 26.666666666666668 58.333333333333336 
20.0 46.666666666666664 41.0 67.66666666666667 15.0 41.666666666666664 
26.666666666666668 51.666666666666664 54.666666666666664 79.66666666666667 21.666666666666668 46.666666666666664 
30.0 58.333333333333336 70.33333333333333 98.66666666666667 25.0 53.333333333333336 
31.666666666666668 58.333333333333336 59.333333333333336 86.0 26.666666666666668 53.333333333333336 
30.0 58.333333333333336 60.666666666666664 89.0 25.0 53.333333333333336 
41.666666666666664 61.666666666666664 48.333333333333336 68.33333333333333 36.666666666666664 56.666666666666664 
33.333333333333336 56.666666666666664 61.666666666666664 85.0 28.333333333333332 51.666666666666664 
20.0 48.333333333333336 48.333333333333336 76.66666666666667 15.0 43.333333333333336 
30.0 61.666666666666664 73.33333333333333 105.0 25.0 56.666666666666664 
21.333333333333332 56.333333333333336 47.666666666666664 82.66666666666667 13.0 48.0 
18.333333333333332 43.333333333333336 60.0 85.0 13.333333333333334 38.333333333333336 
35.0 65.0 56.0 86.0 30.0 60.0 
26.666666666666668 56.666666666666664 46.333333333333336 76.33333333333333 21.666666666666668 51.666666666666664 
28.333333333333332 60.0 60.333333333333336 92.0 23.333333333333332 55.0 
34.0 67.33333333333333 45.333333333333336 78.66666666666667 29.0 62.333333333333336 
18.333333333333332 51.666666666666664 56.333333333333336 89.66666666666667 13.333333333333334 46.666666666666664 
15.0 51.666666666666664 65.66666666666667 102.33333333333333 10.0 46.666666666666664 
41.666666666666664 63.333333333333336 39.666666666666664 61.333333333333336 36.666666666666664 58.333333333333336 
23.333333333333332 53.333333333333336 59.333333333333336 89.33333333333333 18.333333333333332 48.333333333333336 
28.333333333333332 58.333333333333336 50.0 80.0 23.333333333333332 53.333333333333336 
45.0 85.0 31.333333333333332 71.33333333333333 40.0 80.0 
16.666666666666668 38.333333333333336 37.0 58.666666666666664 11.666666666666666 33.333333333333336 
33.333333333333336 60.0 54.666666666666664 81.33333333333333 28.333333333333332 55.0 
23.333333333333332 56.666666666666664 36.333333333333336 69.66666666666667 18.333333333333332 51.666666666666664 
16.666666666666668 40.0 58.666666666666664 82.0 11.666666666666666 35.0 
31.666666666666668 58.333333333333336 27.666666666666668 54.333333333333336 26.666666666666668 53.333333333333336 
30.0 53.333333333333336 62.333333333333336 85.66666666666667 25.0 48.333333333333336 
20.0 51.666666666666664 57.333333333333336 89.0 15.0 46.666666666666664 
26.666666666666668 61.666666666666664 57.0 92.0 21.666666666666668 56.666666666666664 
23.333333333333332 55.0 11.666666666666666 43.333333333333336 18.333333333333332 50.0 
31.666666666666668 65.0 33.0 66.33333333333333 26.666666666666668 60.0 
21.666666666666668 41.666666666666664 38.666666666666664 58.666666666666664 16.666666666666668 36.666666666666664 
16.666666666666668 45.0 41.666666666666664 70.0 11.666666666666666 40.0 
48.0 79.66666666666667 49.0 80.66666666666667 39.666666666666664 71.33333333333333 
38.333333333333336 70.0 33.333333333333336 65.0 33.333333333333336 65.0 
31.666666666666668 63.333333333333336 38.0 69.66666666666667 26.666666666666668 58.333333333333336 
20.0 46.666666666666664 24.333333333333332 51.0 15.0 41.666666666666664 
18.333333333333332 40.0 32.333333333333336 54.0 13.333333333333334 35.0 
35.0 58.333333333333336 63.0 86.33333333333333 30.0 53.333333333333336 
38.333333333333336 68.33333333333333 44.666666666666664 74.66666666666667 33.333333333333336 63.333333333333336 
23.333333333333332 40.0 35.0 51.666666666666664 18.333333333333332 35.0 
30.0 55.0 37.333333333333336 62.333333333333336 25.0 50.0 
16.666666666666668 41.666666666666664 38.0 63.0 11.666666666666666 36.666666666666664 
33.333333333333336 60.0 70.66666666666667 97.33333333333333 28.333333333333332 55.0 
