16.25 37.5 25.0 46.25 11.25 32.5 
25.0 52.5 53.0 80.5 20.0 47.5 
23.75 52.5 12.5 41.25 18.75 47.5 
35.0 67.5 65.0 97.5 30.0 62.5 
18.75 43.75 37.5 62.5 13.75 38.75 
36.25 52.5 64.5 80.75 31.25 47.5 
35.0 66.25 72.0 103.25 30.0 61.25 
35.5 63.0 25.75 53.25 30.5 58.0 
36.25 56.25 48.25 68.25 31.25 51.25 
40.0 65.0 63.75 88.75 35.0 60.0 
30.5 69.25 49.75 88.5 13.0 51.75 
41.25 63.75 29.0 51.5 36.25 58.75 
57.0 87.0 52.0 82.0 54.5 84.5 
30.0 63.75 57.0 90.75 25.0 58.75 
28.75 57.5 55.5 84.25 23.75 52.5 
28.75 56.25 39.5 67.0 23.75 51.25 
27.5 53.75 35.25 61.5 22.5 48.75 
54.0 90.25 22.75 59.0 39.0 75.25 
25.0 58.75 40.25 74.0 20.0 53.75 
16.25 37.5 57.0 78.25 11.25 32.5 
32.5 55.0 84.5 107.0 27.5 50.0 
30.0 68.75 60.25 99.0 25.0 63.75 
43.75 71.25 47.25 74.75 38.75 66.25 
25.0 56.25 36.0 67.25 20.0 51.25 
49.5 70.75 66.0 87.25 44.5 65.75 
26.25 53.75 43.0 70.5 21.25 48.75 
31.25 58.75 49.25 76.75 26.25 53.75 
28.75 52.5 45.25 69.0 23.75 47.5 
15.0 46.25 51.0 82.25 10.0 41.25 
50.5 76.75 58.5 84.75 33.25 59.5 
28.75 58.75 28.5 58.5 23.75 53.75 
25.0 63.75 52.75 91.5 20.0 58.75 
31.25 57.5 65.75 92.0 26.25 52.5 
17.5 50.0 59.0 91.5 12.5 45.0 
36.25 71.25 40.75 75.75 31.25 66.25 
31.25 62.5 38.5 69.75 26.25 57.5 
27.5 56.25 49.5 78.25 22.5 51.25 
28.75 51.25 56.75 79.25 23.75 46.25 
26.5 45.25 43.75 62.5 21.5 40.25 
36.25 67.5 48.75 80.0 31.25 62.5 
23.75 48.75 48.25 73.25 18.75 43.75 
21.25 43.75 24.0 46.5 16.25 38.75 
25.0 48.75 50.75 74.5 20.0 43.75 
23.75 43.75 57.0 77.0 18.75 38.75 
20.0 47.5 36.5 64.0 15.0 42.5 
32.5 61.25 20.5 49.25 27.5 56.25 
20.0 46.25 45.75 72.0 15.0 41.25 
20.0 47.5 46.0 73.5 15.0 42.5 
26.25 48.75 33.5 56.0 21.25 43.75 
35.0 57.5 46.75 69.25 30.0 52.5 
