26.764705882352942 49.11764705882353 50.0 72.3529411764706 21.764705882352942 44.11764705882353 
43.294117647058826 73.0 62.588235294117645 92.29411764705883 29.470588235294116 59.1764705882353 
39.64705882352941 69.6470588235294 45.94117647058823 75.94117647058823 32.294117647058826 62.294117647058826 
22.470588235294116 50.705882352941174 47.64705882352941 75.88235294117646 17.470588235294116 45.705882352941174 
25.647058823529413 51.8235294117647 45.470588235294116 71.6470588235294 20.647058823529413 46.8235294117647 
29.058823529411764 55.529411764705884 43.88235294117647 70.3529411764706 24.058823529411764 50.529411764705884 
40.23529411764706 65.52941176470588 57.05882352941177 82.3529411764706 34.35294117647059 59.64705882352941 
25.41176470588235 51.88235294117647 50.411764705882355 76.88235294117646 20.41176470588235 46.88235294117647 
28.176470588235293 57.0 50.8235294117647 79.6470588235294 23.176470588235293 52.0 
40.0 65.58823529411765 46.470588235294116 72.05882352941177 33.23529411764706 58.8235294117647 
25.470588235294116 51.64705882352941 53.23529411764706 79.41176470588235 20.470588235294116 46.64705882352941 
32.470588235294116 64.23529411764706 57.705882352941174 89.47058823529412 26.88235294117647 58.64705882352941 
74.41176470588235 107.05882352941177 44.411764705882355 77.05882352941177 36.76470588235294 69.41176470588235 
25.823529411764707 50.23529411764706 48.8235294117647 73.23529411764706 22.0 46.411764705882355 
36.76470588235294 65.58823529411765 50.529411764705884 79.3529411764706 30.0 58.8235294117647 
36.8235294117647 66.52941176470588 49.35294117647059 79.05882352941177 25.941176470588236 55.64705882352941 
36.23529411764706 66.23529411764706 50.705882352941174 80.70588235294117 24.470588235294116 54.470588235294116 
28.11764705882353 53.705882352941174 48.35294117647059 73.94117647058823 21.647058823529413 47.23529411764706 
35.8235294117647 66.41176470588235 53.35294117647059 83.94117647058823 30.823529411764707 61.411764705882355 
45.8235294117647 74.3529411764706 56.470588235294116 85.0 34.35294117647059 62.88235294117647 
50.588235294117645 82.3529411764706 49.23529411764706 81.0 40.88235294117647 72.6470588235294 
33.705882352941174 64.58823529411765 55.94117647058823 86.82352941176471 29.88235294117647 60.76470588235294 
27.176470588235293 56.88235294117647 47.23529411764706 76.94117647058823 22.176470588235293 51.88235294117647 
38.64705882352941 63.05882352941177 44.76470588235294 69.17647058823529 33.64705882352941 58.05882352941177 
25.705882352941178 51.294117647058826 41.35294117647059 66.94117647058823 20.11764705882353 45.705882352941174 
39.23529411764706 71.0 52.11764705882353 83.88235294117646 29.529411764705884 61.294117647058826 
32.23529411764706 61.05882352941177 37.23529411764706 66.05882352941177 27.235294117647058 56.05882352941177 
29.352941176470587 57.88235294117647 44.294117647058826 72.82352941176471 24.352941176470587 52.88235294117647 
40.11764705882353 70.70588235294117 52.705882352941174 83.29411764705883 31.0 61.588235294117645 
30.058823529411764 60.05882352941177 39.11764705882353 69.11764705882354 24.470588235294116 54.470588235294116 
37.0 67.29411764705883 51.0 81.29411764705883 32.588235294117645 62.88235294117647 
49.64705882352941 75.23529411764706 55.88235294117647 81.47058823529412 38.88235294117647 64.47058823529412 
28.235294117647058 57.64705882352941 61.05882352941177 90.47058823529412 22.647058823529413 52.05882352941177 
33.529411764705884 62.94117647058823 41.705882352941174 71.11764705882354 26.764705882352942 56.1764705882353 
33.529411764705884 60.588235294117645 39.8235294117647 66.88235294117646 27.941176470588236 55.0 
26.41176470588235 50.23529411764706 48.411764705882355 72.23529411764706 20.823529411764707 44.64705882352941 
25.470588235294116 50.76470588235294 49.1764705882353 74.47058823529412 20.470588235294116 45.76470588235294 
32.11764705882353 59.76470588235294 50.294117647058826 77.94117647058823 26.529411764705884 54.1764705882353 
50.35294117647059 78.88235294117646 51.705882352941174 80.23529411764706 34.1764705882353 62.705882352941174 
36.64705882352941 67.52941176470588 46.0 76.88235294117646 30.470588235294116 61.35294117647059 
39.94117647058823 67.0 44.8235294117647 71.88235294117646 26.705882352941178 53.76470588235294 
33.76470588235294 60.529411764705884 49.23529411764706 76.0 28.176470588235293 54.94117647058823 
38.11764705882353 66.05882352941177 41.35294117647059 69.29411764705883 32.529411764705884 60.470588235294116 
48.705882352941174 74.0 63.1764705882353 88.47058823529412 37.529411764705884 62.8235294117647 
34.294117647058826 59.294117647058826 51.23529411764706 76.23529411764706 31.647058823529413 56.64705882352941 
26.11764705882353 54.05882352941177 42.05882352941177 70.0 21.11764705882353 49.05882352941177 
34.0 66.05882352941177 48.76470588235294 80.82352941176471 29.0 61.05882352941177 
39.64705882352941 72.29411764705883 45.705882352941174 78.3529411764706 36.411764705882355 69.05882352941177 
31.941176470588236 58.705882352941174 45.64705882352941 72.41176470588235 26.941176470588236 53.705882352941174 
36.88235294117647 64.52941176470588 44.76470588235294 72.41176470588235 28.352941176470587 56.0 
