45.19047619047619 70.78571428571429 57.26190476190476 82.85714285714286 35.42857142857143 61.023809523809526 
46.76190476190476 74.02380952380952 59.142857142857146 86.4047619047619 34.30952380952381 61.57142857142857 
44.166666666666664 71.07142857142857 52.023809523809526 78.92857142857143 36.166666666666664 63.07142857142857 
82.23809523809524 107.71428571428571 49.61904761904762 75.0952380952381 48.23809523809524 73.71428571428571 
92.0 119.97619047619048 56.88095238095238 84.85714285714286 53.666666666666664 81.64285714285714 
75.14285714285714 104.30952380952381 59.45238095238095 88.61904761904762 45.476190476190474 74.64285714285714 
41.42857142857143 67.73809523809524 54.976190476190474 81.28571428571429 33.333333333333336 59.642857142857146 
68.73809523809524 98.26190476190476 45.57142857142857 75.0952380952381 42.38095238095238 71.9047619047619 
92.0 121.28571428571429 64.54761904761905 93.83333333333333 56.19047619047619 85.47619047619048 
53.166666666666664 85.30952380952381 60.61904761904762 92.76190476190476 41.095238095238095 73.23809523809524 
70.38095238095238 100.61904761904762 56.07142857142857 86.30952380952381 46.166666666666664 76.4047619047619 
82.16666666666667 111.69047619047619 60.88095238095238 90.4047619047619 53.76190476190476 83.28571428571429 
61.80952380952381 89.9047619047619 49.476190476190474 77.57142857142857 48.26190476190476 76.35714285714286 
81.45238095238095 109.19047619047619 53.80952380952381 81.54761904761905 57.80952380952381 85.54761904761905 
155.47619047619048 184.88095238095238 55.76190476190476 85.16666666666667 61.476190476190474 90.88095238095238 
83.33333333333333 111.9047619047619 65.23809523809524 93.80952380952381 56.904761904761905 85.47619047619048 
80.0952380952381 110.57142857142857 65.64285714285714 96.11904761904762 51.976190476190474 82.45238095238095 
76.4047619047619 104.5 57.595238095238095 85.69047619047619 46.23809523809524 74.33333333333333 
61.76190476190476 90.92857142857143 55.88095238095238 85.04761904761905 44.23809523809524 73.4047619047619 
53.666666666666664 82.35714285714286 55.19047619047619 83.88095238095238 42.095238095238095 70.78571428571429 
82.95238095238095 112.0 46.76190476190476 75.80952380952381 36.476190476190474 65.52380952380952 
62.333333333333336 85.07142857142857 52.023809523809526 74.76190476190476 39.69047619047619 62.42857142857143 
102.9047619047619 131.0 51.88095238095238 79.97619047619048 56.80952380952381 84.9047619047619 
50.42857142857143 80.19047619047619 57.19047619047619 86.95238095238095 39.23809523809524 69.0 
77.11904761904762 109.5 54.76190476190476 87.14285714285714 39.714285714285715 72.0952380952381 
58.07142857142857 85.92857142857143 50.214285714285715 78.07142857142857 42.285714285714285 70.14285714285714 
78.35714285714286 106.57142857142857 62.80952380952381 91.02380952380952 58.785714285714285 87.0 
73.80952380952381 100.95238095238095 62.11904761904762 89.26190476190476 40.714285714285715 67.85714285714286 
33.142857142857146 58.26190476190476 49.476190476190474 74.5952380952381 25.404761904761905 50.523809523809526 
65.11904761904762 94.28571428571429 55.19047619047619 84.35714285714286 42.904761904761905 72.07142857142857 
73.0952380952381 100.95238095238095 48.42857142857143 76.28571428571429 44.166666666666664 72.02380952380952 
52.07142857142857 77.54761904761905 55.38095238095238 80.85714285714286 42.54761904761905 68.02380952380952 
84.5952380952381 115.30952380952381 52.69047619047619 83.4047619047619 47.11904761904762 77.83333333333333 
63.142857142857146 89.80952380952381 63.142857142857146 89.80952380952381 41.857142857142854 68.52380952380952 
78.0 106.80952380952381 47.30952380952381 76.11904761904762 44.11904761904762 72.92857142857143 
71.19047619047619 98.80952380952381 60.04761904761905 87.66666666666667 41.904761904761905 69.52380952380952 
79.5 109.38095238095238 49.54761904761905 79.42857142857143 50.166666666666664 80.04761904761905 
52.07142857142857 79.69047619047619 49.30952380952381 76.92857142857143 40.57142857142857 68.19047619047619 
72.38095238095238 101.66666666666667 53.80952380952381 83.0952380952381 37.714285714285715 67.0 
103.33333333333333 135.47619047619048 54.166666666666664 86.30952380952381 42.88095238095238 75.02380952380952 
80.16666666666667 111.95238095238095 59.80952380952381 91.5952380952381 46.333333333333336 78.11904761904762 
62.07142857142857 90.88095238095238 63.333333333333336 92.14285714285714 38.595238095238095 67.4047619047619 
49.69047619047619 78.61904761904762 54.30952380952381 83.23809523809524 40.11904761904762 69.04761904761905 
53.642857142857146 81.38095238095238 54.88095238095238 82.61904761904762 34.76190476190476 62.5 
74.85714285714286 105.45238095238095 49.666666666666664 80.26190476190476 50.214285714285715 80.80952380952381 
75.45238095238095 104.61904761904762 61.976190476190474 91.14285714285714 44.476190476190474 73.64285714285714 
79.23809523809524 106.97619047619048 52.26190476190476 80.0 45.642857142857146 73.38095238095238 
66.30952380952381 95.83333333333333 53.92857142857143 83.45238095238095 47.42857142857143 76.95238095238095 
79.5 108.07142857142857 54.38095238095238 82.95238095238095 48.30952380952381 76.88095238095238 
42.976190476190474 72.14285714285714 53.07142857142857 82.23809523809524 34.904761904761905 64.07142857142857 
