29.15 56.15 35.9 62.9 22.65 49.65 
38.95 65.95 42.75 69.75 31.45 58.45 
33.6 61.85 51.8 80.05 25.05 53.3 
40.9 66.9 62.15 88.15 36.4 62.4 
41.3 68.3 52.0 79.0 35.0 62.0 
32.65 57.65 50.35 75.35 27.15 52.15 
27.3 53.05 41.05 66.8 22.3 48.05 
42.85 71.6 53.9 82.65 35.85 64.6 
53.2 82.7 43.2 72.7 41.7 71.2 
39.1 69.85 42.45 73.2 31.1 61.85 
31.1 57.6 50.2 76.7 25.6 52.1 
36.85 67.6 57.2 87.95 32.35 63.1 
34.9 63.65 52.7 81.45 27.4 56.15 
55.2 80.95 48.5 74.25 24.95 50.7 
26.85 55.1 52.65 80.9 21.85 50.1 
34.15 62.4 48.55 76.8 27.15 55.4 
30.05 58.05 38.55 66.55 25.05 53.05 
35.9 64.65 39.6 68.35 30.9 59.65 
37.35 61.85 47.1 71.6 32.35 56.85 
56.0 87.75 56.8 88.55 50.0 81.75 
44.75 72.25 57.25 84.75 35.75 63.25 
35.25 65.0 50.2 79.95 29.75 59.5 
40.85 68.85 47.35 75.35 35.35 63.35 
30.0 56.25 50.95 77.2 25.5 51.75 
50.55 80.05 51.75 81.25 34.55 64.05 
42.9 70.65 50.85 78.6 35.9 63.65 
29.25 56.5 39.95 67.2 24.75 52.0 
44.5 74.0 53.85 83.35 32.4 61.9 
47.7 79.2 49.25 80.75 36.7 68.2 
38.75 69.0 52.2 82.45 33.75 64.0 
35.6 66.6 53.55 84.55 27.6 58.6 
44.6 75.1 47.15 77.65 28.6 59.1 
41.3 70.3 56.35 85.35 35.05 64.05 
36.05 62.55 60.7 87.2 30.55 57.05 
41.25 71.0 46.55 76.3 27.75 57.5 
37.95 64.95 51.45 78.45 31.95 58.95 
31.95 60.45 55.15 83.65 26.45 54.95 
41.4 71.4 49.5 79.5 37.4 67.4 
58.9 88.15 55.5 84.75 46.25 75.5 
36.15 66.4 54.9 85.15 31.65 61.9 
29.15 52.9 55.45 79.2 22.65 46.4 
40.05 70.3 46.75 77.0 33.8 64.05 
31.7 58.95 50.4 77.65 26.7 53.95 
36.3 65.55 60.35 89.6 29.3 58.55 
46.35 78.35 55.1 87.1 35.9 67.9 
37.85 63.6 50.05 75.8 32.85 58.6 
26.25 50.5 41.45 65.7 21.25 45.5 
38.9 69.4 51.2 81.7 23.85 54.35 
42.7 72.2 41.45 70.95 37.2 66.7 
27.9 57.15 58.95 88.2 21.9 51.15 
