30.76923076923077 53.07692307692308 37.76923076923077 60.07692307692308 25.76923076923077 48.07692307692308 
35.61538461538461 61.38461538461539 54.46153846153846 80.23076923076923 32.15384615384615 57.92307692307692 
37.53846153846154 72.53846153846153 48.46153846153846 83.46153846153847 24.846153846153847 59.84615384615385 
37.15384615384615 66.38461538461539 51.61538461538461 80.84615384615384 29.846153846153847 59.07692307692308 
24.692307692307693 49.30769230769231 45.61538461538461 70.23076923076923 19.692307692307693 44.30769230769231 
34.15384615384615 65.3076923076923 50.84615384615385 82.0 28.384615384615383 59.53846153846154 
36.30769230769231 65.92307692307692 61.92307692307692 91.53846153846153 32.07692307692308 61.69230769230769 
25.46153846153846 52.0 43.0 69.53846153846153 21.23076923076923 47.76923076923077 
28.846153846153847 56.92307692307692 44.23076923076923 72.3076923076923 23.846153846153847 51.92307692307692 
24.0 53.23076923076923 44.76923076923077 74.0 18.615384615384617 47.84615384615385 
30.53846153846154 58.61538461538461 56.84615384615385 84.92307692307692 25.53846153846154 53.61538461538461 
49.76923076923077 76.3076923076923 59.46153846153846 86.0 41.69230769230769 68.23076923076923 
47.84615384615385 75.92307692307692 52.69230769230769 80.76923076923077 42.07692307692308 70.15384615384616 
37.76923076923077 74.3076923076923 45.23076923076923 81.76923076923077 34.30769230769231 70.84615384615384 
36.30769230769231 66.3076923076923 56.15384615384615 86.15384615384616 32.07692307692308 62.07692307692308 
53.23076923076923 77.07692307692308 43.23076923076923 67.07692307692308 37.07692307692308 60.92307692307692 
31.076923076923077 59.53846153846154 42.84615384615385 71.3076923076923 21.076923076923077 49.53846153846154 
48.0 80.6923076923077 49.38461538461539 82.07692307692308 33.0 65.6923076923077 
28.76923076923077 59.92307692307692 35.38461538461539 66.53846153846153 19.307692307692307 50.46153846153846 
24.76923076923077 50.92307692307692 43.76923076923077 69.92307692307692 20.53846153846154 46.69230769230769 
38.23076923076923 63.61538461538461 53.92307692307692 79.3076923076923 31.692307692307693 57.07692307692308 
29.846153846153847 57.15384615384615 57.61538461538461 84.92307692307692 25.615384615384617 52.92307692307692 
27.307692307692307 55.38461538461539 47.92307692307692 76.0 22.307692307692307 50.38461538461539 
35.15384615384615 62.07692307692308 45.46153846153846 72.38461538461539 30.153846153846153 57.07692307692308 
28.692307692307693 56.38461538461539 31.46153846153846 59.15384615384615 24.46153846153846 52.15384615384615 
30.615384615384617 57.53846153846154 56.15384615384615 83.07692307692308 22.153846153846153 49.07692307692308 
30.0 61.15384615384615 43.15384615384615 74.3076923076923 25.0 56.15384615384615 
28.153846153846153 55.46153846153846 37.69230769230769 65.0 23.153846153846153 50.46153846153846 
24.0 58.23076923076923 49.76923076923077 84.0 19.0 53.23076923076923 
35.30769230769231 63.0 65.61538461538461 93.3076923076923 28.76923076923077 56.46153846153846 
48.38461538461539 75.3076923076923 48.61538461538461 75.53846153846153 42.61538461538461 69.53846153846153 
25.53846153846154 54.38461538461539 40.46153846153846 69.3076923076923 19.76923076923077 48.61538461538461 
40.46153846153846 68.15384615384616 50.23076923076923 77.92307692307692 36.23076923076923 63.92307692307692 
35.30769230769231 71.46153846153847 43.23076923076923 79.38461538461539 27.23076923076923 63.38461538461539 
40.15384615384615 74.38461538461539 70.3076923076923 104.53846153846153 29.76923076923077 64.0 
32.84615384615385 63.23076923076923 38.61538461538461 69.0 27.846153846153847 58.23076923076923 
37.23076923076923 65.6923076923077 49.23076923076923 77.6923076923077 29.153846153846153 57.61538461538461 
39.23076923076923 68.07692307692308 73.84615384615384 102.6923076923077 28.076923076923077 56.92307692307692 
27.692307692307693 53.46153846153846 51.23076923076923 77.0 22.692307692307693 48.46153846153846 
27.0 54.30769230769231 50.69230769230769 78.0 22.0 49.30769230769231 
29.615384615384617 56.15384615384615 59.07692307692308 85.61538461538461 25.384615384615383 51.92307692307692 
32.46153846153846 60.92307692307692 38.30769230769231 66.76923076923077 20.23076923076923 48.69230769230769 
43.46153846153846 71.92307692307692 50.07692307692308 78.53846153846153 34.61538461538461 63.07692307692308 
29.46153846153846 60.61538461538461 51.92307692307692 83.07692307692308 24.46153846153846 55.61538461538461 
35.23076923076923 66.0 45.0 75.76923076923077 30.23076923076923 61.0 
38.23076923076923 67.07692307692308 50.46153846153846 79.3076923076923 34.0 62.84615384615385 
31.692307692307693 59.76923076923077 43.30769230769231 71.38461538461539 27.46153846153846 55.53846153846154 
42.30769230769231 70.76923076923077 39.30769230769231 67.76923076923077 32.69230769230769 61.15384615384615 
37.38461538461539 65.46153846153847 50.07692307692308 78.15384615384616 33.15384615384615 61.23076923076923 
39.53846153846154 72.23076923076923 49.61538461538461 82.3076923076923 33.0 65.6923076923077 
