38.42857142857143 68.9047619047619 39.333333333333336 69.80952380952381 31.047619047619047 61.523809523809526 
51.38095238095238 81.61904761904762 44.714285714285715 74.95238095238095 37.333333333333336 67.57142857142857 
36.142857142857146 66.38095238095238 51.666666666666664 81.9047619047619 31.61904761904762 61.857142857142854 
35.523809523809526 66.0 53.61904761904762 84.0952380952381 30.523809523809526 61.0 
48.76190476190476 81.14285714285714 54.523809523809526 86.9047619047619 44.714285714285715 77.0952380952381 
46.857142857142854 78.76190476190476 49.666666666666664 81.57142857142857 34.23809523809524 66.14285714285714 
54.0 84.71428571428571 50.476190476190474 81.19047619047619 38.333333333333336 69.04761904761905 
39.23809523809524 71.85714285714286 45.666666666666664 78.28571428571429 32.333333333333336 64.95238095238095 
50.38095238095238 80.38095238095238 59.38095238095238 89.38095238095238 25.047619047619047 55.04761904761905 
36.76190476190476 63.904761904761905 45.476190476190474 72.61904761904762 26.523809523809526 53.666666666666664 
33.61904761904762 64.57142857142857 48.42857142857143 79.38095238095238 28.61904761904762 59.57142857142857 
50.904761904761905 81.61904761904762 52.38095238095238 83.0952380952381 41.142857142857146 71.85714285714286 
35.523809523809526 62.904761904761905 49.285714285714285 76.66666666666667 29.571428571428573 56.95238095238095 
33.857142857142854 62.666666666666664 52.04761904761905 80.85714285714286 28.857142857142858 57.666666666666664 
30.857142857142858 57.523809523809526 32.61904761904762 59.285714285714285 25.142857142857142 51.80952380952381 
37.80952380952381 64.47619047619048 49.80952380952381 76.47619047619048 31.142857142857142 57.80952380952381 
48.714285714285715 74.9047619047619 57.95238095238095 84.14285714285714 40.857142857142854 67.04761904761905 
34.0 65.66666666666667 45.714285714285715 77.38095238095238 28.047619047619047 59.714285714285715 
38.666666666666664 70.0952380952381 52.666666666666664 84.0952380952381 32.476190476190474 63.904761904761905 
50.904761904761905 83.04761904761905 51.857142857142854 84.0 41.142857142857146 73.28571428571429 
46.476190476190474 76.0 56.857142857142854 86.38095238095238 39.095238095238095 68.61904761904762 
33.23809523809524 60.857142857142854 56.857142857142854 84.47619047619048 26.333333333333332 53.95238095238095 
39.57142857142857 70.76190476190476 58.04761904761905 89.23809523809524 35.0 66.19047619047619 
27.19047619047619 52.904761904761905 34.42857142857143 60.142857142857146 22.19047619047619 47.904761904761905 
37.04761904761905 64.19047619047619 64.0 91.14285714285714 33.0 60.142857142857146 
38.714285714285715 68.47619047619048 47.142857142857146 76.9047619047619 32.76190476190476 62.523809523809526 
37.57142857142857 63.04761904761905 54.285714285714285 79.76190476190476 26.38095238095238 51.857142857142854 
37.523809523809526 69.42857142857143 45.04761904761905 76.95238095238095 32.04761904761905 63.95238095238095 
56.142857142857146 86.61904761904762 45.476190476190474 75.95238095238095 42.57142857142857 73.04761904761905 
39.666666666666664 70.85714285714286 53.0 84.19047619047619 33.714285714285715 64.9047619047619 
32.857142857142854 57.61904761904762 48.523809523809526 73.28571428571429 28.333333333333332 53.095238095238095 
46.857142857142854 78.52380952380952 45.19047619047619 76.85714285714286 41.38095238095238 73.04761904761905 
42.857142857142854 68.57142857142857 43.19047619047619 68.9047619047619 33.666666666666664 59.38095238095238 
35.904761904761905 67.57142857142857 41.23809523809524 72.9047619047619 30.428571428571427 62.095238095238095 
39.42857142857143 67.04761904761905 45.523809523809526 73.14285714285714 34.904761904761905 62.523809523809526 
43.0 72.04761904761905 34.19047619047619 63.23809523809524 35.61904761904762 64.66666666666667 
42.714285714285715 67.0 46.38095238095238 70.66666666666667 37.95238095238095 62.23809523809524 
30.047619047619047 60.523809523809526 58.333333333333336 88.80952380952381 24.571428571428573 55.04761904761905 
40.095238095238095 68.66666666666667 47.0 75.57142857142857 33.19047619047619 61.76190476190476 
31.80952380952381 59.19047619047619 48.904761904761905 76.28571428571429 26.80952380952381 54.19047619047619 
30.0 55.23809523809524 44.42857142857143 69.66666666666667 26.428571428571427 51.666666666666664 
40.61904761904762 72.52380952380952 58.666666666666664 90.57142857142857 36.095238095238095 68.0 
34.23809523809524 61.142857142857146 52.333333333333336 79.23809523809524 24.952380952380953 51.857142857142854 
36.76190476190476 59.142857142857146 57.57142857142857 79.95238095238095 30.333333333333332 52.714285714285715 
40.57142857142857 71.76190476190476 53.19047619047619 84.38095238095238 35.57142857142857 66.76190476190476 
28.666666666666668 53.42857142857143 48.904761904761905 73.66666666666667 21.238095238095237 46.0 
36.142857142857146 69.71428571428571 44.523809523809526 78.0952380952381 28.761904761904763 62.333333333333336 
47.38095238095238 80.0 51.857142857142854 84.47619047619048 41.333333333333336 73.95238095238095 
44.666666666666664 68.47619047619048 39.476190476190474 63.285714285714285 35.857142857142854 59.666666666666664 
37.38095238095238 64.28571428571429 58.857142857142854 85.76190476190476 30.952380952380953 57.857142857142854 
