111.57142857142857 139.83673469387756 50.59183673469388 78.85714285714286 62.0 90.26530612244898 
65.3061224489796 95.10204081632654 56.734693877551024 86.53061224489795 44.51020408163265 74.3061224489796 
119.6734693877551 147.12244897959184 66.3061224489796 93.75510204081633 68.53061224489795 95.9795918367347 
80.79591836734694 111.10204081632654 52.87755102040816 83.18367346938776 54.755102040816325 85.06122448979592 
82.20408163265306 113.12244897959184 53.16326530612245 84.08163265306122 50.265306122448976 81.18367346938776 
90.79591836734694 120.28571428571429 55.755102040816325 85.24489795918367 53.61224489795919 83.10204081632654 
84.6734693877551 114.6734693877551 57.48979591836735 87.48979591836735 57.02040816326531 87.0204081632653 
112.65306122448979 140.91836734693877 59.87755102040816 88.14285714285714 50.08163265306123 78.34693877551021 
68.87755102040816 95.61224489795919 57.3469387755102 84.08163265306122 47.83673469387755 74.57142857142857 
77.34693877551021 105.91836734693878 59.59183673469388 88.16326530612245 46.87755102040816 75.44897959183673 
66.75510204081633 93.6938775510204 58.224489795918366 85.16326530612245 44.91836734693877 71.85714285714286 
83.93877551020408 113.3265306122449 55.46938775510204 84.85714285714286 42.97959183673469 72.36734693877551 
187.30612244897958 216.69387755102042 69.26530612244898 98.65306122448979 60.02040816326531 89.40816326530613 
135.0204081632653 165.0204081632653 55.44897959183673 85.44897959183673 58.16326530612245 88.16326530612245 
62.12244897959184 92.83673469387755 53.89795918367347 84.61224489795919 40.183673469387756 70.89795918367346 
77.0204081632653 106.40816326530613 56.244897959183675 85.63265306122449 47.83673469387755 77.22448979591837 
89.0204081632653 115.95918367346938 60.30612244897959 87.24489795918367 48.10204081632653 75.04081632653062 
162.6122448979592 190.16326530612244 58.673469387755105 86.22448979591837 48.16326530612245 75.71428571428571 
83.93877551020408 113.22448979591837 51.89795918367347 81.18367346938776 49.48979591836735 78.77551020408163 
129.9591836734694 160.57142857142858 55.326530612244895 85.93877551020408 56.44897959183673 87.06122448979592 
88.28571428571429 113.89795918367346 61.795918367346935 87.40816326530613 45.44897959183673 71.06122448979592 
67.26530612244898 91.95918367346938 52.204081632653065 76.89795918367346 47.204081632653065 71.89795918367346 
81.75510204081633 112.36734693877551 54.36734693877551 84.9795918367347 52.142857142857146 82.75510204081633 
135.14285714285714 163.6122448979592 66.38775510204081 94.85714285714286 62.51020408163265 90.9795918367347 
75.3061224489796 104.28571428571429 54.36734693877551 83.34693877551021 44.40816326530612 73.38775510204081 
110.77551020408163 139.75510204081633 51.16326530612245 80.14285714285714 52.08163265306123 81.06122448979592 
82.0 112.81632653061224 68.91836734693878 99.73469387755102 44.48979591836735 75.3061224489796 
63.08163265306123 90.63265306122449 59.08163265306123 86.63265306122449 45.142857142857146 72.6938775510204 
102.3061224489796 132.51020408163265 58.265306122448976 88.46938775510205 44.55102040816327 74.75510204081633 
130.48979591836735 159.3673469387755 59.93877551020408 88.81632653061224 54.714285714285715 83.59183673469387 
95.08163265306122 123.04081632653062 55.04081632653061 83.0 50.91836734693877 78.87755102040816 
76.36734693877551 104.53061224489795 64.6734693877551 92.83673469387755 53.16326530612245 81.3265306122449 
87.48979591836735 116.57142857142857 56.3469387755102 85.42857142857143 52.244897959183675 81.3265306122449 
122.46938775510205 151.14285714285714 63.183673469387756 91.85714285714286 55.53061224489796 84.20408163265306 
84.81632653061224 113.48979591836735 58.87755102040816 87.55102040816327 49.53061224489796 78.20408163265306 
84.38775510204081 111.0204081632653 61.63265306122449 88.26530612244898 46.87755102040816 73.51020408163265 
77.55102040816327 105.71428571428571 66.3061224489796 94.46938775510205 57.08163265306123 85.24489795918367 
103.51020408163265 129.6326530612245 51.285714285714285 77.40816326530613 60.10204081632653 86.22448979591837 
64.26530612244898 91.40816326530613 58.06122448979592 85.20408163265306 41.265306122448976 68.40816326530613 
109.71428571428571 137.9795918367347 56.87755102040816 85.14285714285714 46.93877551020408 75.20408163265306 
78.89795918367346 106.04081632653062 55.38775510204081 82.53061224489795 48.795918367346935 75.93877551020408 
54.87755102040816 79.77551020408163 52.12244897959184 77.0204081632653 44.44897959183673 69.34693877551021 
71.14285714285714 98.59183673469387 57.30612244897959 84.75510204081633 44.10204081632653 71.55102040816327 
178.73469387755102 206.3877551020408 66.81632653061224 94.46938775510205 56.816326530612244 84.46938775510205 
72.73469387755102 101.40816326530613 58.59183673469388 87.26530612244898 48.36734693877551 77.04081632653062 
76.95918367346938 102.6734693877551 59.48979591836735 85.20408163265306 55.51020408163265 81.22448979591837 
73.46938775510205 99.6938775510204 55.55102040816327 81.77551020408163 49.285714285714285 75.51020408163265 
98.42857142857143 124.55102040816327 60.795918367346935 86.91836734693878 55.6530612244898 81.77551020408163 
162.6122448979592 189.75510204081633 58.57142857142857 85.71428571428571 55.183673469387756 82.3265306122449 
59.734693877551024 87.28571428571429 48.244897959183675 75.79591836734694 42.93877551020408 70.48979591836735 
