32.857142857142854 56.42857142857143 37.857142857142854 61.42857142857143 27.857142857142858 51.42857142857143 
26.428571428571427 56.42857142857143 45.142857142857146 75.14285714285714 21.428571428571427 51.42857142857143 
22.142857142857142 50.0 30.428571428571427 58.285714285714285 17.142857142857142 45.0 
25.857142857142858 57.285714285714285 50.57142857142857 82.0 20.857142857142858 52.285714285714285 
29.714285714285715 59.714285714285715 65.57142857142857 95.57142857142857 23.285714285714285 53.285714285714285 
30.285714285714285 63.142857142857146 50.142857142857146 83.0 23.857142857142858 56.714285714285715 
20.0 47.142857142857146 42.857142857142854 70.0 15.0 42.142857142857146 
35.714285714285715 66.42857142857143 49.285714285714285 80.0 30.714285714285715 61.42857142857143 
26.428571428571427 50.714285714285715 43.0 67.28571428571429 21.428571428571427 45.714285714285715 
25.714285714285715 53.57142857142857 39.57142857142857 67.42857142857143 20.714285714285715 48.57142857142857 
29.285714285714285 56.42857142857143 36.0 63.142857142857146 24.285714285714285 51.42857142857143 
34.42857142857143 60.142857142857146 46.0 71.71428571428571 28.0 53.714285714285715 
28.571428571428573 49.285714285714285 47.0 67.71428571428571 23.571428571428573 44.285714285714285 
30.714285714285715 65.71428571428571 32.857142857142854 67.85714285714286 25.714285714285715 60.714285714285715 
25.0 55.714285714285715 29.857142857142858 60.57142857142857 20.0 50.714285714285715 
21.428571428571427 50.0 56.42857142857143 85.0 16.428571428571427 45.0 
31.285714285714285 52.714285714285715 59.857142857142854 81.28571428571429 26.285714285714285 47.714285714285715 
13.285714285714286 42.57142857142857 41.42857142857143 70.71428571428571 6.857142857142857 36.142857142857146 
32.857142857142854 55.714285714285715 48.42857142857143 71.28571428571429 27.857142857142858 50.714285714285715 
29.285714285714285 60.0 42.42857142857143 73.14285714285714 24.285714285714285 55.0 
29.0 52.57142857142857 63.714285714285715 87.28571428571429 21.142857142857142 44.714285714285715 
39.857142857142854 64.14285714285714 54.0 78.28571428571429 34.857142857142854 59.142857142857146 
36.857142857142854 61.142857142857146 30.0 54.285714285714285 30.428571428571427 54.714285714285715 
21.142857142857142 46.857142857142854 50.57142857142857 76.28571428571429 16.142857142857142 41.857142857142854 
31.428571428571427 52.142857142857146 24.428571428571427 45.142857142857146 26.428571428571427 47.142857142857146 
39.42857142857143 68.0 47.0 75.57142857142857 35.857142857142854 64.42857142857143 
26.285714285714285 55.57142857142857 45.57142857142857 74.85714285714286 21.285714285714285 50.57142857142857 
29.428571428571427 61.57142857142857 26.571428571428573 58.714285714285715 24.428571428571427 56.57142857142857 
31.0 58.142857142857146 70.85714285714286 98.0 26.0 53.142857142857146 
34.57142857142857 71.0 49.714285714285715 86.14285714285714 29.571428571428573 66.0 
20.714285714285715 48.57142857142857 48.714285714285715 76.57142857142857 15.714285714285714 43.57142857142857 
31.571428571428573 57.285714285714285 28.571428571428573 54.285714285714285 25.142857142857142 50.857142857142854 
25.714285714285715 50.0 45.0 69.28571428571429 20.714285714285715 45.0 
40.57142857142857 65.57142857142857 47.42857142857143 72.42857142857143 35.57142857142857 60.57142857142857 
20.0 48.57142857142857 43.142857142857146 71.71428571428571 15.0 43.57142857142857 
35.714285714285715 55.0 45.285714285714285 64.57142857142857 30.714285714285715 50.0 
27.857142857142858 59.285714285714285 46.57142857142857 78.0 22.857142857142858 54.285714285714285 
22.142857142857142 44.285714285714285 44.857142857142854 67.0 17.142857142857142 39.285714285714285 
25.0 56.42857142857143 46.142857142857146 77.57142857142857 20.0 51.42857142857143 
26.428571428571427 57.857142857142854 27.285714285714285 58.714285714285715 21.428571428571427 52.857142857142854 
30.428571428571427 61.142857142857146 43.714285714285715 74.42857142857143 25.428571428571427 56.142857142857146 
29.285714285714285 51.42857142857143 42.142857142857146 64.28571428571429 24.285714285714285 46.42857142857143 
25.0 50.0 51.285714285714285 76.28571428571429 20.0 45.0 
16.428571428571427 47.857142857142854 45.714285714285715 77.14285714285714 11.428571428571429 42.857142857142854 
20.0 47.142857142857146 31.0 58.142857142857146 15.0 42.142857142857146 
24.285714285714285 51.42857142857143 42.857142857142854 70.0 19.285714285714285 46.42857142857143 
29.285714285714285 65.0 65.85714285714286 101.57142857142857 24.285714285714285 60.0 
27.857142857142858 62.857142857142854 52.57142857142857 87.57142857142857 22.857142857142858 57.857142857142854 
27.428571428571427 56.0 38.0 66.57142857142857 22.428571428571427 51.0 
26.428571428571427 55.714285714285715 53.714285714285715 83.0 21.428571428571427 50.714285714285715 
