47.810810810810814 76.05405405405405 48.972972972972975 77.21621621621621 38.16216216216216 66.4054054054054 
47.648648648648646 71.43243243243244 45.75675675675676 69.54054054054055 38.486486486486484 62.270270270270274 
139.7027027027027 167.8108108108108 61.4054054054054 89.51351351351352 63.945945945945944 92.05405405405405 
42.32432432432432 68.27027027027027 61.567567567567565 87.51351351351352 35.972972972972975 61.91891891891892 
64.97297297297297 96.1891891891892 51.16216216216216 82.37837837837837 50.78378378378378 82.0 
81.16216216216216 111.43243243243244 55.027027027027025 85.29729729729729 46.16216216216216 76.43243243243244 
59.54054054054054 88.5945945945946 50.86486486486486 79.91891891891892 43.972972972972975 73.02702702702703 
66.56756756756756 97.24324324324324 58.891891891891895 89.56756756756756 42.567567567567565 73.24324324324324 
41.891891891891895 71.89189189189189 55.432432432432435 85.43243243243244 36.0 66.0 
79.13513513513513 108.86486486486487 49.75675675675676 79.48648648648648 46.86486486486486 76.5945945945946 
65.4054054054054 93.78378378378379 49.513513513513516 77.89189189189189 42.513513513513516 70.89189189189189 
80.97297297297297 108.27027027027027 58.08108108108108 85.37837837837837 48.83783783783784 76.13513513513513 
57.5945945945946 84.35135135135135 56.13513513513514 82.89189189189189 40.7027027027027 67.45945945945945 
52.432432432432435 80.54054054054055 56.13513513513514 84.24324324324324 38.054054054054056 66.16216216216216 
39.67567567567568 64.94594594594595 53.486486486486484 78.75675675675676 28.89189189189189 54.16216216216216 
38.351351351351354 66.72972972972973 52.648648648648646 81.02702702702703 32.945945945945944 61.32432432432432 
50.21621621621622 78.45945945945945 54.054054054054056 82.29729729729729 41.729729729729726 69.97297297297297 
52.45945945945946 79.62162162162163 61.16216216216216 88.32432432432432 38.108108108108105 65.27027027027027 
61.270270270270274 92.89189189189189 53.108108108108105 84.72972972972973 46.270270270270274 77.89189189189189 
63.45945945945946 89.67567567567568 52.027027027027025 78.24324324324324 43.054054054054056 69.27027027027027 
34.86486486486486 63.648648648648646 52.945945945945944 81.72972972972973 27.972972972972972 56.75675675675676 
59.16216216216216 87.27027027027027 53.91891891891892 82.02702702702703 45.5945945945946 73.70270270270271 
113.67567567567568 140.43243243243242 63.108108108108105 89.86486486486487 61.62162162162162 88.37837837837837 
74.4054054054054 99.8108108108108 55.16216216216216 80.56756756756756 50.972972972972975 76.37837837837837 
49.513513513513516 75.32432432432432 51.21621621621622 77.02702702702703 43.972972972972975 69.78378378378379 
74.13513513513513 100.48648648648648 65.56756756756756 91.91891891891892 51.83783783783784 78.1891891891892 
61.891891891891895 90.94594594594595 48.75675675675676 77.8108108108108 48.24324324324324 77.29729729729729 
69.05405405405405 98.78378378378379 59.24324324324324 88.97297297297297 50.4054054054054 80.13513513513513 
56.24324324324324 84.35135135135135 58.189189189189186 86.29729729729729 34.486486486486484 62.5945945945946 
106.02702702702703 135.48648648648648 60.027027027027025 89.48648648648648 51.45945945945946 80.91891891891892 
48.75675675675676 77.27027027027027 45.0 73.51351351351352 38.189189189189186 66.70270270270271 
52.108108108108105 77.24324324324324 51.7027027027027 76.83783783783784 33.21621621621622 58.351351351351354 
52.5945945945946 81.10810810810811 56.891891891891895 85.4054054054054 39.027027027027025 67.54054054054055 
56.027027027027025 83.1891891891892 54.4054054054054 81.56756756756756 43.24324324324324 70.4054054054054 
41.08108108108108 67.16216216216216 46.16216216216216 72.24324324324324 37.027027027027025 63.108108108108105 
45.486486486486484 72.10810810810811 50.513513513513516 77.13513513513513 34.189189189189186 60.810810810810814 
51.810810810810814 77.75675675675676 51.2972972972973 77.24324324324324 33.54054054054054 59.486486486486484 
61.13513513513514 89.24324324324324 66.45945945945945 94.56756756756756 36.2972972972973 64.4054054054054 
56.054054054054056 86.72972972972973 59.67567567567568 90.35135135135135 42.62162162162162 73.29729729729729 
65.10810810810811 96.72972972972973 51.891891891891895 83.51351351351352 43.945945945945944 75.56756756756756 
86.35135135135135 116.08108108108108 63.567567567567565 93.29729729729729 51.729729729729726 81.45945945945945 
82.16216216216216 111.21621621621621 58.108108108108105 87.16216216216216 48.7027027027027 77.75675675675676 
43.54054054054054 69.21621621621621 59.945945945945944 85.62162162162163 34.108108108108105 59.78378378378378 
65.16216216216216 93.4054054054054 55.91891891891892 84.16216216216216 52.729729729729726 80.97297297297297 
44.16216216216216 69.43243243243244 51.0 76.27027027027027 37.0 62.270270270270274 
65.08108108108108 94.27027027027027 45.4054054054054 74.5945945945946 42.67567567567568 71.86486486486487 
96.56756756756756 127.10810810810811 51.729729729729726 82.27027027027027 50.86486486486486 81.4054054054054 
57.945945945945944 87.54054054054055 54.5945945945946 84.1891891891892 51.189189189189186 80.78378378378379 
63.0 91.91891891891892 43.270270270270274 72.1891891891892 48.351351351351354 77.27027027027027 
47.75675675675676 76.13513513513513 48.78378378378378 77.16216216216216 40.729729729729726 69.10810810810811 
