83.8913043478261 113.34782608695652 56.45652173913044 85.91304347826087 44.08695652173913 73.54347826086956 
139.7391304347826 168.43478260869566 60.95652173913044 89.65217391304348 63.45652173913044 92.15217391304348 
117.71739130434783 147.6086956521739 58.869565217391305 88.76086956521739 58.56521739130435 88.45652173913044 
69.34782608695652 99.02173913043478 51.65217391304348 81.32608695652173 44.130434782608695 73.80434782608695 
99.73913043478261 125.71739130434783 58.45652173913044 84.43478260869566 48.54347826086956 74.52173913043478 
66.8695652173913 95.78260869565217 54.0 82.91304347826087 36.97826086956522 65.8913043478261 
55.65217391304348 82.28260869565217 59.608695652173914 86.23913043478261 31.804347826086957 58.43478260869565 
88.06521739130434 115.45652173913044 51.93478260869565 79.32608695652173 53.608695652173914 81.0 
54.52173913043478 81.26086956521739 60.58695652173913 87.32608695652173 36.08695652173913 62.82608695652174 
67.34782608695652 93.97826086956522 66.97826086956522 93.6086956521739 47.43478260869565 74.06521739130434 
85.08695652173913 114.32608695652173 58.30434782608695 87.54347826086956 51.5 80.73913043478261 
146.32608695652175 176.43478260869566 61.30434782608695 91.41304347826087 45.47826086956522 75.58695652173913 
122.3695652173913 148.2391304347826 57.45652173913044 83.32608695652173 54.32608695652174 80.19565217391305 
66.30434782608695 92.71739130434783 50.130434782608695 76.54347826086956 44.02173913043478 70.43478260869566 
95.47826086956522 123.52173913043478 69.6086956521739 97.65217391304348 55.108695652173914 83.15217391304348 
59.608695652173914 87.8695652173913 58.41304347826087 86.67391304347827 39.02173913043478 67.28260869565217 
62.73913043478261 90.34782608695652 58.630434782608695 86.23913043478261 44.52173913043478 72.1304347826087 
57.04347826086956 87.26086956521739 58.630434782608695 88.84782608695652 46.52173913043478 76.73913043478261 
62.97826086956522 90.58695652173913 59.5 87.1086956521739 42.26086956521739 69.8695652173913 
147.65217391304347 176.45652173913044 64.54347826086956 93.34782608695652 52.67391304347826 81.47826086956522 
67.28260869565217 96.30434782608695 64.19565217391305 93.21739130434783 52.93478260869565 81.95652173913044 
73.02173913043478 101.28260869565217 52.47826086956522 80.73913043478261 50.21739130434783 78.47826086956522 
67.1086956521739 95.26086956521739 57.69565217391305 85.84782608695652 50.32608695652174 78.47826086956522 
73.84782608695652 103.6304347826087 53.69565217391305 83.47826086956522 55.52173913043478 85.30434782608695 
69.91304347826087 98.6086956521739 54.97826086956522 83.67391304347827 45.21739130434783 73.91304347826087 
78.56521739130434 105.19565217391305 51.58695652173913 78.21739130434783 53.78260869565217 80.41304347826087 
76.47826086956522 103.54347826086956 52.0 79.06521739130434 44.95652173913044 72.02173913043478 
79.17391304347827 105.58695652173913 59.54347826086956 85.95652173913044 47.95652173913044 74.3695652173913 
63.78260869565217 93.67391304347827 47.78260869565217 77.67391304347827 37.78260869565217 67.67391304347827 
75.23913043478261 104.47826086956522 64.54347826086956 93.78260869565217 53.28260869565217 82.52173913043478 
73.93478260869566 101.54347826086956 62.19565217391305 89.80434782608695 47.91304347826087 75.52173913043478 
105.0 133.91304347826087 52.73913043478261 81.65217391304348 46.43478260869565 75.34782608695652 
67.30434782608695 95.02173913043478 62.56521739130435 90.28260869565217 47.56521739130435 75.28260869565217 
67.41304347826087 97.6304347826087 64.08695652173913 94.30434782608695 37.97826086956522 68.19565217391305 
64.21739130434783 90.30434782608695 63.34782608695652 89.43478260869566 38.15217391304348 64.23913043478261 
81.6304347826087 108.47826086956522 62.43478260869565 89.28260869565217 41.369565217391305 68.21739130434783 
84.73913043478261 112.8913043478261 57.58695652173913 85.73913043478261 46.45652173913044 74.6086956521739 
82.52173913043478 112.41304347826087 47.32608695652174 77.21739130434783 42.76086956521739 72.65217391304348 
56.130434782608695 84.82608695652173 52.08695652173913 80.78260869565217 40.93478260869565 69.6304347826087 
68.08695652173913 96.56521739130434 62.15217391304348 90.6304347826087 46.80434782608695 75.28260869565217 
101.30434782608695 129.34782608695653 67.91304347826087 95.95652173913044 51.95652173913044 80.0 
57.04347826086956 84.43478260869566 54.41304347826087 81.80434782608695 41.08695652173913 68.47826086956522 
77.84782608695652 105.45652173913044 56.84782608695652 84.45652173913044 43.71739130434783 71.32608695652173 
53.43478260869565 81.26086956521739 52.54347826086956 80.3695652173913 37.56521739130435 65.3913043478261 
103.3695652173913 131.95652173913044 53.369565217391305 81.95652173913044 46.80434782608695 75.3913043478261 
72.23913043478261 99.73913043478261 47.56521739130435 75.06521739130434 52.91304347826087 80.41304347826087 
125.78260869565217 155.67391304347825 62.369565217391305 92.26086956521739 55.23913043478261 85.1304347826087 
113.23913043478261 142.15217391304347 61.15217391304348 90.06521739130434 61.5 90.41304347826087 
77.76086956521739 104.82608695652173 55.95652173913044 83.02173913043478 46.02173913043478 73.08695652173913 
141.34782608695653 170.3695652173913 58.5 87.52173913043478 56.43478260869565 85.45652173913044 
