24.0 57.0 42.2 75.2 19.0 52.0 
46.0 68.0 53.4 75.4 39.0 61.0 
31.0 60.0 58.6 87.6 26.0 55.0 
25.8 54.8 51.8 80.8 18.8 47.8 
29.0 64.0 48.0 83.0 24.0 59.0 
19.0 42.0 30.4 53.4 14.0 37.0 
20.0 50.0 43.6 73.6 15.0 45.0 
36.0 58.0 22.4 44.4 31.0 53.0 
37.0 68.0 44.2 75.2 32.0 63.0 
21.4 58.4 33.0 70.0 16.4 53.4 
33.8 56.8 60.2 83.2 28.8 51.8 
25.0 59.0 33.2 67.2 20.0 54.0 
27.0 57.0 57.4 87.4 22.0 52.0 
38.6 66.6 34.2 62.2 33.6 61.6 
45.0 70.0 45.2 70.2 38.0 63.0 
28.4 50.4 51.6 73.6 23.4 45.4 
32.0 62.0 58.2 88.2 27.0 57.0 
22.0 50.0 38.8 66.8 17.0 45.0 
33.0 66.0 40.8 73.8 28.0 61.0 
31.2 67.2 38.0 74.0 26.2 62.2 
26.0 57.0 41.6 72.6 21.0 52.0 
27.0 54.0 60.2 87.2 22.0 49.0 
43.0 69.0 42.8 68.8 38.0 64.0 
32.0 60.0 39.0 67.0 27.0 55.0 
26.0 60.0 30.8 64.8 21.0 55.0 
32.0 62.0 31.2 61.2 27.0 57.0 
17.0 39.0 66.4 88.4 12.0 34.0 
36.0 64.0 57.2 85.2 31.0 59.0 
21.0 47.0 32.6 58.6 16.0 42.0 
27.0 58.0 42.4 73.4 22.0 53.0 
24.0 58.0 37.0 71.0 19.0 53.0 
24.0 58.0 41.2 75.2 19.0 53.0 
35.0 66.0 57.0 88.0 30.0 61.0 
41.0 72.0 70.8 101.8 36.0 67.0 
34.0 65.0 41.8 72.8 29.0 60.0 
24.0 50.0 48.6 74.6 19.0 45.0 
22.6 48.6 41.6 67.6 15.6 41.6 
32.0 55.0 47.4 70.4 29.0 52.0 
26.0 43.0 57.2 74.2 21.0 38.0 
27.0 52.0 50.0 75.0 22.0 47.0 
24.0 64.0 39.2 79.2 19.0 59.0 
35.2 70.2 55.0 90.0 32.2 67.2 
25.0 54.0 34.2 63.2 20.0 49.0 
21.4 58.4 42.2 79.2 14.4 51.4 
21.0 53.0 80.8 112.8 16.0 48.0 
30.2 59.2 46.6 75.6 25.2 54.2 
30.4 68.4 36.4 74.4 25.4 63.4 
27.0 58.0 23.2 54.2 22.0 53.0 
29.0 54.0 68.2 93.2 24.0 49.0 
22.0 56.0 39.0 73.0 17.0 51.0 
