38.44 65.04 55.0 81.6 29.24 55.84 
53.96 84.56 55.08 85.68 40.64 71.24 
28.76 59.76 52.64 83.64 22.56 53.56 
29.88 60.68 46.72 77.52 23.68 54.48 
52.0 81.4 53.76 83.16 40.2 69.6 
33.48 61.28 48.72 76.52 24.88 52.68 
42.8 73.2 52.48 82.88 36.4 66.8 
43.8 75.0 53.2 84.4 37.68 68.88 
48.32 77.72 59.4 88.8 33.52 62.92 
43.08 77.08 45.68 79.68 34.88 68.88 
44.44 76.04 59.68 91.28 35.08 66.68 
56.72 85.52 57.32 86.12 40.72 69.52 
59.48 91.08 57.32 88.92 29.76 61.36 
45.2 73.2 42.76 70.76 38.2 66.2 
67.32 94.92 43.6 71.2 44.28 71.88 
49.64 78.64 44.92 73.92 35.44 64.44 
50.76 83.16 44.84 77.24 45.16 77.56 
41.08 72.48 56.16 87.56 35.28 66.68 
39.56 66.16 51.8 78.4 32.96 59.56 
71.84 101.44 44.84 74.44 43.32 72.92 
43.84 68.64 50.84 75.64 34.64 59.44 
38.76 64.56 54.88 80.68 31.76 57.56 
41.28 70.08 51.84 80.64 29.96 58.76 
37.68 67.88 45.56 75.76 33.48 63.68 
54.72 81.72 60.76 87.76 36.56 63.56 
49.48 75.68 42.08 68.28 37.68 63.88 
41.24 67.64 50.12 76.52 32.64 59.04 
43.48 69.48 46.84 72.84 33.36 59.36 
34.8 64.0 43.56 72.76 26.2 55.4 
35.44 61.24 49.36 75.16 27.64 53.44 
36.6 62.6 46.8 72.8 30.0 56.0 
41.52 69.72 49.88 78.08 29.32 57.52 
39.32 66.92 49.52 77.12 34.32 61.92 
32.88 57.08 41.56 65.76 27.48 51.68 
42.24 69.04 55.48 82.28 31.8 58.6 
43.2 69.6 51.08 77.48 31.08 57.48 
40.56 68.76 57.88 86.08 33.36 61.56 
49.28 78.68 48.4 77.8 34.68 64.08 
42.04 71.04 51.68 80.68 32.64 61.64 
38.36 66.96 59.44 88.04 33.16 61.76 
46.92 75.72 39.72 68.52 32.24 61.04 
47.72 77.12 47.76 77.16 29.28 58.68 
35.56 61.76 43.48 69.68 31.36 57.56 
62.12 90.92 59.64 88.44 40.08 68.88 
33.28 66.88 53.04 86.64 27.08 60.68 
43.92 68.52 56.08 80.68 39.72 64.32 
47.04 75.04 54.52 82.52 42.04 70.04 
41.48 68.08 47.36 73.96 33.24 59.84 
46.88 76.28 50.72 80.12 35.28 64.68 
32.84 54.64 50.12 71.92 26.64 48.44 
