47.911764705882355 78.6470588235294 49.0 79.73529411764706 30.470588235294116 61.205882352941174 
53.029411764705884 79.94117647058823 49.1764705882353 76.08823529411765 37.64705882352941 64.55882352941177 
49.3235294117647 78.44117647058823 55.470588235294116 84.58823529411765 36.23529411764706 65.3529411764706 
52.911764705882355 82.32352941176471 53.970588235294116 83.38235294117646 36.1764705882353 65.58823529411765 
63.294117647058826 89.91176470588235 65.82352941176471 92.44117647058823 41.88235294117647 68.5 
73.38235294117646 103.52941176470588 58.1764705882353 88.32352941176471 51.05882352941177 81.20588235294117 
71.02941176470588 100.88235294117646 56.88235294117647 86.73529411764706 43.23529411764706 73.08823529411765 
48.94117647058823 77.32352941176471 59.0 87.38235294117646 42.588235294117645 70.97058823529412 
37.1764705882353 64.38235294117646 50.911764705882355 78.11764705882354 30.470588235294116 57.6764705882353 
57.1764705882353 86.44117647058823 58.85294117647059 88.11764705882354 42.73529411764706 72.0 
31.5 58.11764705882353 50.26470588235294 76.88235294117646 25.029411764705884 51.64705882352941 
44.5 72.0 61.88235294117647 89.38235294117646 36.11764705882353 63.61764705882353 
50.970588235294116 77.1470588235294 55.470588235294116 81.6470588235294 41.85294117647059 68.02941176470588 
41.5 71.05882352941177 44.94117647058823 74.5 33.26470588235294 62.8235294117647 
69.0 100.17647058823529 62.1764705882353 93.3529411764706 43.6764705882353 74.8529411764706 
70.23529411764706 99.05882352941177 57.529411764705884 86.3529411764706 52.94117647058823 81.76470588235294 
61.88235294117647 91.88235294117646 59.23529411764706 89.23529411764706 41.588235294117645 71.58823529411765 
61.588235294117645 90.41176470588235 56.64705882352941 85.47058823529412 42.73529411764706 71.55882352941177 
56.529411764705884 84.76470588235294 49.088235294117645 77.32352941176471 36.294117647058826 64.52941176470588 
57.294117647058826 86.11764705882354 56.23529411764706 85.05882352941177 39.794117647058826 68.61764705882354 
55.05882352941177 80.3529411764706 54.14705882352941 79.44117647058823 44.6764705882353 69.97058823529412 
43.23529411764706 73.08823529411765 52.1764705882353 82.02941176470588 32.23529411764706 62.088235294117645 
76.02941176470588 107.05882352941177 48.3235294117647 79.3529411764706 53.294117647058826 84.32352941176471 
54.1764705882353 82.70588235294117 47.05882352941177 75.58823529411765 36.38235294117647 64.91176470588235 
56.0 87.91176470588235 56.088235294117645 88.0 37.705882352941174 69.61764705882354 
56.0 85.55882352941177 58.88235294117647 88.44117647058823 42.76470588235294 72.32352941176471 
43.970588235294116 69.41176470588235 45.05882352941177 70.5 33.8235294117647 59.26470588235294 
42.411764705882355 68.88235294117646 59.11764705882353 85.58823529411765 33.588235294117645 60.05882352941177 
49.970588235294116 80.70588235294117 51.3235294117647 82.05882352941177 39.705882352941174 70.44117647058823 
51.64705882352941 79.58823529411765 44.85294117647059 72.79411764705883 35.8235294117647 63.76470588235294 
66.17647058823529 96.32352941176471 50.0 80.1470588235294 41.14705882352941 71.29411764705883 
76.76470588235294 106.61764705882354 56.705882352941174 86.55882352941177 54.088235294117645 83.94117647058823 
63.64705882352941 93.5 53.61764705882353 83.47058823529412 42.911764705882355 72.76470588235294 
54.05882352941177 81.11764705882354 59.64705882352941 86.70588235294117 42.470588235294116 69.52941176470588 
41.529411764705884 70.5 54.14705882352941 83.11764705882354 29.794117647058822 58.76470588235294 
49.35294117647059 80.82352941176471 49.411764705882355 80.88235294117646 28.264705882352942 59.73529411764706 
38.8235294117647 63.088235294117645 54.88235294117647 79.1470588235294 32.64705882352941 56.911764705882355 
42.794117647058826 70.1470588235294 49.85294117647059 77.20588235294117 36.911764705882355 64.26470588235294 
40.411764705882355 65.8529411764706 53.23529411764706 78.67647058823529 26.38235294117647 51.8235294117647 
42.44117647058823 69.05882352941177 51.14705882352941 77.76470588235294 34.794117647058826 61.411764705882355 
54.294117647058826 81.6470588235294 52.05882352941177 79.41176470588235 42.76470588235294 70.11764705882354 
68.26470588235294 96.3529411764706 54.088235294117645 82.17647058823529 42.05882352941177 70.1470588235294 
57.76470588235294 86.73529411764706 52.61764705882353 81.58823529411765 41.14705882352941 70.11764705882354 
53.73529411764706 81.23529411764706 47.794117647058826 75.29411764705883 38.64705882352941 66.1470588235294 
48.088235294117645 77.94117647058823 57.029411764705884 86.88235294117646 42.794117647058826 72.6470588235294 
74.02941176470588 105.5 60.8235294117647 92.29411764705883 42.029411764705884 73.5 
50.11764705882353 79.08823529411765 53.88235294117647 82.8529411764706 38.11764705882353 67.08823529411765 
46.55882352941177 74.5 52.73529411764706 80.67647058823529 29.11764705882353 57.05882352941177 
52.76470588235294 81.29411764705883 54.294117647058826 82.82352941176471 33.55882352941177 62.088235294117645 
49.5 78.32352941176471 55.6764705882353 84.5 34.73529411764706 63.55882352941177 
