29.75 55.375 51.5 77.125 24.75 50.375 
25.0 48.75 59.375 83.125 20.0 43.75 
21.75 47.375 50.375 76.0 16.75 42.375 
30.625 58.125 51.375 78.875 25.625 53.125 
29.375 63.125 53.625 87.375 24.375 58.125 
39.5 68.25 45.75 74.5 33.25 62.0 
33.125 66.25 43.875 77.0 28.125 61.25 
25.375 49.125 55.25 79.0 20.375 44.125 
24.25 54.875 49.5 80.125 20.5 51.125 
34.625 64.0 38.625 68.0 30.875 60.25 
35.25 61.5 32.625 58.875 29.0 55.25 
26.625 56.625 59.25 89.25 21.625 51.625 
19.375 43.75 47.25 71.625 14.375 38.75 
36.875 66.875 33.0 63.0 31.875 61.875 
27.5 59.375 57.125 89.0 22.5 54.375 
25.625 58.125 31.125 63.625 20.625 53.125 
28.75 54.375 58.75 84.375 23.75 49.375 
22.5 44.375 35.375 57.25 17.5 39.375 
20.0 43.75 47.625 71.375 15.0 38.75 
22.375 48.0 49.375 75.0 17.375 43.0 
34.875 67.375 44.625 77.125 28.625 61.125 
47.875 80.375 53.625 86.125 30.375 62.875 
32.25 61.0 56.0 84.75 28.5 57.25 
33.75 66.25 52.5 85.0 30.0 62.5 
26.875 60.0 46.625 79.75 21.875 55.0 
27.875 57.25 37.125 66.5 21.625 51.0 
35.625 69.375 57.75 91.5 30.625 64.375 
44.625 74.625 53.5 83.5 39.625 69.625 
23.75 49.375 54.75 80.375 18.75 44.375 
33.75 68.125 47.875 82.25 28.75 63.125 
23.75 55.625 61.375 93.25 18.75 50.625 
34.375 56.25 45.375 67.25 29.375 51.25 
35.375 72.25 52.0 88.875 30.375 67.25 
23.75 57.5 43.75 77.5 18.75 52.5 
31.375 65.125 35.875 69.625 26.375 60.125 
25.625 52.5 61.5 88.375 20.625 47.5 
32.375 59.875 28.75 56.25 27.375 54.875 
45.0 73.75 50.875 79.625 33.75 62.5 
26.875 57.5 64.5 95.125 21.875 52.5 
47.0 73.25 58.5 84.75 42.0 68.25 
28.75 58.125 54.375 83.75 23.75 53.125 
34.625 62.125 47.625 75.125 29.625 57.125 
26.25 50.625 45.875 70.25 21.25 45.625 
35.5 65.5 42.5 72.5 30.5 60.5 
25.75 59.5 57.875 91.625 20.75 54.5 
36.25 71.875 35.125 70.75 31.25 66.875 
28.125 54.375 40.75 67.0 23.125 49.375 
21.75 49.25 52.75 80.25 18.0 45.5 
30.625 63.75 26.25 59.375 25.625 58.75 
30.0 57.5 54.875 82.375 25.0 52.5 
