42.375 69.40625 43.28125 70.3125 28.625 55.65625 
50.65625 80.5 55.09375 84.9375 40.5 70.34375 
56.03125 83.21875 53.96875 81.15625 37.59375 64.78125 
45.84375 70.0625 53.9375 78.15625 34.28125 58.5 
42.25 69.4375 60.3125 87.5 33.28125 60.46875 
36.53125 67.3125 48.34375 79.125 30.75 61.53125 
43.75 71.25 45.625 73.125 29.875 57.375 
64.5 92.3125 53.59375 81.40625 43.21875 71.03125 
67.53125 96.4375 58.09375 87.0 53.0 81.90625 
48.15625 80.1875 58.625 90.65625 36.5 68.53125 
52.21875 83.0 50.1875 80.96875 45.65625 76.4375 
61.3125 87.5625 54.5 80.75 35.25 61.5 
42.40625 70.84375 41.6875 70.125 33.1875 61.625 
52.8125 83.75 49.71875 80.65625 36.3125 67.25 
47.46875 73.71875 55.625 81.875 36.625 62.875 
40.59375 69.5 48.9375 77.84375 34.65625 63.5625 
38.96875 67.25 44.28125 72.5625 27.71875 56.0 
66.53125 96.0625 55.8125 85.34375 43.03125 72.5625 
47.84375 75.96875 50.65625 78.78125 35.03125 63.15625 
60.53125 91.15625 47.9375 78.5625 40.6875 71.3125 
37.59375 64.3125 53.71875 80.4375 26.6875 53.40625 
59.25 89.5625 58.46875 88.78125 43.625 73.9375 
68.28125 98.125 45.09375 74.9375 46.71875 76.5625 
61.3125 87.71875 44.9375 71.34375 40.28125 66.6875 
36.5625 65.9375 51.25 80.625 29.6875 59.0625 
45.96875 73.9375 62.125 90.09375 36.28125 64.25 
61.46875 91.0 60.1875 89.71875 43.8125 73.34375 
51.6875 78.25 49.875 76.4375 44.5 71.0625 
33.0625 61.5 54.0 82.4375 25.25 53.6875 
50.59375 76.0625 59.0 84.46875 39.90625 65.375 
43.4375 71.875 53.59375 82.03125 27.0625 55.5 
71.53125 100.59375 58.65625 87.71875 53.53125 82.59375 
80.09375 108.375 61.5 89.78125 48.25 76.53125 
49.46875 77.4375 53.3125 81.28125 30.78125 58.75 
38.5 68.65625 48.375 78.53125 24.46875 54.625 
44.875 76.59375 56.625 88.34375 36.8125 68.53125 
41.75 69.5625 56.0625 83.875 31.75 59.5625 
38.28125 67.5 52.28125 81.5 35.03125 64.25 
56.71875 86.25 62.8125 92.34375 41.6875 71.21875 
37.1875 64.53125 50.40625 77.75 30.5625 57.90625 
40.625 69.6875 52.625 81.6875 33.125 62.1875 
54.84375 81.5625 45.625 72.34375 39.1875 65.90625 
42.3125 69.8125 55.28125 82.78125 32.3125 59.8125 
57.625 86.21875 49.65625 78.25 37.5625 66.15625 
59.1875 88.09375 57.3125 86.21875 40.84375 69.75 
92.8125 121.875 64.6875 93.75 46.84375 75.90625 
39.75 64.75 50.25 75.25 34.75 59.75 
41.3125 72.40625 42.71875 73.8125 37.5625 68.65625 
61.8125 91.65625 56.25 86.09375 46.46875 76.3125 
40.09375 69.0 52.4375 81.34375 35.71875 64.625 
