24.166666666666668 47.5 67.66666666666667 91.0 19.166666666666668 42.5 
38.0 61.333333333333336 49.0 72.33333333333333 29.666666666666668 53.0 
25.0 54.166666666666664 31.333333333333332 60.5 20.0 49.166666666666664 
25.833333333333332 57.5 39.833333333333336 71.5 20.833333333333332 52.5 
27.5 52.5 61.0 86.0 22.5 47.5 
28.333333333333332 47.5 48.0 67.16666666666667 23.333333333333332 42.5 
25.833333333333332 57.5 42.5 74.16666666666667 20.833333333333332 52.5 
30.833333333333332 56.666666666666664 49.5 75.33333333333333 25.833333333333332 51.666666666666664 
34.166666666666664 57.5 36.666666666666664 60.0 29.166666666666668 52.5 
21.666666666666668 43.333333333333336 47.0 68.66666666666667 16.666666666666668 38.333333333333336 
49.833333333333336 69.83333333333333 48.5 68.5 36.5 56.5 
40.666666666666664 74.0 54.333333333333336 87.66666666666667 35.666666666666664 69.0 
24.166666666666668 54.166666666666664 49.0 79.0 19.166666666666668 49.166666666666664 
33.333333333333336 60.833333333333336 47.833333333333336 75.33333333333333 28.333333333333332 55.833333333333336 
30.0 65.0 28.833333333333332 63.833333333333336 25.0 60.0 
36.666666666666664 66.66666666666667 33.333333333333336 63.333333333333336 31.666666666666668 61.666666666666664 
34.0 62.333333333333336 34.333333333333336 62.666666666666664 29.0 57.333333333333336 
20.833333333333332 44.166666666666664 41.166666666666664 64.5 15.833333333333334 39.166666666666664 
34.833333333333336 65.66666666666667 53.333333333333336 84.16666666666667 28.166666666666668 59.0 
27.5 47.5 36.666666666666664 56.666666666666664 22.5 42.5 
34.166666666666664 69.16666666666667 49.166666666666664 84.16666666666667 29.166666666666668 64.16666666666667 
41.0 75.16666666666667 80.66666666666667 114.83333333333333 34.333333333333336 68.5 
31.666666666666668 59.166666666666664 50.666666666666664 78.16666666666667 26.666666666666668 54.166666666666664 
22.5 45.833333333333336 60.333333333333336 83.66666666666667 17.5 40.833333333333336 
29.166666666666668 52.5 46.666666666666664 70.0 24.166666666666668 47.5 
30.666666666666668 62.333333333333336 41.833333333333336 73.5 25.666666666666668 57.333333333333336 
32.5 56.666666666666664 43.0 67.16666666666667 27.5 51.666666666666664 
20.833333333333332 48.333333333333336 56.666666666666664 84.16666666666667 15.833333333333334 43.333333333333336 
25.0 56.666666666666664 23.666666666666668 55.333333333333336 20.0 51.666666666666664 
30.333333333333332 66.16666666666667 20.333333333333332 56.166666666666664 25.333333333333332 61.166666666666664 
23.333333333333332 50.0 39.5 66.16666666666667 18.333333333333332 45.0 
23.333333333333332 54.166666666666664 41.166666666666664 72.0 18.333333333333332 49.166666666666664 
31.666666666666668 57.5 48.333333333333336 74.16666666666667 26.666666666666668 52.5 
18.333333333333332 40.833333333333336 46.166666666666664 68.66666666666667 13.333333333333334 35.833333333333336 
25.833333333333332 58.333333333333336 55.5 88.0 20.833333333333332 53.333333333333336 
25.0 55.833333333333336 59.166666666666664 90.0 20.0 50.833333333333336 
21.666666666666668 41.666666666666664 49.0 69.0 16.666666666666668 36.666666666666664 
34.666666666666664 64.66666666666667 31.166666666666668 61.166666666666664 29.666666666666668 59.666666666666664 
24.166666666666668 51.666666666666664 42.833333333333336 70.33333333333333 19.166666666666668 46.666666666666664 
24.166666666666668 55.0 44.333333333333336 75.16666666666667 19.166666666666668 50.0 
35.833333333333336 61.666666666666664 52.666666666666664 78.5 30.833333333333332 56.666666666666664 
23.666666666666668 53.666666666666664 55.0 85.0 18.666666666666668 48.666666666666664 
19.166666666666668 43.333333333333336 36.5 60.666666666666664 14.166666666666666 38.333333333333336 
26.666666666666668 49.166666666666664 49.166666666666664 71.66666666666667 21.666666666666668 44.166666666666664 
26.666666666666668 51.666666666666664 35.0 60.0 21.666666666666668 46.666666666666664 
24.166666666666668 43.333333333333336 53.166666666666664 72.33333333333333 19.166666666666668 38.333333333333336 
26.0 48.5 57.333333333333336 79.83333333333333 19.333333333333332 41.833333333333336 
38.666666666666664 66.16666666666667 63.666666666666664 91.16666666666667 33.666666666666664 61.166666666666664 
34.166666666666664 60.833333333333336 28.166666666666668 54.833333333333336 29.166666666666668 55.833333333333336 
28.333333333333332 51.666666666666664 45.166666666666664 68.5 23.333333333333332 46.666666666666664 
