83.37931034482759 113.03448275862068 53.724137931034484 83.37931034482759 49.89655172413793 79.55172413793103 
40.13793103448276 69.10344827586206 49.96551724137931 78.93103448275862 32.13793103448276 61.10344827586207 
43.758620689655174 75.13793103448276 57.758620689655174 89.13793103448276 39.10344827586207 70.48275862068965 
50.44827586206897 78.89655172413794 51.96551724137931 80.41379310344827 35.03448275862069 63.48275862068966 
42.6551724137931 71.79310344827586 47.689655172413794 76.82758620689656 35.241379310344826 64.37931034482759 
65.13793103448276 94.10344827586206 57.51724137931034 86.48275862068965 42.724137931034484 71.6896551724138 
37.6551724137931 65.58620689655173 61.37931034482759 89.3103448275862 24.75862068965517 52.689655172413794 
45.89655172413793 75.20689655172414 56.241379310344826 85.55172413793103 35.724137931034484 65.03448275862068 
40.241379310344826 70.24137931034483 58.172413793103445 88.17241379310344 32.310344827586206 62.310344827586206 
38.62068965517241 67.75862068965517 41.58620689655172 70.72413793103448 30.17241379310345 59.310344827586206 
48.86206896551724 81.27586206896552 47.689655172413794 80.10344827586206 42.48275862068966 74.89655172413794 
38.58620689655172 64.79310344827586 61.03448275862069 87.24137931034483 33.758620689655174 59.96551724137931 
63.0 88.86206896551724 60.724137931034484 86.58620689655173 45.58620689655172 71.44827586206897 
62.275862068965516 91.75862068965517 47.827586206896555 77.3103448275862 37.275862068965516 66.75862068965517 
41.93103448275862 70.55172413793103 51.6551724137931 80.27586206896552 36.93103448275862 65.55172413793103 
50.0 78.62068965517241 51.44827586206897 80.06896551724138 33.55172413793103 62.172413793103445 
36.206896551724135 59.6551724137931 54.689655172413794 78.13793103448276 25.689655172413794 49.13793103448276 
39.44827586206897 67.20689655172414 57.0 84.75862068965517 34.44827586206897 62.206896551724135 
58.827586206896555 85.03448275862068 51.06896551724138 77.27586206896552 35.13793103448276 61.3448275862069 
48.96551724137931 77.93103448275862 61.41379310344828 90.37931034482759 38.10344827586207 67.06896551724138 
31.93103448275862 60.55172413793103 55.793103448275865 84.41379310344827 25.896551724137932 54.51724137931034 
61.793103448275865 88.86206896551724 59.93103448275862 87.0 55.41379310344828 82.48275862068965 
39.275862068965516 69.27586206896552 50.758620689655174 80.75862068965517 30.79310344827586 60.793103448275865 
41.03448275862069 64.3103448275862 56.172413793103445 79.44827586206897 32.241379310344826 55.51724137931034 
53.55172413793103 84.58620689655173 45.793103448275865 76.82758620689656 42.13793103448276 73.17241379310344 
56.58620689655172 88.48275862068965 58.0 89.89655172413794 44.3448275862069 76.24137931034483 
43.03448275862069 72.51724137931035 42.96551724137931 72.44827586206897 28.137931034482758 57.62068965517241 
49.55172413793103 80.75862068965517 54.48275862068966 85.6896551724138 36.310344827586206 67.51724137931035 
37.44827586206897 64.17241379310344 59.48275862068966 86.20689655172414 29.689655172413794 56.41379310344828 
40.827586206896555 69.79310344827586 52.275862068965516 81.24137931034483 35.13793103448276 64.10344827586206 
49.310344827586206 80.6896551724138 61.13793103448276 92.51724137931035 40.241379310344826 71.62068965517241 
47.44827586206897 76.24137931034483 43.172413793103445 71.96551724137932 40.689655172413794 69.48275862068965 
29.689655172413794 57.44827586206897 48.758620689655174 76.51724137931035 24.689655172413794 52.44827586206897 
46.86206896551724 78.41379310344827 64.79310344827586 96.34482758620689 36.0 67.55172413793103 
60.93103448275862 91.10344827586206 50.241379310344826 80.41379310344827 44.310344827586206 74.48275862068965 
39.41379310344828 69.41379310344827 52.241379310344826 82.24137931034483 35.10344827586207 65.10344827586206 
31.620689655172413 58.86206896551724 51.48275862068966 78.72413793103448 24.551724137931036 51.793103448275865 
53.48275862068966 79.6896551724138 49.275862068965516 75.48275862068965 44.172413793103445 70.37931034482759 
62.41379310344828 91.89655172413794 53.89655172413793 83.37931034482759 43.58620689655172 73.06896551724138 
42.93103448275862 70.51724137931035 40.86206896551724 68.44827586206897 31.724137931034484 59.310344827586206 
69.06896551724138 97.6896551724138 42.96551724137931 71.58620689655173 40.93103448275862 69.55172413793103 
35.689655172413794 64.65517241379311 46.62068965517241 75.58620689655173 30.344827586206897 59.310344827586206 
44.13793103448276 71.03448275862068 53.6551724137931 80.55172413793103 30.0 56.89655172413793 
58.3448275862069 86.79310344827586 53.206896551724135 81.65517241379311 44.44827586206897 72.89655172413794 
43.0 69.55172413793103 55.41379310344828 81.96551724137932 33.41379310344828 59.96551724137931 
42.51724137931034 72.86206896551724 41.96551724137931 72.3103448275862 34.55172413793103 64.89655172413794 
53.758620689655174 80.82758620689656 52.310344827586206 79.37931034482759 39.172413793103445 66.24137931034483 
49.827586206896555 80.0 56.41379310344828 86.58620689655173 34.827586206896555 65.0 
39.37931034482759 65.93103448275862 59.206896551724135 85.75862068965517 31.96551724137931 58.51724137931034 
45.3448275862069 75.17241379310344 52.37931034482759 82.20689655172414 36.206896551724135 66.03448275862068 
