45.193548387096776 72.61290322580645 53.32258064516129 80.74193548387096 35.193548387096776 62.61290322580645 
35.935483870967744 64.48387096774194 53.03225806451613 81.58064516129032 27.387096774193548 55.935483870967744 
40.54838709677419 66.35483870967742 46.38709677419355 72.19354838709677 31.193548387096776 57.0 
61.806451612903224 91.0 51.74193548387097 80.93548387096774 40.064516129032256 69.25806451612904 
59.87096774193548 89.54838709677419 54.0 83.6774193548387 46.806451612903224 76.48387096774194 
47.354838709677416 78.48387096774194 57.935483870967744 89.06451612903226 40.74193548387097 71.87096774193549 
43.774193548387096 73.29032258064517 55.61290322580645 85.12903225806451 32.0 61.516129032258064 
62.25806451612903 90.0 61.0 88.74193548387096 36.45161290322581 64.19354838709677 
54.903225806451616 82.16129032258064 50.483870967741936 77.74193548387096 36.58064516129032 63.83870967741935 
36.096774193548384 62.38709677419355 43.516129032258064 69.80645161290323 27.70967741935484 54.0 
52.354838709677416 83.96774193548387 51.83870967741935 83.45161290322581 33.483870967741936 65.09677419354838 
34.70967741935484 62.12903225806452 45.54838709677419 72.96774193548387 26.806451612903224 54.225806451612904 
61.064516129032256 90.58064516129032 51.58064516129032 81.09677419354838 47.354838709677416 76.87096774193549 
58.354838709677416 87.2258064516129 53.225806451612904 82.09677419354838 41.806451612903224 70.6774193548387 
38.96774193548387 65.58064516129032 47.74193548387097 74.35483870967742 33.0 59.61290322580645 
38.193548387096776 65.29032258064517 50.354838709677416 77.45161290322581 31.258064516129032 58.354838709677416 
60.54838709677419 91.83870967741936 63.83870967741935 95.12903225806451 48.12903225806452 79.41935483870968 
43.38709677419355 67.58064516129032 59.41935483870968 83.61290322580645 31.93548387096774 56.12903225806452 
42.29032258064516 69.38709677419355 50.70967741935484 77.80645161290323 33.645161290322584 60.74193548387097 
54.38709677419355 85.35483870967742 45.225806451612904 76.19354838709677 33.064516129032256 64.03225806451613 
35.67741935483871 69.70967741935483 58.516129032258064 92.54838709677419 27.774193548387096 61.806451612903224 
49.12903225806452 79.61290322580645 50.45161290322581 80.93548387096774 36.225806451612904 66.70967741935483 
57.064516129032256 85.29032258064517 63.096774193548384 91.3225806451613 36.58064516129032 64.80645161290323 
59.32258064516129 88.83870967741936 50.29032258064516 79.80645161290323 40.29032258064516 69.80645161290323 
73.64516129032258 105.09677419354838 58.806451612903224 90.25806451612904 50.96774193548387 82.41935483870968 
83.74193548387096 116.48387096774194 49.903225806451616 82.64516129032258 47.903225806451616 80.64516129032258 
57.193548387096776 88.64516129032258 60.54838709677419 92.0 45.41935483870968 76.87096774193549 
53.935483870967744 81.51612903225806 59.096774193548384 86.6774193548387 41.03225806451613 68.61290322580645 
44.41935483870968 72.16129032258064 54.54838709677419 82.29032258064517 36.83870967741935 64.58064516129032 
67.54838709677419 97.2258064516129 63.38709677419355 93.06451612903226 49.38709677419355 79.06451612903226 
62.16129032258065 92.96774193548387 61.03225806451613 91.83870967741936 38.70967741935484 69.51612903225806 
55.45161290322581 85.61290322580645 47.83870967741935 78.0 40.32258064516129 70.48387096774194 
56.806451612903224 84.70967741935483 64.87096774193549 92.7741935483871 36.74193548387097 64.64516129032258 
39.38709677419355 65.6774193548387 50.67741935483871 76.96774193548387 27.70967741935484 54.0 
42.645161290322584 66.03225806451613 57.67741935483871 81.06451612903226 37.96774193548387 61.354838709677416 
67.96774193548387 92.48387096774194 53.67741935483871 78.19354838709677 52.483870967741936 77.0 
47.903225806451616 77.25806451612904 55.354838709677416 84.70967741935483 43.064516129032256 72.41935483870968 
42.774193548387096 70.35483870967742 46.96774193548387 74.54838709677419 30.032258064516128 57.61290322580645 
51.70967741935484 80.58064516129032 51.70967741935484 80.58064516129032 37.70967741935484 66.58064516129032 
33.96774193548387 60.74193548387097 38.54838709677419 65.3225806451613 28.64516129032258 55.41935483870968 
40.193548387096776 66.3225806451613 48.67741935483871 74.80645161290323 33.25806451612903 59.38709677419355 
48.225806451612904 80.80645161290323 54.774193548387096 87.35483870967742 35.16129032258065 67.74193548387096 
53.903225806451616 80.35483870967742 56.41935483870968 82.87096774193549 35.774193548387096 62.225806451612904 
48.12903225806452 76.6774193548387 51.87096774193548 80.41935483870968 38.61290322580645 67.16129032258064 
87.38709677419355 120.7741935483871 47.354838709677416 80.74193548387096 40.935483870967744 74.3225806451613 
42.516129032258064 68.64516129032258 60.03225806451613 86.16129032258064 28.483870967741936 54.61290322580645 
47.32258064516129 69.90322580645162 50.096774193548384 72.6774193548387 30.548387096774192 53.12903225806452 
52.38709677419355 81.09677419354838 48.354838709677416 77.06451612903226 40.61290322580645 69.3225806451613 
45.225806451612904 73.12903225806451 43.354838709677416 71.25806451612904 36.67741935483871 64.58064516129032 
53.58064516129032 82.7741935483871 58.935483870967744 88.12903225806451 45.67741935483871 74.87096774193549 
