50.36842105263158 80.10526315789474 59.578947368421055 89.3157894736842 39.1578947368421 68.89473684210526 
62.1578947368421 89.26315789473684 44.05263157894737 71.15789473684211 54.526315789473685 81.63157894736842 
32.526315789473685 62.526315789473685 45.526315789473685 75.52631578947368 27.526315789473685 57.526315789473685 
28.789473684210527 54.8421052631579 54.10526315789474 80.15789473684211 23.789473684210527 49.8421052631579 
33.421052631578945 62.10526315789474 60.10526315789474 88.78947368421052 28.42105263157895 57.10526315789474 
26.473684210526315 54.89473684210526 48.10526315789474 76.52631578947368 21.473684210526315 49.89473684210526 
29.05263157894737 55.10526315789474 59.473684210526315 85.52631578947368 23.0 49.05263157894737 
34.73684210526316 62.10526315789474 44.10526315789474 71.47368421052632 27.894736842105264 55.26315789473684 
43.10526315789474 72.3157894736842 51.78947368421053 81.0 35.21052631578947 64.42105263157895 
35.26315789473684 63.1578947368421 43.73684210526316 71.63157894736842 30.263157894736842 58.1578947368421 
45.578947368421055 72.6842105263158 58.31578947368421 85.42105263157895 40.05263157894737 67.15789473684211 
47.578947368421055 74.6842105263158 45.31578947368421 72.42105263157895 36.0 63.10526315789474 
38.421052631578945 65.0 45.8421052631579 72.42105263157895 26.57894736842105 53.1578947368421 
29.842105263157894 56.94736842105263 47.73684210526316 74.84210526315789 25.36842105263158 52.473684210526315 
24.36842105263158 54.89473684210526 49.421052631578945 79.94736842105263 19.36842105263158 49.89473684210526 
41.421052631578945 73.26315789473684 55.89473684210526 87.73684210526316 34.8421052631579 66.6842105263158 
32.21052631578947 61.68421052631579 62.10526315789474 91.57894736842105 26.68421052631579 56.1578947368421 
50.94736842105263 80.94736842105263 43.78947368421053 73.78947368421052 39.63157894736842 69.63157894736842 
44.21052631578947 72.63157894736842 42.68421052631579 71.10526315789474 33.10526315789474 61.526315789473685 
32.421052631578945 61.63157894736842 43.63157894736842 72.84210526315789 27.94736842105263 57.1578947368421 
38.578947368421055 63.578947368421055 39.94736842105263 64.94736842105263 33.578947368421055 58.578947368421055 
33.21052631578947 61.63157894736842 44.94736842105263 73.36842105263158 27.68421052631579 56.10526315789474 
40.31578947368421 68.73684210526316 49.68421052631579 78.10526315789474 28.473684210526315 56.89473684210526 
49.0 79.52631578947368 54.473684210526315 85.0 43.473684210526315 74.0 
32.8421052631579 58.63157894736842 47.526315789473685 73.3157894736842 25.210526315789473 51.0 
58.89473684210526 94.15789473684211 50.1578947368421 85.42105263157895 29.68421052631579 64.94736842105263 
33.89473684210526 58.89473684210526 59.1578947368421 84.15789473684211 24.68421052631579 49.68421052631579 
32.94736842105263 64.52631578947368 51.26315789473684 82.84210526315789 22.157894736842106 53.73684210526316 
34.63157894736842 64.10526315789474 44.36842105263158 73.84210526315789 27.526315789473685 57.0 
37.21052631578947 65.10526315789474 57.1578947368421 85.05263157894737 29.57894736842105 57.473684210526315 
30.473684210526315 57.05263157894737 47.05263157894737 73.63157894736842 26.0 52.578947368421055 
30.94736842105263 59.10526315789474 51.0 79.15789473684211 25.94736842105263 54.10526315789474 
42.94736842105263 71.89473684210526 60.68421052631579 89.63157894736842 32.94736842105263 61.89473684210526 
53.473684210526315 79.52631578947368 54.421052631578945 80.47368421052632 40.31578947368421 66.36842105263158 
23.526315789473685 46.94736842105263 60.578947368421055 84.0 18.526315789473685 41.94736842105263 
29.842105263157894 59.05263157894737 47.63157894736842 76.84210526315789 24.842105263157894 54.05263157894737 
30.789473684210527 55.0 49.8421052631579 74.05263157894737 25.263157894736842 49.473684210526315 
30.263157894736842 57.36842105263158 42.31578947368421 69.42105263157895 25.263157894736842 52.36842105263158 
26.31578947368421 53.94736842105263 44.0 71.63157894736842 20.263157894736842 47.89473684210526 
43.1578947368421 68.15789473684211 63.21052631578947 88.21052631578948 37.63157894736842 62.63157894736842 
48.526315789473685 72.73684210526316 49.526315789473685 73.73684210526316 38.78947368421053 63.0 
43.0 73.52631578947368 49.78947368421053 80.3157894736842 33.26315789473684 63.78947368421053 
32.21052631578947 63.526315789473685 33.63157894736842 64.94736842105263 27.210526315789473 58.526315789473685 
36.526315789473685 65.73684210526316 42.526315789473685 71.73684210526316 26.789473684210527 56.0 
29.894736842105264 59.89473684210526 50.526315789473685 80.52631578947368 24.36842105263158 54.36842105263158 
32.21052631578947 57.473684210526315 45.36842105263158 70.63157894736842 26.157894736842106 51.421052631578945 
31.263157894736842 62.31578947368421 40.21052631578947 71.26315789473684 23.105263157894736 54.1578947368421 
34.421052631578945 61.78947368421053 52.8421052631579 80.21052631578948 26.526315789473685 53.89473684210526 
37.31578947368421 67.3157894736842 48.473684210526315 78.47368421052632 30.210526315789473 60.21052631578947 
34.31578947368421 63.526315789473685 44.26315789473684 73.47368421052632 25.105263157894736 54.31578947368421 
