40.23076923076923 68.3076923076923 49.73076923076923 77.8076923076923 32.92307692307692 61.0 
44.34615384615385 73.76923076923077 59.34615384615385 88.76923076923077 33.88461538461539 63.30769230769231 
39.84615384615385 67.73076923076923 52.03846153846154 79.92307692307692 27.153846153846153 55.03846153846154 
35.26923076923077 62.19230769230769 43.80769230769231 70.73076923076923 26.423076923076923 53.34615384615385 
52.0 77.57692307692308 49.96153846153846 75.53846153846153 41.61538461538461 67.1923076923077 
61.5 89.0 51.26923076923077 78.76923076923077 48.61538461538461 76.11538461538461 
48.65384615384615 75.0 46.92307692307692 73.26923076923077 32.5 58.84615384615385 
39.61538461538461 65.57692307692308 57.73076923076923 83.6923076923077 28.653846153846153 54.61538461538461 
37.69230769230769 68.65384615384616 45.88461538461539 76.84615384615384 33.07692307692308 64.03846153846153 
65.73076923076923 93.42307692307692 54.38461538461539 82.07692307692308 48.03846153846154 75.73076923076923 
38.42307692307692 68.03846153846153 53.03846153846154 82.65384615384616 27.846153846153847 57.46153846153846 
34.0 61.11538461538461 47.88461538461539 75.0 28.76923076923077 55.88461538461539 
41.73076923076923 70.0 62.57692307692308 90.84615384615384 35.69230769230769 63.96153846153846 
45.0 71.34615384615384 49.80769230769231 76.15384615384616 40.0 66.34615384615384 
38.65384615384615 67.6923076923077 50.26923076923077 79.3076923076923 32.88461538461539 61.92307692307692 
47.73076923076923 76.38461538461539 59.57692307692308 88.23076923076923 35.03846153846154 63.69230769230769 
57.57692307692308 84.11538461538461 56.11538461538461 82.65384615384616 35.92307692307692 62.46153846153846 
50.73076923076923 81.3076923076923 54.07692307692308 84.65384615384616 40.03846153846154 70.61538461538461 
34.76923076923077 64.57692307692308 51.26923076923077 81.07692307692308 27.46153846153846 57.26923076923077 
36.73076923076923 63.26923076923077 50.34615384615385 76.88461538461539 29.423076923076923 55.96153846153846 
39.07692307692308 63.5 50.5 74.92307692307692 31.576923076923077 56.0 
38.5 65.42307692307692 47.73076923076923 74.65384615384616 32.53846153846154 59.46153846153846 
49.84615384615385 83.5 41.65384615384615 75.3076923076923 39.84615384615385 73.5 
40.03846153846154 71.38461538461539 49.92307692307692 81.26923076923077 29.576923076923077 60.92307692307692 
66.61538461538461 97.0 53.5 83.88461538461539 42.38461538461539 72.76923076923077 
42.23076923076923 69.53846153846153 51.69230769230769 79.0 35.69230769230769 63.0 
31.46153846153846 59.53846153846154 56.84615384615385 84.92307692307692 26.26923076923077 54.34615384615385 
46.84615384615385 73.57692307692308 44.42307692307692 71.15384615384616 35.69230769230769 62.42307692307692 
44.80769230769231 73.84615384615384 51.65384615384615 80.6923076923077 35.19230769230769 64.23076923076923 
38.23076923076923 65.92307692307692 48.15384615384615 75.84615384615384 33.23076923076923 60.92307692307692 
47.57692307692308 75.07692307692308 59.11538461538461 86.61538461538461 37.19230769230769 64.6923076923077 
29.46153846153846 56.57692307692308 44.15384615384615 71.26923076923077 24.46153846153846 51.57692307692308 
48.69230769230769 78.3076923076923 54.92307692307692 84.53846153846153 37.92307692307692 67.53846153846153 
46.88461538461539 73.42307692307692 49.5 76.03846153846153 33.61538461538461 60.15384615384615 
35.92307692307692 69.0 54.03846153846154 87.11538461538461 29.115384615384617 62.19230769230769 
40.61538461538461 66.1923076923077 46.46153846153846 72.03846153846153 37.53846153846154 63.11538461538461 
35.84615384615385 67.57692307692308 45.61538461538461 77.34615384615384 30.384615384615383 62.11538461538461 
41.84615384615385 68.1923076923077 53.23076923076923 79.57692307692308 34.34615384615385 60.69230769230769 
32.26923076923077 57.46153846153846 54.15384615384615 79.34615384615384 26.115384615384617 51.30769230769231 
51.42307692307692 80.07692307692308 38.0 66.65384615384616 40.38461538461539 69.03846153846153 
54.07692307692308 82.53846153846153 47.53846153846154 76.0 39.46153846153846 67.92307692307692 
40.73076923076923 66.88461538461539 55.61538461538461 81.76923076923077 31.5 57.65384615384615 
39.34615384615385 69.34615384615384 42.11538461538461 72.11538461538461 30.576923076923077 60.57692307692308 
40.84615384615385 65.07692307692308 36.30769230769231 60.53846153846154 30.653846153846153 54.88461538461539 
71.73076923076923 104.8076923076923 57.38461538461539 90.46153846153847 42.5 75.57692307692308 
43.53846153846154 70.65384615384616 48.80769230769231 75.92307692307692 34.5 61.61538461538461 
43.0 71.46153846153847 50.26923076923077 78.73076923076923 33.76923076923077 62.23076923076923 
31.692307692307693 58.03846153846154 58.69230769230769 85.03846153846153 26.307692307692307 52.65384615384615 
56.26923076923077 86.26923076923077 47.11538461538461 77.11538461538461 44.34615384615385 74.34615384615384 
43.5 73.5 61.73076923076923 91.73076923076923 34.23076923076923 64.23076923076923 
