27.5 47.5 42.5 62.5 22.5 42.5 
17.5 42.5 28.5 53.5 12.5 37.5 
50.0 77.5 47.0 74.5 45.0 72.5 
35.0 62.5 10.5 38.0 30.0 57.5 
22.5 45.0 63.0 85.5 17.5 40.0 
20.0 45.0 60.5 85.5 15.0 40.0 
42.5 67.5 52.5 77.5 37.5 62.5 
27.5 52.5 35.0 60.0 22.5 47.5 
47.5 65.0 33.5 51.0 42.5 60.0 
17.5 45.0 30.5 58.0 12.5 40.0 
25.0 47.5 53.5 76.0 20.0 42.5 
52.5 105.0 78.0 130.5 47.5 100.0 
22.5 45.0 32.0 54.5 17.5 40.0 
52.5 75.0 50.0 72.5 47.5 70.0 
45.0 80.0 74.0 109.0 40.0 75.0 
40.0 80.0 18.0 58.0 35.0 75.0 
27.5 57.5 18.5 48.5 22.5 52.5 
40.0 65.0 26.5 51.5 35.0 60.0 
37.5 72.5 63.5 98.5 32.5 67.5 
37.5 70.0 42.5 75.0 32.5 65.0 
32.5 57.5 40.5 65.5 27.5 52.5 
47.5 80.0 36.5 69.0 42.5 75.0 
35.0 75.0 51.5 91.5 30.0 70.0 
37.5 72.5 64.5 99.5 32.5 67.5 
27.5 47.5 78.5 98.5 22.5 42.5 
35.0 67.5 27.5 60.0 30.0 62.5 
37.5 52.5 52.0 67.0 32.5 47.5 
20.0 42.5 38.0 60.5 15.0 37.5 
17.5 37.5 49.0 69.0 12.5 32.5 
20.0 37.5 69.5 87.0 15.0 32.5 
27.5 52.5 33.5 58.5 22.5 47.5 
40.0 77.5 27.5 65.0 35.0 72.5 
30.0 72.5 40.0 82.5 25.0 67.5 
20.0 52.5 19.5 52.0 15.0 47.5 
40.0 75.0 53.0 88.0 35.0 70.0 
27.5 55.0 24.0 51.5 22.5 50.0 
12.5 42.5 58.5 88.5 7.5 37.5 
37.5 60.0 23.5 46.0 32.5 55.0 
32.5 60.0 21.5 49.0 27.5 55.0 
32.5 72.5 39.5 79.5 27.5 67.5 
40.0 80.0 61.0 101.0 35.0 75.0 
42.5 72.5 29.5 59.5 37.5 67.5 
20.0 40.0 43.0 63.0 15.0 35.0 
42.5 85.0 27.0 69.5 37.5 80.0 
25.0 42.5 62.5 80.0 20.0 37.5 
15.0 50.0 35.0 70.0 10.0 45.0 
27.5 57.5 83.0 113.0 22.5 52.5 
15.0 40.0 48.5 73.5 10.0 35.0 
30.0 50.0 48.5 68.5 25.0 45.0 
45.0 72.5 27.0 54.5 40.0 67.5 
