63.407407407407405 92.85185185185185 44.0 73.44444444444444 49.333333333333336 78.77777777777777 
32.96296296296296 60.18518518518518 58.74074074074074 85.96296296296296 27.59259259259259 54.81481481481482 
33.18518518518518 62.25925925925926 41.0 70.07407407407408 26.703703703703702 55.77777777777778 
34.2962962962963 60.407407407407405 47.148148148148145 73.25925925925925 28.925925925925927 55.03703703703704 
31.444444444444443 58.48148148148148 43.592592592592595 70.62962962962963 25.703703703703702 52.74074074074074 
37.55555555555556 64.96296296296296 45.407407407407405 72.81481481481481 29.22222222222222 56.629629629629626 
31.14814814814815 59.111111111111114 46.925925925925924 74.88888888888889 25.40740740740741 53.370370370370374 
30.51851851851852 58.851851851851855 45.81481481481482 74.14814814814815 24.40740740740741 52.74074074074074 
55.96296296296296 84.85185185185185 60.22222222222222 89.11111111111111 36.888888888888886 65.77777777777777 
46.03703703703704 74.0 54.888888888888886 82.85185185185185 36.74074074074074 64.70370370370371 
29.85185185185185 57.629629629629626 55.925925925925924 83.70370370370371 24.48148148148148 52.25925925925926 
51.81481481481482 81.07407407407408 54.370370370370374 83.62962962962963 40.51851851851852 69.77777777777777 
31.37037037037037 57.111111111111114 52.111111111111114 77.85185185185185 24.14814814814815 49.888888888888886 
52.407407407407405 81.66666666666667 59.074074074074076 88.33333333333333 36.96296296296296 66.22222222222223 
36.22222222222222 67.70370370370371 55.148148148148145 86.62962962962963 31.22222222222222 62.7037037037037 
54.03703703703704 83.29629629629629 43.44444444444444 72.70370370370371 40.888888888888886 70.14814814814815 
38.25925925925926 60.666666666666664 50.77777777777778 73.18518518518519 30.296296296296298 52.7037037037037 
54.22222222222222 85.88888888888889 53.0 84.66666666666667 43.370370370370374 75.03703703703704 
75.37037037037037 103.51851851851852 44.407407407407405 72.55555555555556 39.22222222222222 67.37037037037037 
58.74074074074074 89.48148148148148 52.44444444444444 83.18518518518519 35.851851851851855 66.5925925925926 
43.48148148148148 70.88888888888889 56.96296296296296 84.37037037037037 35.888888888888886 63.2962962962963 
49.407407407407405 80.88888888888889 61.333333333333336 92.81481481481481 45.51851851851852 77.0 
46.22222222222222 77.51851851851852 50.81481481481482 82.11111111111111 40.22222222222222 71.51851851851852 
51.25925925925926 77.0 46.629629629629626 72.37037037037037 28.77777777777778 54.51851851851852 
34.2962962962963 58.925925925925924 58.44444444444444 83.07407407407408 29.666666666666668 54.2962962962963 
62.44444444444444 89.48148148148148 64.55555555555556 91.5925925925926 42.925925925925924 69.96296296296296 
50.74074074074074 80.18518518518519 53.77777777777778 83.22222222222223 35.44444444444444 64.88888888888889 
48.111111111111114 78.48148148148148 53.81481481481482 84.18518518518519 39.407407407407405 69.77777777777777 
31.85185185185185 57.96296296296296 49.629629629629626 75.74074074074075 25.0 51.111111111111114 
42.74074074074074 71.44444444444444 51.666666666666664 80.37037037037037 34.22222222222222 62.925925925925924 
46.81481481481482 73.48148148148148 57.111111111111114 83.77777777777777 39.592592592592595 66.25925925925925 
43.22222222222222 70.44444444444444 50.7037037037037 77.92592592592592 38.592592592592595 65.81481481481481 
42.25925925925926 68.18518518518519 55.851851851851855 81.77777777777777 34.592592592592595 60.51851851851852 
38.44444444444444 65.29629629629629 50.148148148148145 77.0 31.22222222222222 58.074074074074076 
46.7037037037037 74.85185185185185 55.407407407407405 83.55555555555556 33.55555555555556 61.7037037037037 
58.55555555555556 85.77777777777777 61.111111111111114 88.33333333333333 37.148148148148145 64.37037037037037 
47.48148148148148 73.22222222222223 47.370370370370374 73.11111111111111 39.888888888888886 65.62962962962963 
100.03703703703704 127.62962962962963 65.07407407407408 92.66666666666667 53.55555555555556 81.14814814814815 
76.33333333333333 108.37037037037037 46.96296296296296 79.0 39.96296296296296 72.0 
50.925925925925924 78.51851851851852 51.22222222222222 78.81481481481481 40.0 67.5925925925926 
50.03703703703704 80.4074074074074 44.18518518518518 74.55555555555556 42.074074074074076 72.44444444444444 
50.111111111111114 74.18518518518519 62.51851851851852 86.5925925925926 28.814814814814813 52.888888888888886 
61.629629629629626 89.22222222222223 44.44444444444444 72.03703703703704 32.925925925925924 60.51851851851852 
34.666666666666664 64.66666666666667 57.851851851851855 87.85185185185185 29.296296296296298 59.2962962962963 
42.7037037037037 68.81481481481481 45.77777777777778 71.88888888888889 32.888888888888886 59.0 
39.25925925925926 66.29629629629629 49.629629629629626 76.66666666666667 27.59259259259259 54.629629629629626 
52.370370370370374 77.55555555555556 41.888888888888886 67.07407407407408 27.925925925925927 53.111111111111114 
43.25925925925926 71.03703703703704 50.370370370370374 78.14814814814815 31.59259259259259 59.370370370370374 
47.407407407407405 76.11111111111111 46.370370370370374 75.07407407407408 32.03703703703704 60.74074074074074 
36.96296296296296 64.92592592592592 50.0 77.96296296296296 29.40740740740741 57.370370370370374 
