40.958333333333336 69.70833333333333 39.791666666666664 68.54166666666667 33.041666666666664 61.791666666666664 
29.791666666666668 55.0 44.625 69.83333333333333 24.791666666666668 50.0 
40.666666666666664 73.375 48.666666666666664 81.375 33.583333333333336 66.29166666666667 
45.75 73.45833333333333 47.25 74.95833333333333 39.916666666666664 67.625 
33.291666666666664 59.958333333333336 53.666666666666664 80.33333333333333 26.25 52.916666666666664 
54.083333333333336 83.04166666666667 55.416666666666664 84.375 39.916666666666664 68.875 
47.0 73.04166666666667 51.208333333333336 77.25 39.916666666666664 65.95833333333333 
42.0 72.41666666666667 49.125 79.54166666666667 30.75 61.166666666666664 
43.416666666666664 73.20833333333333 54.875 84.66666666666667 29.25 59.041666666666664 
33.291666666666664 62.041666666666664 49.583333333333336 78.33333333333333 28.708333333333332 57.458333333333336 
40.208333333333336 71.875 46.0 77.66666666666667 31.291666666666668 62.958333333333336 
30.541666666666668 59.708333333333336 53.166666666666664 82.33333333333333 25.541666666666668 54.708333333333336 
34.666666666666664 65.08333333333333 43.125 73.54166666666667 28.416666666666668 58.833333333333336 
46.625 79.75 52.791666666666664 85.91666666666667 34.958333333333336 68.08333333333333 
37.791666666666664 67.58333333333333 43.833333333333336 73.625 30.5 60.291666666666664 
38.916666666666664 68.5 47.75 77.33333333333333 34.333333333333336 63.916666666666664 
40.708333333333336 67.79166666666667 47.208333333333336 74.29166666666667 34.458333333333336 61.541666666666664 
26.75 54.041666666666664 41.333333333333336 68.625 22.166666666666668 49.458333333333336 
39.958333333333336 64.75 41.958333333333336 66.75 34.958333333333336 59.75 
39.583333333333336 66.66666666666667 37.5 64.58333333333333 34.166666666666664 61.25 
41.125 74.25 50.083333333333336 83.20833333333333 30.916666666666668 64.04166666666667 
31.75 58.416666666666664 45.958333333333336 72.625 24.041666666666668 50.708333333333336 
38.708333333333336 66.625 62.208333333333336 90.125 33.708333333333336 61.625 
58.041666666666664 83.66666666666667 52.208333333333336 77.83333333333333 49.708333333333336 75.33333333333333 
42.625 71.58333333333333 52.25 81.20833333333333 30.375 59.333333333333336 
37.75 67.125 39.5 68.875 32.75 62.125 
37.75 66.5 52.583333333333336 81.33333333333333 26.333333333333332 55.083333333333336 
45.25 74.41666666666667 51.625 80.79166666666667 33.375 62.541666666666664 
46.916666666666664 73.16666666666667 40.75 67.0 28.291666666666668 54.541666666666664 
31.958333333333332 61.958333333333336 45.541666666666664 75.54166666666667 27.375 57.375 
38.166666666666664 65.875 57.333333333333336 85.04166666666667 30.25 57.958333333333336 
42.208333333333336 70.54166666666667 58.416666666666664 86.75 31.166666666666668 59.5 
43.833333333333336 70.08333333333333 45.625 71.875 31.75 58.0 
38.166666666666664 63.583333333333336 50.916666666666664 76.33333333333333 33.166666666666664 58.583333333333336 
38.5 62.458333333333336 57.125 81.08333333333333 33.5 57.458333333333336 
49.083333333333336 77.41666666666667 54.5 82.83333333333333 38.25 66.58333333333333 
29.416666666666668 60.458333333333336 49.458333333333336 80.5 20.291666666666668 51.333333333333336 
60.208333333333336 89.79166666666667 62.291666666666664 91.875 45.208333333333336 74.79166666666667 
41.541666666666664 70.70833333333333 50.791666666666664 79.95833333333333 36.958333333333336 66.125 
50.333333333333336 80.33333333333333 53.791666666666664 83.79166666666667 35.791666666666664 65.79166666666667 
38.416666666666664 66.125 42.625 70.33333333333333 31.75 59.458333333333336 
37.75 69.41666666666667 49.416666666666664 81.08333333333333 26.5 58.166666666666664 
47.291666666666664 74.79166666666667 55.5 83.0 38.125 65.625 
42.916666666666664 69.79166666666667 56.5 83.375 38.333333333333336 65.20833333333333 
28.25 53.458333333333336 42.666666666666664 67.875 20.458333333333332 45.666666666666664 
45.333333333333336 73.04166666666667 54.708333333333336 82.41666666666667 35.333333333333336 63.041666666666664 
29.708333333333332 59.083333333333336 50.916666666666664 80.29166666666667 23.958333333333332 53.333333333333336 
36.083333333333336 64.0 49.5 77.41666666666667 30.25 58.166666666666664 
56.375 87.83333333333333 49.291666666666664 80.75 42.25 73.70833333333333 
32.708333333333336 59.375 46.541666666666664 73.20833333333333 26.875 53.541666666666664 
