35.583333333333336 67.25 48.083333333333336 79.75 30.583333333333332 62.25 
34.583333333333336 62.5 37.666666666666664 65.58333333333333 27.916666666666668 55.833333333333336 
31.166666666666668 59.5 55.916666666666664 84.25 24.083333333333332 52.416666666666664 
31.333333333333332 58.416666666666664 51.416666666666664 78.5 26.333333333333332 53.416666666666664 
35.333333333333336 67.83333333333333 45.0 77.5 31.166666666666668 63.666666666666664 
33.666666666666664 62.833333333333336 41.916666666666664 71.08333333333333 28.666666666666668 57.833333333333336 
58.25 86.58333333333333 44.416666666666664 72.75 44.083333333333336 72.41666666666667 
28.75 60.416666666666664 30.583333333333332 62.25 22.916666666666668 54.583333333333336 
28.416666666666668 55.916666666666664 38.083333333333336 65.58333333333333 22.583333333333332 50.083333333333336 
36.25 64.58333333333333 29.583333333333332 57.916666666666664 30.0 58.333333333333336 
36.5 68.58333333333333 40.0 72.08333333333333 28.583333333333332 60.666666666666664 
26.833333333333332 58.083333333333336 52.416666666666664 83.66666666666667 21.833333333333332 53.083333333333336 
31.583333333333332 63.666666666666664 54.166666666666664 86.25 27.416666666666668 59.5 
37.833333333333336 64.08333333333333 48.0 74.25 31.166666666666668 57.416666666666664 
38.916666666666664 69.75 53.0 83.83333333333333 34.75 65.58333333333333 
31.916666666666668 65.66666666666667 43.0 76.75 27.75 61.5 
36.333333333333336 71.75 38.5 73.91666666666667 32.166666666666664 67.58333333333333 
33.333333333333336 69.58333333333333 45.666666666666664 81.91666666666667 28.333333333333332 64.58333333333333 
46.416666666666664 75.16666666666667 52.833333333333336 81.58333333333333 43.916666666666664 72.66666666666667 
31.25 63.333333333333336 39.583333333333336 71.66666666666667 26.25 58.333333333333336 
74.66666666666667 105.91666666666667 31.416666666666668 62.666666666666664 45.083333333333336 76.33333333333333 
33.5 63.5 39.5 69.5 28.5 58.5 
25.583333333333332 51.0 58.666666666666664 84.08333333333333 19.75 45.166666666666664 
30.333333333333332 59.916666666666664 47.333333333333336 76.91666666666667 25.333333333333332 54.916666666666664 
27.583333333333332 53.0 32.416666666666664 57.833333333333336 22.583333333333332 48.0 
56.0 82.66666666666667 45.333333333333336 72.0 43.5 70.16666666666667 
26.083333333333332 53.166666666666664 55.916666666666664 83.0 21.916666666666668 49.0 
34.666666666666664 60.916666666666664 42.416666666666664 68.66666666666667 29.666666666666668 55.916666666666664 
34.916666666666664 63.666666666666664 53.416666666666664 82.16666666666667 24.916666666666668 53.666666666666664 
36.75 73.0 50.5 86.75 31.75 68.0 
32.0 61.166666666666664 55.0 84.16666666666667 26.166666666666668 55.333333333333336 
29.166666666666668 55.0 54.75 80.58333333333333 24.166666666666668 50.0 
21.75 47.583333333333336 50.916666666666664 76.75 16.75 42.583333333333336 
33.75 68.75 52.916666666666664 87.91666666666667 26.25 61.25 
27.083333333333332 52.916666666666664 34.333333333333336 60.166666666666664 22.916666666666668 48.75 
38.75 68.75 45.5 75.5 32.916666666666664 62.916666666666664 
25.416666666666668 52.5 52.166666666666664 79.25 20.416666666666668 47.5 
32.166666666666664 60.5 45.166666666666664 73.5 27.166666666666668 55.5 
33.0 66.75 48.333333333333336 82.08333333333333 28.0 61.75 
28.0 48.416666666666664 51.25 71.66666666666667 21.333333333333332 41.75 
39.833333333333336 71.08333333333333 56.5 87.75 35.666666666666664 66.91666666666667 
38.416666666666664 66.75 46.25 74.58333333333333 34.25 62.583333333333336 
32.0 62.833333333333336 53.083333333333336 83.91666666666667 27.0 57.833333333333336 
31.916666666666668 57.75 46.583333333333336 72.41666666666667 26.916666666666668 52.75 
29.25 58.833333333333336 54.416666666666664 84.0 24.25 53.833333333333336 
33.333333333333336 60.0 43.416666666666664 70.08333333333333 28.333333333333332 55.0 
41.166666666666664 71.16666666666667 46.75 76.75 37.0 67.0 
37.833333333333336 65.75 35.5 63.416666666666664 32.0 59.916666666666664 
33.416666666666664 63.833333333333336 38.75 69.16666666666667 28.416666666666668 58.833333333333336 
31.583333333333332 57.833333333333336 48.416666666666664 74.66666666666667 26.583333333333332 52.833333333333336 
