31.3 55.3 37.7 61.7 27.3 51.3 
28.6 55.1 38.4 64.9 23.6 50.1 
39.1 63.6 53.2 77.7 36.1 60.6 
30.2 59.2 56.0 85.0 23.2 52.2 
32.0 58.5 41.7 68.2 27.0 53.5 
42.6 66.1 28.7 52.2 37.6 61.1 
32.0 62.0 52.6 82.6 27.0 57.0 
30.9 58.9 41.6 69.6 25.9 53.9 
25.0 54.5 43.1 72.6 20.0 49.5 
19.5 52.5 42.3 75.3 14.5 47.5 
26.3 51.8 56.1 81.6 21.3 46.8 
49.3 77.8 60.8 89.3 44.3 72.8 
32.7 64.7 65.2 97.2 27.7 59.7 
30.1 56.6 29.4 55.9 25.1 51.6 
27.1 52.1 38.1 63.1 22.1 47.1 
26.0 50.0 35.0 59.0 21.0 45.0 
27.3 56.3 40.3 69.3 20.3 49.3 
32.4 60.9 54.9 83.4 28.4 56.9 
26.9 53.4 46.3 72.8 21.9 48.4 
25.6 54.6 42.9 71.9 19.6 48.6 
45.5 72.5 51.9 78.9 42.5 69.5 
26.6 49.6 38.0 61.0 20.6 43.6 
24.5 57.0 43.0 75.5 19.5 52.0 
27.0 54.5 40.2 67.7 22.0 49.5 
32.8 55.8 55.3 78.3 27.8 50.8 
32.8 57.8 51.9 76.9 27.8 52.8 
36.6 65.6 68.7 97.7 29.1 58.1 
37.3 61.8 43.8 68.3 31.3 55.8 
44.9 72.4 36.7 64.2 38.9 66.4 
30.1 57.6 41.1 68.6 25.1 52.6 
27.0 55.5 50.2 78.7 22.0 50.5 
25.5 52.5 50.3 77.3 21.5 48.5 
36.6 67.1 52.0 82.5 31.6 62.1 
35.9 62.9 44.4 71.4 30.9 57.9 
50.8 80.3 39.4 68.9 34.8 64.3 
31.3 56.3 53.9 78.9 23.3 48.3 
42.3 72.8 44.1 74.6 38.3 68.8 
45.9 71.9 60.4 86.4 38.9 64.9 
24.5 49.5 40.7 65.7 19.5 44.5 
37.6 60.6 45.1 68.1 31.6 54.6 
32.6 59.6 40.8 67.8 27.6 54.6 
28.5 54.0 41.8 67.3 23.5 49.0 
44.3 71.3 41.7 68.7 40.3 67.3 
39.9 65.4 52.2 77.7 28.9 54.4 
33.9 62.9 51.5 80.5 28.9 57.9 
39.1 68.1 46.7 75.7 26.1 55.1 
24.4 52.4 39.3 67.3 19.4 47.4 
35.0 62.5 41.1 68.6 29.0 56.5 
41.0 72.0 42.1 73.1 37.0 68.0 
28.7 55.7 57.1 84.1 23.7 50.7 
