30.0 50.0 44.0 64.0 25.0 45.0 
15.0 50.0 21.0 56.0 10.0 45.0 
15.0 30.0 86.0 101.0 10.0 25.0 
35.0 65.0 40.0 70.0 30.0 60.0 
35.0 60.0 24.0 49.0 30.0 55.0 
35.0 55.0 7.0 27.0 30.0 50.0 
45.0 85.0 48.0 88.0 40.0 80.0 
15.0 65.0 79.0 129.0 10.0 60.0 
55.0 110.0 60.0 115.0 50.0 105.0 
30.0 50.0 89.0 109.0 25.0 45.0 
20.0 55.0 7.0 42.0 15.0 50.0 
55.0 110.0 58.0 113.0 50.0 105.0 
10.0 60.0 55.0 105.0 5.0 55.0 
30.0 60.0 84.0 114.0 25.0 55.0 
55.0 90.0 33.0 68.0 50.0 85.0 
25.0 65.0 54.0 94.0 20.0 60.0 
25.0 40.0 75.0 90.0 20.0 35.0 
45.0 65.0 84.0 104.0 40.0 60.0 
55.0 80.0 72.0 97.0 50.0 75.0 
45.0 60.0 63.0 78.0 40.0 55.0 
55.0 75.0 16.0 36.0 50.0 70.0 
45.0 65.0 42.0 62.0 40.0 60.0 
40.0 60.0 55.0 75.0 35.0 55.0 
40.0 65.0 68.0 93.0 35.0 60.0 
15.0 45.0 21.0 51.0 10.0 40.0 
25.0 40.0 70.0 85.0 20.0 35.0 
30.0 60.0 87.0 117.0 25.0 55.0 
20.0 40.0 41.0 61.0 15.0 35.0 
40.0 60.0 59.0 79.0 35.0 55.0 
10.0 65.0 10.0 65.0 5.0 60.0 
45.0 75.0 13.0 43.0 40.0 70.0 
15.0 45.0 38.0 68.0 10.0 40.0 
20.0 60.0 27.0 67.0 15.0 55.0 
25.0 40.0 75.0 90.0 20.0 35.0 
10.0 45.0 36.0 71.0 5.0 40.0 
20.0 40.0 35.0 55.0 15.0 35.0 
40.0 55.0 79.0 94.0 35.0 50.0 
25.0 45.0 22.0 42.0 20.0 40.0 
30.0 60.0 24.0 54.0 25.0 55.0 
55.0 105.0 1.0 51.0 50.0 100.0 
15.0 30.0 15.0 30.0 10.0 25.0 
40.0 60.0 70.0 90.0 35.0 55.0 
40.0 80.0 17.0 57.0 35.0 75.0 
50.0 65.0 62.0 77.0 45.0 60.0 
25.0 65.0 52.0 92.0 20.0 60.0 
20.0 65.0 22.0 67.0 15.0 60.0 
30.0 60.0 8.0 38.0 25.0 55.0 
45.0 75.0 75.0 105.0 40.0 70.0 
40.0 75.0 19.0 54.0 35.0 70.0 
40.0 70.0 17.0 47.0 35.0 65.0 
