45.142857142857146 77.64285714285714 53.0 85.5 39.42857142857143 71.92857142857143 
28.857142857142858 56.357142857142854 38.42857142857143 65.92857142857143 24.571428571428573 52.07142857142857 
32.57142857142857 60.785714285714285 55.642857142857146 83.85714285714286 26.857142857142858 55.07142857142857 
32.92857142857143 62.57142857142857 47.5 77.14285714285714 27.928571428571427 57.57142857142857 
34.357142857142854 61.5 60.92857142857143 88.07142857142857 28.642857142857142 55.785714285714285 
39.142857142857146 72.0 44.285714285714285 77.14285714285714 31.285714285714285 64.14285714285714 
42.142857142857146 73.21428571428571 45.57142857142857 76.64285714285714 34.285714285714285 65.35714285714286 
42.357142857142854 72.71428571428571 48.285714285714285 78.64285714285714 28.785714285714285 59.142857142857146 
32.57142857142857 64.0 33.285714285714285 64.71428571428571 27.571428571428573 59.0 
26.357142857142858 52.07142857142857 36.714285714285715 62.42857142857143 20.642857142857142 46.357142857142854 
41.214285714285715 68.35714285714286 40.0 67.14285714285714 30.142857142857142 57.285714285714285 
35.142857142857146 63.357142857142854 46.214285714285715 74.42857142857143 30.142857142857142 58.357142857142854 
36.42857142857143 65.35714285714286 33.07142857142857 62.0 31.428571428571427 60.357142857142854 
24.214285714285715 53.857142857142854 57.642857142857146 87.28571428571429 18.5 48.142857142857146 
30.642857142857142 59.214285714285715 41.357142857142854 69.92857142857143 25.642857142857142 54.214285714285715 
33.285714285714285 62.214285714285715 46.142857142857146 75.07142857142857 28.285714285714285 57.214285714285715 
34.142857142857146 60.57142857142857 56.07142857142857 82.5 29.142857142857142 55.57142857142857 
27.714285714285715 64.5 52.214285714285715 89.0 22.714285714285715 59.5 
48.785714285714285 73.42857142857143 55.142857142857146 79.78571428571429 37.357142857142854 62.0 
29.428571428571427 61.57142857142857 43.0 75.14285714285714 24.428571428571427 56.57142857142857 
25.142857142857142 53.714285714285715 42.5 71.07142857142857 20.142857142857142 48.714285714285715 
35.42857142857143 64.0 54.142857142857146 82.71428571428571 30.428571428571427 59.0 
28.5 53.5 38.07142857142857 63.07142857142857 22.785714285714285 47.785714285714285 
34.285714285714285 66.42857142857143 52.57142857142857 84.71428571428571 30.0 62.142857142857146 
21.214285714285715 49.42857142857143 35.5 63.714285714285715 15.5 43.714285714285715 
34.214285714285715 61.357142857142854 49.42857142857143 76.57142857142857 28.5 55.642857142857146 
35.142857142857146 62.285714285714285 47.142857142857146 74.28571428571429 30.142857142857142 57.285714285714285 
36.5 62.92857142857143 45.714285714285715 72.14285714285714 32.92857142857143 59.357142857142854 
31.642857142857142 60.92857142857143 45.142857142857146 74.42857142857143 23.785714285714285 53.07142857142857 
30.357142857142858 57.857142857142854 43.142857142857146 70.64285714285714 25.357142857142858 52.857142857142854 
45.57142857142857 73.78571428571429 43.142857142857146 71.35714285714286 35.57142857142857 63.785714285714285 
50.857142857142854 81.57142857142857 48.142857142857146 78.85714285714286 30.142857142857142 60.857142857142854 
30.785714285714285 62.214285714285715 45.92857142857143 77.35714285714286 25.785714285714285 57.214285714285715 
30.071428571428573 57.92857142857143 35.42857142857143 63.285714285714285 23.642857142857142 51.5 
28.071428571428573 56.642857142857146 50.285714285714285 78.85714285714286 20.214285714285715 48.785714285714285 
34.642857142857146 69.28571428571429 52.285714285714285 86.92857142857143 30.357142857142858 65.0 
30.785714285714285 60.07142857142857 49.357142857142854 78.64285714285714 23.642857142857142 52.92857142857143 
20.571428571428573 49.857142857142854 39.285714285714285 68.57142857142857 15.571428571428571 44.857142857142854 
31.928571428571427 60.5 35.92857142857143 64.5 26.928571428571427 55.5 
31.785714285714285 63.214285714285715 39.5 70.92857142857143 26.785714285714285 58.214285714285715 
46.642857142857146 75.21428571428571 41.5 70.07142857142857 41.285714285714285 69.85714285714286 
47.285714285714285 73.35714285714286 54.5 80.57142857142857 37.285714285714285 63.357142857142854 
27.571428571428573 56.5 45.57142857142857 74.5 21.5 50.42857142857143 
46.857142857142854 75.42857142857143 48.42857142857143 77.0 38.285714285714285 66.85714285714286 
27.714285714285715 53.07142857142857 56.92857142857143 82.28571428571429 22.714285714285715 48.07142857142857 
34.142857142857146 64.85714285714286 38.642857142857146 69.35714285714286 28.428571428571427 59.142857142857146 
35.0 60.714285714285715 43.92857142857143 69.64285714285714 30.714285714285715 56.42857142857143 
44.42857142857143 69.07142857142857 71.71428571428571 96.35714285714286 35.857142857142854 60.5 
27.928571428571427 53.285714285714285 50.92857142857143 76.28571428571429 23.642857142857142 49.0 
29.714285714285715 60.785714285714285 53.642857142857146 84.71428571428571 24.0 55.07142857142857 
