62.8 91.925 49.4 78.525 41.75 70.875 
75.05 103.05 56.15 84.15 34.85 62.85 
65.975 94.225 61.35 89.6 40.6 68.85 
75.0 103.25 62.7 90.95 59.25 87.5 
60.1 91.85 60.2 91.95 41.1 72.85 
72.025 103.025 58.45 89.45 49.975 80.975 
64.825 92.2 60.975 88.35 38.1 65.475 
65.4 92.4 50.8 77.8 47.25 74.25 
109.55 138.8 54.5 83.75 44.425 73.675 
71.725 101.35 62.675 92.3 52.5 82.125 
48.975 77.225 55.125 83.375 36.975 65.225 
54.15 83.65 57.925 87.425 40.775 70.275 
59.4 86.025 57.025 83.65 37.475 64.1 
124.6 156.725 56.6 88.725 56.5 88.625 
52.175 80.3 51.975 80.1 37.75 65.875 
66.825 97.075 57.275 87.525 38.45 68.7 
64.6 92.225 46.375 74.0 32.5 60.125 
59.775 88.275 50.1 78.6 47.2 75.7 
75.625 103.75 62.425 90.55 39.75 67.875 
59.25 89.375 57.125 87.25 44.25 74.375 
80.075 111.325 52.575 83.825 54.425 85.675 
74.35 104.6 52.125 82.375 45.225 75.475 
102.45 130.45 62.3 90.3 53.0 81.0 
87.15 116.025 56.85 85.725 52.325 81.2 
65.875 90.875 56.35 81.35 54.125 79.125 
61.425 87.925 59.15 85.65 40.2 66.7 
55.225 83.475 65.25 93.5 40.5 68.75 
45.75 73.125 55.375 82.75 33.925 61.3 
54.125 82.0 46.375 74.25 41.95 69.825 
64.25 90.125 50.55 76.425 43.55 69.425 
69.825 97.45 58.475 86.1 43.15 70.775 
73.175 98.425 52.85 78.1 44.925 70.175 
57.625 85.75 60.225 88.35 44.0 72.125 
58.25 86.25 66.45 94.45 38.575 66.575 
76.9 106.775 55.075 84.95 50.4 80.275 
55.175 82.175 54.775 81.775 32.5 59.5 
91.525 120.15 49.35 77.975 42.4 71.025 
42.175 69.3 52.525 79.65 32.8 59.925 
90.125 118.25 57.8 85.925 50.075 78.2 
85.55 116.05 52.85 83.35 43.475 73.975 
69.1 94.6 65.25 90.75 45.325 70.825 
59.4 90.9 49.2 80.7 47.525 79.025 
50.725 79.1 62.375 90.75 40.175 68.55 
113.95 142.825 61.6 90.475 49.25 78.125 
100.525 131.775 54.375 85.625 47.325 78.575 
42.025 69.65 49.975 77.6 30.525 58.15 
63.4 88.65 60.375 85.625 39.6 64.85 
61.375 86.75 59.3 84.675 41.4 66.775 
57.6 85.225 49.0 76.625 37.475 65.1 
64.5 94.375 53.175 83.05 43.7 73.575 
