35.95454545454545 61.18181818181818 43.5 68.72727272727273 24.136363636363637 49.36363636363637 
37.54545454545455 67.0909090909091 51.63636363636363 81.18181818181819 31.636363636363637 61.18181818181818 
34.13636363636363 60.04545454545455 48.27272727272727 74.18181818181819 28.681818181818183 54.59090909090909 
40.86363636363637 67.9090909090909 51.86363636363637 78.9090909090909 33.59090909090909 60.63636363636363 
38.90909090909091 65.04545454545455 56.95454545454545 83.0909090909091 32.68181818181818 58.81818181818182 
38.40909090909091 65.9090909090909 37.81818181818182 65.31818181818181 26.59090909090909 54.09090909090909 
30.863636363636363 56.31818181818182 50.22727272727273 75.68181818181819 21.318181818181817 46.77272727272727 
35.77272727272727 66.45454545454545 58.45454545454545 89.13636363636364 26.318181818181817 57.0 
41.77272727272727 69.95454545454545 47.86363636363637 76.04545454545455 37.22727272727273 65.4090909090909 
30.863636363636363 59.04545454545455 61.0 89.18181818181819 24.954545454545453 53.13636363636363 
37.95454545454545 62.72727272727273 37.45454545454545 62.22727272727273 32.95454545454545 57.72727272727273 
38.40909090909091 67.95454545454545 47.04545454545455 76.5909090909091 29.318181818181817 58.86363636363637 
35.45454545454545 60.68181818181818 53.18181818181818 78.4090909090909 29.545454545454547 54.77272727272727 
31.772727272727273 59.5 54.63636363636363 82.36363636363636 24.954545454545453 52.68181818181818 
33.40909090909091 65.0 45.54545454545455 77.13636363636364 28.40909090909091 60.0 
54.09090909090909 82.95454545454545 60.45454545454545 89.31818181818181 41.72727272727273 70.5909090909091 
47.36363636363637 78.72727272727273 47.09090909090909 78.45454545454545 35.09090909090909 66.45454545454545 
33.36363636363637 62.68181818181818 59.31818181818182 88.63636363636364 29.272727272727273 58.59090909090909 
47.22727272727273 79.27272727272727 58.77272727272727 90.81818181818181 41.31818181818182 73.36363636363636 
58.45454545454545 89.13636363636364 45.18181818181818 75.86363636363636 36.09090909090909 66.77272727272727 
35.18181818181818 63.13636363636363 56.81818181818182 84.77272727272727 27.227272727272727 55.18181818181818 
42.45454545454545 72.0 49.68181818181818 79.22727272727273 35.18181818181818 64.72727272727273 
39.59090909090909 65.5 53.36363636363637 79.27272727272727 34.13636363636363 60.04545454545455 
30.272727272727273 56.18181818181818 46.68181818181818 72.5909090909091 24.818181818181817 50.72727272727273 
39.36363636363637 70.72727272727273 51.04545454545455 82.4090909090909 31.818181818181817 63.18181818181818 
46.59090909090909 74.54545454545455 54.09090909090909 82.04545454545455 38.86363636363637 66.81818181818181 
35.90909090909091 60.90909090909091 50.0 75.0 29.09090909090909 54.09090909090909 
27.045454545454547 54.31818181818182 37.09090909090909 64.36363636363636 19.318181818181817 46.59090909090909 
47.59090909090909 75.77272727272727 54.45454545454545 82.63636363636364 34.04545454545455 62.22727272727273 
48.45454545454545 75.72727272727273 51.77272727272727 79.04545454545455 37.31818181818182 64.5909090909091 
46.40909090909091 70.27272727272727 61.68181818181818 85.54545454545455 38.22727272727273 62.09090909090909 
36.0 63.95454545454545 47.04545454545455 75.0 31.0 58.95454545454545 
40.40909090909091 68.5909090909091 43.81818181818182 72.0 34.72727272727273 62.90909090909091 
39.36363636363637 66.86363636363636 55.86363636363637 83.36363636363636 27.363636363636363 54.86363636363637 
59.18181818181818 89.18181818181819 41.72727272727273 71.72727272727273 45.77272727272727 75.77272727272727 
53.59090909090909 79.5 37.72727272727273 63.63636363636363 45.40909090909091 71.31818181818181 
41.81818181818182 70.45454545454545 64.81818181818181 93.45454545454545 34.09090909090909 62.72727272727273 
39.45454545454545 66.04545454545455 55.95454545454545 82.54545454545455 34.45454545454545 61.04545454545455 
36.95454545454545 62.86363636363637 48.59090909090909 74.5 28.772727272727273 54.68181818181818 
39.54545454545455 66.81818181818181 59.72727272727273 87.0 29.09090909090909 56.36363636363637 
47.54545454545455 72.31818181818181 43.36363636363637 68.13636363636364 35.72727272727273 60.5 
38.5 65.0909090909091 35.95454545454545 62.54545454545455 33.04545454545455 59.63636363636363 
32.81818181818182 60.54545454545455 45.86363636363637 73.5909090909091 24.272727272727273 52.0 
39.81818181818182 69.36363636363636 51.22727272727273 80.77272727272727 34.36363636363637 63.90909090909091 
62.5 94.54545454545455 61.40909090909091 93.45454545454545 42.04545454545455 74.0909090909091 
52.09090909090909 82.54545454545455 44.54545454545455 75.0 48.81818181818182 79.27272727272727 
43.40909090909091 73.86363636363636 54.68181818181818 85.13636363636364 36.59090909090909 67.04545454545455 
56.45454545454545 84.63636363636364 46.77272727272727 74.95454545454545 40.54545454545455 68.72727272727273 
46.81818181818182 75.0 53.59090909090909 81.77272727272727 35.45454545454545 63.63636363636363 
37.45454545454545 67.68181818181819 52.13636363636363 82.36363636363636 31.09090909090909 61.31818181818182 
