93.06818181818181 119.31818181818181 65.43181818181819 91.68181818181819 43.5 69.75 
82.31818181818181 110.8409090909091 51.77272727272727 80.29545454545455 52.5 81.02272727272727 
64.20454545454545 93.29545454545455 54.56818181818182 83.6590909090909 44.86363636363637 73.95454545454545 
80.77272727272727 111.9090909090909 53.09090909090909 84.22727272727273 47.06818181818182 78.20454545454545 
143.36363636363637 173.25 57.72727272727273 87.61363636363636 66.97727272727273 96.86363636363636 
74.22727272727273 101.61363636363636 58.27272727272727 85.6590909090909 53.45454545454545 80.8409090909091 
87.56818181818181 116.20454545454545 58.61363636363637 87.25 43.29545454545455 71.93181818181819 
67.72727272727273 95.45454545454545 50.47727272727273 78.20454545454545 45.02272727272727 72.75 
56.88636363636363 85.63636363636364 61.75 90.5 45.52272727272727 74.27272727272727 
77.93181818181819 106.22727272727273 55.04545454545455 83.3409090909091 50.43181818181818 78.72727272727273 
103.06818181818181 129.77272727272728 56.56818181818182 83.27272727272727 44.90909090909091 71.61363636363636 
86.45454545454545 117.47727272727273 46.97727272727273 78.0 59.27272727272727 90.29545454545455 
107.97727272727273 139.45454545454547 54.93181818181818 86.4090909090909 48.68181818181818 80.1590909090909 
80.13636363636364 106.8409090909091 59.04545454545455 85.75 61.72727272727273 88.43181818181819 
94.0 127.75 66.1590909090909 99.9090909090909 55.45454545454545 89.20454545454545 
93.5909090909091 121.31818181818181 57.77272727272727 85.5 60.09090909090909 87.81818181818181 
69.77272727272727 98.4090909090909 48.06818181818182 76.70454545454545 43.5 72.13636363636364 
81.97727272727273 110.8409090909091 69.52272727272727 98.38636363636364 50.56818181818182 79.43181818181819 
119.81818181818181 146.4090909090909 64.61363636363636 91.20454545454545 45.54545454545455 72.13636363636364 
140.04545454545453 167.4318181818182 51.0 78.38636363636364 47.63636363636363 75.02272727272727 
121.47727272727273 151.25 59.27272727272727 89.04545454545455 61.04545454545455 90.81818181818181 
78.06818181818181 105.22727272727273 51.97727272727273 79.13636363636364 46.13636363636363 73.29545454545455 
75.54545454545455 105.31818181818181 52.25 82.02272727272727 41.81818181818182 71.5909090909091 
66.79545454545455 94.52272727272727 66.6590909090909 94.38636363636364 43.97727272727273 71.70454545454545 
66.93181818181819 93.97727272727273 60.18181818181818 87.22727272727273 38.27272727272727 65.31818181818181 
71.31818181818181 101.6590909090909 52.04545454545455 82.38636363636364 41.5 71.8409090909091 
58.27272727272727 86.9090909090909 49.11363636363637 77.75 40.72727272727273 69.36363636363636 
66.70454545454545 90.22727272727273 58.52272727272727 82.04545454545455 41.06818181818182 64.5909090909091 
72.0 101.88636363636364 49.22727272727273 79.11363636363636 37.59090909090909 67.47727272727273 
71.22727272727273 99.63636363636364 55.25 83.6590909090909 55.88636363636363 84.29545454545455 
69.52272727272727 99.63636363636364 58.27272727272727 88.38636363636364 48.15909090909091 78.27272727272727 
52.0 79.61363636363636 50.06818181818182 77.68181818181819 40.54545454545455 68.1590909090909 
65.20454545454545 94.52272727272727 55.36363636363637 84.68181818181819 42.97727272727273 72.29545454545455 
89.97727272727273 118.61363636363636 58.63636363636363 87.27272727272727 43.59090909090909 72.22727272727273 
47.90909090909091 76.43181818181819 52.70454545454545 81.22727272727273 40.63636363636363 69.1590909090909 
43.15909090909091 74.4090909090909 58.77272727272727 90.02272727272727 31.136363636363637 62.38636363636363 
56.04545454545455 82.18181818181819 58.79545454545455 84.93181818181819 40.86363636363637 67.0 
55.93181818181818 82.75 57.86363636363637 84.68181818181819 42.86363636363637 69.68181818181819 
91.79545454545455 118.5 60.52272727272727 87.22727272727273 56.38636363636363 83.0909090909091 
88.54545454545455 117.75 64.6590909090909 93.86363636363636 52.95454545454545 82.1590909090909 
88.68181818181819 118.11363636363636 61.61363636363637 91.04545454545455 55.18181818181818 84.61363636363636 
78.45454545454545 105.95454545454545 54.88636363636363 82.38636363636364 42.43181818181818 69.93181818181819 
76.88636363636364 103.13636363636364 64.54545454545455 90.79545454545455 53.86363636363637 80.11363636363636 
53.31818181818182 83.77272727272727 50.52272727272727 80.97727272727273 41.22727272727273 71.68181818181819 
83.5 111.68181818181819 53.52272727272727 81.70454545454545 42.93181818181818 71.11363636363636 
64.31818181818181 95.0 60.15909090909091 90.8409090909091 46.56818181818182 77.25 
75.22727272727273 106.47727272727273 61.86363636363637 93.11363636363636 47.04545454545455 78.29545454545455 
54.18181818181818 81.3409090909091 58.18181818181818 85.3409090909091 42.09090909090909 69.25 
81.88636363636364 111.77272727272727 55.34090909090909 85.22727272727273 42.20454545454545 72.0909090909091 
107.8409090909091 136.13636363636363 64.45454545454545 92.75 44.86363636363637 73.1590909090909 
