70.93333333333334 101.26666666666667 59.06666666666667 89.4 42.28888888888889 72.62222222222222 
65.93333333333334 94.82222222222222 52.6 81.4888888888889 46.111111111111114 75.0 
71.37777777777778 101.26666666666667 58.0 87.88888888888889 51.2 81.08888888888889 
60.977777777777774 90.64444444444445 49.51111111111111 79.17777777777778 42.82222222222222 72.4888888888889 
80.97777777777777 112.75555555555556 51.48888888888889 83.26666666666667 45.022222222222226 76.8 
101.08888888888889 130.2 62.06666666666667 91.17777777777778 55.08888888888889 84.2 
57.644444444444446 84.31111111111112 54.13333333333333 80.8 46.644444444444446 73.31111111111112 
69.93333333333334 99.04444444444445 63.733333333333334 92.84444444444445 42.82222222222222 71.93333333333334 
73.33333333333333 100.22222222222223 58.53333333333333 85.42222222222222 44.333333333333336 71.22222222222223 
86.8 115.68888888888888 68.88888888888889 97.77777777777777 55.733333333333334 84.62222222222222 
71.97777777777777 99.75555555555556 55.91111111111111 83.68888888888888 50.62222222222222 78.4 
82.55555555555556 112.11111111111111 58.28888888888889 87.84444444444445 49.666666666666664 79.22222222222223 
158.33333333333334 189.55555555555554 59.84444444444444 91.06666666666666 65.57777777777778 96.8 
65.35555555555555 95.46666666666667 57.28888888888889 87.4 42.71111111111111 72.82222222222222 
84.86666666666666 112.64444444444445 50.75555555555555 78.53333333333333 51.86666666666667 79.64444444444445 
70.2 97.42222222222222 64.35555555555555 91.57777777777778 47.28888888888889 74.5111111111111 
60.71111111111111 89.37777777777778 54.422222222222224 83.08888888888889 43.666666666666664 72.33333333333333 
79.86666666666666 107.75555555555556 62.53333333333333 90.42222222222222 49.84444444444444 77.73333333333333 
54.733333333333334 83.5111111111111 56.333333333333336 85.11111111111111 43.71111111111111 72.4888888888889 
55.91111111111111 85.35555555555555 52.37777777777778 81.82222222222222 42.644444444444446 72.08888888888889 
81.17777777777778 110.17777777777778 62.06666666666667 91.06666666666666 54.422222222222224 83.42222222222222 
43.044444444444444 70.37777777777778 51.333333333333336 78.66666666666667 31.044444444444444 58.37777777777778 
97.44444444444444 128.33333333333334 61.333333333333336 92.22222222222223 54.422222222222224 85.31111111111112 
84.73333333333333 113.17777777777778 62.24444444444445 90.68888888888888 51.888888888888886 80.33333333333333 
64.0 91.77777777777777 52.93333333333333 80.71111111111111 40.91111111111111 68.68888888888888 
82.66666666666667 110.0 57.8 85.13333333333334 43.46666666666667 70.8 
74.22222222222223 99.55555555555556 57.44444444444444 82.77777777777777 39.71111111111111 65.04444444444445 
73.97777777777777 102.2 45.44444444444444 73.66666666666667 45.666666666666664 73.88888888888889 
59.733333333333334 85.4 52.644444444444446 78.31111111111112 36.977777777777774 62.644444444444446 
115.77777777777777 145.55555555555554 54.71111111111111 84.4888888888889 59.75555555555555 89.53333333333333 
70.24444444444444 95.91111111111111 58.422222222222224 84.08888888888889 44.17777777777778 69.84444444444445 
76.84444444444445 106.06666666666666 55.2 84.42222222222222 49.91111111111111 79.13333333333334 
54.48888888888889 81.6 57.644444444444446 84.75555555555556 40.15555555555556 67.26666666666667 
46.91111111111111 76.68888888888888 54.75555555555555 84.53333333333333 38.53333333333333 68.31111111111112 
114.33333333333333 143.66666666666666 46.77777777777778 76.11111111111111 53.0 82.33333333333333 
72.68888888888888 100.02222222222223 59.0 86.33333333333333 55.24444444444445 82.57777777777778 
61.51111111111111 90.28888888888889 51.022222222222226 79.8 35.31111111111111 64.08888888888889 
85.11111111111111 113.66666666666667 60.577777777777776 89.13333333333334 52.86666666666667 81.42222222222222 
100.64444444444445 131.42222222222222 54.4 85.17777777777778 54.68888888888889 85.46666666666667 
116.33333333333333 145.66666666666666 60.06666666666667 89.4 57.71111111111111 87.04444444444445 
69.62222222222222 97.73333333333333 60.6 88.71111111111111 44.8 72.91111111111111 
77.97777777777777 107.97777777777777 57.111111111111114 87.11111111111111 50.888888888888886 80.88888888888889 
59.022222222222226 85.91111111111111 58.044444444444444 84.93333333333334 47.28888888888889 74.17777777777778 
101.91111111111111 131.8 54.68888888888889 84.57777777777778 58.111111111111114 88.0 
83.28888888888889 112.95555555555555 50.37777777777778 80.04444444444445 54.62222222222222 84.28888888888889 
115.15555555555555 145.26666666666668 66.5111111111111 96.62222222222222 48.2 78.31111111111112 
93.17777777777778 121.4 53.55555555555556 81.77777777777777 51.266666666666666 79.4888888888889 
61.44444444444444 90.77777777777777 56.93333333333333 86.26666666666667 42.022222222222226 71.35555555555555 
102.15555555555555 132.26666666666668 60.68888888888889 90.8 50.86666666666667 80.97777777777777 
80.62222222222222 108.4 55.93333333333333 83.71111111111111 59.86666666666667 87.64444444444445 
