76.2127659574468 104.08510638297872 50.319148936170215 78.19148936170212 36.680851063829785 64.55319148936171 
150.87234042553192 178.85106382978722 60.91489361702128 88.8936170212766 49.723404255319146 77.70212765957447 
75.48936170212765 101.44680851063829 59.340425531914896 85.29787234042553 51.59574468085106 77.55319148936171 
84.19148936170212 113.55319148936171 56.53191489361702 85.8936170212766 50.255319148936174 79.61702127659575 
51.93617021276596 78.1063829787234 52.297872340425535 78.46808510638297 34.1063829787234 60.276595744680854 
137.08510638297872 168.25531914893617 60.4468085106383 91.61702127659575 49.744680851063826 80.91489361702128 
129.12765957446808 158.59574468085106 63.57446808510638 93.04255319148936 54.659574468085104 84.12765957446808 
76.40425531914893 104.59574468085107 53.744680851063826 81.93617021276596 49.148936170212764 77.34042553191489 
121.1063829787234 149.08510638297872 52.851063829787236 80.82978723404256 54.340425531914896 82.31914893617021 
101.1063829787234 129.61702127659575 53.8936170212766 82.40425531914893 55.340425531914896 83.85106382978724 
141.25531914893617 171.04255319148936 59.38297872340426 89.17021276595744 55.191489361702125 84.97872340425532 
58.361702127659576 88.14893617021276 61.59574468085106 91.38297872340425 45.851063829787236 75.63829787234043 
117.57446808510639 147.7872340425532 59.723404255319146 89.93617021276596 57.702127659574465 87.91489361702128 
56.02127659574468 84.74468085106383 58.91489361702128 87.63829787234043 41.276595744680854 70.0 
61.212765957446805 89.82978723404256 55.42553191489362 84.04255319148936 43.87234042553192 72.48936170212765 
69.65957446808511 95.61702127659575 58.06382978723404 84.02127659574468 46.744680851063826 72.70212765957447 
162.70212765957447 191.63829787234042 63.53191489361702 92.46808510638297 60.765957446808514 89.70212765957447 
70.93617021276596 97.95744680851064 64.17021276595744 91.19148936170212 47.5531914893617 74.57446808510639 
87.72340425531915 116.23404255319149 61.8936170212766 90.40425531914893 55.808510638297875 84.31914893617021 
62.38297872340426 90.14893617021276 49.765957446808514 77.53191489361703 41.46808510638298 69.23404255319149 
91.95744680851064 122.70212765957447 56.57446808510638 87.31914893617021 46.8936170212766 77.63829787234043 
56.93617021276596 84.06382978723404 52.53191489361702 79.65957446808511 41.212765957446805 68.34042553191489 
156.38297872340425 186.06382978723406 59.744680851063826 89.42553191489361 72.34042553191489 102.02127659574468 
58.53191489361702 86.51063829787235 55.51063829787234 83.48936170212765 43.638297872340424 71.61702127659575 
74.59574468085107 106.08510638297872 55.93617021276596 87.42553191489361 41.02127659574468 72.51063829787235 
61.276595744680854 88.19148936170212 51.97872340425532 78.8936170212766 44.787234042553195 71.70212765957447 
79.23404255319149 106.46808510638297 62.08510638297872 89.31914893617021 49.829787234042556 77.06382978723404 
99.97872340425532 127.63829787234043 68.97872340425532 96.63829787234043 53.0 80.65957446808511 
72.74468085106383 102.31914893617021 59.93617021276596 89.51063829787235 51.12765957446808 80.70212765957447 
78.38297872340425 106.7872340425532 56.212765957446805 84.61702127659575 42.1063829787234 70.51063829787235 
58.61702127659574 87.34042553191489 58.765957446808514 87.48936170212765 40.702127659574465 69.42553191489361 
68.85106382978724 97.46808510638297 60.297872340425535 88.91489361702128 47.170212765957444 75.7872340425532 
67.59574468085107 96.74468085106383 57.659574468085104 86.80851063829788 48.765957446808514 77.91489361702128 
105.63829787234043 132.0212765957447 54.61702127659574 81.0 51.91489361702128 78.29787234042553 
85.72340425531915 113.70212765957447 61.191489361702125 89.17021276595744 51.148936170212764 79.12765957446808 
52.723404255319146 79.63829787234043 58.5531914893617 85.46808510638297 37.702127659574465 64.61702127659575 
80.44680851063829 107.68085106382979 59.42553191489362 86.65957446808511 53.1063829787234 80.34042553191489 
77.74468085106383 105.08510638297872 59.808510638297875 87.14893617021276 52.319148936170215 79.65957446808511 
108.61702127659575 136.38297872340425 50.40425531914894 78.17021276595744 46.57446808510638 74.34042553191489 
75.23404255319149 102.68085106382979 65.93617021276596 93.38297872340425 49.148936170212764 76.59574468085107 
77.04255319148936 104.48936170212765 55.61702127659574 83.06382978723404 50.87234042553192 78.31914893617021 
76.2127659574468 104.29787234042553 61.08510638297872 89.17021276595744 36.787234042553195 64.87234042553192 
62.08510638297872 90.80851063829788 50.42553191489362 79.14893617021276 37.340425531914896 66.06382978723404 
137.68085106382978 167.46808510638297 58.04255319148936 87.82978723404256 61.851063829787236 91.63829787234043 
57.829787234042556 86.76595744680851 54.638297872340424 83.57446808510639 39.53191489361702 68.46808510638297 
75.59574468085107 106.23404255319149 54.808510638297875 85.44680851063829 58.851063829787236 89.48936170212765 
53.8936170212766 81.02127659574468 54.48936170212766 81.61702127659575 41.53191489361702 68.65957446808511 
73.0 99.70212765957447 51.46808510638298 78.17021276595744 38.0 64.70212765957447 
62.319148936170215 89.12765957446808 59.48936170212766 86.29787234042553 36.42553191489362 63.234042553191486 
135.46808510638297 164.08510638297872 54.93617021276596 83.55319148936171 56.04255319148936 84.65957446808511 
