9156.064197530864 9184.422222222222 1398.027160493827 1426.3851851851853 1367.6567901234569 1396.0148148148148 
9274.975308641975 9302.481481481482 1321.3827160493827 1348.888888888889 1221.20987654321 1248.716049382716 
9081.353086419753 9109.266666666666 1440.4518518518519 1468.3654320987655 1275.4888888888888 1303.4024691358024 
8944.365432098766 8971.822222222223 1507.7604938271604 1535.2172839506172 1457.5382716049382 1484.995061728395 
9206.817283950617 9234.348148148149 1338.5333333333333 1366.0641975308642 1258.879012345679 1286.40987654321 
9720.244444444445 9748.17037037037 1584.5407407407408 1612.4666666666667 1397.195061728395 1425.120987654321 
9209.017283950618 9237.523456790124 1439.8691358024691 1468.3753086419754 1283.8197530864197 1312.325925925926 
9363.162962962962 9391.40987654321 1334.7802469135802 1363.027160493827 1486.804938271605 1515.0518518518518 
9308.624691358025 9336.303703703703 1453.316049382716 1480.995061728395 1271.0074074074073 1298.6864197530865 
8996.479012345679 9024.565432098765 1427.2074074074073 1455.2938271604937 1282.8617283950616 1310.9481481481482 
9506.80987654321 9535.723456790123 1418.7481481481482 1447.6617283950618 1470.8716049382715 1499.7851851851851 
9528.74074074074 9557.148148148148 1342.2222222222222 1370.6296296296296 1324.1358024691358 1352.5432098765432 
9617.676543209876 9646.293827160494 1596.553086419753 1625.1703703703704 1490.5777777777778 1519.195061728395 
9062.58024691358 9090.888888888889 1425.9876543209878 1454.2962962962963 1272.3703703703704 1300.679012345679 
9415.35061728395 9443.893827160493 1428.9802469135802 1457.5234567901234 1342.2024691358024 1370.7456790123456 
9162.182716049383 9190.293827160494 1429.3555555555556 1457.4666666666667 1297.7259259259258 1325.8370370370371 
9606.41975308642 9634.666666666666 1533.9876543209878 1562.2345679012346 1405.1728395061727 1433.4197530864199 
9280.387654320988 9308.338271604938 1366.1777777777777 1394.1283950617285 1228.646913580247 1256.5975308641976 
9547.896296296296 9576.945679012346 1407.846913580247 1436.8962962962962 1424.7234567901235 1453.7728395061729 
9177.071604938272 9205.232098765433 1382.9975308641976 1411.158024691358 1320.4666666666667 1348.6271604938272 
9228.624691358025 9257.562962962964 1344.8962962962962 1373.8345679012345 1303.353086419753 1332.2913580246914 
9000.888888888889 9027.641975308641 1470.8765432098764 1497.6296296296296 1461.8148148148148 1488.567901234568 
9612.74074074074 9641.518518518518 1254.8024691358025 1283.5802469135801 1323.0987654320988 1351.8765432098764 
8991.355555555556 9019.158024691358 1458.8987654320988 1486.7012345679013 1179.762962962963 1207.5654320987655 
9354.60987654321 9383.35061728395 1533.2765432098765 1562.0172839506172 1414.1283950617285 1442.8691358024691 
9729.39012345679 9758.562962962964 1554.414814814815 1583.5876543209877 1347.8962962962962 1377.0691358024692 
9359.40987654321 9387.792592592592 1504.8913580246913 1533.2740740740742 1467.125925925926 1495.5086419753086 
9143.881481481481 9171.597530864197 1445.4617283950618 1473.1777777777777 1272.2395061728396 1299.9555555555555 
9064.503703703704 9092.244444444445 1456.6765432098766 1484.4172839506173 1310.9851851851852 1338.7259259259258 
9322.125925925926 9350.237037037037 1395.2493827160495 1423.3604938271606 1431.3975308641975 1459.5086419753086 
9611.118518518519 9640.723456790123 1454.241975308642 1483.846913580247 1510.6864197530865 1540.2913580246914 
9387.241975308641 9415.513580246914 1456.1925925925925 1484.464197530864 1334.7111111111112 1362.9827160493828 
9506.464197530864 9535.081481481482 1439.958024691358 1468.5753086419752 1409.9086419753087 1438.525925925926 
9073.044444444444 9101.044444444444 1303.7851851851851 1331.7851851851851 1290.2666666666667 1318.2666666666667 
9216.982716049382 9245.538271604939 1470.6123456790124 1499.1679012345678 1387.6123456790124 1416.1679012345678 
9337.898765432099 9365.91111111111 1446.404938271605 1474.4172839506173 1240.0098765432099 1268.0222222222221 
9083.827160493827 9111.753086419752 1456.1234567901236 1484.0493827160494 1332.0617283950617 1359.9876543209878 
9460.654320987655 9489.32098765432 1636.679012345679 1665.3456790123457 1390.6172839506173 1419.283950617284 
8942.079012345679 8969.09135802469 1582.3012345679012 1609.3135802469135 1432.6592592592592 1459.6716049382717 
9211.064197530864 9239.348148148149 1454.4716049382716 1482.7555555555555 1341.0765432098765 1369.3604938271606 
9213.516049382715 9241.602469135802 1496.8617283950616 1524.9481481481482 1365.3802469135803 1393.4666666666667 
9139.940740740742 9167.718518518519 1396.6320987654321 1424.40987654321 1325.2617283950617 1353.0395061728395 
9722.735802469137 9752.22962962963 1430.637037037037 1460.1308641975309 1384.032098765432 1413.525925925926 
9329.397530864198 9357.916049382717 1576.1012345679012 1604.6197530864197 1411.4345679012345 1439.9530864197532 
9470.175308641976 9498.841975308642 1451.3975308641975 1480.0641975308642 1371.3728395061728 1400.0395061728395 
9513.646913580247 9541.671604938272 1478.5975308641976 1506.6222222222223 1336.2271604938271 1364.2518518518518 
9379.508641975308 9407.82962962963 1662.9037037037037 1691.2246913580248 1553.916049382716 1582.237037037037 
9181.558024691358 9209.879012345678 1447.1012345679012 1475.4222222222222 1425.9901234567901 1454.3111111111111 
9426.348148148149 9455.15061728395 1474.5333333333333 1503.3358024691358 1329.3975308641975 1358.2 
9495.343209876542 9524.738271604938 1255.9975308641976 1285.3925925925926 1310.9851851851852 1340.3802469135803 
