6883.524590163935 6912.934426229508 789.016393442623 818.4262295081967 743.6065573770492 773.016393442623 
6707.4098360655735 6734.803278688524 771.5573770491803 798.9508196721312 734.5737704918033 761.9672131147541 
6385.413114754098 6412.806557377049 826.2491803278689 853.6426229508197 701.7573770491804 729.1508196721311 
6642.262295081967 6669.327868852459 758.1311475409836 785.1967213114754 684.1803278688525 711.2459016393443 
6587.744262295082 6616.367213114754 551.727868852459 580.3508196721311 720.5147540983606 749.1377049180328 
6744.724590163934 6773.790163934426 768.6754098360656 797.7409836065574 756.6098360655737 785.6754098360656 
6449.383606557377 6477.711475409836 665.8426229508196 694.1704918032787 618.6786885245901 647.0065573770491 
6732.76393442623 6761.649180327869 821.1245901639344 850.0098360655737 801.1409836065574 830.0262295081967 
6859.216393442623 6888.495081967213 669.1016393442623 698.3803278688524 736.3803278688524 765.6590163934426 
6459.068852459016 6486.855737704918 617.7573770491804 645.5442622950819 594.6918032786886 622.4786885245902 
6779.4 6807.137704918033 741.4819672131148 769.2196721311475 741.5803278688525 769.3180327868853 
6332.616393442623 6360.452459016394 838.5180327868852 866.3540983606557 702.5016393442623 730.3377049180328 
6547.416393442623 6576.23606557377 693.7770491803278 722.5967213114754 744.416393442623 773.2360655737705 
7026.255737704918 7055.403278688525 703.6327868852459 732.7803278688525 697.6819672131147 726.8295081967213 
6539.373770491803 6567.570491803279 763.3573770491803 791.5540983606558 774.2426229508196 802.4393442622951 
6796.075409836066 6824.944262295082 618.0098360655737 646.8786885245902 632.1245901639344 660.9934426229509 
6604.5311475409835 6632.809836065574 821.8098360655738 850.088524590164 770.9409836065573 799.2196721311475 
6638.983606557377 6666.016393442623 795.8360655737705 822.8688524590164 736.639344262295 763.672131147541 
6455.534426229508 6483.632786885246 736.4360655737705 764.5344262295082 799.5508196721312 827.6491803278689 
6517.895081967213 6547.0918032786885 757.8622950819672 787.0590163934427 801.4196721311475 830.616393442623 
6615.55737704918 6643.786885245901 714.4098360655738 742.639344262295 740.327868852459 768.5573770491803 
6549.550819672131 6577.354098360655 813.3213114754099 841.1245901639344 678.255737704918 706.0590163934427 
6474.052459016393 6501.429508196721 693.1344262295082 720.5114754098361 624.3967213114754 651.7737704918032 
6446.55737704918 6474.475409836065 720.9344262295082 748.8524590163935 643.7540983606557 671.672131147541 
6510.377049180328 6538.327868852459 840.8360655737705 868.7868852459017 714.655737704918 742.6065573770492 
6468.150819672132 6496.183606557377 840.0852459016394 868.1180327868852 693.4786885245902 721.5114754098361 
6758.577049180328 6787.2819672131145 673.7737704918032 702.4786885245902 716.3311475409836 745.0360655737705 
6444.67868852459 6472.334426229509 820.0065573770491 847.6622950819672 701.7770491803278 729.432786885246 
6506.950819672131 6535.098360655737 755.3934426229508 783.5409836065573 789.4262295081967 817.5737704918033 
6589.265573770492 6618.249180327869 811.2983606557377 840.2819672131147 733.5442622950819 762.527868852459 
6704.118032786885 6732.691803278689 789.527868852459 818.1016393442623 748.527868852459 777.1016393442623 
6573.08524590164 6601.888524590164 844.7409836065574 873.5442622950819 809.7901639344262 838.5934426229509 
6480.96393442623 6509.193442622951 884.8 913.0295081967213 767.2098360655738 795.4393442622951 
6486.662295081967 6514.662295081967 693.6131147540983 721.6131147540983 673.1377049180328 701.1377049180328 
6777.170491803278 6805.826229508197 868.744262295082 897.4 840.6622950819672 869.3180327868853 
6935.87868852459 6965.419672131147 723.0590163934427 752.6 792.1901639344262 821.7311475409836 
6476.731147540983 6504.042622950819 713.1573770491804 740.4688524590164 716.5180327868852 743.8295081967213 
6880.52131147541 6908.8 798.4885245901639 826.7672131147541 699.7180327868853 727.9967213114754 
6636.327868852459 6664.688524590164 706.0491803278688 734.4098360655738 650.5737704918033 678.9344262295082 
6438.163934426229 6466.098360655737 724.1311475409836 752.0655737704918 720.0491803278688 747.983606557377 
6659.580327868853 6688.318032786885 879.3180327868853 908.055737704918 781.8590163934426 810.5967213114754 
6554.862295081967 6582.977049180328 762.4524590163934 790.567213114754 717.7967213114754 745.911475409836 
6625.603278688524 6654.062295081967 666.4065573770491 694.8655737704918 722.3081967213114 750.7672131147541 
6782.573770491803 6810.016393442623 773.5901639344262 801.0327868852459 668.1967213114754 695.639344262295 
6353.865573770492 6382.127868852459 687.3081967213114 715.5704918032787 605.3573770491803 633.6196721311476 
6760.8 6789.783606557377 835.5868852459016 864.5704918032787 798.0295081967213 827.0131147540984 
6624.996721311475 6653.390163934426 740.7508196721311 769.144262295082 857.2098360655738 885.6032786885246 
6803.140983606558 6831.960655737705 725.7639344262295 754.583606557377 555.3868852459017 584.2065573770492 
6687.350819672131 6715.940983606557 769.4 797.9901639344263 667.2688524590164 695.8590163934426 
6799.636065573771 6828.767213114754 565.9967213114754 595.127868852459 603.3573770491803 632.4885245901639 
