12313.095049504951 12341.778217821782 2194.738613861386 2223.4217821782177 2239.1445544554454 2267.8277227722774 
12559.651485148515 12588.958415841584 2290.958415841584 2320.2653465346534 2159.740594059406 2189.047524752475 
11883.968316831682 11912.017821782178 2154.760396039604 2182.809900990099 2156.1960396039603 2184.2455445544556 
11901.455445544554 11929.633663366336 2054.009900990099 2082.1881188118814 1944.1584158415842 1972.3366336633662 
11902.142574257427 11930.182178217821 2164.8752475247525 2192.9148514851486 2037.6376237623763 2065.6772277227724 
11768.20198019802 11795.845544554455 2231.350495049505 2258.994059405941 2133.439603960396 2161.0831683168317 
12056.257425742575 12084.435643564357 2141.6831683168316 2169.861386138614 1921.3564356435643 1949.5346534653465 
12206.073267326732 12234.10297029703 2238.0435643564356 2266.0732673267325 2099.291089108911 2127.320792079208 
12017.261386138614 12045.99405940594 2143.568316831683 2172.30099009901 1990.459405940594 2019.1920792079209 
12521.552475247525 12550.760396039605 2188.89900990099 2218.1069306930694 2049.760396039604 2078.9683168316833 
12054.938613861386 12082.948514851485 2310.2950495049504 2338.3049504950495 1970.809900990099 1998.819801980198 
11504.510891089109 11531.837623762376 2258.2633663366337 2285.5900990099008 2093.0356435643566 2120.3623762376237 
12491.946534653465 12520.659405940594 2198.2930693069306 2227.005940594059 2003.1247524752475 2031.8376237623763 
12156.273267326733 12184.887128712871 2468.867326732673 2497.481188118812 2155.9861386138614 2184.6 
11951.681188118811 11980.176237623762 2141.6316831683166 2170.1267326732673 1971.5524752475249 2000.0475247524753 
12122.041584158416 12150.180198019802 2175.9326732673267 2204.071287128713 2016.0910891089109 2044.229702970297 
12219.730693069307 12247.582178217821 2163.2158415841586 2191.0673267326733 2185.3247524752474 2213.1762376237625 
12099.950495049505 12127.39603960396 2181.3762376237623 2208.8217821782177 2119.5247524752476 2146.970297029703 
11862.219801980198 11889.803960396039 2016.2693069306931 2043.8534653465347 1920.031683168317 1947.6158415841585 
11447.1900990099 11474.368316831684 2206.308910891089 2233.4871287128713 2043.8336633663366 2071.011881188119 
12232.883168316832 12261.556435643564 2285.2297029702972 2313.9029702970297 2058.813861386139 2087.4871287128713 
12224.219801980198 12252.863366336634 2262.813861386139 2291.4574257425743 2038.110891089109 2066.7544554455444 
11893.215841584159 11921.661386138614 2175.186138613861 2203.6316831683166 2095.1663366336634 2123.611881188119 
12285.221782178218 12313.815841584159 2227.8653465346533 2256.459405940594 2169.390099009901 2197.9841584158416 
12131.00594059406 12159.372277227723 2314.4613861386138 2342.8277227722774 2092.8970297029705 2121.2633663366337 
12257.483168316832 12285.681188118811 2166.0079207920794 2194.2059405940595 2048.3643564356435 2076.5623762376235 
11859.247524752474 11887.712871287129 2173.8811881188117 2202.3465346534654 2005.851485148515 2034.3168316831684 
11947.477227722773 11975.59603960396 2119.150495049505 2147.269306930693 2124.7742574257427 2152.8930693069306 
11907.512871287128 11935.908910891088 2082.057425742574 2110.453465346535 1990.671287128713 2019.0673267326733 
12794.247524752474 12822.970297029702 2227.158415841584 2255.8811881188117 1989.1287128712872 2017.851485148515 
11859.875247524753 11887.99405940594 2140.7861386138616 2168.9049504950494 2131.449504950495 2159.568316831683 
11832.70297029703 11860.772277227723 2165.227722772277 2193.29702970297 1931.920792079208 1959.990099009901 
11995.99405940594 12024.459405940594 2178.231683168317 2206.69702970297 2049.8653465346533 2078.330693069307 
12671.837623762376 12701.075247524752 2359.1940594059406 2388.431683168317 2128.441584158416 2157.679207920792 
11746.970297029702 11775.29702970297 2189.0495049504952 2217.3762376237623 1964.9405940594058 1993.2673267326732 
12024.019801980197 12051.920792079209 2234.960396039604 2262.861386138614 1932.9405940594058 1960.8415841584158 
11922.257425742575 11949.851485148514 2010.1881188118812 2037.7821782178219 1954.0891089108911 1981.6831683168316 
12465.231683168317 12494.380198019802 2235.756435643564 2264.9049504950494 2075.7366336633663 2104.8851485148516 
12259.584158415842 12288.079207920791 2147.6435643564355 2176.138613861386 2167.4158415841584 2195.910891089109 
11909.536633663367 11938.160396039604 2091.6257425742574 2120.249504950495 2172.8534653465344 2201.477227722772 
12196.045544554456 12224.679207920792 2253.3326732673268 2281.9663366336636 2104.6891089108913 2133.3227722772276 
12429.00198019802 12457.68514851485 2262.576237623762 2291.259405940594 2194.120792079208 2222.8039603960397 
12285.930693069307 12314.326732673268 2209.1881188118814 2237.5841584158416 1955.2079207920792 1983.6039603960396 
11830.439603960396 11858.726732673267 2149.9247524752477 2178.2118811881187 2044.0534653465347 2072.340594059406 
11904.485148514852 11932.633663366336 2255.871287128713 2284.019801980198 2165.069306930693 2193.2178217821784 
11496.075247524752 11524.045544554456 2180.1049504950497 2208.0752475247523 2053.0158415841584 2080.9861386138614 
12346.60396039604 12375.18811881188 2322.960396039604 2351.5445544554455 2101.5445544554455 2130.128712871287 
12479.647524752476 12508.79603960396 2157.687128712871 2186.8356435643564 2182.568316831683 2211.7168316831685 
11933.287128712871 11961.30693069307 2126.267326732673 2154.2871287128714 2072.7227722772277 2100.7425742574255 
11949.085148514852 11978.065346534653 2164.510891089109 2193.4910891089107 2146.0653465346536 2175.0455445544553 
