17517.936170212764 17546.007092198583 3807.517730496454 3835.5886524822695 3336.553191489362 3364.624113475177 
17304.41843971631 17332.35460992908 3753.6170212765956 3781.553191489362 3393.531914893617 3421.468085106383 
17543.163120567377 17571.666666666668 3703.936170212766 3732.4397163120566 3323.1843971631206 3351.6879432624114 
18220.251063829786 18249.4780141844 3791.527659574468 3820.754609929078 3549.350354609929 3578.577304964539 
17320.574468085106 17348.872340425532 3598.6099290780144 3626.9078014184397 3547.758865248227 3576.0567375886526 
17791.20425531915 17819.70070921986 3524.0340425531913 3552.530496453901 3356.218439716312 3384.714893617021 
17930.23404255319 17959.333333333332 3789.4397163120566 3818.5390070921985 3422.723404255319 3451.822695035461 
17261.364539007092 17289.04539007092 3842.0524822695033 3869.733333333333 3567.4851063829788 3595.1659574468085 
17134.417021276597 17162.43829787234 3625.991489361702 3654.012765957447 3487.9702127659575 3515.991489361702 
17729.814184397164 17758.38865248227 3564.168794326241 3592.7432624113476 3388.104964539007 3416.6794326241134 
17769.320567375886 17797.33475177305 3571.3843971631204 3599.3985815602837 3493.114893617021 3521.1290780141844 
17561.228368794327 17589.11489361702 3652.441134751773 3680.3276595744683 3580.7248226950355 3608.6113475177303 
17926.673758865247 17955.41134751773 3784.7021276595747 3813.4397163120566 3616.0851063829787 3644.822695035461 
17975.4780141844 18004.151773049645 3541.3574468085108 3570.031205673759 3476.0382978723405 3504.7120567375887 
17751.251063829786 17779.619858156027 3829.2794326241133 3857.6482269503545 3558.6340425531916 3587.002836879433 
17528.35319148936 17556.948936170214 3585.8070921985814 3614.4028368794325 3631.736170212766 3660.331914893617 
17260.0 17287.737588652482 3722.1702127659573 3749.9078014184397 3398.8156028368794 3426.553191489362 
17526.897872340425 17554.975886524822 3638.6425531914892 3666.7205673758867 3503.7560283687944 3531.8340425531915 
17312.300709219857 17340.371631205675 3713.726241134752 3741.7971631205673 3505.2297872340428 3533.300709219858 
17225.470921985816 17253.5914893617 3629.222695035461 3657.3432624113475 3391.8468085106383 3419.9673758865247 
17459.078014184397 17487.22695035461 3734.4609929078015 3762.6099290780144 3572.971631205674 3601.1205673758864 
17419.20283687943 17447.05390070922 3751.1248226950356 3778.9758865248227 3383.9758865248227 3411.82695035461 
17327.217021276596 17354.855319148937 3727.8978723404257 3755.536170212766 3338.472340425532 3366.1106382978724 
17833.31914893617 17861.801418439718 3586.4609929078015 3614.9432624113474 3510.8156028368794 3539.2978723404253 
17033.178723404257 17060.923404255318 3573.9659574468087 3601.7106382978723 3505.2709219858157 3533.015602836879 
17551.513475177304 17579.520567375886 3574.2936170212765 3602.300709219858 3345.0524822695033 3373.059574468085 
17392.45815602837 17421.14609929078 3546.493617021277 3575.1815602836878 3527.7702127659572 3556.4581560283686 
17520.982978723405 17549.060992907802 3417.4085106382977 3445.486524822695 3325.443971631206 3353.521985815603 
17799.883687943264 17829.38723404255 3715.990070921986 3745.493617021277 3656.7985815602838 3686.3021276595746 
17704.381560283688 17732.729078014185 3643.487943262411 3671.835460992908 3656.6439716312057 3684.991489361702 
17533.54326241135 17562.316312056737 3738.2028368794327 3766.9758865248227 3504.841134751773 3533.614184397163 
16873.88085106383 16901.52624113475 3755.717730496454 3783.363120567376 3455.6326241134752 3483.2780141843973 
16833.52624113475 16861.29219858156 3771.06524822695 3798.831205673759 3529.987234042553 3557.7531914893616 
17699.10070921986 17727.618439716312 3599.3702127659576 3627.887943262411 3341.5049645390072 3370.022695035461 
17833.798581560284 17862.330496453902 3710.954609929078 3739.486524822695 3666.2028368794327 3694.7347517730495 
16995.792907801417 17023.906382978723 3604.835460992908 3632.9489361702126 3362.282269503546 3390.395744680851 
17441.52624113475 17469.65390070922 3560.2780141843973 3588.4056737588653 3468.909219858156 3497.036879432624 
17646.771631205673 17675.729078014185 3644.587234042553 3673.5446808510637 3622.48085106383 3651.4382978723406 
17792.904964539008 17821.897872340425 3501.4652482269503 3530.4581560283686 3365.791489361702 3394.7843971631205 
17396.151773049645 17424.556028368796 3839.85390070922 3868.258156028369 3459.8893617021276 3488.2936170212765 
17373.575886524824 17401.639716312056 3734.97304964539 3763.036879432624 3655.0439716312057 3683.1078014184395 
17271.246808510637 17299.232624113476 3695.509219858156 3723.4950354609928 3483.140425531915 3511.1262411347516 
17815.36170212766 17843.929078014186 3588.063829787234 3616.631205673759 3344.673758865248 3373.241134751773 
17696.91205673759 17725.046808510637 3788.4014184397165 3816.536170212766 3440.323404255319 3468.4581560283686 
17413.451063829787 17441.798581560284 3601.8978723404257 3630.245390070922 3436.0539007092198 3464.4014184397165 
17611.855319148937 17640.351773049646 3750.039716312057 3778.536170212766 3624.245390070922 3652.741843971631 
17830.140425531914 17859.40283687943 3678.268085106383 3707.530496453901 3502.941843971631 3532.204255319149 
18021.2 18049.887943262413 3751.9021276595745 3780.590070921986 3486.767375886525 3515.4553191489363 
17589.917730496454 17619.293617021278 3751.7404255319148 3781.1163120567376 3647.3432624113475 3676.7191489361703 
17771.729078014185 17800.211347517732 3638.93475177305 3667.4170212765957 3405.48085106383 3433.963120567376 
