14898.328925619835 14926.89090909091 2945.221487603306 2973.78347107438 2916.8330578512396 2945.3950413223142 
14811.50743801653 14840.193388429752 3027.4 3056.085950413223 2866.986776859504 2895.672727272727 
14459.404958677685 14487.380165289256 2757.413223140496 2785.3884297520663 2601.6776859504134 2629.6528925619837 
14198.65785123967 14226.310743801652 2828.0876033057853 2855.7404958677685 2643.112396694215 2670.7652892561982 
14388.530578512396 14416.348760330578 2819.0099173553717 2846.8280991735537 2678.6545454545453 2706.4727272727273 
14677.368595041322 14705.244628099173 2909.0628099173555 2936.9388429752066 2741.1619834710746 2769.0380165289257 
15007.7173553719 15036.585123966943 2913.9652892561985 2942.8330578512396 2851.3950413223142 2880.2628099173553 
14440.102479338842 14468.218181818182 2810.4413223140496 2838.5570247933883 2648.5570247933883 2676.672727272727 
14955.976859504131 14984.357024793388 3053.8859504132233 3082.2661157024795 2791.0099173553717 2819.390082644628 
14280.89090909091 14308.84958677686 2888.601652892562 2916.5603305785125 2618.9487603305784 2646.907438016529 
15472.30082644628 15501.35867768595 2922.0363636363636 2951.094214876033 2816.077685950413 2845.1355371900827 
14632.190082644629 14660.347107438016 2720.9421487603304 2749.099173553719 2707.3553719008264 2735.5123966942147 
14755.667768595042 14784.122314049588 2883.229752066116 2911.684297520661 2736.386776859504 2764.8413223140496 
15348.185123966941 15376.928925619835 3004.5735537190085 3033.3173553719007 2905.2181818181816 2933.9619834710743 
14957.66611570248 14985.872727272726 3030.1619834710746 3058.3685950413224 2768.3685950413224 2796.57520661157 
15112.259504132231 15140.581818181818 2975.6231404958676 3003.9454545454546 2821.094214876033 2849.41652892562 
14869.786776859504 14898.29917355372 2847.2495867768594 2875.7619834710745 2920.7867768595042 2949.299173553719 
14539.363636363636 14567.727272727272 3080.0 3108.3636363636365 2766.396694214876 2794.7603305785124 
15046.34049586777 15075.24132231405 2849.365289256198 2878.2661157024795 2996.464462809917 3025.365289256198 
14881.414876033057 14909.315702479338 2830.613223140496 2858.5140495867768 2598.580165289256 2626.4809917355374 
14403.914049586778 14432.269421487603 2898.1785123966943 2926.5338842975207 2745.905785123967 2774.261157024793 
15024.099173553719 15052.768595041322 3035.3884297520663 3064.0578512396696 3003.380165289256 3032.0495867768595 
14510.646280991736 14538.125619834711 2906.2 2933.679338842975 2847.960330578512 2875.4396694214875 
14793.456198347107 14821.745454545455 3152.8528925619835 3181.1421487603307 2893.960330578512 2922.2495867768594 
14898.178512396695 14926.55041322314 2822.401652892562 2850.7735537190083 2844.3355371900825 2872.707438016529 
15016.173553719009 15044.512396694216 2866.0 2894.3388429752067 2698.396694214876 2726.7355371900826 
14516.738842975206 14544.614876033058 2842.9785123966944 2870.8545454545456 2824.6479338842973 2852.523966942149 
14852.462809917355 14881.247933884297 2856.404958677686 2885.190082644628 2791.5785123966944 2820.3636363636365 
15068.176859504132 15096.970247933885 2765.119008264463 2793.9123966942147 2766.3669421487602 2795.1603305785125 
14549.315702479338 14577.034710743801 2790.001652892562 2817.720661157025 2678.8280991735537 2706.5471074380166 
14775.484297520661 14804.211570247933 2897.9388429752066 2926.666115702479 2813.7735537190083 2842.500826446281 
14819.20826446281 14847.480991735538 2881.299173553719 2909.5719008264464 2708.770247933884 2737.0429752066116 
14889.180165289255 14917.80826446281 2835.1801652892564 2863.80826446281 2848.593388429752 2877.221487603306 
14945.871074380166 14974.854545454546 2955.3752066115703 2984.3586776859506 2758.788429752066 2787.771900826446 
14441.059504132232 14469.381818181819 2895.869421487603 2924.19173553719 2679.5140495867768 2707.836363636364 
14978.725619834711 15007.626446280992 3074.064462809917 3102.9652892561985 2716.469421487603 2745.3702479338845 
14243.75867768595 14271.386776859505 2990.3950413223142 3018.0231404958677 2810.279338842975 2837.907438016529 
14753.662809917356 14781.985123966942 3061.6958677685952 3090.018181818182 2852.778512396694 2881.100826446281 
14722.446280991735 14750.380165289256 2923.5785123966944 2951.5123966942147 2620.2561983471073 2648.190082644628 
14507.570247933885 14535.644628099173 2956.190082644628 2984.2644628099174 2828.5702479338843 2856.6446280991736 
14395.2826446281 14423.10909090909 2951.3487603305784 2979.17520661157 2690.927272727273 2718.7537190082644 
14710.530578512396 14738.770247933884 3048.7537190082644 3076.993388429752 2798.4396694214875 2826.679338842975 
14538.099173553719 14566.049586776859 3036.00826446281 3063.9586776859505 2818.206611570248 2846.1570247933882 
15069.426446280992 15098.285950413223 2874.988429752066 2903.8479338842976 2894.112396694215 2922.9719008264465 
15070.171900826446 15099.014876033058 3018.2462809917356 3047.089256198347 2929.4363636363637 2958.279338842975 
14504.396694214876 14532.636363636364 2868.909090909091 2897.1487603305786 2676.190082644628 2704.4297520661157 
14863.965289256199 14892.436363636363 3106.2545454545457 3134.725619834711 2904.469421487603 2932.9404958677687 
15403.92396694215 15432.783471074381 2872.692561983471 2901.5520661157025 2663.998347107438 2692.8578512396693 
14391.0 14418.801652892562 2764.504132231405 2792.305785123967 2853.96694214876 2881.7685950413224 
14846.44958677686 14874.623140495867 2932.201652892562 2960.3752066115703 2863.119008264463 2891.292561983471 
