3930.7853658536587 3958.9317073170732 255.66341463414633 283.809756097561 232.66341463414633 260.809756097561 
3668.3024390243904 3696.741463414634 200.00975609756097 228.44878048780487 225.8390243902439 254.2780487804878 
4004.3658536585367 4033.0975609756097 194.65853658536585 223.390243902439 247.70731707317074 276.4390243902439 
3898.370731707317 3926.3951219512196 191.34634146341463 219.37073170731708 233.17560975609757 261.2 
3884.6 3912.8926829268294 253.69756097560975 281.99024390243903 260.81951219512194 289.11219512195123 
3703.317073170732 3731.4634146341464 219.58536585365854 247.73170731707316 246.609756097561 274.7560975609756 
3795.951219512195 3824.121951219512 249.9512195121951 278.1219512195122 312.5609756097561 340.7317073170732 
3700.70243902439 3728.336585365854 177.45853658536586 205.09268292682927 231.99512195121952 259.6292682926829 
3547.541463414634 3575.2243902439022 308.8829268292683 336.5658536585366 351.809756097561 379.4926829268293 
3625.3951219512196 3653.370731707317 250.10243902439024 278.0780487804878 213.80975609756098 241.78536585365853 
3837.0634146341463 3864.5756097560975 247.0878048780488 274.6 272.6 300.11219512195123 
3923.8146341463416 3952.741463414634 209.1560975609756 238.0829268292683 217.79024390243902 246.7170731707317 
4042.6 4070.8439024390245 203.57560975609755 231.81951219512194 261.01463414634145 289.25853658536585 
4108.8439024390245 4140.1365853658535 228.86829268292684 260.1609756097561 320.7219512195122 352.01463414634145 
3873.6780487804876 3902.458536585366 182.04390243902438 210.82439024390243 237.11707317073171 265.89756097560974 
4042.458536585366 4070.8 240.75121951219512 269.09268292682924 279.89756097560974 308.2390243902439 
3989.2634146341466 4018.7756097560978 190.97073170731707 220.48292682926828 260.409756097561 289.9219512195122 
4005.6487804878047 4034.5268292682927 233.99024390243903 262.86829268292684 331.86829268292684 360.74634146341464 
3564.3951219512196 3592.6146341463414 223.59024390243903 251.80975609756098 239.00487804878048 267.22439024390246 
3789.112195121951 3816.6 227.70243902439023 255.19024390243902 249.57560975609755 277.06341463414634 
3538.951219512195 3565.8048780487807 255.2439024390244 282.0975609756098 312.2439024390244 339.0975609756098 
3884.3756097560977 3913.3024390243904 248.54634146341462 277.47317073170734 232.5951219512195 261.5219512195122 
3981.5073170731707 4009.5560975609756 300.6048780487805 328.65365853658534 340.6048780487805 368.65365853658534 
3842.360975609756 3871.2390243902437 212.14146341463416 241.01951219512196 282.09268292682924 310.9707317073171 
3693.429268292683 3721.258536585366 187.13658536585365 214.9658536585366 234.13658536585365 261.96585365853656 
4053.570731707317 4083.082926829268 271.93658536585366 301.44878048780487 279.74146341463415 309.25365853658536 
3916.1658536585364 3943.7512195121953 306.0439024390244 333.6292682926829 304.0439024390244 331.6292682926829 
3888.3560975609757 3915.673170731707 202.62439024390244 229.94146341463414 223.06341463414634 250.38048780487804 
3601.9121951219513 3630.8634146341465 180.1560975609756 209.10731707317072 267.93658536585366 296.88780487804877 
4066.8048780487807 4094.9756097560976 268.609756097561 296.780487804878 268.0975609756098 296.2682926829268 
3872.326829268293 3900.1073170731706 222.57073170731707 250.35121951219512 285.5219512195122 313.30243902439025 
3851.70243902439 3880.141463414634 267.190243902439 295.6292682926829 311.0439024390244 339.4829268292683 
3451.0048780487805 3478.0048780487805 198.44390243902438 225.44390243902438 240.10243902439024 267.10243902439026 
4030.551219512195 4058.4536585365854 268.8439024390244 296.74634146341464 221.50243902439024 249.4048780487805 
3790.2 3818.3219512195124 224.54146341463414 252.66341463414633 261.590243902439 289.7121951219512 
3925.2146341463413 3952.8 307.409756097561 334.9951219512195 287.3853658536585 314.9707317073171 
4002.4731707317073 4030.3512195121953 312.59512195121954 340.47317073170734 329.66829268292685 357.54634146341465 
3859.917073170732 3888.478048780488 283.33170731707315 311.89268292682925 248.57560975609755 277.13658536585365 
3895.180487804878 3924.0341463414634 217.5219512195122 246.37560975609756 256.32682926829267 285.18048780487806 
3970.6048780487804 3999.1170731707316 296.5219512195122 325.03414634146344 352.4829268292683 380.9951219512195 
3851.131707317073 3879.521951219512 258.59512195121954 286.98536585365855 286.0829268292683 314.47317073170734 
3690.468292682927 3718.029268292683 251.0780487804878 278.6390243902439 272.8341463414634 300.3951219512195 
3615.5951219512194 3642.2048780487803 223.5268292682927 250.13658536585365 265.57073170731707 292.18048780487806 
3685.429268292683 3712.8926829268294 252.8439024390244 280.30731707317074 273.21463414634144 300.6780487804878 
3806.009756097561 3835.082926829268 221.42439024390245 250.49756097560976 269.69268292682926 298.76585365853657 
4155.1560975609755 4183.424390243902 258.10731707317075 286.37560975609756 282.8390243902439 311.10731707317075 
3843.2487804878047 3870.8341463414636 238.49268292682927 266.0780487804878 246.54146341463414 274.1268292682927 
3847.8439024390245 3876.3317073170733 212.94146341463414 241.42926829268293 286.30731707317074 314.7951219512195 
3852.478048780488 3880.258536585366 253.42926829268293 281.20975609756096 227.4780487804878 255.25853658536585 
3977.1365853658535 4004.8439024390245 242.42926829268293 270.13658536585365 323.06341463414634 350.77073170731705 
