25969.06865671642 25997.625870646767 6002.491542288557 6031.0487562189055 5668.655721393035 5697.212935323383 
26174.301492537314 26203.102487562188 6053.953233830845 6082.7542288557215 5845.062686567164 5873.86368159204 
25432.595024875623 25460.89353233831 6094.515422885572 6122.8139303482585 5713.057711442786 5741.356218905473 
25309.314427860696 25336.91144278607 6010.986069651742 6038.583084577114 5852.682587064676 5880.27960199005 
25522.309452736317 25550.190049751243 5875.214925373134 5903.09552238806 5435.85671641791 5463.737313432835 
25903.353233830847 25931.47263681592 5863.353233830846 5891.472636815921 5658.601990049751 5686.721393034826 
26268.639800995024 26297.15223880597 6093.361194029851 6121.873631840796 5901.550248756219 5930.062686567164 
26135.008955223882 26163.387064676615 5916.093532338308 5944.471641791045 5632.665671641791 5661.043781094528 
25750.516417910447 25779.153233830846 6003.0885572139305 6031.725373134328 5554.959203980099 5583.596019900498 
26113.126368159203 26141.84278606965 5906.827860696518 5935.544278606965 5706.395024875622 5735.111442786069 
25986.289552238806 26014.72736318408 5772.080597014925 5800.518407960199 5520.175124378109 5548.612935323383 
25640.57512437811 25668.873631840797 6005.1074626865675 6033.405970149253 5599.077611940298 5627.376119402985 
25661.11343283582 25689.670646766168 5998.287562189054 6026.844776119403 5731.277611940299 5759.8348258706465 
26070.11343283582 26098.844776119404 5982.387064676617 6011.118407960199 5628.118407960199 5656.849751243781 
25651.056716417912 25679.03184079602 6010.6189054726365 6038.594029850747 5573.300497512438 5601.275621890547 
26117.90945273632 26146.9144278607 5944.586069651741 5973.59104477612 5683.884577114428 5712.889552238806 
25542.121393034828 25570.539303482587 6001.967164179105 6030.385074626865 5639.081592039801 5667.4995024875625 
25683.774129353234 25712.396019900498 6137.3810945273635 6166.002985074627 5645.261691542289 5673.883582089552 
26344.42686567164 26372.790049751246 5917.924378109453 5946.287562189054 5720.809950248757 5749.173134328358 
25557.946268656717 25585.841791044775 5956.140298507463 5984.035820895522 5459.125373134329 5487.020895522388 
25748.178109452736 25776.416915422884 5980.1084577114425 6008.347263681592 5628.859701492537 5657.098507462687 
25615.869651741294 25644.178109452736 5856.153233830846 5884.4616915422885 5613.008955223881 5641.317412935324 
26091.289552238806 26119.93631840796 5858.453731343284 5887.100497512438 5598.846766169154 5627.493532338309 
25881.01791044776 25909.69950248756 6093.201990049752 6121.883582089552 5893.23184079602 5921.9134328358205 
25694.347263681593 25722.148258706467 6022.551243781095 6050.35223880597 5582.690547263682 5610.491542288557 
26309.306467661692 26337.988059701493 5997.221890547264 6025.903482587065 5608.41592039801 5637.097512437811 
26103.234825870648 26131.996019900496 6092.503482587064 6121.2646766169155 5806.941293532338 5835.702487562189 
26266.266666666666 26295.04776119403 6202.087562189055 6230.868656716418 5777.555223880597 5806.33631840796 
25399.360199004976 25427.683582089554 6058.0865671641795 6086.409950248756 5523.106467661692 5551.429850746269 
25804.848756218904 25833.162189054725 5959.719402985074 5988.032835820895 5677.4606965174125 5705.774129353234 
26608.305472636817 26636.708457711444 5956.4995024875625 5984.902487562189 5756.121393034826 5784.524378109452 
25703.29751243781 25731.809950248757 5902.242786069652 5930.755223880597 5617.700497512438 5646.212935323383 
25529.333333333332 25557.402985074626 5980.039800995025 6008.109452736318 5592.890547263682 5620.960199004975 
25978.284577114428 26006.90646766169 6023.339303482587 6051.961194029851 5846.110447761194 5874.732338308458 
25784.04975124378 25812.218905472637 5749.895522388059 5778.064676616916 5555.746268656716 5583.915422885572 
25901.003980099504 25929.6407960199 5987.0288557213935 6015.665671641791 5674.013930348258 5702.650746268657 
25779.978109452735 25808.251741293534 5939.614925373135 5967.888557213931 5786.6 5814.873631840796 
25809.832835820896 25838.280597014924 5837.220895522388 5865.668656716418 5788.594029850747 5817.041791044776 
25345.441791044777 25374.133333333335 6008.14328358209 6036.8348258706465 5624.342288557214 5653.033830845771 
26254.335323383086 26283.235820895523 5908.912437810945 5937.8129353233835 5742.638805970149 5771.5393034825875 
26484.358208955226 26513.05472636816 5958.189054726368 5986.885572139304 5736.980099502488 5765.6766169154225 
25699.86567164179 25728.014925373136 6023.781094527363 6051.9303482587065 5744.417910447762 5772.567164179104 
25969.167164179104 25997.64975124378 6005.4208955223885 6033.903482587065 5709.07263681592 5737.555223880597 
25738.375124378108 25766.58905472637 5985.638805970149 6013.852736318408 5689.982089552239 5718.196019900498 
25540.42487562189 25568.79800995025 5982.723383084577 6011.096517412935 5564.011940298507 5592.385074626865 
25300.235820895523 25328.32039800995 6077.235820895522 6105.320398009951 5617.285572139303 5645.370149253731 
25697.937313432834 25726.365174129354 5885.395024875622 5913.822885572139 5873.325373134328 5901.753233830846 
25594.678606965175 25622.763184079602 6002.693532338309 6030.778109452736 5793.081592039801 5821.166169154229 
25932.33631840796 25960.83880597015 5792.07263681592 5820.57512437811 5696.699502487562 5725.201990049752 
26305.38905472637 26334.453731343285 6116.941293532338 6146.005970149254 5995.374129353234 6024.43880597015 
