28875.11040723982 28903.60814479638 6686.142081447963 6714.639819004525 6247.85701357466 6276.354751131222 
28690.91402714932 28719.615384615383 6883.932126696833 6912.633484162896 6479.705882352941 6508.407239819005 
27795.995475113123 27823.737556561086 6547.135746606335 6574.877828054298 6224.0723981900455 6251.814479638009 
28267.877828054297 28296.153846153848 6629.64705882353 6657.923076923077 6310.941176470588 6339.217194570136 
28018.542081447962 28046.628054298642 6902.985520361991 6931.071493212669 6375.062443438914 6403.148416289593 
28915.79004524887 28944.323981900452 6849.916742081448 6878.450678733032 6441.658823529412 6470.192760180996 
28377.58190045249 28405.63619909502 6575.581900452488 6603.636199095023 6554.482352941176 6582.53665158371 
29087.451583710408 29116.478733031676 6811.094117647059 6840.1212669683255 6522.478733031674 6551.505882352942 
28738.426244343893 28767.104977375566 6792.901357466063 6821.580090497738 6746.937556561086 6775.61628959276 
28068.763800904977 28096.96742081448 6564.4561085972855 6592.659728506787 6418.279638009049 6446.483257918552 
28222.14479638009 28250.384615384617 6831.814479638009 6860.054298642534 6658.420814479638 6686.660633484163 
27952.925791855203 27980.69954751131 6749.862443438914 6777.636199095023 6448.984615384616 6476.758371040724 
28367.547511312216 28395.69230769231 6621.221719457014 6649.366515837104 6472.882352941177 6501.027149321267 
28506.774660633484 28535.34479638009 6720.770135746607 6749.340271493213 6541.114027149321 6569.684162895927 
28206.84886877828 28234.894117647058 6790.179185520362 6818.224434389141 6545.514027149321 6573.5592760181 
28587.835294117645 28616.473303167422 6770.948416289592 6799.5864253393665 6602.011764705882 6630.6497737556565 
28510.170135746608 28538.7221719457 6693.464253393665 6722.016289592761 6392.32850678733 6420.880542986425 
28440.15746606335 28468.77285067873 6899.171040723982 6927.786425339366 6274.017194570136 6302.632579185521 
28467.13665158371 28495.123076923075 6799.380995475113 6827.367420814479 6357.494117647058 6385.4805429864255 
27998.77918552036 28026.896832579187 6672.634389140271 6700.752036199095 6389.218099547511 6417.335746606334 
29412.980995475114 29441.682352941178 6901.6144796380095 6930.315837104073 6660.415384615385 6689.116742081448 
28884.647963800904 28913.485067873302 6594.801809954751 6623.638914027149 6465.494117647058 6494.331221719457 
28488.366515837104 28516.597285067874 6691.79185520362 6720.022624434389 6260.488687782806 6288.719457013574 
28759.155656108596 28787.41809954751 6780.2868778280545 6808.549321266968 6475.395475113122 6503.657918552036 
28392.4778280543 28420.446153846155 6772.373755656108 6800.342081447964 6618.165610859728 6646.133936651584 
28141.94660633484 28170.47149321267 6722.335746606334 6750.8606334841625 6405.064253393665 6433.589140271493 
28359.433484162895 28387.605429864252 6774.048868778281 6802.220814479638 6576.288687782805 6604.460633484163 
28333.638009049773 28361.837104072398 6798.343891402715 6826.542986425339 6641.099547511312 6669.298642533937 
29045.30045248869 29073.725791855202 6883.965610859728 6912.390950226244 6417.250678733031 6445.676018099548 
28862.767420814478 28891.111312217196 6621.387330316742 6649.731221719457 6290.464253393665 6318.8081447963805 
27943.664253393665 27971.51040723982 6744.510407239819 6772.356561085973 6152.637104072398 6180.483257918552 
28347.573755656107 28375.750226244345 6683.9945701357465 6712.171040723982 6507.7411764705885 6535.917647058824 
28298.66968325792 28326.80995475113 6952.89592760181 6981.036199095022 6501.841628959276 6529.981900452489 
27972.342081447965 27999.93936651584 6632.6497737556565 6660.247058823529 6197.224434389141 6224.821719457013 
28473.811764705883 28501.852488687782 6618.81628959276 6646.85701357466 6146.205429864253 6174.246153846154 
28432.158371040725 28460.75113122172 6835.6108597285065 6864.203619909502 6399.067873303167 6427.660633484163 
28438.563800904976 28466.948416289593 6803.14298642534 6831.527601809955 6634.685972850679 6663.070588235294 
28390.764705882353 28419.058823529413 6842.85520361991 6871.149321266968 6419.719457013574 6448.013574660634 
28569.802714932128 28598.264253393667 6926.983710407239 6955.445248868778 6463.571945701357 6492.033484162896 
28114.17737556561 28142.249773755655 6651.150226244344 6679.222624434389 6414.951131221719 6443.023529411765 
29096.966515837103 29125.731221719456 6849.667873303168 6878.432579185521 6369.025339366516 6397.790045248868 
28267.386425339366 28295.232579185522 6690.585520361991 6718.431674208145 6299.2552036199095 6327.101357466064 
28341.042533936652 28368.789140271492 6704.363800904977 6732.110407239819 6469.626244343892 6497.372850678733 
29023.525791855205 29052.349321266967 6882.684162895927 6911.507692307692 6488.724886877828 6517.548416289593 
29336.84886877828 29365.717647058824 6787.486877828054 6816.355656108597 6477.414479638009 6506.283257918552 
28285.137556561087 28313.766515837106 6994.594570135747 7023.2235294117645 6493.214479638009 6521.8434389140275 
28239.387330316742 28267.342081447965 6603.758371040724 6631.7131221719455 6364.631674208144 6392.5864253393665 
28751.998190045248 28780.124886877828 6681.369230769231 6709.49592760181 6346.826244343892 6374.952941176471 
28600.997285067875 28628.820814479637 6414.323076923077 6442.146606334842 6401.716742081448 6429.5402714932125 
28710.63529411765 28739.38190045249 6640.246153846154 6668.992760180996 6322.368325791856 6351.114932126697 
