34003.2245210728 34031.281992337164 8033.99846743295 8062.055938697318 7644.822222222222 7672.87969348659 
33174.68659003831 33202.701915708814 8384.613793103448 8412.629118773946 7677.571647509579 7705.586973180077 
33397.48888888889 33425.76091954023 8227.462068965517 8255.734099616859 7975.239846743295 8003.511877394636 
33860.80996168582 33888.79846743295 8205.445977011494 8233.434482758621 7963.970881226053 7991.95938697318 
34107.569348659 34135.630651340995 8342.101915708812 8370.163218390804 8080.400766283525 8108.462068965518 
33434.2030651341 33462.22988505747 7934.038314176245 7962.065134099616 7890.727969348659 7918.75478927203 
34054.861302681995 34082.949425287356 8134.48582375479 8162.573946360153 7699.616091954023 7727.704214559387 
34235.017624521075 34263.09808429119 8029.711111111111 8057.791570881226 7740.684291187739 7768.764750957855 
34018.57011494253 34046.85747126437 8104.9111111111115 8133.198467432951 8066.35938697318 8094.646743295019 
33659.19616858238 33687.61762452107 8329.68275862069 8358.104214559387 8030.6942528735635 8059.115708812261 
33876.170881226055 33904.101915708816 8257.829885057472 8285.76091954023 7784.113409961686 7812.044444444445 
34066.39846743295 34094.86973180077 8355.111111111111 8383.582375478927 8176.570881226054 8205.04214559387 
34376.73869731801 34405.39770114943 8389.23295019157 8417.891954022989 7825.370881226054 7854.029885057471 
34105.81149425287 34134.321072796934 8360.190804597702 8388.700383141762 7951.868965517241 7980.378544061303 
33838.930268199234 33867.47816091954 8314.10651340996 8342.654406130268 8263.777011494252 8292.32490421456 
34016.31187739463 34044.7754789272 8370.541762452107 8399.005363984674 7888.131800766284 7916.595402298851 
33758.376245210726 33786.94712643678 8288.560153256705 8317.131034482758 8042.801532567049 8071.372413793103 
33381.666666666664 33409.4367816092 8136.854406130268 8164.624521072797 7794.712643678161 7822.482758620689 
34593.05517241379 34621.29655172414 8317.216091954024 8345.457471264368 7902.055172413793 7930.296551724138 
33533.819923371644 33562.06130268199 8169.272030651341 8197.513409961686 7974.030651340996 8002.272030651341 
34283.92490421456 34312.34636015326 8049.300383141763 8077.72183908046 7733.767816091954 7762.189272030651 
34063.58237547893 34092.10727969349 8348.83141762452 8377.356321839081 8000.735632183908 8029.260536398468 
33630.4275862069 33658.51187739464 8317.661302681992 8345.745593869731 7958.255172413793 7986.339463601533 
34242.60459770115 34271.08735632184 8228.278927203066 8256.761685823754 7928.937931034483 7957.420689655172 
34010.84674329502 34038.750957854405 8446.114942528735 8474.019157088123 7949.394636015326 7977.298850574713 
34413.84827586207 34443.04367816092 8092.449808429119 8121.645210727969 7925.859770114943 7955.055172413793 
34554.56245210728 34583.37471264368 8274.68888888889 8303.501149425287 7953.179310344827 7981.991570881226 
33971.09501915709 33999.255938697315 8415.133333333333 8443.294252873564 7860.708045977011 7888.868965517241 
34048.659770114944 34077.07739463601 8282.399233716475 8310.816858237547 7734.816858237548 7763.23448275862 
34470.47279693487 34498.760153256706 8219.63754789272 8247.92490421456 7837.480459770115 7865.767816091954 
34114.08199233717 34142.69501915709 8098.426819923372 8127.039846743295 7950.231417624521 7978.844444444445 
34163.418390804596 34191.966283524904 8493.97011494253 8522.518007662835 7845.690421455939 7874.238314176245 
33981.219923371646 34009.36551724138 8509.177777777777 8537.32337164751 7924.8329501915705 7952.978544061302 
33621.519540229885 33649.53486590039 8143.891187739464 8171.906513409962 7915.944827586207 7943.960153256705 
33426.55402298851 33454.714942528735 8429.826053639847 8457.986973180077 7813.477394636016 7841.638314176245 
34003.66513409962 34031.822222222225 8034.255172413793 8062.412260536398 7826.08275862069 7854.239846743295 
33980.450574712646 34009.03295019157 8430.297318007662 8458.87969348659 8010.025287356322 8038.607662835249 
34199.245977011495 34227.34559386973 8013.594636015326 8041.6942528735635 7693.311111111111 7721.410727969349 
34253.24061302682 34281.516475095785 8203.987739463602 8232.263601532568 7685.826819923372 7714.102681992337 
33701.1754789272 33729.42068965517 8147.152490421456 8175.397701149425 7672.336398467433 7700.581609195402 
34043.8183908046 34072.255172413796 8172.170881226054 8200.60766283525 7898.32030651341 7926.757088122606 
33942.40459770115 33970.937164750954 8145.2130268199235 8173.745593869732 7816.454406130269 7844.986973180076 
34567.8337164751 34596.74942528736 8199.776245210727 8228.691954022988 7910.872030651341 7939.787739463602 
34622.68045977011 34651.630651340995 8303.492720306513 8332.442911877395 8083.910344827586 8112.860536398467 
33525.65134099617 33553.681992337166 8358.68582375479 8386.716475095785 8035.593869731801 8063.624521072797 
33942.97394636015 33970.939463601535 8159.560153256705 8187.525670498084 7935.314942528736 7963.280459770115 
34064.78544061303 34093.36398467433 8349.942528735632 8378.521072796935 8117.961685823755 8146.540229885058 
34523.489655172416 34552.12950191571 8120.777011494253 8149.416858237548 8022.2674329501915 8050.907279693487 
34044.09731800766 34072.26590038314 8160.093486590038 8188.262068965517 8049.457471264368 8077.626053639847 
34675.425287356324 34704.14942528736 8244.394636015326 8273.11877394636 7975.704980842912 8004.429118773946 
