50851.14120734908 50879.24356955381 12749.296062992125 12777.39842519685 12300.58215223097 12328.684514435696 
49636.03884514436 49664.29606299213 13043.718635170604 13071.975853018374 11973.217322834646 12001.474540682415 
50467.259842519685 50495.792650918636 13023.63779527559 13052.17060367454 12305.472440944883 12334.005249343832 
50185.07926509187 50213.29448818898 12989.409973753282 13017.625196850393 12476.194750656168 12504.409973753282 
50362.302362204726 50390.81417322835 12857.864041994751 12886.375853018373 12405.29186351706 12433.803674540683 
50088.85879265092 50117.15538057743 12999.011023622048 13027.307611548556 12718.137007874016 12746.433595800525 
51201.545931758534 51230.333333333336 12800.249343832022 12829.036745406824 12194.146981627297 12222.9343832021 
51147.05249343832 51175.637795275594 12989.968503937007 13018.553805774278 12233.223097112861 12261.808398950132 
49977.08241469816 50005.056167979004 12703.116535433071 12731.090288713911 12208.817322834646 12236.791076115485 
50403.07979002625 50431.26351706037 12755.759580052494 12783.943307086614 12207.323884514435 12235.507611548557 
51679.46981627297 51708.238845144355 13046.391076115486 13075.160104986877 12652.27034120735 12681.03937007874 
49832.76167979003 49861.005774278216 12559.87716535433 12588.121259842519 12137.194750656168 12165.438845144357 
50416.66404199475 50444.92125984252 12931.97375328084 12960.230971128609 12298.17847769029 12326.435695538057 
50527.10498687664 50555.33595800525 12737.443569553805 12765.674540682414 12133.034120734908 12161.265091863517 
50952.25564304462 50980.964304461944 12877.36062992126 12906.069291338583 12434.232020997375 12462.940682414699 
50536.27349081365 50564.6750656168 12996.189501312336 13024.591076115486 12288.386351706036 12316.787926509187 
49924.62414698163 49952.8498687664 12960.94435695538 12989.170078740157 12401.072965879264 12429.298687664043 
50642.43044619422 50670.577427821525 12906.992125984252 12935.139107611549 12406.412073490814 12434.55905511811 
50630.34488188977 50658.9406824147 13005.911811023621 13034.507611548557 12460.667716535432 12489.263517060368 
49987.087139107614 50015.08976377953 12872.948031496064 12900.95065616798 12417.467716535433 12445.470341207349 
49987.30971128609 50015.15748031496 12947.837270341208 12975.685039370079 12277.66404199475 12305.511811023622 
50380.26614173228 50408.525984251966 12655.250393700788 12683.510236220473 12230.741207349081 12259.001049868766 
50786.50761154856 50814.98530183727 12970.313385826772 12998.791076115485 12305.365879265091 12333.843569553806 
49306.62047244095 49334.680839895016 12953.638845144356 12981.699212598425 12316.565354330709 12344.625721784776 
49770.91023622047 49798.700262467195 12694.099212598425 12721.889238845144 12505.222572178478 12533.012598425197 
50985.27401574803 51013.75695538058 12876.602099737533 12905.085039370078 12369.833070866141 12398.316010498687 
50325.80472440945 50354.19842519685 12920.526509186351 12948.920209973754 12224.42152230971 12252.815223097114 
50342.340682414695 50370.71601049869 12696.338057742782 12724.713385826772 11954.695013123359 11983.070341207349 
50396.964829396326 50424.84934383202 13064.00157480315 13091.886089238846 12251.088188976379 12278.972703412073 
50687.14645669291 50715.29868766404 12745.403674540683 12773.55590551181 12471.390551181103 12499.542782152232 
50824.84881889764 50853.567979002626 12951.875065616798 12980.594225721785 12237.129658792652 12265.848818897637 
50686.63044619423 50715.299737532805 12959.54120734908 12988.210498687664 12384.181627296588 12412.850918635171 
50799.025721784776 50827.46141732283 12718.996850393702 12747.432545931759 12314.986351706037 12343.422047244094 
50112.24566929134 50140.830971128606 12778.274540682414 12806.859842519685 12293.655118110237 12322.240419947506 
50092.91758530184 50121.04881889764 12868.208923884515 12896.340157480316 12148.274540682414 12176.405774278215 
50133.66036745407 50161.851968503935 13142.035695538058 13170.227296587927 12405.510761154856 12433.702362204724 
50581.45721784777 50609.82467191601 12967.299737532809 12995.66719160105 12156.54120734908 12184.908661417323 
50345.76640419947 50373.93700787402 12996.188976377953 13024.359580052493 12601.27034120735 12629.44094488189 
50592.32545931759 50620.96062992126 12712.653543307086 12741.28871391076 12178.89501312336 12207.530183727034 
49940.10551181102 49967.7406824147 12729.3312335958 12756.966404199475 12102.764304461942 12130.399475065617 
50745.851968503935 50774.68661417323 12658.48188976378 12687.31653543307 12277.030446194225 12305.865091863518 
51343.676640419944 51372.311811023625 12804.802624671916 12833.437795275591 12437.784251968504 12466.419422572179 
50500.647769028874 50528.820997375326 12936.91811023622 12965.091338582677 12280.424671916011 12308.597900262466 
50149.11286089239 50177.22834645669 12884.191601049868 12912.307086614173 12152.690288713911 12180.805774278215 
50102.851968503935 50131.340157480314 12803.353280839896 12831.841469816272 12458.261417322834 12486.749606299212 
50586.11811023622 50614.74278215223 12824.173228346457 12852.797900262467 12145.107611548556 12173.732283464567 
50471.69186351706 50500.261417322836 12918.539632545931 12947.109186351707 12190.959580052493 12219.529133858268 
50442.10078740158 50470.546981627296 12962.415748031495 12990.861942257217 12056.082414698163 12084.528608923885 
51036.61994750656 51065.35485564305 13042.803674540683 13071.538582677165 12497.677690288714 12526.412598425197 
50436.13175853018 50464.62257217848 12904.69343832021 12933.184251968503 12304.16062992126 12332.651443569554 
