20132.85962732919 20161.306832298138 4450.667080745342 4479.114285714286 4248.493167701863 4276.940372670808 
20137.00745341615 20165.628571428573 4393.144099378882 4421.765217391305 4131.349068322981 4159.970186335404 
20680.823602484474 20710.121739130434 4432.382608695652 4461.680745341615 4414.3950310559 4443.693167701864 
20247.606211180126 20275.985093167703 4551.823602484472 4580.20248447205 4410.655900621118 4439.034782608695 
20747.56645962733 20776.460869565217 4334.71552795031 4363.609937888199 4218.678260869565 4247.5726708074535 
20469.447204968943 20497.60248447205 4529.739130434783 4557.894409937888 4331.155279503106 4359.310559006211 
20458.100621118014 20486.237267080745 4334.386335403727 4362.52298136646 4007.970186335404 4036.106832298137 
20633.2 20661.591304347825 4409.839751552795 4438.231055900621 4222.4857142857145 4250.8770186335405 
20395.52795031056 20424.024844720498 4416.198757763975 4444.695652173913 4228.130434782609 4256.627329192546 
20090.581366459628 20118.848447204968 4583.767701863354 4612.034782608695 4295.780124223603 4324.047204968944 
20702.616149068323 20731.293167701864 4533.131677018633 4561.808695652174 4496.001242236025 4524.678260869565 
20103.848447204968 20131.94161490683 4338.090683229813 4366.183850931677 4273.854658385093 4301.947826086956 
20027.054658385092 20055.06086956522 4537.52049689441 4565.526708074534 4334.750310559006 4362.75652173913 
20579.439751552796 20608.191304347827 4367.414906832299 4396.1664596273295 4436.054658385093 4464.806211180125 
20204.83602484472 20233.48198757764 4404.3267080745345 4432.972670807453 4165.960248447205 4194.606211180124 
20004.526708074533 20032.24099378882 4446.942857142857 4474.657142857143 4227.973913043478 4255.6881987577635 
19992.95900621118 20021.00248447205 4425.101863354037 4453.145341614907 3959.1391304347826 3987.182608695652 
20194.75155279503 20223.3850931677 4479.428571428572 4508.062111801242 4278.23602484472 4306.869565217391 
20124.50186335404 20152.880745341616 4519.68198757764 4548.060869565217 4169.750310559006 4198.129192546584 
20137.442236024846 20165.56645962733 4405.212422360249 4433.336645962733 4119.609937888199 4147.734161490684 
20291.30310559006 20319.632298136647 4442.998757763975 4471.327950310559 4115.1229813664595 4143.452173913043 
20409.24347826087 20437.734161490684 4502.721739130435 4531.212422360249 4230.168944099379 4258.6596273291925 
19808.301863354038 19835.916770186337 4388.444720496895 4416.059627329192 4277.898136645963 4305.51304347826 
19673.377639751554 19700.557763975154 4458.657142857143 4485.837267080746 4266.700621118012 4293.880745341615 
20222.510559006212 20250.74658385093 4525.547826086957 4553.783850931677 4139.8335403726705 4168.069565217392 
20219.421118012422 20247.539130434783 4479.110559006212 4507.228571428572 4166.259627329193 4194.377639751553 
20147.23850931677 20175.996273291927 4405.431055900621 4434.188819875776 4363.990062111801 4392.747826086957 
20701.659627329194 20730.193788819877 4305.814906832298 4334.349068322981 4440.162732919254 4468.696894409938 
20171.473291925467 20199.50434782609 4446.491925465839 4474.52298136646 4330.870807453416 4358.901863354037 
20055.475776397514 20083.227329192545 4420.407453416149 4448.15900621118 4224.351552795031 4252.103105590062 
19827.473291925467 19855.510559006212 4428.5726708074535 4456.609937888199 4032.9329192546584 4060.970186335404 
20026.35900621118 20054.56397515528 4579.048447204969 4607.2534161490685 4266.812422360248 4295.017391304348 
20543.244720496896 20571.772670807455 4662.03354037267 4690.56149068323 4254.530434782609 4283.058385093168 
20888.701863354036 20917.27950310559 4361.018633540372 4389.596273291925 4191.751552795031 4220.329192546584 
20150.819875776397 20179.291925465837 4366.372670807454 4394.844720496894 4275.6459627329195 4304.11801242236 
19984.49565217391 20012.768944099378 4420.222360248447 4448.495652173913 4311.657142857143 4339.930434782608 
20092.257142857143 20120.362732919253 4348.778881987578 4376.884472049689 4174.735403726708 4202.84099378882 
19875.50062111801 19903.649689440994 4296.798757763975 4324.947826086956 4132.5875776397515 4160.736645962733 
19939.982608695653 19968.268322981367 4411.2 4439.4857142857145 4111.280745341615 4139.566459627329 
20155.53291925466 20184.209937888198 4556.868322981367 4585.545341614907 4191.4273291925465 4220.104347826087 
19437.575155279505 19465.432298136646 4316.308074534161 4344.165217391304 4154.699378881987 4182.55652173913 
20722.985093167703 20751.432298136646 4684.767701863354 4713.214906832298 4364.8049689440995 4393.252173913043 
20301.283229813664 20329.227329192545 4405.227329192547 4433.171428571429 4101.016149068323 4128.960248447205 
19975.208695652174 20003.38260869565 4389.339130434782 4417.51304347826 4054.3826086956524 4082.5565217391304 
20490.649689440994 20519.506832298135 4519.960248447205 4548.817391304347 4257.575155279503 4286.432298136646 
20952.57763975155 20981.596273291925 4441.571428571428 4470.590062111802 4449.925465838509 4478.944099378882 
20102.87950310559 20131.401242236025 4601.20248447205 4629.724223602485 4292.885714285714 4321.407453416149 
20472.295652173914 20500.86708074534 4396.9354037267085 4425.506832298137 4076.2273291925467 4104.798757763975 
20047.180124223603 20075.254658385093 4606.068322981367 4634.142857142857 4295.062111801242 4323.1366459627325 
20950.283229813664 20978.624844720496 4675.4136645962735 4703.755279503105 4366.786335403726 4395.127950310559 
