23043.921546961326 23072.009944751382 4920.69502762431 4948.7834254143645 5114.181215469614 5142.269613259668 
22887.228729281767 22915.19005524862 5117.819889502763 5145.781215469613 5072.93591160221 5100.897237569061 
23044.766850828728 23073.18674033149 5165.772375690608 5194.19226519337 5021.534806629834 5049.954696132597 
23472.858563535912 23501.4 5498.54364640884 5527.085082872928 5117.085082872928 5145.626519337016 
23194.649723756906 23222.93149171271 5190.058563535911 5218.340331491712 4917.572375690608 4945.854143646409 
22368.857458563536 22396.49281767956 4952.465193370166 4980.100552486188 4692.166850828729 4719.802209944752 
23189.577900552486 23218.00331491713 5342.163535911603 5370.588950276243 5049.041988950276 5077.467403314917 
23246.020994475137 23274.43535911602 5395.219889502762 5423.634254143646 5141.26408839779 5169.678453038674 
22956.843093922653 22985.152486187846 5264.6718232044195 5292.981215469613 4897.622099447513 4925.931491712708 
22990.39005524862 23018.17458563536 5162.174585635359 5189.9591160221 4948.9038674033145 4976.688397790055 
22985.8817679558 23014.218784530385 5110.616574585635 5138.953591160221 4986.163535911603 5014.500552486188 
23213.835359116023 23242.5591160221 5380.150276243094 5408.874033149171 5003.454143646409 5032.177900552486 
22611.67403314917 22639.38674033149 5183.32044198895 5211.03314917127 5032.397790055249 5060.110497237569 
22916.005524861877 22944.17127071823 5266.441988950276 5294.60773480663 5007.580110497238 5035.745856353591 
22856.975690607735 22885.56132596685 5154.81546961326 5183.401104972376 5103.953591160221 5132.539226519337 
23103.814364640883 23132.527071823206 5345.261878453039 5373.974585635359 5073.145856353591 5101.858563535911 
23264.30718232044 23292.46187845304 5283.285082872928 5311.4397790055245 5135.49502762431 5163.6497237569065 
23313.60552486188 23342.3182320442 5283.434254143646 5312.146961325967 4966.826519337016 4995.539226519337 
22709.293922651934 22737.106077348068 5189.66408839779 5217.476243093923 4965.851933701658 4993.66408839779 
23296.45414364641 23325.017679558012 5277.614364640884 5306.177900552486 4949.012154696133 4977.575690607735 
22455.76132596685 22483.523756906077 5014.131491712707 5041.893922651933 4752.374585635359 4780.137016574586 
22343.511602209946 22371.74364640884 5149.6718232044195 5177.9038674033145 4879.84861878453 4908.080662983425 
22857.47403314917 22886.114917127074 5320.954696132597 5349.595580110497 5101.280662983426 5129.921546961326 
23122.144751381216 23150.476243093923 5174.266298342542 5202.597790055249 5128.603314917127 5156.934806629834 
22700.53812154696 22728.47182320442 5160.836464088397 5188.7701657458565 4781.460773480663 4809.394475138121 
23188.35580110497 23217.134806629834 5352.228729281768 5381.00773480663 4966.195580110497 4994.974585635359 
23438.850828729283 23467.740331491714 5228.408839779006 5257.298342541437 5120.524861878453 5149.414364640884 
22579.217679558013 22607.571270718232 5143.764640883978 5172.1182320441985 4973.123756906078 5001.477348066298 
23291.187845303866 23319.348066298342 5333.469613259668 5361.629834254144 4847.613259668508 4875.773480662983 
23099.8 23127.8 5151.855248618785 5179.855248618785 4731.507182320442 4759.507182320442 
23378.6773480663 23407.02541436464 5365.019889502762 5393.367955801105 5200.550276243094 5228.898342541436 
22960.332596685083 22988.990055248618 5225.266298342542 5253.923756906077 4888.934806629834 4917.59226519337 
22386.901657458562 22414.470718232045 5079.078453038674 5106.647513812155 4903.669613259669 4931.238674033149 
23190.008839779006 23218.401104972374 5407.84861878453 5436.240883977901 5163.20773480663 5191.6 
22492.737016574585 22520.54364640884 5055.847513812155 5083.654143646409 4738.499447513812 4766.3060773480665 
22964.78011049724 22992.509392265194 5293.608839779005 5321.338121546962 5027.503867403315 5055.23314917127 
22753.241988950278 22781.47955801105 5022.6674033149175 5050.904972375691 4854.595580110497 4882.833149171271 
22785.10497237569 22813.668508287294 4990.911602209945 5019.475138121547 4817.176795580111 4845.740331491713 
23877.158011049723 23906.119337016575 5154.218784530387 5183.180110497237 4872.798895027624 4901.760220994475 
23200.301657458564 23228.997790055248 5368.6718232044195 5397.367955801105 4952.738121546961 4981.434254143646 
22886.795580110498 22915.67955801105 5164.513812154696 5193.397790055249 4915.8950276243095 4944.7790055248615 
22725.907182320443 22753.862983425413 5088.829834254144 5116.785635359116 4903.227624309392 4931.183425414365 
22946.74585635359 22974.729281767955 5200.933701657458 5228.917127071823 4978.419889502762 5006.403314917127 
23124.572375690608 23152.395580110497 5233.379005524862 5261.202209944751 4792.102762430939 4819.925966850828 
23079.869613259667 23108.06850828729 5246.046408839779 5274.245303867403 4853.4 4881.598895027624 
23140.276243093922 23169.13259668508 5263.46408839779 5292.32044198895 4984.149171270718 5013.005524861878 
22875.311602209946 22903.411049723756 5167.085082872928 5195.18453038674 4961.162430939226 4989.261878453039 
23549.289502762433 23577.670718232042 5300.449723756906 5328.830939226519 4981.958011049724 5010.339226519337 
23246.66187845304 23275.1591160221 5226.103867403315 5254.601104972376 4941.916022099447 4970.4132596685085 
23167.699447513813 23196.373480662984 5180.539226519337 5209.213259668509 5130.3237569060775 5158.9977900552485 
