53331.3970074813 53359.631421446386 13681.820947630922 13710.05536159601 12983.15012468828 13011.384538653367 
52706.68628428927 52734.92319201995 13677.908229426434 13706.145137157107 13000.658852867831 13028.895760598503 
53373.96458852868 53402.27630922693 13656.55561097257 13684.867331670823 13147.208977556109 13175.520698254364 
54720.83042394015 54750.12718204489 13653.30174563591 13682.598503740648 12893.795511221944 12923.092269326684 
53146.614962593514 53175.15860349127 13356.846882793017 13385.390523690772 12922.607481296758 12951.151122194513 
53001.23690773067 53029.49875311721 13832.967581047382 13861.229426433914 13451.678304239402 13479.940149625934 
52860.62793017457 52888.829925187034 13453.46583541147 13481.66783042394 13183.672817955112 13211.87481296758 
52900.57855361596 52928.847880299254 13621.249376558604 13649.518703241894 12780.39650872818 12808.665835411472 
53561.122693266836 53589.69625935162 13898.264837905237 13926.838403990025 13028.31221945137 13056.88578553616 
52704.91820448878 52732.93815461347 13327.60149625935 13355.62144638404 12663.77855361596 12691.798503740649 
53139.71172069825 53167.754114713214 13331.025935162095 13359.068329177057 12628.432418952618 12656.47481296758 
52803.51471321696 52831.786533665836 13478.42493765586 13506.696758104737 13101.99102244389 13130.262842892767 
53751.46982543641 53779.7391521197 13267.434912718205 13295.704239401497 13087.517206982544 13115.786533665836 
52406.110224438904 52434.3421446384 13554.429426433915 13582.661346633417 12869.504239401496 12897.736159600998 
52481.8927680798 52510.17955112219 13641.546134663342 13669.832917705735 12985.985037406484 13014.271820448877 
52911.30773067332 52939.74164588529 13358.459850374065 13386.893765586035 12843.639401496259 12872.073316708229 
53915.05137157107 53943.88428927681 14028.081296758104 14056.91421446384 12911.792019950124 12940.62493765586 
52969.94413965087 52998.02394014963 13459.505236907731 13487.585037406483 13047.542643391522 13075.622443890274 
53118.70773067332 53146.74014962593 13651.298753117208 13679.331172069826 13165.169077306733 13193.201496259351 
52347.383042394016 52375.41296758105 13664.2608478803 13692.290773067332 12944.003990024938 12972.03391521197 
53411.207980049876 53439.86633416459 13882.16059850374 13910.818952618454 12955.260349127182 12983.918703241896 
52485.504239401496 52514.00798004988 13715.763591022444 13744.267331670822 12853.4319201995 12881.935660847881 
53024.283291770575 53052.7970074813 13838.472817955113 13866.986533665835 12923.886783042393 12952.400498753117 
53472.27481296758 53500.875810473815 13680.651371571072 13709.252369077307 12943.579052369078 12972.180049875311 
53448.560099750626 53477.00149625935 13680.305735660848 13708.747132169576 13021.909226932668 13050.350623441396 
53497.84289276808 53526.51122194514 14116.374064837904 14145.042394014963 13163.082294264339 13191.750623441396 
52943.59800498753 52971.578054862846 13718.425935162095 13746.405985037407 12760.268827930175 12788.248877805487 
53598.04987531172 53626.72817955112 13532.670822942644 13561.349127182046 13229.468827930175 13258.147132169575 
52888.78304239402 52916.86034912718 13486.25187032419 13514.329177057356 12754.780548628429 12782.857855361595 
52445.018453865334 52473.40748129676 13821.87132169576 13850.260349127182 12826.771571072319 12855.16059850374 
53459.267331670824 53487.6463840399 13585.222443890274 13613.60149625935 12896.905735660848 12925.284788029925 
53624.66134663342 53653.130174563594 13756.264837905237 13784.73366583541 13203.25735660848 13231.726184538653 
53866.6204488778 53895.21645885287 13757.2463840399 13785.842394014962 13344.044389027431 13372.640399002494 
53619.23441396509 53647.68827930174 13925.907730673316 13954.361596009974 13232.498753117206 13260.952618453864 
52862.404488778055 52890.7710723192 13468.254862842892 13496.62144638404 13109.638902743141 13138.00548628429 
53363.38354114713 53391.78004987531 13755.919700748129 13784.316209476308 13281.86982543641 13310.26633416459 
53133.81645885287 53162.27281795511 13885.372568578554 13913.828927680797 13049.624438902743 13078.080798004987 
53954.12119700748 53982.61995012469 13904.198503740648 13932.697256857855 13215.62493765586 13244.123690773067 
53732.225935162096 53761.07132169576 13869.71970074813 13898.565087281795 13128.762094763093 13157.607481296758 
52906.39600997506 52934.368578553614 13432.273815461347 13460.2463840399 12908.782543640898 12936.75511221945 
53238.6783042394 53266.99750623442 13912.244389027432 13940.563591022445 13329.059850374066 13357.379052369077 
53272.977057356606 53301.45087281796 13517.2463840399 13545.720199501247 12757.483291770573 12785.95710723192 
53071.523690773065 53099.857855361595 13955.556109725685 13983.890274314215 13089.177057356608 13117.511221945137 
53636.76109725686 53665.47930174564 13818.855860349127 13847.574064837905 13177.820947630922 13206.539152119702 
53443.929177057355 53472.44538653367 13756.951620947631 13785.46783042394 12845.253366583542 12873.76957605985 
53149.67630922693 53178.06783042394 13824.26982543641 13852.661346633417 13146.28728179551 13174.67880299252 
53071.39301745636 53099.66982543641 13695.263341645885 13723.540149625935 13167.55012468828 13195.82693266833 
52785.784538653366 52813.684788029925 13599.881795511223 13627.782044887781 13182.874314214463 13210.774563591023 
52702.00648379052 52730.02643391521 13527.163591022443 13555.183541147133 13089.55012468828 13117.570074812968 
53670.71072319202 53698.99251870324 13622.768079800499 13651.04987531172 13125.521197007482 13153.802992518704 
