42365.03987538941 42393.21121495327 10503.828037383177 10531.99937694704 10076.98691588785 10105.158255451714 
42387.39501557632 42415.8062305296 10479.75015576324 10508.16137071651 10450.606853582554 10479.018068535826 
43008.91401869159 43037.889096573206 10804.86105919003 10833.83613707165 10214.0261682243 10243.00124610592 
41961.75451713396 41989.876012461056 10327.368224299065 10355.489719626168 10181.190654205608 10209.31214953271 
42632.505295950155 42660.86978193146 10657.614330218068 10685.978816199377 9902.576947040498 9930.941433021806 
42525.03115264798 42553.69470404984 10782.654205607476 10811.317757009347 10097.420560747663 10126.084112149532 
42054.983177570095 42083.319626168224 10527.095327102803 10555.431775700934 10088.070404984424 10116.406853582555 
41700.7046728972 41728.85420560748 10486.626791277258 10514.776323987538 10110.009968847353 10138.159501557633 
42625.8753894081 42654.847352024924 10597.654205607476 10626.626168224298 10261.641744548286 10290.613707165108 
42175.482242990656 42203.57258566978 10589.226791277259 10617.317133956387 9904.793769470405 9932.884112149533 
42055.46542056075 42083.8984423676 10481.191277258567 10509.624299065421 10076.733333333334 10105.166355140187 
41812.42990654206 41840.376947040495 10491.757009345794 10519.704049844237 9934.109034267913 9962.056074766355 
42617.88535825545 42646.61121495327 10658.081619937695 10686.807476635515 10119.471028037384 10148.196884735202 
42190.38816199377 42218.740186915886 10719.955140186916 10748.307165109034 9970.472274143302 9998.82429906542 
41845.17320872274 41873.45358255452 10390.927102803738 10419.207476635514 9835.593769470404 9863.87414330218 
43142.00498442368 43170.41308411215 10617.677881619938 10646.085981308412 10364.350778816199 10392.758878504674 
42483.700934579436 42512.14953271028 10391.915887850468 10420.364485981308 10204.227414330218 10232.67601246106 
42121.5507788162 42150.20186915888 10505.279750778816 10533.930841121495 10151.871651090343 10180.522741433022 
42748.22554517134 42777.23489096573 10797.359501557632 10826.368847352025 10306.758255451714 10335.767601246105 
42225.319626168224 42254.110903426794 10663.291588785047 10692.082866043615 10375.559501557633 10404.350778816199 
41972.99190031153 42000.93271028037 10499.624299065421 10527.565109034267 10292.590031152647 10320.530841121496 
41305.771962616825 41333.85919003115 10508.513395638629 10536.60062305296 10043.164485981308 10071.251713395639 
41919.01121495327 41947.322741433025 10482.316510903427 10510.628037383178 9842.715264797507 9871.026791277258 
42546.56635514019 42574.831152647974 10512.865420560747 10541.130218068536 10181.821806853583 10210.086604361371 
42188.42492211838 42216.854828660435 10525.172585669781 10553.602492211838 10206.116510903426 10234.546417445483 
41962.43800623053 41990.4753894081 10377.855451713396 10405.892834890965 10076.547040498443 10104.584423676013 
42244.306542056074 42272.31277258567 10447.540186915889 10475.546417445483 9698.147663551403 9726.153894080997 
42029.06230529595 42057.30841121495 10556.433021806854 10584.679127725856 10115.271028037383 10143.517133956386 
42945.57133956386 42974.44984423676 10534.59937694704 10563.477881619938 10321.773831775701 10350.652336448598 
42507.51962616822 42536.35140186916 10729.460436137071 10758.292211838007 10252.8 10281.631775700935 
42374.3046728972 42402.99003115265 10476.41370716511 10505.099065420562 9993.996261682243 10022.681619937695 
42003.231152647975 42031.67040498443 10773.056697819315 10801.495950155764 10248.168847352024 10276.608099688474 
42649.19003115265 42677.65732087228 10287.990654205607 10316.457943925234 10018.806853582555 10047.27414330218 
42637.58255451713 42666.22741433022 10494.722741433021 10523.367601246106 9929.14953271028 9957.794392523365 
42396.45046728972 42424.578193146415 10291.61246105919 10319.740186915888 10092.391277258566 10120.519003115265 
42838.88785046729 42867.43613707165 10440.520249221183 10469.068535825545 10060.380062305296 10088.928348909658 
42621.03052959502 42649.41059190031 10628.338940809968 10656.719003115264 10500.603738317757 10528.983800623053 
42456.23489096573 42484.842367601246 10520.898442367601 10549.505919003115 10120.74890965732 10149.356386292835 
42248.14953271028 42276.38940809969 10667.747663551401 10695.98753894081 10195.17445482866 10223.41433021807 
42636.191277258564 42664.67102803738 10709.063551401869 10737.543302180686 10225.808099688473 10254.28785046729 
41185.18566978193 41213.2261682243 10387.936448598131 10415.976947040499 10074.547040498443 10102.58753894081 
42176.72024922119 42204.97881619938 10641.041121495327 10669.29968847352 10033.97570093458 10062.234267912772 
42208.56323987539 42237.19252336449 10766.56323987539 10795.192523364485 10023.75015576324 10052.379439252336 
42611.753271028036 42640.494704049845 10795.014953271027 10823.756386292835 10329.97445482866 10358.715887850467 
41981.95514018692 42009.808722741436 10381.198130841121 10409.051713395638 9963.902180685358 9991.755763239875 
41460.71464174455 41488.79875389408 10650.191277258567 10678.2753894081 10393.303426791277 10421.38753894081 
41932.353894080996 41960.78068535826 10528.983177570093 10557.409968847353 10175.534579439252 10203.961370716512 
42216.33769470405 42244.808099688475 10413.627414330218 10442.097819314642 10035.42492211838 10063.895327102804 
42289.64797507788 42318.03426791277 10345.398753894082 10373.785046728972 10272.29906542056 10300.685358255452 
42299.528971962616 42327.768847352025 10744.167601246107 10772.407476635513 10095.46355140187 10123.703426791277 
