22.0 52.0 37.6 67.6 17.0 47.0 
33.0 65.0 42.2 74.2 28.0 60.0 
32.6 61.6 59.2 88.2 27.6 56.6 
28.0 67.0 53.8 92.8 23.0 62.0 
37.0 66.0 28.0 57.0 32.0 61.0 
35.4 62.4 33.2 60.2 30.4 57.4 
38.0 63.0 48.6 73.6 33.0 58.0 
27.0 52.0 25.4 50.4 22.0 47.0 
31.0 72.0 19.4 60.4 26.0 67.0 
23.2 51.2 53.8 81.8 18.2 46.2 
38.2 73.2 54.4 89.4 33.2 68.2 
19.0 48.0 43.8 72.8 14.0 43.0 
23.0 48.0 70.2 95.2 18.0 43.0 
17.0 49.0 45.4 77.4 12.0 44.0 
23.8 55.8 30.6 62.6 18.8 50.8 
22.0 56.0 46.2 80.2 17.0 51.0 
32.0 62.0 34.4 64.4 27.0 57.0 
27.0 60.0 27.6 60.6 22.0 55.0 
37.2 60.2 45.2 68.2 32.2 55.2 
37.2 75.2 24.0 62.0 32.2 70.2 
19.0 45.0 26.0 52.0 14.0 40.0 
34.0 61.0 51.6 78.6 29.0 56.0 
36.4 62.4 40.8 66.8 31.4 57.4 
37.0 73.0 19.4 55.4 32.0 68.0 
39.4 64.4 57.8 82.8 34.4 59.4 
34.0 68.0 38.6 72.6 29.0 63.0 
31.0 57.0 42.6 68.6 26.0 52.0 
34.0 60.0 44.2 70.2 29.0 55.0 
21.0 55.0 54.6 88.6 16.0 50.0 
28.0 64.0 45.2 81.2 23.0 59.0 
42.0 72.0 50.6 80.6 37.0 67.0 
26.0 52.0 58.6 84.6 21.0 47.0 
36.2 67.2 23.4 54.4 31.2 62.2 
28.0 53.0 44.6 69.6 23.0 48.0 
35.0 60.0 13.8 38.8 30.0 55.0 
33.2 55.2 37.8 59.8 28.2 50.2 
20.0 46.0 28.4 54.4 15.0 41.0 
18.0 36.0 38.6 56.6 13.0 31.0 
19.0 48.0 48.6 77.6 14.0 43.0 
27.6 52.6 62.8 87.8 22.6 47.6 
24.0 57.0 29.2 62.2 19.0 52.0 
38.0 71.0 61.4 94.4 33.0 66.0 
28.6 54.6 45.0 71.0 21.6 47.6 
22.0 41.0 47.6 66.6 17.0 36.0 
28.0 55.0 46.8 73.8 23.0 50.0 
30.0 54.0 43.2 67.2 25.0 49.0 
23.0 43.0 61.6 81.6 18.0 38.0 
24.0 55.0 42.2 73.2 19.0 50.0 
25.0 59.0 41.4 75.4 20.0 54.0 
32.0 66.0 42.8 76.8 27.0 61.0 
