47521.85872576178 47550.04986149584 11896.698060941828 11924.8891966759 11651.894736842105 11680.085872576177 
47790.108587257615 47818.330193905815 12083.873130193906 12112.094736842106 11916.438227146815 11944.659833795014 
47221.09861495845 47249.01828254847 11736.69972299169 11764.619390581718 11358.392243767314 11386.311911357341 
48046.12077562327 48074.536288088646 12425.771745152355 12454.187257617728 11920.23434903047 11948.649861495845 
47468.63656509695 47496.93296398892 12504.309695290858 12532.606094182825 11531.675346260388 11559.971745152354 
47441.05484764543 47468.94681440443 11959.719667590027 11987.61163434903 11473.805540166204 11501.697506925208 
48327.28088642659 48355.89307479224 12185.49972299169 12214.11191135734 11529.67700831025 11558.2891966759 
47813.529639889195 47842.16121883656 11838.615512465374 11867.247091412743 11815.687534626039 11844.319113573407 
47842.519113573406 47870.89584487535 11952.582825484764 11980.959556786704 11421.408310249308 11449.785041551246 
47628.94293628809 47657.42216066482 11789.762880886427 11818.242105263158 11559.56620498615 11588.04542936288 
47864.2404432133 47892.4648199446 12181.913573407202 12210.137950138504 11442.193351800554 11470.417728531856 
46994.01163434903 47022.21108033241 12022.651523545706 12050.850969529085 11522.407756232687 11550.607202216066 
47119.76786703601 47147.81218836565 12079.396675900278 12107.440997229916 11475.283102493075 11503.327423822715 
48144.32576177285 48173.01828254847 12229.516897506925 12258.209418282548 11783.09861495845 11811.791135734073 
48251.08254847646 48279.63656509695 11924.09916897507 11952.653185595567 11231.473130193906 11260.027146814404 
47875.69362880886 47904.07590027701 12112.006648199445 12140.38891966759 11785.519113573408 11813.90138504155 
48615.38947368421 48643.95734072022 12048.913019390582 12077.480886426592 11483.486426592797 11512.05429362881 
47376.05817174515 47404.04155124654 12014.695290858726 12042.67867036011 11204.2216066482 11232.204986149585 
47870.444875346264 47898.572299168976 12016.990581717451 12045.118005540166 11586.004432132964 11614.131855955678 
47992.860387811634 48021.32576177285 12199.439335180055 12227.904709141274 11486.680332409973 11515.145706371191 
47010.70747922438 47038.50249307479 12095.535734072022 12123.330747922437 11359.973407202217 11387.768421052631 
48149.34127423823 48177.54626038781 12063.61274238227 12091.817728531856 11374.302493074792 11402.507479224376 
47539.88033240997 47568.19058171745 11960.470360110803 11988.780609418283 11710.270914127424 11738.581163434903 
48125.76343490305 48154.85484764543 12018.347922437673 12047.439335180055 11860.386703601109 11889.478116343491 
48094.23878116343 48122.8620498615 12254.11135734072 12282.73462603878 11592.191689750693 11620.814958448753 
46871.41385041551 46899.49141274238 11827.87645429363 11855.954016620499 11526.713019390581 11554.790581717452 
47910.69141274238 47939.07922437673 12188.780055401661 12217.16786703601 11374.921329639888 11403.309141274238 
48023.13019390582 48051.459833795016 12174.994459833795 12203.324099722991 11691.698060941828 11720.027700831024 
47425.07202216067 47453.52631578947 12202.717451523546 12231.171745152355 11891.87811634349 11920.3324099723 
47131.886980609415 47159.84819944598 12158.3108033241 12186.272022160665 11413.928531855956 11441.88975069252 
47915.91412742382 47944.35457063712 12090.119113573408 12118.559556786704 11792.614958448754 11821.05540166205 
47969.35623268698 47997.74681440443 12178.937950138505 12207.328531855956 11573.497506925209 11601.88808864266 
48481.73185595568 48510.71246537396 12399.942382271469 12428.922991689751 11545.90083102493 11574.881440443214 
47785.43822714681 47813.50193905817 12135.615512465374 12163.67922437673 11403.402216066483 11431.465927977839 
47462.96952908587 47491.404432132964 12106.473684210527 12134.908587257618 11408.529085872577 11436.963988919668 
47643.67700831025 47672.07313019391 12196.350138504155 12224.746260387812 11336.46648199446 11364.862603878117 
47162.224376731305 47190.20498614958 12098.919667590028 12126.90027700831 11599.351800554017 11627.3324099723 
47882.06537396122 47910.44764542936 12046.190027700832 12074.572299168974 11723.298060941828 11751.680332409973 
48113.15567867036 48141.565650969525 12144.125207756233 12172.535180055402 11749.518559556787 11777.928531855956 
47291.27867036011 47319.42548476454 12019.187257617728 12047.33407202216 11570.738504155124 11598.885318559556 
47348.89529085872 47376.74570637119 11921.485318559557 11949.335734072021 11670.920221606648 11698.770637119114 
47998.62659279779 48027.09750692521 11963.017174515235 11991.48808864266 11480.873130193906 11509.34404432133 
48320.432132963986 48348.94182825485 11973.853185595568 12002.362880886427 11807.060941828255 11835.570637119114 
47829.6404432133 47858.086426592796 11903.141828254847 11931.587811634348 11494.258171745152 11522.704155124653 
47958.12853185595 47986.52188365651 12185.873684210526 12214.26703601108 11689.316897506926 11717.71024930748 
47546.702493074794 47574.86592797784 11531.306371191136 11559.469806094183 11396.406094182825 11424.569529085873 
48037.44653739612 48066.06980609418 12228.898060941829 12257.521329639889 11571.072576177285 11599.695844875347 
47526.706925207756 47554.96731301939 11804.731855955679 11832.992243767312 11535.995013850415 11564.25540166205 
47308.52132963989 47336.72077562327 12187.360664819944 12215.560110803324 11532.573961218837 11560.773407202216 
48059.1540166205 48087.91301939058 12329.973961218837 12358.73296398892 11761.228808864265 11789.98781163435 
