39300.379401993356 39328.558803986714 9698.635215946844 9726.8146179402 9177.88438538206 9206.063787375415 
40042.01661129568 40070.68438538206 9844.45514950166 9873.12292358804 9468.411960132891 9497.079734219269 
40366.158139534884 40394.87242524917 10022.4073089701 10051.121594684386 9479.297674418605 9508.01196013289 
40034.024584717605 40062.85182724253 9748.054485049834 9776.881727574751 9294.61926910299 9323.446511627906 
39552.62790697674 39580.94684385382 9662.87707641196 9691.196013289036 9263.634551495017 9291.953488372093 
39107.2657807309 39135.06976744186 9813.355481727574 9841.159468438538 9054.013289036546 9081.817275747508 
38953.19003322259 38981.618604651165 10033.621926910298 10062.050498338871 9425.764784053155 9454.193355481728 
39851.16611295681 39879.64119601329 9702.059800664452 9730.53488372093 9394.458471760798 9422.933554817275 
39504.1342192691 39532.44983388704 9878.27707641196 9906.5926910299 9309.792026578072 9338.107641196013 
40009.90830564784 40038.841860465116 9758.815282392026 9787.748837209303 9183.273754152824 9212.207308970099 
39617.47176079734 39646.1196013289 9728.365448504983 9757.013289036546 9551.408637873754 9580.056478405315 
39534.308970099664 39562.88704318937 9848.348837209302 9876.926910299004 9516.524916943521 9545.102990033223 
39903.88704318937 39932.28571428572 9940.803986710964 9969.20265780731 9259.51827242525 9287.916943521595 
39301.605980066444 39330.00132890366 10016.037873754152 10044.433222591362 9458.42657807309 9486.8219269103 
39967.114285714284 39995.708970099666 9791.552823920265 9820.147508305648 9557.30365448505 9585.898338870433 
39572.83521594684 39601.38671096345 9713.489700996677 9742.04119601329 9418.479734219269 9447.031229235881 
39352.28903654485 39380.72093023256 9710.63122923588 9739.063122923588 9351.734219269103 9380.166112956811 
39478.94352159469 39507.322259136214 9539.405315614618 9567.784053156147 9181.79734219269 9210.17607973422 
39745.06910299003 39773.62724252492 9773.338205980066 9801.89634551495 9451.158803986711 9479.716943521595 
40009.61594684386 40038.247176079734 9853.409966777408 9882.04119601329 9292.257142857143 9320.888372093023 
39898.87441860465 39927.6584717608 9748.097009966777 9776.881063122924 9660.36611295681 9689.150166112957 
39521.03388704319 39549.87441860465 9749.302990033222 9778.143521594684 9264.080398671096 9292.920930232558 
39549.65514950166 39578.24983388704 10030.871096345514 10059.465780730898 9337.538870431894 9366.133554817276 
39880.16279069767 39909.05647840531 9764.714285714286 9793.607973421927 9527.388704318937 9556.282392026578 
38867.348172757476 38895.574086378736 9556.374750830564 9584.600664451827 9286.740199335549 9314.96611295681 
39925.2511627907 39953.53355481727 9960.91561461794 9989.198006644518 9351.148172757476 9379.430564784054 
39117.85980066445 39146.19534883721 9783.45780730897 9811.793355481728 9399.444518272425 9427.780066445182 
39674.03122923588 39702.4 9822.449833887043 9850.818604651164 9322.56611295681 9350.93488372093 
39356.408637873756 39384.455149501664 9556.757475083057 9584.803986710964 9091.501661129569 9119.548172757475 
39522.49568106313 39550.96744186046 9888.758139534884 9917.229900332226 9364.871096345514 9393.342857142858 
39764.08637873754 39792.81063122924 9892.295681063122 9921.019933554817 9506.528239202658 9535.252491694353 
40263.71760797342 40292.57142857143 10004.05315614618 10032.906976744185 9496.584717607973 9525.43853820598 
39281.398006644515 39309.79335548173 9861.866445182724 9890.261794019934 9244.43122923588 9272.826578073089 
40181.49302325581 40210.140863787376 9629.81196013289 9658.459800664452 9320.652491694353 9349.300332225914 
39701.06179401993 39729.812624584716 10073.10830564784 10101.859136212624 9489.849169435216 9518.6 
39937.85514950166 39966.11096345515 9547.901661129568 9576.157475083057 9292.782059800664 9321.037873754152 
39294.2292358804 39322.647840531565 9803.687707641197 9832.106312292359 9325.880398671095 9354.29900332226 
39169.96611295681 39198.44784053156 9680.221926910299 9708.70365448505 9345.324916943522 9373.806644518272 
39755.04451827243 39783.6292358804 9611.772093023255 9640.356810631229 9195.37342192691 9223.958139534883 
39664.605980066444 39693.051162790696 9653.529568106313 9681.974750830565 9241.120930232559 9269.56611295681 
40180.56677740864 40209.42059800665 9879.483720930233 9908.337541528239 9373.168106312292 9402.021926910298 
39824.246511627905 39852.53554817276 9743.080398671096 9771.369435215947 9503.299667774087 9531.588704318938 
39250.37873754153 39278.93023255814 9815.34219269103 9843.893687707641 9352.72757475083 9381.279069767443 
39628.57740863787 39657.15215946844 9754.507641196013 9783.082392026578 9339.902990033223 9368.477740863787 
39459.17541528239 39487.574086378736 9836.726910299003 9865.125581395348 9335.165448504984 9363.56411960133 
39818.77342192691 39847.31827242525 9905.354817275747 9933.899667774087 9254.617275747509 9283.162126245847 
39569.86644518272 39597.87641196013 9508.079069767442 9536.08903654485 9258.467774086379 9286.477740863787 
40334.15149501661 40362.83588039867 9920.03853820598 9948.72292358804 9542.70631229236 9571.390697674418 
38422.199335548175 38449.88372093023 9781.312292358803 9808.996677740864 9229.02657807309 9256.710963455149 
39265.8146179402 39294.06378737542 9765.33953488372 9793.588704318938 9307.625249169436 9335.874418604652 
