36068.02633451957 36095.563701067615 8984.542348754449 9012.07971530249 8381.54590747331 8409.083274021352 
36426.68185053381 36455.13380782918 8908.42206405694 8936.874021352312 8484.813523131672 8513.265480427046 
36307.35231316726 36335.91103202847 9058.907473309608 9087.46619217082 8478.359430604982 8506.918149466192 
36986.26476868327 37015.05836298932 8845.48540925267 8874.279003558719 8750.133096085408 8778.92669039146 
36685.875444839854 36714.120996441285 8993.338078291816 9021.583629893239 8561.103202846974 8589.348754448398 
36237.86263345196 36265.78434163701 8916.321708185053 8944.243416370107 8529.54590747331 8557.467615658363 
36558.28683274021 36586.62135231317 8944.094661921708 8972.429181494663 8423.621352313166 8451.95587188612 
37047.49466192171 37075.928825622774 9082.277580071175 9110.711743772243 8638.715302491104 8667.149466192172 
36574.962277580074 36602.620640569396 8980.6384341637 9008.296797153025 8589.535231316726 8617.19359430605 
37121.37224199288 37149.79572953736 8970.258362989323 8998.681850533807 8478.891814946619 8507.315302491103 
36229.50533807829 36257.26690391459 8787.494661921708 8815.256227758007 8648.690391459075 8676.451957295374 
36604.95231316726 36632.98434163701 9042.254804270462 9070.286832740214 8547.33309608541 8575.365124555161 
36169.91886120997 36198.431316725975 8970.748042704627 8999.260498220641 8521.303202846975 8549.81565836299 
37265.11459074733 37293.90106761566 9152.58434163701 9181.370818505338 8867.516725978649 8896.303202846975 
36495.44056939502 36523.63274021352 9035.71103202847 9063.903202846976 8479.572241992882 8507.764412811388 
37121.70177935943 37150.3103202847 8847.861921708185 8876.470462633451 8570.64483985765 8599.253380782919 
36890.95871886121 36919.36085409253 9079.819928825622 9108.22206405694 8557.090391459074 8585.492526690392 
36721.14021352313 36749.250533807826 8961.883985765124 8989.994306049823 8710.602846975089 8738.713167259786 
37019.09537366548 37047.639857651244 9111.383629893238 9139.928113879003 8724.251957295373 8752.796441281138 
36023.879003558715 36051.8896797153 8752.79359430605 8780.804270462633 8469.740213523131 8497.750889679715 
36431.957295373664 36459.99644128114 9013.455516014235 9041.494661921708 8656.281138790036 8684.32028469751 
36642.061921708184 36670.22918149466 9239.745195729538 9267.912455516014 8803.061921708186 8831.229181494662 
37029.691103202844 37058.249822064055 8849.723131672597 8878.281850533807 8679.58078291815 8708.13950177936 
36688.46334519573 36717.3743772242 8923.498932384342 8952.409964412811 8457.961565836298 8486.872597864769 
36457.963701067616 36486.06334519573 9009.91387900356 9038.013523131673 8332.479715302492 8360.579359430605 
36437.014234875445 36464.807829181496 8905.47330960854 8933.266903914591 8156.142348754448 8183.935943060498 
36566.008540925264 36594.36441281139 8800.86975088968 8829.2256227758 8694.745195729538 8723.101067615658 
37003.409964412815 37031.954448398574 9101.292526690391 9129.837010676156 8712.175088967972 8740.719572953736 
36776.89679715302 36804.989323843416 8946.053380782918 8974.14590747331 8599.569395017794 8627.661921708184 
36886.75800711744 36915.25622775801 8990.996441281139 9019.494661921708 8868.52669039146 8897.02491103203 
37149.39145907473 37177.7615658363 9099.32384341637 9127.693950177936 8596.512455516015 8624.88256227758 
37101.21067615658 37129.509608540924 9138.420640569395 9166.719572953736 8741.121708185054 8769.420640569395 
36407.83772241993 36435.86619217082 8929.375088967972 8957.403558718861 8690.083274021352 8718.111743772242 
36710.30818505338 36738.81352313167 9125.699644128114 9154.204982206405 8684.567971530249 8713.07330960854 
36294.484697508895 36322.26761565836 8924.619928825623 8952.402846975088 8281.043416370107 8308.826334519574 
36678.7615658363 36706.932384341635 9084.348754448398 9112.519572953737 8745.911032028469 8774.081850533808 
36506.91672597865 36535.31886120996 9013.977224199289 9042.379359430604 8449.92384341637 8478.325978647686 
37433.145195729536 37461.52953736655 9074.134519572954 9102.518861209965 8783.03487544484 8811.41921708185 
37081.34377224199 37109.7103202847 8954.592882562278 8982.959430604982 8582.792170818506 8611.15871886121 
36178.24555160142 36206.30960854093 9165.953736654805 9194.017793594307 8685.857651245551 8713.921708185053 
36428.65622775801 36456.42491103203 9302.261209964412 9330.029893238434 8454.69537366548 8482.464056939501 
36873.63772241993 36901.933096085406 9230.488256227758 9258.783629893238 8744.367259786477 8772.662633451957 
37287.167259786474 37315.91814946619 9037.836298932385 9066.5871886121 8774.20284697509 8802.953736654805 
37030.172953736655 37058.74590747331 9117.585765124555 9146.15871886121 8861.984341637011 8890.557295373665 
36865.81992882562 36894.19359430605 8866.795017793595 8895.168683274022 8531.923131672598 8560.296797153025 
37210.51672597865 37238.91886120997 9282.833451957295 9311.235587188612 8740.861921708185 8769.264056939503 
36989.70676156584 37017.77081850534 8755.009252669039 8783.07330960854 8438.187188612099 8466.2512455516 
36801.541637010676 36830.192882562274 9034.399288256227 9063.05053380783 8689.01850533808 8717.66975088968 
36015.59074733096 36043.434163701066 9145.921708185053 9173.76512455516 8503.494661921708 8531.338078291816 
36253.60427046263 36281.72882562278 8907.002846975089 8935.127402135231 8207.47259786477 8235.597153024912 
