917.3428571428572 944.8190476190476 74.05714285714286 101.53333333333333 101.6 129.07619047619048 
1235.2571428571428 1263.5904761904762 78.63809523809523 106.97142857142858 85.82857142857142 114.16190476190476 
1245.152380952381 1272.009523809524 90.2 117.05714285714286 101.02857142857142 127.88571428571429 
1246.4190476190477 1275.1809523809525 80.41904761904762 109.18095238095238 93.81904761904762 122.58095238095238 
1061.5428571428572 1088.4952380952382 82.16190476190476 109.11428571428571 97.95238095238095 124.9047619047619 
1061.7714285714285 1089.057142857143 86.91428571428571 114.2 103.37142857142857 130.65714285714284 
1142.6190476190477 1171.142857142857 80.99047619047619 109.51428571428572 97.87619047619047 126.4 
1482.1809523809525 1512.0857142857142 90.75238095238095 120.65714285714286 89.63809523809523 119.54285714285714 
1214.5142857142857 1242.0380952380951 74.8 102.32380952380953 97.93333333333334 125.45714285714286 
963.9904761904762 990.2761904761904 84.56190476190476 110.84761904761905 97.43809523809524 123.72380952380952 
1094.1714285714286 1121.9809523809524 92.17142857142858 119.98095238095237 90.14285714285714 117.95238095238095 
1243.2285714285715 1270.6571428571428 81.0 108.42857142857143 126.92380952380952 154.35238095238094 
948.9238095238095 976.9238095238095 81.55238095238096 109.55238095238096 89.74285714285715 117.74285714285715 
1262.695238095238 1291.2666666666667 79.02857142857142 107.6 96.3047619047619 124.87619047619047 
936.1333333333333 962.6571428571428 72.32380952380953 98.84761904761905 89.05714285714286 115.58095238095238 
1261.4190476190477 1289.2285714285715 83.56190476190476 111.37142857142857 96.74285714285715 124.55238095238096 
1322.4190476190477 1351.6095238095238 82.56190476190476 111.75238095238095 103.0 132.1904761904762 
1458.3142857142857 1486.8380952380953 71.21904761904761 99.74285714285715 106.00952380952381 134.53333333333333 
1060.942857142857 1088.6571428571428 71.75238095238095 99.46666666666667 81.18095238095238 108.8952380952381 
1135.3619047619047 1165.5523809523809 82.4095238095238 112.6 96.36190476190477 126.55238095238096 
1072.1142857142856 1099.7809523809524 84.22857142857143 111.8952380952381 97.86666666666666 125.53333333333333 
908.6761904761905 935.2476190476191 79.1047619047619 105.67619047619047 90.95238095238095 117.52380952380952 
1344.0380952380951 1371.942857142857 75.31428571428572 103.21904761904761 104.96190476190476 132.86666666666667 
1337.5714285714287 1365.7142857142858 77.76190476190476 105.9047619047619 100.4952380952381 128.63809523809525 
820.2857142857143 846.4285714285714 91.26666666666667 117.4095238095238 111.39047619047619 137.53333333333333 
1099.4095238095238 1128.0285714285715 81.5904761904762 110.20952380952382 96.91428571428571 125.53333333333333 
1188.9238095238095 1217.7333333333333 83.92380952380952 112.73333333333333 80.07619047619048 108.88571428571429 
1299.5333333333333 1328.247619047619 81.62857142857143 110.34285714285714 83.47619047619048 112.19047619047619 
1004.1047619047619 1031.3428571428572 71.33333333333333 98.57142857142857 87.76190476190476 115.0 
1214.7428571428572 1242.8380952380953 76.02857142857142 104.12380952380953 84.00952380952381 112.1047619047619 
1164.3142857142857 1193.9809523809524 82.34285714285714 112.00952380952381 111.27619047619048 140.94285714285715 
1018.495238095238 1045.1142857142856 84.20952380952382 110.82857142857142 94.52380952380952 121.14285714285714 
1119.3619047619047 1146.7904761904763 89.70476190476191 117.13333333333334 112.54285714285714 139.97142857142856 
996.4095238095238 1023.7428571428571 86.74285714285715 114.07619047619048 92.3047619047619 119.63809523809523 
1403.1619047619047 1433.4476190476191 82.01904761904763 112.3047619047619 96.77142857142857 127.05714285714286 
938.8857142857142 966.7904761904762 85.31428571428572 113.21904761904761 96.73333333333333 124.63809523809523 
971.9428571428572 999.8 78.13333333333334 105.99047619047619 90.31428571428572 118.17142857142858 
1075.2666666666667 1103.5523809523809 86.26666666666667 114.55238095238096 102.8 131.0857142857143 
988.8190476190476 1016.1047619047619 70.15238095238095 97.43809523809524 93.33333333333333 120.61904761904762 
1243.7809523809524 1271.8761904761905 77.5904761904762 105.68571428571428 103.36190476190477 131.45714285714286 
1099.4571428571428 1128.5047619047618 79.84761904761905 108.8952380952381 105.68571428571428 134.73333333333332 
1051.8857142857144 1079.695238095238 86.45714285714286 114.26666666666667 95.37142857142857 123.18095238095238 
1113.7238095238095 1141.5809523809523 81.24761904761905 109.1047619047619 109.29523809523809 137.15238095238095 
1058.152380952381 1085.2 85.91428571428571 112.96190476190476 98.16190476190476 125.20952380952382 
890.6 918.3619047619047 82.03809523809524 109.8 104.6 132.36190476190475 
1083.904761904762 1110.6666666666667 78.04761904761905 104.80952380952381 110.36190476190477 137.1238095238095 
1238.7238095238095 1266.104761904762 89.6 116.98095238095237 101.8 129.1809523809524 
1188.2 1217.104761904762 73.62857142857143 102.53333333333333 100.72380952380952 129.62857142857143 
1016.6190476190476 1044.857142857143 79.76190476190476 108.0 110.88571428571429 139.1238095238095 
1078.104761904762 1105.6285714285714 75.05714285714286 102.58095238095238 95.92380952380952 123.44761904761904 
