45254.685630498534 45283.178299120234 11488.084457478006 11516.577126099706 11376.571260997067 11405.06392961877 
45702.27741935484 45731.15425219941 11399.887390029326 11428.7642228739 10967.35366568915 10996.230498533725 
44733.45513196481 44761.478592375366 11390.276246334312 11418.299706744869 10950.36715542522 10978.390615835777 
44905.15718475074 44933.374193548385 11380.02228739003 11408.239296187683 10969.388856304986 10997.60586510264 
44952.94662756598 44981.43929618768 11368.694428152492 11397.187096774194 10832.896774193548 10861.389442815249 
44994.71319648094 45022.81290322581 11262.305571847508 11290.405278592376 10861.683870967741 10889.78357771261 
45009.150146627566 45037.53431085044 11388.437536656891 11416.821700879766 10854.20293255132 10882.587096774194 
45358.228152492666 45386.776539589446 11518.832258064516 11547.38064516129 11054.747214076246 11083.29560117302 
44548.376539589444 44576.77243401759 11463.32668621701 11491.72258064516 10999.534897360703 11027.930791788856 
44637.49618768328 44665.572434017595 11294.997653958944 11323.073900293255 10873.768914956012 10901.845161290323 
45126.06979472141 45154.74721407625 11348.500879765395 11377.178299120234 10741.926099706745 10770.603519061584 
45535.505571847505 45564.147800586514 11336.338416422288 11364.98064516129 10725.9073313783 10754.549560117302 
45536.1202346041 45564.466275659826 11372.953079178886 11401.299120234604 10747.219941348974 10775.565982404692 
45129.801173020525 45158.56070381232 11357.980058651026 11386.739589442815 11150.132551319648 11178.892082111437 
45012.903225806454 45041.067448680355 11143.42521994135 11171.58944281525 10809.944281524926 10838.108504398828 
44564.53196480939 44592.584750733135 11052.760703812317 11080.81348973607 10591.285630498534 10619.338416422288 
44865.293841642226 44893.7073313783 11332.487390029326 11360.900879765395 10945.478592375366 10973.892082111437 
44478.50087976539 44506.506744868035 11189.653372434017 11217.659237536656 10829.342521994135 10857.348387096774 
44776.92258064516 44805.14252199414 11240.85219941349 11269.072140762464 10702.661583577712 10730.881524926686 
44396.290322580644 44424.40762463343 11390.102639296188 11418.219941348974 10746.41055718475 10774.527859237536 
44642.53900293255 44670.80293255132 11164.96715542522 11193.231085043988 10721.621114369502 10749.88504398827 
44648.96363636364 44677.459237536656 11488.614662756598 11517.110263929619 10738.121994134897 10766.617595307918 
44832.886217008796 44860.98885630498 11499.352492668622 11527.455131964809 11020.965395894427 11049.068035190616 
44686.32961876833 44714.59648093842 11319.294428152492 11347.561290322581 10757.452785923753 10785.719648093842 
44578.16832844575 44606.46451612903 11045.98064516129 11074.276832844575 10638.769501466275 10667.06568914956 
45777.256304985334 45805.62287390029 11461.596480938417 11489.963049853372 10977.593548387096 11005.960117302053 
44394.59824046921 44422.97947214076 11000.659824046921 11029.041055718475 10622.712609970675 10651.093841642229 
44754.86099706745 44783.09560117302 11405.75542521994 11433.990029325512 10810.658651026393 10838.893255131965 
45042.972434017596 45071.544281524926 11232.620527859237 11261.192375366569 10999.286217008797 11027.85806451613 
43985.33607038123 44013.5853372434 11495.368328445747 11523.617595307918 10774.429912023461 10802.67917888563 
44873.1348973607 44901.17302052786 11361.026392961878 11389.064516129032 10695.372434017596 10723.41055718475 
45043.855718475075 45072.29853372434 11501.477419354838 11529.920234604106 10885.178299120234 10913.621114369502 
45560.295014662755 45588.68504398827 11222.083870967743 11250.473900293255 11057.10146627566 11085.491495601173 
44505.88797653959 44533.870381231674 11260.676832844574 11288.659237536656 10624.324926686217 10652.307331378299 
45314.06334310851 45342.453372434014 11404.013489736071 11432.403519061583 10666.652785923754 10695.042815249268 
44786.73196480938 44814.97829912024 11246.646920821115 11274.893255131965 11015.860997067448 11044.1073313783 
45267.920234604106 45296.163636363635 10973.63284457478 11001.87624633431 10663.905571847507 10692.148973607038 
45446.49912023461 45475.05630498534 11542.305571847508 11570.86275659824 11092.326099706745 11120.883284457477 
44792.93137829912 44821.11906158358 11175.570674486804 11203.758357771261 10676.899120234604 10705.086803519062 
45338.29560117302 45366.76480938416 11503.841055718474 11532.31026392962 10877.453958944281 10905.923167155424 
45097.651612903224 45125.77478005865 11184.381818181819 11212.504985337244 10894.158944281526 10922.28211143695 
44889.58651026393 44917.6568914956 11409.545454545454 11437.615835777126 10788.721407624633 10816.791788856304 
45481.408211143695 45509.57536656891 11486.173607038123 11514.340762463344 10902.015249266862 10930.182404692083 
44597.53313782991 44625.86158357771 11411.97302052786 11440.30146627566 10789.940762463342 10818.269208211144 
44897.47214076246 44925.60117302053 11680.741935483871 11708.870967741936 10629.979472140762 10658.108504398828 
44831.59824046921 44859.75953079179 11474.689149560118 11502.850439882697 11212.123167155425 11240.284457478007 
45194.64985337244 45222.966568914955 11267.951906158358 11296.26862170088 10934.26568914956 10962.582404692082 
45239.573607038124 45268.045747800585 11394.60293255132 11423.075073313783 10506.68504398827 10535.157184750733 
45019.30322580645 45047.55249266862 11268.188856304985 11296.438123167156 10963.2357771261 10991.48504398827 
44998.80762463343 45027.47331378299 11474.754838709678 11503.420527859238 11025.40879765396 11054.07448680352 
