9742.401376146789 9770.887614678899 1576.2431192660551 1604.7293577981652 1373.6399082568807 1402.1261467889908 
10414.066513761469 10442.495412844037 1750.5183486238532 1778.947247706422 1601.3371559633028 1629.7660550458716 
10021.823394495414 10050.114678899083 1627.2224770642201 1655.51376146789 1606.7087155963302 1635.0 
10222.827981651377 10251.772935779816 1706.6467889908256 1735.591743119266 1503.630733944954 1532.5756880733945 
10556.621559633028 10585.612385321101 1741.1949541284403 1770.1857798165138 1684.3738532110092 1713.3646788990825 
10109.922018348623 10138.511467889908 1666.651376146789 1695.2408256880733 1581.1834862385322 1609.7729357798164 
10070.965596330276 10100.01376146789 1780.591743119266 1809.6399082568807 1733.1674311926606 1762.2155963302753 
10154.944954128441 10183.350917431193 1703.032110091743 1731.4380733944954 1730.9770642201836 1759.383027522936 
9719.651376146789 9747.025229357798 1589.6238532110092 1616.9977064220184 1508.045871559633 1535.4197247706422 
10227.158256880733 10255.266055045871 1587.348623853211 1615.4564220183486 1532.823394495413 1560.9311926605506 
10116.107798165138 10144.731651376147 1609.6788990825687 1638.302752293578 1656.4288990825687 1685.052752293578 
10788.133027522936 10818.133027522936 1835.1811926605506 1865.1811926605506 1665.0366972477063 1695.0366972477063 
10264.538990825688 10293.34633027523 1680.5114678899083 1709.3188073394494 1542.2912844036698 1571.098623853211 
9933.41743119266 9961.743119266055 1786.9633027522937 1815.288990825688 1654.8853211009175 1683.211009174312 
9800.555045871559 9828.04357798165 1757.1720183486239 1784.6605504587155 1568.0779816513761 1595.5665137614678 
10425.75 10454.362385321101 1621.5711009174313 1650.1834862385322 1588.295871559633 1616.908256880734 
10233.520642201835 10261.089449541285 1747.3967889908256 1774.9655963302753 1632.6720183486239 1660.2408256880733 
10217.607798165138 10246.128440366972 1625.98623853211 1654.5068807339449 1667.7683486238532 1696.288990825688 
9992.951834862386 10020.394495412844 1695.0688073394494 1722.5114678899083 1627.584862385321 1655.0275229357799 
10173.603211009175 10202.295871559632 1501.76376146789 1530.4564220183486 1383.098623853211 1411.7912844036698 
9859.62614678899 9887.401376146789 1715.3532110091744 1743.1284403669724 1578.6628440366972 1606.4380733944954 
10046.584862385322 10075.174311926605 1545.9128440366972 1574.5022935779816 1464.2912844036698 1492.880733944954 
10353.878440366972 10382.892201834862 1703.5825688073394 1732.5963302752293 1540.8967889908256 1569.9105504587155 
10119.628440366972 10147.621559633028 1684.0779816513761 1712.0711009174313 1510.133027522936 1538.1261467889908 
10082.844036697248 10110.974770642202 1463.151376146789 1491.282110091743 1495.8715596330276 1524.0022935779816 
10359.607798165138 10387.555045871559 1765.7844036697247 1793.7316513761468 1567.2683486238532 1595.2155963302753 
10398.064220183487 10426.974770642202 1755.3050458715597 1784.2155963302753 1626.5045871559632 1655.415137614679 
10401.747706422018 10430.176605504586 1547.584862385321 1576.01376146789 1573.8577981651376 1602.2866972477063 
9661.174311926605 9688.823394495414 1627.1788990825687 1654.8279816513761 1599.3853211009175 1627.0344036697247 
10022.438073394496 10050.798165137614 1727.8279816513761 1756.1880733944954 1597.8050458715597 1626.165137614679 
10441.814220183487 10470.27752293578 1669.3876146788991 1697.8509174311926 1582.3876146788991 1610.8509174311926 
10346.88990825688 10375.227064220184 1702.967889908257 1731.3050458715597 1549.711009174312 1578.0481651376147 
9991.490825688074 10019.598623853211 1573.1949541284403 1601.302752293578 1420.5963302752293 1448.704128440367 
10175.55733944954 10204.272935779816 1683.0688073394494 1711.7844036697247 1578.309633027523 1607.0252293577983 
10159.114678899083 10187.727064220184 1911.1788990825687 1939.7912844036698 1828.7018348623853 1857.3142201834862 
10018.954128440368 10046.752293577982 1650.3738532110092 1678.1720183486239 1531.9816513761468 1559.7798165137615 
10446.915137614678 10475.733944954129 1697.5573394495414 1726.3761467889908 1571.8463302752293 1600.665137614679 
10293.979357798165 10322.55733944954 1707.3142201834862 1735.8922018348624 1584.116972477064 1612.6949541284403 
10203.128440366972 10231.993119266055 1692.0045871559632 1720.869266055046 1606.1100917431193 1634.9747706422017 
10114.759174311926 10142.419724770642 1726.8119266055046 1754.4724770642201 1567.6261467889908 1595.2866972477063 
9980.071100917432 10008.717889908257 1483.0435779816514 1511.690366972477 1518.052752293578 1546.6995412844037 
10097.520642201835 10125.559633027522 1610.0091743119267 1638.0481651376147 1538.323394495413 1566.3623853211009 
10228.44266055046 10256.802752293577 1694.7270642201836 1723.0871559633028 1596.538990825688 1624.8990825688074 
10322.655963302752 10351.87614678899 1734.1811926605506 1763.401376146789 1670.5 1699.7201834862385 
10096.378440366972 10125.036697247706 1587.461009174312 1616.119266055046 1546.883027522936 1575.5412844036698 
10024.715596330276 10052.97247706422 1600.7545871559632 1629.0114678899083 1537.6743119266055 1565.9311926605506 
10142.56880733945 10171.146788990825 1755.408256880734 1783.98623853211 1600.5963302752293 1629.1743119266055 
10459.73623853211 10489.483944954129 1766.7683486238532 1796.5160550458716 1597.7866972477063 1627.5344036697247 
10431.621559633028 10459.844036697248 1646.1949541284403 1674.4174311926606 1551.9197247706422 1580.1422018348624 
9838.649082568807 9866.79128440367 1591.3073394495414 1619.4495412844037 1509.7270642201836 1537.869266055046 
