8603.339378238343 8630.943005181347 1356.082901554404 1383.6865284974094 1231.2927461139896 1258.896373056995 
8993.284974093263 9022.209844559586 1279.4300518134714 1308.3549222797928 1314.139896373057 1343.0647668393783 
8637.124352331606 8664.987046632124 1297.5025906735752 1325.3652849740934 1175.4922279792745 1203.3549222797928 
9053.37823834197 9082.212435233161 1274.821243523316 1303.6554404145077 1205.658031088083 1234.4922279792745 
8827.865284974094 8856.375647668394 1476.5958549222798 1505.1062176165804 1316.7512953367875 1345.261658031088 
8568.61139896373 8596.525906735751 1297.018134715026 1324.9326424870467 1329.6735751295337 1357.5880829015543 
8711.556994818653 8740.183937823835 1412.9948186528497 1441.6217616580311 1307.69689119171 1336.323834196891 
8684.39896373057 8712.805699481865 1259.437823834197 1287.8445595854923 1197.8445595854923 1226.2512953367875 
8820.463730569949 8849.18134715026 1333.8782383419689 1362.5958549222798 1260.7487046632125 1289.4663212435232 
8868.515544041451 8897.80310880829 1280.5725388601036 1309.860103626943 1192.5051813471503 1221.7927461139896 
8945.740932642488 8973.862694300518 1298.5051813471503 1326.6269430051814 1352.5544041450778 1380.676165803109 
8856.955958549222 8886.10103626943 1320.5544041450778 1349.699481865285 1222.5518134715026 1251.69689119171 
8754.31865284974 8782.220207253886 1335.2746113989638 1363.176165803109 1245.018134715026 1272.919689119171 
8770.945595854922 8799.209844559586 1163.059585492228 1191.323834196891 1146.7227979274612 1174.9870466321242 
8660.841968911916 8688.380829015545 1235.479274611399 1263.018134715026 1211.1528497409327 1238.6917098445597 
8486.362694300518 8513.759067357512 1192.0129533678758 1219.4093264248704 1147.580310880829 1174.9766839378237 
8667.68652849741 8696.158031088084 1251.4663212435232 1279.937823834197 1291.1839378238342 1319.6554404145077 
8578.137305699482 8606.20725388601 1283.041450777202 1311.1113989637306 1172.5155440414508 1200.5854922279793 
9323.494818652849 9353.119170984455 1413.437823834197 1443.062176165803 1298.8056994818653 1328.4300518134714 
9144.093264248704 9172.772020725388 1448.2357512953367 1476.9145077720207 1393.0051813471503 1421.6839378238342 
8795.375647668394 8823.71761658031 1230.9507772020725 1259.2927461139896 1115.5310880829015 1143.8730569948186 
8872.896373056994 8900.79792746114 1311.5725388601036 1339.4740932642487 1300.4093264248704 1328.3108808290156 
8925.772020725388 8954.334196891192 1471.1917098445597 1499.7538860103627 1376.5751295336788 1405.1373056994819 
8587.63212435233 8615.520725388602 1351.1943005181347 1379.082901554404 1219.2901554404145 1247.178756476684 
8990.756476683939 9019.487046632124 1283.8808290155441 1312.6113989637306 1328.3471502590673 1357.0777202072538 
8434.373056994818 8461.704663212435 1311.720207253886 1339.0518134715026 1313.4145077720207 1340.7461139896373 
8588.735751295337 8617.103626943006 1268.0310880829015 1296.39896373057 1285.7564766839378 1314.1243523316061 
8707.979274611398 8736.088082901555 1275.2020725388602 1303.3108808290156 1335.9067357512954 1364.0155440414508 
8833.012953367876 8862.13212435233 1225.0647668393783 1254.1839378238342 1375.3704663212436 1404.4896373056995 
8598.709844559586 8626.455958549222 1280.937823834197 1308.6839378238342 1130.0051813471503 1157.7512953367875 
8683.891191709845 8712.064766839378 1227.1476683937824 1255.321243523316 1299.279792746114 1327.4533678756477 
8961.849740932643 8990.852331606218 1264.0284974093265 1293.0310880829015 1158.19689119171 1187.199481865285 
8727.28238341969 8755.520725388602 1261.8730569948186 1290.1113989637306 1167.7227979274612 1195.961139896373 
8291.82901554404 8319.704663212435 1304.8341968911918 1332.7098445595855 1200.559585492228 1228.4352331606217 
9010.603626943006 9039.360103626943 1054.437823834197 1083.1943005181347 1150.7849740932643 1179.541450777202 
9194.080310880829 9223.32901554404 1318.9507772020725 1348.199481865285 1341.3860103626944 1370.6347150259066 
8776.305699481865 8804.997409326425 1338.9352331606217 1367.6269430051814 1389.0259067357513 1417.717616580311 
8906.155440414508 8934.199481865286 1179.981865284974 1208.0259067357513 1068.3834196891191 1096.4274611398964 
8834.919689119171 8864.0 1283.3549222797928 1312.4352331606217 1331.1632124352332 1360.2435233160622 
9095.160621761657 9124.862694300518 1391.437823834197 1421.139896373057 1305.1088082901554 1334.8108808290156 
9205.300518134714 9234.290155440414 1397.5932642487046 1426.582901554404 1286.6217616580311 1315.6113989637306 
8646.660621761657 8675.468911917098 1288.2953367875648 1317.103626943005 1269.639896373057 1298.4481865284974 
9112.673575129535 9141.715025906737 1360.8471502590673 1389.8886010362694 1326.0155440414508 1355.0569948186528 
8756.836787564767 8785.049222797927 1311.9740932642487 1340.1865284974094 1358.8834196891191 1387.0958549222798 
8343.699481865286 8371.523316062176 1354.8756476683939 1382.699481865285 1227.6891191709844 1255.5129533678758 
8826.30310880829 8854.023316062176 1407.8134715025906 1435.5336787564768 1377.961139896373 1405.6813471502592 
8696.352331606218 8724.11139896373 1287.19689119171 1314.9559585492227 1267.7253886010362 1295.4844559585492 
8700.613989637306 8728.334196891192 1414.7642487046633 1442.4844559585492 1207.3497409326426 1235.0699481865286 
8664.940414507771 8692.958549222798 1219.8108808290156 1247.8290155440413 1195.1217616580311 1223.139896373057 
8622.974093264249 8651.626943005182 1327.4663212435232 1356.1191709844559 1204.658031088083 1233.3108808290156 
