10.0 30.0 41.0 61.0 5.0 25.0 
40.0 65.0 40.0 65.0 35.0 60.0 
15.0 65.0 77.0 127.0 10.0 60.0 
10.0 55.0 68.0 113.0 5.0 50.0 
20.0 35.0 2.0 17.0 15.0 30.0 
50.0 95.0 21.0 66.0 45.0 90.0 
20.0 50.0 26.0 56.0 15.0 45.0 
40.0 75.0 77.0 112.0 35.0 70.0 
50.0 65.0 79.0 94.0 45.0 60.0 
25.0 40.0 25.0 40.0 20.0 35.0 
15.0 55.0 36.0 76.0 10.0 50.0 
45.0 90.0 50.0 95.0 40.0 85.0 
45.0 65.0 36.0 56.0 40.0 60.0 
55.0 100.0 61.0 106.0 50.0 95.0 
45.0 65.0 89.0 109.0 40.0 60.0 
55.0 70.0 32.0 47.0 50.0 65.0 
15.0 40.0 85.0 110.0 10.0 35.0 
15.0 35.0 59.0 79.0 10.0 30.0 
25.0 50.0 5.0 30.0 20.0 45.0 
55.0 80.0 13.0 38.0 50.0 75.0 
25.0 40.0 68.0 83.0 20.0 35.0 
50.0 90.0 51.0 91.0 45.0 85.0 
45.0 60.0 30.0 45.0 40.0 55.0 
50.0 70.0 61.0 81.0 45.0 65.0 
20.0 45.0 6.0 31.0 15.0 40.0 
40.0 55.0 32.0 47.0 35.0 50.0 
45.0 70.0 44.0 69.0 40.0 65.0 
25.0 60.0 81.0 116.0 20.0 55.0 
35.0 60.0 24.0 49.0 30.0 55.0 
20.0 55.0 87.0 122.0 15.0 50.0 
40.0 60.0 73.0 93.0 35.0 55.0 
50.0 100.0 64.0 114.0 45.0 95.0 
25.0 65.0 75.0 115.0 20.0 60.0 
15.0 65.0 85.0 135.0 10.0 60.0 
15.0 30.0 44.0 59.0 10.0 25.0 
20.0 40.0 61.0 81.0 15.0 35.0 
10.0 50.0 40.0 80.0 5.0 45.0 
35.0 50.0 87.0 102.0 30.0 45.0 
10.0 40.0 1.0 31.0 5.0 35.0 
25.0 45.0 28.0 48.0 20.0 40.0 
20.0 55.0 37.0 72.0 15.0 50.0 
35.0 55.0 23.0 43.0 30.0 50.0 
30.0 50.0 72.0 92.0 25.0 45.0 
10.0 50.0 25.0 65.0 5.0 45.0 
20.0 40.0 50.0 70.0 15.0 35.0 
30.0 60.0 2.0 32.0 25.0 55.0 
30.0 50.0 7.0 27.0 25.0 45.0 
10.0 65.0 29.0 84.0 5.0 60.0 
35.0 65.0 19.0 49.0 30.0 60.0 
45.0 60.0 65.0 80.0 40.0 55.0 
