9446.079812206573 9474.11971830986 1665.1572769953052 1693.1971830985915 1391.0093896713615 1419.0492957746478 
9416.725352112677 9444.19014084507 1551.2863849765258 1578.75117370892 1415.9037558685445 1443.368544600939 
9905.55399061033 9933.335680751174 1538.7676056338028 1566.5492957746478 1517.7605633802816 1545.5422535211267 
9706.652582159624 9734.833333333334 1517.5798122065728 1545.7605633802816 1403.6713615023475 1431.8521126760563 
9501.24647887324 9528.711267605633 1520.0774647887324 1547.5422535211267 1469.9788732394366 1497.443661971831 
9490.31455399061 9518.295774647888 1431.5023474178404 1459.4835680751173 1335.4319248826291 1363.413145539906 
9645.56103286385 9673.377934272301 1570.8521126760563 1598.6690140845071 1449.7863849765258 1477.6032863849766 
9911.992957746479 9939.833333333334 1648.0469483568074 1675.887323943662 1431.0539906103286 1458.894366197183 
9591.643192488264 9618.978873239437 1637.9107981220657 1665.2464788732395 1471.9014084507041 1499.237089201878 
9941.570422535211 9969.80985915493 1691.237089201878 1719.4765258215962 1591.3356807511736 1619.575117370892 
10130.652582159624 10158.856807511736 1723.105633802817 1751.3098591549297 1555.7699530516431 1583.9741784037558 
10152.575117370892 10180.720657276996 1647.5821596244132 1675.7276995305165 1441.988262910798 1470.1338028169014 
9961.429577464789 9989.504694835681 1642.3474178403756 1670.4225352112676 1446.8521126760563 1474.9272300469484 
9864.75352112676 9893.392018779343 1692.7089201877934 1721.3474178403756 1683.1103286384975 1711.74882629108 
9728.342723004695 9756.828638497653 1534.1079812206572 1562.593896713615 1540.9953051643192 1569.481220657277 
9763.42723004695 9791.514084507042 1521.6408450704225 1549.7276995305165 1601.0328638497654 1629.119718309859 
9867.643192488264 9896.105633802817 1515.1244131455398 1543.586854460094 1387.1267605633802 1415.5892018779343 
9594.38028169014 9621.93896713615 1470.4765258215962 1498.0352112676057 1487.5962441314555 1515.1549295774648 
9677.81690140845 9705.211267605633 1509.0399061032863 1536.4342723004695 1266.5492957746478 1293.943661971831 
10006.908450704226 10035.136150234743 1614.1971830985915 1642.424882629108 1409.3732394366198 1437.6009389671362 
9843.469483568075 9871.720657276996 1462.424882629108 1490.6760563380283 1465.112676056338 1493.3638497652582 
9746.140845070422 9773.676056338029 1441.924882629108 1469.4600938967137 1438.0892018779343 1465.6244131455398 
9926.823943661971 9955.579812206573 1690.4859154929577 1719.2417840375588 1414.5 1443.2558685446008 
9972.0 10000.462441314554 1661.7840375586854 1690.2464788732395 1543.5962441314555 1572.0586854460093 
9742.333333333334 9770.420187793427 1546.9976525821596 1575.0845070422536 1428.530516431925 1456.6173708920187 
10112.281690140846 10141.00234741784 1661.8990610328638 1690.619718309859 1565.3333333333333 1594.0539906103286 
9695.551643192488 9723.110328638497 1556.206572769953 1583.7652582159624 1427.3356807511736 1454.894366197183 
9620.093896713615 9648.462441314554 1700.0704225352113 1728.4389671361503 1452.511737089202 1480.880281690141 
10149.821596244132 10178.31924882629 1551.8403755868544 1580.338028169014 1459.4225352112676 1487.9201877934272 
9922.638497652582 9951.276995305165 1517.2089201877934 1545.8474178403756 1524.586854460094 1553.225352112676 
10024.852112676057 10053.032863849765 1581.8967136150234 1610.0774647887324 1481.4953051643192 1509.6760563380283 
10017.058685446009 10045.42723004695 1732.0845070422536 1760.4530516431926 1560.0164319248827 1588.3849765258217 
10148.424882629108 10176.863849765257 1684.9976525821596 1713.4366197183099 1522.5798122065728 1551.018779342723 
9823.338028169013 9851.530516431925 1671.4014084507041 1699.593896713615 1652.4225352112676 1680.6150234741783 
10000.586854460094 10028.462441314554 1619.9342723004695 1647.8098591549297 1496.643192488263 1524.518779342723 
10053.354460093897 10081.464788732394 1615.4295774647887 1643.5399061032863 1535.9835680751173 1564.093896713615 
9762.37323943662 9790.68309859155 1506.544600938967 1534.8544600938967 1452.2558685446008 1480.5657276995305 
9877.004694835681 9905.279342723004 1620.4084507042253 1648.6830985915492 1427.3098591549297 1455.5845070422536 
9660.640845070422 9688.528169014084 1566.5469483568074 1594.4342723004695 1407.706572769953 1435.593896713615 
9830.394366197183 9858.833333333334 1474.6361502347418 1503.075117370892 1519.1971830985915 1547.6361502347418 
9972.922535211268 10000.974178403756 1528.962441314554 1557.0140845070423 1397.6643192488264 1425.7159624413146 
9728.87558685446 9756.69248826291 1687.6807511737088 1715.4976525821596 1487.5845070422536 1515.4014084507041 
9930.039906103286 9958.467136150235 1493.3286384976525 1521.7558685446008 1394.31220657277 1422.7394366197184 
9422.361502347418 9449.767605633802 1568.8239436619717 1596.2300469483569 1496.305164319249 1523.7112676056338 
9762.854460093897 9790.694835680752 1530.9530516431926 1558.793427230047 1466.8920187793428 1494.7323943661972 
9686.582159624413 9714.727699530516 1643.338028169014 1671.4835680751173 1655.4319248826291 1683.5774647887324 
9687.140845070422 9715.262910798123 1434.1784037558687 1462.3004694835681 1368.1032863849766 1396.225352112676 
9908.69248826291 9937.366197183099 1682.887323943662 1711.5610328638497 1540.0539906103286 1568.7276995305165 
9859.838028169013 9888.546948356807 1444.943661971831 1473.6525821596244 1558.218309859155 1586.9272300469484 
9677.985915492958 9705.55633802817 1630.3544600938967 1657.924882629108 1537.3286384976525 1564.8990610328638 
