9345.206982543641 9374.758104738155 1427.4089775561097 1456.9600997506234 1252.7007481296757 1282.2518703241894 
9242.97506234414 9271.341645885286 1394.4039900249377 1422.7705735660847 1493.6608478802993 1522.0274314214464 
9577.234413965087 9606.6608478803 1331.2718204488779 1360.6982543640897 1277.7705735660847 1307.1970074812969 
9469.718204488778 9497.922693266833 1529.431421446384 1557.635910224439 1382.5735660847881 1410.778054862843 
8621.04987531172 8648.319201995013 1397.5211970074813 1424.7905236907732 1291.1870324189526 1318.4563591022443 
9552.229426433914 9581.007481296758 1489.284289276808 1518.0623441396508 1471.643391521197 1500.4214463840399 
9115.13216957606 9143.124688279302 1246.7930174563592 1274.785536159601 1244.2468827930174 1272.2394014962595 
9557.478802992518 9585.970074812967 1468.788029925187 1497.2793017456358 1403.2518703241894 1431.7431421446383 
9086.017456359103 9114.122194513715 1436.8952618453866 1465.0 1271.640897755611 1299.7456359102243 
9933.653366583541 9963.017456359103 1517.1122194513716 1546.4763092269327 1499.4264339152119 1528.7905236907732 
9293.84289276808 9322.296758104738 1384.8628428927682 1413.3167082294265 1290.8877805486284 1319.3416458852869 
9042.32668329177 9070.743142144638 1218.715710723192 1247.1321695760598 1157.3516209476309 1185.7680798004988 
9053.633416458853 9081.600997506235 1332.0972568578554 1360.0648379052368 1317.0374064837906 1345.004987531172 
9100.476309226933 9129.316708229426 1303.8977556109726 1332.7381546134663 1213.8304239401496 1242.6708229426433 
9446.394014962594 9474.6608478803 1532.1571072319202 1560.4239401496259 1379.3990024937657 1407.6658354114713 
9179.521197007482 9207.663341645884 1519.71072319202 1547.852867830424 1390.6059850374065 1418.7481296758106 
9357.411471321695 9386.152119700748 1428.7980049875312 1457.5386533665835 1351.2643391521196 1380.004987531172 
9056.937655860349 9085.354114713216 1466.4688279301745 1494.8852867830424 1243.6084788029925 1272.0249376558604 
9322.725685785535 9351.079800498754 1430.635910224439 1458.9900249376558 1366.1795511221944 1394.5336658354115 
9073.03740648379 9101.254364089775 1430.9002493765586 1459.1172069825436 1300.8802992518704 1329.0972568578554 
9318.18204488778 9346.174563591023 1348.4114713216957 1376.4039900249377 1446.5985037406483 1474.5910224438903 
8960.623441396508 8988.304239401496 1407.0947630922694 1434.775561097257 1382.6807980049875 1410.361596009975 
9297.67331670823 9325.902743142145 1421.2643391521196 1449.493765586035 1242.7730673316707 1271.002493765586 
8925.703241895262 8953.209476309226 1428.5985037406483 1456.1047381546134 1424.14463840399 1451.6508728179551 
9549.266832917705 9577.882793017456 1530.6857855361595 1559.3017456359103 1513.6184538653367 1542.2344139650872 
9244.501246882794 9273.379052369077 1443.7481296758106 1472.6259351620947 1394.8379052369078 1423.715710723192 
9198.543640897755 9227.022443890275 1602.4788029925187 1630.9576059850374 1360.925187032419 1389.4039900249377 
9367.820448877805 9396.174563591023 1528.508728179551 1556.8628428927682 1371.1745635910224 1399.5286783042393 
9491.254364089775 9520.069825436409 1631.9052369077306 1660.7206982543642 1593.511221945137 1622.3266832917707 
8747.481296758106 8774.887780548628 1433.3865336658355 1460.7930174563592 1330.436408977556 1357.8428927680798 
9336.832917705735 9365.03740648379 1298.0997506234414 1326.3042394014963 1314.152119700748 1342.356608478803 
9600.700748129675 9630.027431421446 1384.9526184538654 1414.2793017456358 1443.1072319201994 1472.43391521197 
9076.438902743143 9104.14463840399 1648.3840399002493 1676.0897755610972 1405.6783042394015 1433.3840399002493 
9399.670822942644 9429.072319201994 1419.9775561097256 1449.3790523690773 1460.85536159601 1490.2568578553617 
9253.072319201994 9281.189526184538 1432.4538653366583 1460.571072319202 1273.8329177057356 1301.9501246882794 
9120.837905236907 9149.117206982544 1478.0099750623442 1506.28927680798 1406.8104738154614 1435.0897755610972 
9098.45885286783 9126.027431421446 1367.0374064837906 1394.6059850374065 1494.4064837905237 1521.9750623441396 
8761.897755610973 8789.665835411472 1417.506234413965 1445.2743142144639 1287.3965087281795 1315.1645885286782 
9576.546134663342 9605.885286783043 1552.9526184538654 1582.291770573566 1391.1970074812969 1420.5361596009975 
9179.493765586036 9207.461346633416 1415.4812967581047 1443.4488778054863 1316.2643391521196 1344.2319201995012 
9185.990024937655 9215.142144638405 1306.71072319202 1335.8628428927682 1233.1097256857856 1262.2618453865337 
9315.184538653366 9343.052369077306 1576.6907730673317 1604.558603491272 1517.7406483790523 1545.6084788029925 
9124.73566084788 9152.802992518704 1575.8154613466334 1603.8827930174564 1429.0374064837906 1457.1047381546134 
9401.269326683292 9429.224438902744 1361.9800498753118 1389.9351620947632 1285.5211970074813 1313.4763092269327 
9145.596009975063 9174.03740648379 1434.8154613466334 1463.2568578553617 1217.9027431421446 1246.3441396508729 
9489.992518703242 9518.546134663342 1348.4738154613467 1377.0274314214464 1277.6857855361595 1306.2394014962595 
9091.86783042394 9119.985037406484 1532.1296758104738 1560.2468827930174 1466.493765586035 1494.6109725685785 
9418.718204488778 9447.957605985037 1440.364089775561 1469.6034912718205 1361.0997506234414 1390.3391521197007 
8961.294264339153 8989.286783042395 1308.4513715710723 1336.4438902743143 1310.6583541147131 1338.6508728179551 
9472.980049875312 9501.596009975063 1663.2817955112218 1691.8977556109726 1337.85536159601 1366.4713216957607 
