3684.696335078534 3713.753926701571 203.8324607329843 232.89005235602093 242.94240837696336 272.0 
3115.1256544502617 3144.0785340314137 154.52879581151834 183.48167539267016 208.3455497382199 237.29842931937173 
3465.089005235602 3492.7068062827225 166.2198952879581 193.83769633507853 173.12565445026178 200.7434554973822 
3356.3403141361255 3384.2722513089006 159.3089005235602 187.2408376963351 243.80104712041884 271.73298429319374 
3459.387434554974 3487.3455497382197 176.89005235602093 204.84816753926702 188.89005235602093 216.84816753926702 
3513.7068062827225 3540.8795811518326 162.0523560209424 189.22513089005236 174.67539267015707 201.84816753926702 
3593.471204188482 3621.1413612565443 217.95287958115182 245.62303664921467 251.2460732984293 278.91623036649213 
3865.5130890052355 3894.413612565445 213.52879581151834 242.42931937172776 256.4816753926702 285.3821989528796 
3579.17277486911 3607.1832460732985 151.03141361256544 179.04188481675394 180.45549738219896 208.46596858638745 
3095.0366492146595 3121.895287958115 165.70157068062827 192.56020942408378 191.4502617801047 218.3089005235602 
3329.4816753926702 3356.497382198953 189.73821989528795 216.7539267015707 225.9476439790576 252.9633507853403 
3365.607329842932 3394.2984293193717 201.67539267015707 230.36649214659687 255.16230366492147 283.85340314136124 
3224.251308900524 3250.455497382199 158.42931937172776 184.63350785340313 154.5392670157068 180.7434554973822 
3112.2356020942407 3139.303664921466 186.2931937172775 213.36125654450262 174.19895287958116 201.2670157068063 
3479.7905759162304 3508.1151832460732 137.3193717277487 165.64397905759162 185.31413612565444 213.63874345549738 
3627.9214659685863 3656.9267015706805 246.62303664921467 275.6282722513089 286.21989528795814 315.22513089005236 
3486.261780104712 3514.743455497382 168.08376963350784 196.565445026178 191.89005235602093 220.3717277486911 
3582.471204188482 3610.848167539267 165.82722513089004 194.2041884816754 191.55497382198953 219.93193717277487 
3826.413612565445 3856.2303664921465 189.67015706806282 219.4869109947644 265.0261780104712 294.84293193717275 
3162.7643979057593 3190.8795811518326 158.18324607329842 186.29842931937173 197.76439790575915 225.87958115183247 
3642.2041884816754 3672.1780104712043 185.91623036649216 215.89005235602093 200.65968586387436 230.63350785340313 
3331.638743455497 3360.0680628272253 192.1151832460733 220.54450261780104 215.5392670157068 243.96858638743456 
3234.633507853403 3262.17277486911 158.18324607329842 185.72251308900525 171.46596858638745 199.00523560209425 
3659.743455497382 3687.832460732984 171.7591623036649 199.84816753926702 164.58638743455498 192.67539267015707 
3191.0942408376964 3218.3193717277486 155.8586387434555 183.08376963350784 232.32460732984293 259.5497382198953 
3389.2879581151833 3417.952879581152 178.85340314136127 207.51832460732984 226.2565445026178 254.92146596858638 
3635.2094240837696 3665.2094240837696 152.09947643979058 182.09947643979058 188.1151832460733 218.1151832460733 
3302.2356020942407 3331.2670157068064 196.33507853403142 225.36649214659687 241.3193717277487 270.35078534031413 
3494.0314136125653 3522.670157068063 218.87434554973822 247.5130890052356 301.64921465968587 330.28795811518324 
3571.528795811518 3600.979057591623 182.7539267015707 212.2041884816754 234.434554973822 263.8848167539267 
3551.973821989529 3579.329842931937 154.50785340314135 181.86387434554973 172.47120418848166 199.82722513089004 
3552.7643979057593 3581.5340314136124 240.1413612565445 268.9109947643979 318.3193717277487 347.0890052356021 
3571.214659685864 3600.219895287958 191.50785340314135 220.5130890052356 277.83769633507853 306.84293193717275 
3448.6649214659687 3476.4921465968587 145.05759162303664 172.8848167539267 234.4502617801047 262.27748691099475 
3501.214659685864 3529.5392670157066 204.0890052356021 232.41361256544502 274.17277486910996 302.4973821989529 
3343.8167539267015 3372.4293193717276 164.65968586387436 193.27225130890054 219.13089005235602 247.7434554973822 
3127.3717277486912 3154.0994764397906 146.87434554973822 173.6020942408377 183.20942408376965 209.9371727748691 
3552.86387434555 3581.2931937172775 167.91623036649216 196.3455497382199 161.21465968586386 189.64397905759162 
3324.3350785340313 3353.130890052356 134.02094240837695 162.81675392670158 212.4764397905759 241.27225130890054 
3449.7748691099478 3477.759162303665 153.4869109947644 181.47120418848166 210.63874345549738 238.62303664921467 
3329.3979057591623 3357.2251308900522 186.01570680628274 213.84293193717278 228.95287958115182 256.78010471204186 
3308.062827225131 3334.6858638743456 242.09947643979058 268.72251308900525 261.3350785340314 287.9581151832461 
3354.17277486911 3382.1570680628274 172.42931937172776 200.41361256544502 223.62303664921467 251.60732984293193 
3524.743455497382 3554.324607329843 149.07329842931938 178.6544502617801 161.5235602094241 191.10471204188482 
3689.455497382199 3719.062827225131 164.04712041884818 193.6544502617801 195.55497382198953 225.16230366492147 
3536.392670157068 3564.638743455497 225.52879581151834 253.77486910994764 270.3979057591623 298.64397905759165 
3029.8586387434557 3056.9267015706805 212.32984293193718 239.3979057591623 217.79057591623035 244.8586387434555 
3492.633507853403 3523.104712041885 236.99476439790575 267.4659685863874 264.70157068062827 295.17277486910996 
3536.8534031413615 3565.6492146596856 225.9371727748691 254.7329842931937 221.12041884816753 249.91623036649216 
3487.7643979057593 3515.9581151832463 138.10471204188482 166.29842931937173 177.16230366492147 205.35602094240838 
