59.02439024390244 84.8780487804878 65.6829268292683 91.53658536585365 38.68292682926829 64.53658536585365 
51.09756097560975 78.65853658536585 59.90243902439025 87.46341463414635 38.53658536585366 66.09756097560975 
75.41463414634147 103.46341463414635 59.75609756097561 87.8048780487805 52.31707317073171 80.36585365853658 
44.78048780487805 71.97560975609755 58.80487804878049 86.0 35.02439024390244 62.21951219512195 
73.63414634146342 103.39024390243902 47.80487804878049 77.5609756097561 42.34146341463415 72.09756097560975 
54.829268292682926 82.02439024390245 54.09756097560975 81.29268292682927 45.073170731707314 72.26829268292683 
65.04878048780488 93.95121951219512 53.53658536585366 82.4390243902439 43.926829268292686 72.82926829268293 
62.46341463414634 90.14634146341463 50.02439024390244 77.70731707317073 40.34146341463415 68.02439024390245 
48.1219512195122 75.07317073170732 49.609756097560975 76.5609756097561 37.26829268292683 64.21951219512195 
72.97560975609755 100.78048780487805 67.21951219512195 95.02439024390245 39.048780487804876 66.85365853658537 
44.65853658536585 70.14634146341463 58.4390243902439 83.92682926829268 36.24390243902439 61.73170731707317 
61.926829268292686 89.36585365853658 66.17073170731707 93.60975609756098 49.609756097560975 77.04878048780488 
51.41463414634146 76.04878048780488 53.97560975609756 78.60975609756098 38.73170731707317 63.36585365853659 
112.0 138.21951219512195 57.609756097560975 83.82926829268293 50.1219512195122 76.34146341463415 
91.14634146341463 123.34146341463415 59.02439024390244 91.21951219512195 45.24390243902439 77.4390243902439 
45.75609756097561 73.1951219512195 61.8780487804878 89.3170731707317 35.24390243902439 62.68292682926829 
63.19512195121951 89.78048780487805 52.048780487804876 78.63414634146342 41.53658536585366 68.1219512195122 
48.97560975609756 77.8780487804878 53.53658536585366 82.4390243902439 42.02439024390244 70.92682926829268 
82.26829268292683 111.04878048780488 65.17073170731707 93.95121951219512 44.68292682926829 73.46341463414635 
55.926829268292686 82.63414634146342 53.90243902439025 80.60975609756098 36.80487804878049 63.51219512195122 
62.34146341463415 89.90243902439025 55.36585365853659 82.92682926829268 48.31707317073171 75.8780487804878 
72.26829268292683 101.65853658536585 50.19512195121951 79.58536585365853 41.292682926829265 70.6829268292683 
61.53658536585366 87.51219512195122 53.21951219512195 79.1951219512195 39.8780487804878 65.85365853658537 
57.609756097560975 85.41463414634147 57.707317073170735 85.51219512195122 43.02439024390244 70.82926829268293 
79.90243902439025 110.51219512195122 66.92682926829268 97.53658536585365 46.8780487804878 77.48780487804878 
57.19512195121951 89.02439024390245 57.53658536585366 89.36585365853658 40.31707317073171 72.14634146341463 
70.36585365853658 99.02439024390245 53.51219512195122 82.17073170731707 42.24390243902439 70.90243902439025 
64.7560975609756 94.02439024390245 60.707317073170735 89.97560975609755 53.292682926829265 82.5609756097561 
54.926829268292686 83.70731707317073 53.609756097560975 82.39024390243902 44.073170731707314 72.85365853658537 
67.4390243902439 93.78048780487805 59.65853658536585 86.0 49.65853658536585 76.0 
47.73170731707317 75.65853658536585 56.09756097560975 84.02439024390245 33.24390243902439 61.170731707317074 
70.36585365853658 99.7560975609756 61.21951219512195 90.60975609756098 49.21951219512195 78.60975609756098 
66.36585365853658 95.8780487804878 60.31707317073171 89.82926829268293 46.09756097560975 75.60975609756098 
45.19512195121951 72.7560975609756 54.51219512195122 82.07317073170732 35.707317073170735 63.26829268292683 
114.07317073170732 142.85365853658536 52.19512195121951 80.97560975609755 55.75609756097561 84.53658536585365 
64.92682926829268 92.73170731707317 44.26829268292683 72.07317073170732 35.707317073170735 63.51219512195122 
60.46341463414634 89.85365853658537 57.609756097560975 87.0 51.5609756097561 80.95121951219512 
64.8780487804878 91.95121951219512 51.63414634146341 78.70731707317073 49.609756097560975 76.6829268292683 
101.1951219512195 129.85365853658536 59.46341463414634 88.1219512195122 47.78048780487805 76.4390243902439 
53.853658536585364 82.14634146341463 60.853658536585364 89.14634146341463 42.41463414634146 70.70731707317073 
38.853658536585364 66.29268292682927 49.170731707317074 76.60975609756098 33.68292682926829 61.1219512195122 
56.048780487804876 82.51219512195122 54.292682926829265 80.7560975609756 42.292682926829265 68.7560975609756 
69.90243902439025 96.97560975609755 64.07317073170732 91.14634146341463 48.5609756097561 75.63414634146342 
153.0 179.09756097560975 62.170731707317074 88.26829268292683 45.36585365853659 71.46341463414635 
58.26829268292683 84.1219512195122 56.292682926829265 82.14634146341463 40.26829268292683 66.1219512195122 
59.65853658536585 85.02439024390245 62.97560975609756 88.34146341463415 40.80487804878049 66.17073170731707 
59.073170731707314 87.60975609756098 44.58536585365854 73.1219512195122 37.707317073170735 66.2439024390244 
64.65853658536585 93.3170731707317 56.146341463414636 84.8048780487805 46.073170731707314 74.73170731707317 
81.63414634146342 110.53658536585365 50.36585365853659 79.26829268292683 40.8780487804878 69.78048780487805 
67.6829268292683 94.63414634146342 60.0 86.95121951219512 46.609756097560975 73.5609756097561 
