5203.3359375 5231.20703125 432.96484375 460.8359375 444.8203125 472.69140625 
5298.0625 5327.14453125 539.44921875 568.53125 520.1328125 549.21484375 
5321.29296875 5349.76953125 418.19921875 446.67578125 422.73828125 451.21484375 
5601.71875 5631.07421875 402.3515625 431.70703125 493.9453125 523.30078125 
4968.62890625 4996.08984375 504.609375 532.0703125 466.36328125 493.82421875 
5084.38671875 5112.04296875 446.1328125 473.7890625 456.88671875 484.54296875 
5650.0703125 5678.5078125 476.12890625 504.56640625 550.34375 578.78125 
5298.015625 5326.31640625 365.0859375 393.38671875 473.25 501.55078125 
5403.19140625 5432.17578125 439.26171875 468.24609375 475.06640625 504.05078125 
5303.7109375 5332.7734375 511.14453125 540.20703125 435.9375 465.0 
4995.35546875 5022.73828125 496.91796875 524.30078125 343.48046875 370.86328125 
5427.9921875 5455.82421875 569.25 597.08203125 497.875 525.70703125 
5229.43359375 5258.203125 415.77734375 444.546875 460.60546875 489.375 
5170.546875 5198.88671875 499.6953125 528.03515625 513.2421875 541.58203125 
5232.39453125 5260.75390625 340.2734375 368.6328125 439.26953125 467.62890625 
5148.48046875 5177.09375 420.14453125 448.7578125 382.42578125 411.0390625 
5160.28515625 5187.453125 486.2421875 513.41015625 503.41015625 530.578125 
5170.2265625 5197.921875 447.05859375 474.75390625 413.6640625 441.359375 
4874.9609375 4903.22265625 433.828125 462.08984375 402.9296875 431.19140625 
5208.94921875 5236.83984375 601.515625 629.40625 562.81640625 590.70703125 
5306.2734375 5334.515625 404.05859375 432.30078125 383.3046875 411.546875 
5105.7734375 5134.15234375 404.1875 432.56640625 466.203125 494.58203125 
5343.95703125 5372.55078125 453.8046875 482.3984375 438.68359375 467.27734375 
5025.9921875 5054.0390625 428.98828125 457.03515625 466.734375 494.78125 
4978.6796875 5005.28125 482.1328125 508.734375 395.5546875 422.15625 
5039.390625 5067.4375 385.7109375 413.7578125 385.7578125 413.8046875 
5339.55859375 5368.50390625 391.45703125 420.40234375 387.09765625 416.04296875 
5266.30859375 5294.58984375 416.77734375 445.05859375 459.16015625 487.44140625 
5267.49609375 5295.89453125 358.546875 386.9453125 378.39453125 406.79296875 
5196.515625 5224.9140625 383.96484375 412.36328125 360.8125 389.2109375 
5086.76171875 5114.828125 452.96484375 481.03125 514.37890625 542.4453125 
5155.453125 5184.18359375 469.5859375 498.31640625 429.9453125 458.67578125 
5268.515625 5296.015625 520.81640625 548.31640625 500.703125 528.203125 
5269.09375 5297.47265625 388.30078125 416.6796875 421.7109375 450.08984375 
5124.8203125 5153.19921875 393.37890625 421.7578125 430.8359375 459.21484375 
5293.7265625 5322.5546875 391.92578125 420.75390625 362.3984375 391.2265625 
5187.953125 5216.91796875 387.63671875 416.6015625 468.03125 496.99609375 
5257.2265625 5286.0546875 467.765625 496.59375 510.5078125 539.3359375 
5279.79296875 5308.42578125 456.796875 485.4296875 418.26953125 446.90234375 
5232.20703125 5259.35546875 348.83203125 375.98046875 425.37109375 452.51953125 
5082.3046875 5109.5703125 497.55859375 524.82421875 481.015625 508.28125 
5351.68359375 5380.58984375 461.578125 490.484375 483.32421875 512.23046875 
5152.59375 5181.734375 479.6171875 508.7578125 438.296875 467.4375 
4950.4140625 4978.03125 448.0625 475.6796875 439.75 467.3671875 
5312.859375 5341.16015625 378.53515625 406.8359375 356.1015625 384.40234375 
5304.22265625 5332.66015625 594.61328125 623.05078125 549.69140625 578.12890625 
5341.4921875 5370.28125 526.60546875 555.39453125 497.7421875 526.53125 
5265.59375 5294.01171875 449.25 477.66796875 399.0703125 427.48828125 
5306.38671875 5335.09765625 470.58984375 499.30078125 440.91796875 469.62890625 
5701.5703125 5730.1640625 591.57421875 620.16796875 547.5859375 576.1796875 
