55.76923076923077 84.61538461538461 56.73076923076923 85.57692307692308 48.84615384615385 77.6923076923077 
39.15384615384615 65.88461538461539 55.65384615384615 82.38461538461539 32.61538461538461 59.34615384615385 
64.88461538461539 93.73076923076923 52.34615384615385 81.1923076923077 43.23076923076923 72.07692307692308 
47.11538461538461 75.1923076923077 48.5 76.57692307692308 34.11538461538461 62.19230769230769 
40.38461538461539 68.07692307692308 45.61538461538461 73.3076923076923 30.576923076923077 58.26923076923077 
26.346153846153847 51.92307692307692 47.65384615384615 73.23076923076923 19.96153846153846 45.53846153846154 
52.57692307692308 79.6923076923077 49.96153846153846 77.07692307692308 41.42307692307692 68.53846153846153 
55.38461538461539 86.73076923076923 46.07692307692308 77.42307692307692 36.11538461538461 67.46153846153847 
35.15384615384615 62.26923076923077 53.53846153846154 80.65384615384616 28.0 55.11538461538461 
41.76923076923077 70.03846153846153 57.07692307692308 85.34615384615384 37.19230769230769 65.46153846153847 
55.34615384615385 87.07692307692308 51.69230769230769 83.42307692307692 44.76923076923077 76.5 
34.80769230769231 62.88461538461539 52.73076923076923 80.8076923076923 30.192307692307693 58.26923076923077 
40.80769230769231 70.61538461538461 58.46153846153846 88.26923076923077 34.65384615384615 64.46153846153847 
55.69230769230769 86.46153846153847 53.76923076923077 84.53846153846153 49.92307692307692 80.6923076923077 
37.0 64.88461538461539 54.34615384615385 82.23076923076923 28.153846153846153 56.03846153846154 
54.80769230769231 81.34615384615384 47.92307692307692 74.46153846153847 33.96153846153846 60.5 
36.65384615384615 63.38461538461539 48.07692307692308 74.8076923076923 24.73076923076923 51.46153846153846 
47.65384615384615 72.26923076923077 54.34615384615385 78.96153846153847 34.57692307692308 59.19230769230769 
38.65384615384615 63.07692307692308 47.96153846153846 72.38461538461539 31.73076923076923 56.15384615384615 
32.42307692307692 60.5 42.69230769230769 70.76923076923077 27.423076923076923 55.5 
43.03846153846154 68.23076923076923 50.84615384615385 76.03846153846153 36.5 61.69230769230769 
48.80769230769231 82.26923076923077 54.61538461538461 88.07692307692308 34.5 67.96153846153847 
41.73076923076923 69.03846153846153 55.92307692307692 83.23076923076923 30.76923076923077 58.07692307692308 
44.46153846153846 77.92307692307692 61.92307692307692 95.38461538461539 33.15384615384615 66.61538461538461 
35.88461538461539 65.88461538461539 38.92307692307692 68.92307692307692 26.307692307692307 56.30769230769231 
36.23076923076923 62.76923076923077 50.38461538461539 76.92307692307692 28.923076923076923 55.46153846153846 
55.84615384615385 84.5 46.42307692307692 75.07692307692308 39.07692307692308 67.73076923076923 
44.84615384615385 75.8076923076923 57.23076923076923 88.1923076923077 33.69230769230769 64.65384615384616 
52.23076923076923 79.92307692307692 46.07692307692308 73.76923076923077 36.69230769230769 64.38461538461539 
79.42307692307692 106.15384615384616 48.46153846153846 75.1923076923077 49.57692307692308 76.3076923076923 
35.19230769230769 63.26923076923077 42.84615384615385 70.92307692307692 29.807692307692307 57.88461538461539 
36.34615384615385 61.73076923076923 49.46153846153846 74.84615384615384 24.423076923076923 49.80769230769231 
46.61538461538461 72.96153846153847 49.30769230769231 75.65384615384616 36.53846153846154 62.88461538461539 
30.96153846153846 57.11538461538461 48.46153846153846 74.61538461538461 28.846153846153847 55.0 
71.6923076923077 102.26923076923077 60.26923076923077 90.84615384615384 45.53846153846154 76.11538461538461 
47.84615384615385 74.96153846153847 49.92307692307692 77.03846153846153 35.38461538461539 62.5 
55.19230769230769 82.6923076923077 42.34615384615385 69.84615384615384 37.76923076923077 65.26923076923077 
30.807692307692307 56.57692307692308 48.0 73.76923076923077 25.615384615384617 51.38461538461539 
50.42307692307692 79.65384615384616 47.96153846153846 77.1923076923077 46.19230769230769 75.42307692307692 
40.57692307692308 68.65384615384616 58.88461538461539 86.96153846153847 35.19230769230769 63.26923076923077 
38.96153846153846 64.92307692307692 50.84615384615385 76.8076923076923 33.57692307692308 59.53846153846154 
36.15384615384615 60.57692307692308 51.23076923076923 75.65384615384616 28.46153846153846 52.88461538461539 
39.23076923076923 67.88461538461539 51.03846153846154 79.6923076923077 27.76923076923077 56.42307692307692 
48.07692307692308 79.03846153846153 49.42307692307692 80.38461538461539 40.0 70.96153846153847 
57.30769230769231 89.23076923076923 58.53846153846154 90.46153846153847 44.88461538461539 76.8076923076923 
42.34615384615385 69.26923076923077 59.53846153846154 86.46153846153847 36.19230769230769 63.11538461538461 
37.23076923076923 66.26923076923077 48.38461538461539 77.42307692307692 30.692307692307693 59.73076923076923 
44.65384615384615 73.3076923076923 54.07692307692308 82.73076923076923 35.80769230769231 64.46153846153847 
40.76923076923077 72.3076923076923 62.73076923076923 94.26923076923077 29.615384615384617 61.15384615384615 
47.11538461538461 73.65384615384616 62.0 88.53846153846153 37.11538461538461 63.65384615384615 
