2271.858974358974 2299.519230769231 132.39102564102564 160.05128205128204 166.7948717948718 194.4551282051282 
2416.0576923076924 2443.301282051282 106.17948717948718 133.42307692307693 149.90384615384616 177.14743589743588 
2328.5320512820513 2356.576923076923 129.62820512820514 157.67307692307693 161.28846153846155 189.33333333333334 
2322.8076923076924 2350.4679487179487 110.42948717948718 138.0897435897436 146.97435897435898 174.6346153846154 
2341.153846153846 2368.5897435897436 130.40384615384616 157.8397435897436 167.8397435897436 195.27564102564102 
2334.775641025641 2362.4358974358975 103.47435897435898 131.1346153846154 148.75 176.4102564102564 
2696.5 2725.121794871795 106.9551282051282 135.57692307692307 129.25641025641025 157.87820512820514 
2453.00641025641 2480.4423076923076 101.19871794871794 128.6346153846154 125.9551282051282 153.39102564102564 
2400.0833333333335 2428.3846153846152 142.92307692307693 171.22435897435898 169.6346153846154 197.93589743589743 
2418.6602564102564 2446.7371794871797 120.09615384615384 148.17307692307693 148.21153846153845 176.28846153846155 
2443.358974358974 2472.108974358974 145.66666666666666 174.41666666666666 175.31410256410257 204.06410256410257 
2102.1794871794873 2128.269230769231 92.16025641025641 118.25 113.97435897435898 140.06410256410257 
2487.897435897436 2516.1346153846152 116.98076923076923 145.21794871794873 144.75641025641025 172.99358974358975 
2632.49358974359 2660.2179487179487 123.44871794871794 151.17307692307693 171.42948717948718 199.15384615384616 
2437.5 2466.2179487179487 108.83333333333333 137.55128205128204 136.47435897435898 165.19230769230768 
2438.3076923076924 2466.99358974359 130.40384615384616 159.0897435897436 150.64743589743588 179.33333333333334 
2532.775641025641 2560.7884615384614 136.1602564102564 164.17307692307693 171.23717948717947 199.25 
2382.2051282051284 2411.5641025641025 113.97435897435898 143.33333333333334 137.97435897435898 167.33333333333334 
2599.403846153846 2627.99358974359 110.82051282051282 139.4102564102564 136.96794871794873 165.55769230769232 
2410.3076923076924 2439.378205128205 105.68589743589743 134.75641025641025 147.2948717948718 176.3653846153846 
2571.641025641026 2599.621794871795 106.97435897435898 134.9551282051282 124.3974358974359 152.37820512820514 
2781.9358974358975 2811.326923076923 140.1153846153846 169.50641025641025 153.02564102564102 182.41666666666666 
2424.1346153846152 2452.4679487179487 117.16025641025641 145.49358974358975 140.67307692307693 169.00641025641025 
2430.923076923077 2458.6153846153848 112.6474358974359 140.3397435897436 116.74358974358974 144.43589743589743 
2359.6794871794873 2387.2115384615386 136.34615384615384 163.87820512820514 179.60897435897436 207.14102564102564 
2711.974358974359 2740.628205128205 102.5 131.15384615384616 162.23076923076923 190.8846153846154 
2703.6923076923076 2732.474358974359 127.30128205128206 156.08333333333334 145.16666666666666 173.94871794871796 
2762.24358974359 2792.1794871794873 106.0448717948718 135.98076923076923 119.23076923076923 149.16666666666666 
2635.5833333333335 2664.0128205128203 123.58974358974359 152.01923076923077 154.87820512820514 183.30769230769232 
2456.3141025641025 2483.75 134.96794871794873 162.40384615384616 144.90384615384616 172.3397435897436 
2412.371794871795 2440.480769230769 108.3974358974359 136.50641025641025 130.57692307692307 158.68589743589743 
2485.948717948718 2513.608974358974 117.08333333333333 144.74358974358975 156.2051282051282 183.8653846153846 
2272.730769230769 2300.2628205128203 119.91666666666667 147.44871794871796 149.65384615384616 177.18589743589743 
2350.3205128205127 2378.8141025641025 123.09615384615384 151.5897435897436 160.44871794871796 188.94230769230768 
2514.8333333333335 2542.8141025641025 97.60897435897436 125.58974358974359 142.07692307692307 170.05769230769232 
2582.0448717948716 2611.24358974359 100.98076923076923 130.17948717948718 133.90384615384616 163.10256410256412 
2591.423076923077 2620.0448717948716 102.11538461538461 130.73717948717947 134.75641025641025 163.37820512820514 
2537.4615384615386 2566.948717948718 102.91666666666667 132.40384615384616 139.76923076923077 169.25641025641025 
2431.7820512820513 2459.474358974359 130.09615384615384 157.78846153846155 144.60256410256412 172.2948717948718 
2461.2820512820513 2489.358974358974 117.87179487179488 145.94871794871796 133.07692307692307 161.15384615384616 
2908.5320512820513 2939.75 133.78205128205127 165.0 183.53205128205127 214.75 
2633.2115384615386 2661.0641025641025 139.84615384615384 167.69871794871796 169.30128205128204 197.15384615384616 
2577.1602564102564 2605.3333333333335 120.93589743589743 149.10897435897436 175.75 203.92307692307693 
2518.7115384615386 2548.00641025641 121.1923076923077 150.48717948717947 149.03205128205127 178.32692307692307 
2875.5897435897436 2906.1346153846152 103.49358974358974 134.03846153846155 137.96153846153845 168.50641025641025 
2302.5641025641025 2331.378205128205 118.05128205128206 146.8653846153846 146.47435897435898 175.28846153846155 
2605.99358974359 2634.0384615384614 113.98717948717949 142.03205128205127 150.5448717948718 178.5897435897436 
2172.769230769231 2199.8846153846152 118.92948717948718 146.0448717948718 140.52564102564102 167.64102564102564 
2457.602564102564 2486.5128205128203 120.42307692307692 149.33333333333334 160.03846153846155 188.94871794871796 
2423.4615384615386 2451.891025641026 118.73076923076923 147.1602564102564 135.19871794871796 163.62820512820514 
