6263.937908496732 6291.470588235294 547.1372549019608 574.6699346405229 518.7418300653595 546.2745098039215 
6680.813725490196 6708.820261437909 686.3594771241831 714.3660130718954 640.062091503268 668.0686274509804 
6275.104575163398 6302.5392156862745 744.9281045751634 772.3627450980392 663.1764705882352 690.6111111111111 
6672.281045751634 6701.4477124183 721.6960784313726 750.8627450980392 625.1895424836601 654.3562091503268 
6144.316993464052 6172.09477124183 649.0555555555555 676.8333333333334 650.5915032679738 678.3692810457517 
6488.4477124183 6517.418300653595 712.3496732026143 741.3202614379085 720.1143790849674 749.0849673202614 
6444.490196078431 6472.513071895425 822.9771241830065 851.0 739.0326797385621 767.0555555555555 
6680.526143790849 6710.084967320261 775.8071895424837 805.3660130718954 678.3366013071895 707.8954248366013 
6654.339869281046 6682.983660130719 858.4084967320262 887.0522875816994 833.3267973856209 861.9705882352941 
6712.676470588235 6741.156862745098 779.9934640522875 808.4738562091503 730.8464052287582 759.3267973856209 
6534.049019607844 6561.777777777777 720.0098039215686 747.7385620915032 870.8790849673203 898.6078431372549 
6559.21568627451 6587.565359477124 751.4019607843137 779.7516339869281 650.8496732026143 679.1993464052288 
7186.232026143791 7216.232026143791 858.4640522875817 888.4640522875817 865.0228758169935 895.0228758169935 
6675.591503267974 6704.529411764706 684.5294117647059 713.4673202614379 700.4607843137255 729.3986928104575 
6930.74183006536 6959.941176470588 856.9869281045752 886.1862745098039 902.5065359477125 931.7058823529412 
6335.885620915033 6363.401960784314 794.1830065359477 821.6993464052288 760.0359477124183 787.5522875816994 
6638.307189542484 6666.950980392156 655.2712418300654 683.9150326797386 646.4444444444445 675.0882352941177 
6750.25816993464 6779.196078431372 745.3594771241831 774.2973856209151 761.9248366013072 790.8627450980392 
6462.055555555556 6490.584967320261 822.5490196078431 851.0784313725491 777.6764705882352 806.2058823529412 
6674.895424836602 6703.653594771242 722.8071895424837 751.5653594771242 664.6013071895425 693.3594771241831 
6549.683006535948 6577.950980392156 782.4444444444445 810.7124183006536 658.375816993464 686.6437908496732 
6664.85294117647 6693.415032679739 726.1013071895425 754.6633986928105 716.1601307189543 744.7222222222222 
6450.862745098039 6479.228758169935 817.4281045751634 845.7941176470588 798.4444444444445 826.8104575163399 
6620.202614379085 6648.666666666667 729.6307189542483 758.09477124183 755.9869281045752 784.4509803921569 
6590.954248366013 6619.238562091503 739.7973856209151 768.0816993464052 677.2614379084968 705.5457516339869 
6566.83660130719 6594.728758169935 706.1078431372549 734.0 640.2026143790849 668.09477124183 
6521.83660130719 6549.434640522876 831.2777777777778 858.875816993464 833.2418300653595 860.8398692810457 
6745.346405228758 6773.761437908497 798.6372549019608 827.0522875816994 896.0980392156863 924.5130718954248 
6506.71568627451 6535.098039215686 767.7222222222222 796.1045751633987 730.2450980392157 758.6274509803922 
6776.212418300654 6804.954248366013 729.1895424836601 757.9313725490196 690.0686274509804 718.8104575163399 
6800.617647058823 6830.356209150327 831.8039215686274 861.5424836601308 776.5 806.2385620915032 
6746.830065359477 6774.362745098039 732.0490196078431 759.5816993464052 629.9673202614379 657.5 
6689.078431372549 6716.856209150327 703.5588235294117 731.3366013071895 579.4705882352941 607.2483660130719 
6618.388888888889 6646.264705882353 735.3986928104575 763.2745098039215 705.3823529411765 733.2581699346405 
6736.934640522876 6765.562091503268 778.5784313725491 807.2058823529412 764.4836601307189 793.1111111111111 
6430.653594771242 6458.088235294118 732.8823529411765 760.3169934640523 662.0588235294117 689.4934640522875 
6823.660130718954 6852.892156862745 741.8300653594771 771.062091503268 735.4575163398692 764.6895424836601 
6519.506535947712 6547.300653594772 805.875816993464 833.6699346405229 758.0359477124183 785.8300653594771 
6592.71568627451 6621.506535947712 657.4019607843137 686.1928104575163 714.4477124183006 743.2385620915032 
6529.24183006536 6557.313725490196 764.1993464052288 792.2712418300654 692.1503267973857 720.2222222222222 
6718.408496732026 6746.169934640523 744.0392156862745 771.8006535947712 687.1666666666666 714.9281045751634 
6295.248366013072 6323.859477124183 710.6078431372549 739.218954248366 756.1960784313726 784.8071895424837 
7033.297385620915 7063.084967320261 806.9477124183006 836.7352941176471 824.343137254902 854.1307189542483 
6651.928104575163 6680.114379084967 736.8529411764706 765.0392156862745 675.8496732026143 704.0359477124183 
6622.705882352941 6650.696078431372 776.8823529411765 804.8725490196078 704.5032679738562 732.4934640522875 
6524.503267973856 6552.0522875817 781.4705882352941 809.0196078431372 794.8627450980392 822.4117647058823 
6576.598039215686 6604.016339869281 694.1307189542483 721.5490196078431 678.5915032679738 706.0098039215686 
6494.764705882353 6523.081699346405 692.8169934640523 721.1339869281046 714.5686274509804 742.8856209150326 
6696.049019607844 6724.28431372549 871.0098039215686 899.2450980392157 797.1274509803922 825.3627450980392 
6570.2908496732025 6598.313725490196 706.0915032679738 734.1143790849674 774.8986928104575 802.9215686274509 
