6094.1752577319585 6122.199312714777 776.3505154639175 804.3745704467354 710.3436426116839 738.3676975945017 
6167.735395189004 6196.2749140893475 738.7010309278351 767.2405498281787 721.2920962199313 749.8316151202749 
6296.116838487973 6324.381443298969 603.3814432989691 631.6460481099656 611.4261168384879 639.6907216494845 
5770.079037800688 5798.137457044673 576.7972508591065 604.8556701030927 675.3539518900344 703.4123711340206 
6186.975945017182 6215.378006872852 689.9209621993127 718.3230240549829 598.6769759450171 627.0790378006873 
5815.563573883162 5842.951890034365 547.8006872852234 575.1890034364261 576.9209621993127 604.3092783505155 
6327.776632302405 6356.333333333333 621.4604810996564 650.0171821305842 628.3780068728522 656.9347079037801 
6212.6529209621995 6240.969072164949 653.6048109965636 681.9209621993127 713.2886597938144 741.6048109965636 
6469.254295532646 6498.618556701031 685.2302405498282 714.5945017182131 648.446735395189 677.8109965635739 
6253.326460481099 6282.46735395189 727.2371134020618 756.3780068728522 627.1580756013745 656.2989690721649 
6378.450171821306 6407.384879725086 694.6013745704468 723.5360824742268 684.5498281786942 713.4845360824743 
6372.1752577319585 6400.371134020618 774.4570446735395 802.6529209621993 669.8556701030927 698.0515463917526 
6033.618556701031 6061.969072164949 667.5189003436426 695.8694158075601 647.8969072164948 676.2474226804123 
5992.312714776633 6020.061855670103 461.2302405498282 488.97938144329896 487.7250859106529 515.4742268041238 
6037.701030927835 6066.223367697595 569.1408934707904 597.6632302405499 574.1443298969073 602.6666666666666 
6292.8247422680415 6320.659793814433 705.3986254295532 733.2336769759451 736.9656357388316 764.8006872852234 
5994.628865979382 6023.408934707903 606.1546391752578 634.9347079037801 581.0721649484536 609.852233676976 
6033.80412371134 6061.5360824742265 616.7491408934708 644.4810996563574 571.2096219931271 598.9415807560138 
5931.367697594502 5959.134020618557 599.192439862543 626.9587628865979 626.4707903780069 654.2371134020618 
6245.707903780069 6274.505154639175 646.53264604811 675.3298969072165 545.7938144329897 574.5910652920962 
6035.704467353952 6064.054982817869 646.9896907216495 675.340206185567 567.3367697594501 595.6872852233677 
6112.546391752578 6140.896907216495 650.7044673539519 679.0549828178695 610.1237113402062 638.4742268041238 
6393.27147766323 6422.20618556701 617.6426116838488 646.5773195876288 635.0068728522336 663.9415807560138 
6113.151202749141 6141.398625429553 571.7250859106529 599.9725085910653 611.9312714776632 640.1786941580756 
6033.821305841924 6062.120274914089 650.9965635738831 679.2955326460481 693.0137457044674 721.3127147766323 
6234.432989690722 6262.783505154639 610.4020618556701 638.7525773195877 600.7731958762887 629.1237113402062 
6204.694158075601 6232.71821305842 584.4295532646048 612.4536082474227 591.2061855670103 619.2302405498282 
6095.790378006873 6124.673539518901 638.0549828178695 666.9381443298969 678.6941580756014 707.5773195876288 
6371.731958762886 6400.80412371134 783.659793814433 812.7319587628866 708.3814432989691 737.4536082474227 
5960.731958762886 5988.841924398625 602.3230240549829 630.4329896907217 580.7835051546392 608.893470790378 
6014.948453608247 6043.0584192439865 706.0515463917526 734.1615120274914 604.7594501718213 632.8694158075601 
6029.340206185567 6058.051546391753 653.9278350515464 682.639175257732 693.5498281786942 722.2611683848797 
6435.9862542955325 6464.182130584192 715.9587628865979 744.1546391752578 637.2405498281787 665.4364261168384 
6224.714776632302 6252.910652920962 729.8900343642612 758.0859106529209 717.171821305842 745.3676975945017 
6438.553264604811 6467.711340206186 612.2611683848797 641.4192439862543 608.3298969072165 637.487972508591 
6328.006872852234 6356.477663230241 619.8041237113403 648.2749140893471 578.5051546391752 606.9759450171821 
6157.350515463918 6184.756013745705 553.6838487972509 581.0893470790378 586.3024054982818 613.7079037800687 
6420.6357388316155 6450.034364261169 726.5670103092783 755.9656357388316 665.7731958762887 695.171821305842 
5985.161512027491 6012.103092783505 635.9347079037801 662.8762886597938 631.2955326460481 658.2371134020618 
6001.780068728523 6028.945017182131 696.0515463917526 723.2164948453608 617.3986254295532 644.5635738831616 
6439.3470790378005 6468.092783505154 682.8659793814433 711.6116838487973 607.5085910652921 636.2542955326461 
6292.127147766323 6320.237113402062 605.6460481099656 633.7560137457044 640.9759450171821 669.0859106529209 
6122.505154639175 6150.92439862543 698.2199312714777 726.639175257732 634.3436426116839 662.7628865979382 
5884.742268041237 5912.835051546392 726.4914089347079 754.5841924398626 667.9209621993127 696.0137457044674 
6184.481099656357 6212.298969072165 621.3367697594501 649.1546391752578 533.6735395189004 561.4914089347079 
5962.563573883162 5990.5360824742265 591.2405498281787 619.213058419244 571.7903780068729 599.7628865979382 
5928.951890034365 5957.525773195876 587.8006872852234 616.3745704467354 584.5704467353952 613.1443298969073 
6012.18556701031 6040.982817869416 750.1580756013745 778.955326460481 651.3436426116839 680.1408934707904 
6090.587628865979 6118.903780068728 719.955326460481 748.2714776632303 718.2336769759451 746.5498281786942 
6199.099656357388 6227.828178694158 593.6460481099656 622.3745704467354 645.4398625429553 674.1683848797251 
