10544.277161862528 10572.769401330377 1783.4634146341464 1811.9556541019956 1697.458980044346 1725.9512195121952 
10395.549889135254 10423.543237250555 1857.2350332594235 1885.2283813747229 1551.3924611973393 1579.3858093126387 
10733.858093126386 10762.549889135254 1761.1529933481154 1789.8447893569844 1691.2084257206209 1719.90022172949 
10571.864745011086 10599.968957871397 1778.2838137472284 1806.388026607539 1524.9135254988914 1553.0177383592018 
10788.60088691796 10817.492239467849 1840.2217294900222 1869.1130820399112 1848.9445676274945 1877.8359201773835 
10549.157427937917 10577.006651884702 1790.749445676275 1818.5986696230598 1656.4855875831486 1684.3348115299334 
10509.40133037694 10537.450110864746 1758.6807095343681 1786.729490022173 1721.4966740576497 1749.5454545454545 
10257.629711751662 10285.257206208425 1875.8026607538802 1903.430155210643 1709.5476718403547 1737.1751662971176 
10570.556541019956 10597.751662971175 1761.1929046563193 1788.388026607539 1586.6651884700666 1613.860310421286 
10578.113082039912 10606.616407982261 1871.529933481153 1900.0332594235033 1694.9977827050998 1723.50110864745 
10832.345898004434 10860.30598669623 1764.9068736141908 1792.8669623059866 1785.860310421286 1813.820399113082 
10789.139689578715 10817.79822616408 1820.290465631929 1848.949002217295 1810.458980044346 1839.1175166297116 
10841.627494456763 10870.40798226164 1787.780487804878 1816.560975609756 1549.110864745011 1577.8913525498892 
10650.09090909091 10679.037694013305 1769.769401330377 1798.7161862527716 1826.6651884700666 1855.611973392461 
10711.210643015522 10739.614190687362 1686.4922394678492 1714.8957871396897 1610.4235033259424 1638.8270509977826 
10852.390243902439 10880.483370288248 1715.0776053215077 1743.1707317073171 1720.0953436807094 1748.188470066519 
10611.133037694013 10639.769401330377 2043.6917960088692 2072.328159645233 1818.3059866962305 1846.9423503325943 
10455.164079822616 10483.589800443458 1771.4345898004435 1799.860310421286 1697.4811529933481 1725.9068736141908 
10636.89800443459 10665.312638580932 1681.8270509977826 1710.2416851441242 1769.8580931263857 1798.2727272727273 
10384.975609756097 10412.226164079822 1827.0731707317073 1854.3237250554323 1676.9822616407982 1704.2328159645233 
10315.073170731708 10342.578713968958 1669.7738359201774 1697.279379157428 1616.769401330377 1644.2749445676275 
10379.376940133037 10407.20399113082 1670.6740576496675 1698.50110864745 1580.940133037694 1608.7671840354767 
10383.168514412417 10410.973392461197 1773.7050997782706 1801.509977827051 1608.2572062084257 1636.0620842572062 
10946.128603104213 10974.853658536585 1922.8026607538802 1951.5277161862527 1714.2771618625277 1743.0022172949002 
10446.614190687362 10474.452328159645 1718.6541019955655 1746.4922394678492 1560.2838137472284 1588.121951219512 
10556.348115299335 10585.19512195122 1680.3592017738358 1709.2062084257207 1521.259423503326 1550.1064301552105 
10633.90687361419 10662.18847006652 1679.011086474501 1707.2926829268292 1600.0820399113081 1628.3636363636363 
10184.614190687362 10213.60532150776 1685.780487804878 1714.7716186252771 1597.5742793791574 1626.5654101995565 
10783.144124168515 10811.869179600886 1776.7716186252771 1805.4966740576497 1711.0044345898004 1739.729490022173 
10723.620842572062 10752.445676274945 1824.9756097560976 1853.80044345898 1718.4656319290466 1747.290465631929 
10335.583148558759 10363.49889135255 1792.7583148558758 1820.6740576496675 1656.1263858093128 1684.0421286031042 
10450.035476718404 10478.50554323725 1912.4523281596453 1940.9223946784923 1793.949002217295 1822.419068736142 
10470.18403547672 10498.29933481153 1630.5166297117516 1658.6319290465633 1649.1308203991132 1677.2461197339246 
9866.39911308204 9893.594235033259 1815.0820399113081 1842.2771618625277 1530.4013303769402 1557.5964523281596 
10458.221729490022 10486.436807095344 1917.9246119733925 1946.139689578714 1676.5254988913525 1704.740576496674 
10547.60088691796 10575.727272727272 1859.5831485587582 1887.709534368071 1766.3259423503325 1794.4523281596453 
10931.263858093127 10960.077605321509 1713.8337028824833 1742.6474501108648 1758.8137472283813 1787.6274944567629 
10764.28603104213 10793.343680709535 1790.8647450110864 1819.9223946784923 1785.450110864745 1814.5077605321508 
10719.385809312638 10748.443458980044 1683.039911308204 1712.0975609756097 1613.8093126385809 1642.8669623059866 
10357.272727272728 10384.756097560976 1830.1640798226165 1857.6474501108648 1719.2128603104213 1746.6962305986697 
11036.241685144125 11065.29933481153 1726.6962305986697 1755.7538802660754 1681.529933481153 1710.5875831485587 
10525.911308203991 10553.89356984479 1845.6407982261642 1873.6230598669622 1602.5742793791574 1630.5565410199556 
10324.002217294901 10351.762749445676 1852.0820399113081 1879.8425720620842 1707.649667405765 1735.410199556541 
10883.379157427938 10912.226164079822 1656.0133037694013 1684.860310421286 1569.9312638580932 1598.7782705099778 
10556.39911308204 10583.716186252772 1797.019955654102 1824.3370288248336 1678.7827050997782 1706.09977827051 
10826.851441241684 10855.454545454546 1792.569844789357 1821.1729490022174 1653.3370288248336 1681.940133037694 
10759.390243902439 10787.882483370287 1832.3569844789356 1860.8492239467848 1599.889135254989 1628.3813747228382 
10361.541019955654 10389.955654101996 1814.9423503325943 1843.3569844789356 1679.9334811529934 1708.3481152993347 
10747.997782705099 10776.80044345898 1871.3680709534367 1900.1707317073171 1818.031042128603 1846.8337028824833 
10461.594235033259 10489.50997782705 1823.9977827050998 1851.9135254988914 1716.5720620842571 1744.4878048780488 
