1137.3793103448277 1164.5775862068965 86.79310344827586 113.99137931034483 113.19827586206897 140.39655172413794 
1702.5172413793102 1732.5172413793102 77.85344827586206 107.85344827586206 110.37068965517241 140.3706896551724 
1065.2758620689656 1091.4827586206898 88.03448275862068 114.24137931034483 98.99137931034483 125.19827586206897 
1421.6810344827586 1449.8706896551723 75.76724137931035 103.95689655172414 113.04310344827586 141.23275862068965 
1203.3189655172414 1230.9913793103449 87.18103448275862 114.85344827586206 102.19827586206897 129.8706896551724 
1755.8879310344828 1783.1293103448277 91.85344827586206 119.09482758620689 115.75 142.99137931034483 
1316.9655172413793 1344.2068965517242 91.9396551724138 119.18103448275862 92.16379310344827 119.40517241379311 
1405.094827586207 1431.0431034482758 76.82758620689656 102.77586206896552 120.02586206896552 145.97413793103448 
1808.198275862069 1838.6293103448277 93.25 123.68103448275862 121.70689655172414 152.13793103448276 
1621.6896551724137 1653.801724137931 79.06896551724138 111.18103448275862 128.68103448275863 160.79310344827587 
1602.6724137931035 1631.0775862068965 85.97413793103448 114.37931034482759 98.19827586206897 126.60344827586206 
1520.1120689655172 1549.1637931034484 85.92241379310344 114.97413793103448 106.84482758620689 135.89655172413794 
1464.8103448275863 1493.1293103448277 69.37931034482759 97.69827586206897 97.89655172413794 126.21551724137932 
1358.155172413793 1385.9137931034484 85.29310344827586 113.05172413793103 99.82758620689656 127.58620689655173 
1273.3879310344828 1301.103448275862 75.76724137931035 103.48275862068965 105.15517241379311 132.8706896551724 
1480.344827586207 1510.2586206896551 85.07758620689656 114.99137931034483 111.33620689655173 141.25 
1149.4913793103449 1176.2586206896551 88.57758620689656 115.34482758620689 105.35344827586206 132.1206896551724 
1277.0172413793102 1305.0344827586207 93.19827586206897 121.21551724137932 129.30172413793105 157.31896551724137 
1604.3620689655172 1634.3189655172414 82.45689655172414 112.41379310344827 102.89655172413794 132.85344827586206 
1272.2672413793102 1300.2413793103449 82.44827586206897 110.42241379310344 118.44827586206897 146.42241379310346 
1544.1896551724137 1571.0 81.15517241379311 107.96551724137932 123.11206896551724 149.92241379310346 
1396.0344827586207 1426.3793103448277 89.04310344827586 119.38793103448276 114.14655172413794 144.49137931034483 
1445.0258620689656 1475.5431034482758 81.26724137931035 111.78448275862068 113.43103448275862 143.94827586206895 
1475.6206896551723 1506.4827586206898 75.33620689655173 106.19827586206897 110.87931034482759 141.74137931034483 
1161.198275862069 1187.6637931034484 82.54310344827586 109.00862068965517 120.47413793103448 146.93965517241378 
1699.198275862069 1729.155172413793 85.62068965517241 115.57758620689656 113.16379310344827 143.1206896551724 
1480.7413793103449 1510.0086206896551 73.48275862068965 102.75 99.98275862068965 129.25 
1408.9396551724137 1435.5775862068965 87.64655172413794 114.28448275862068 105.09482758620689 131.73275862068965 
1546.4310344827586 1574.4913793103449 98.64655172413794 126.70689655172414 124.89655172413794 152.95689655172413 
1515.4655172413793 1544.5603448275863 90.17241379310344 119.26724137931035 95.55172413793103 124.64655172413794 
1255.0172413793102 1282.7758620689656 81.77586206896552 109.53448275862068 143.29310344827587 171.05172413793105 
1491.4224137931035 1519.6120689655172 85.62931034482759 113.81896551724138 114.1896551724138 142.3793103448276 
1596.5258620689656 1624.3706896551723 83.05172413793103 110.89655172413794 110.80172413793103 138.64655172413794 
1223.7241379310344 1251.8706896551723 90.36206896551724 118.50862068965517 124.97413793103448 153.1206896551724 
1376.2413793103449 1404.0862068965516 73.40517241379311 101.25 96.70689655172414 124.55172413793103 
1521.0775862068965 1548.6637931034484 80.86206896551724 108.44827586206897 105.42241379310344 133.00862068965517 
1412.1810344827586 1439.4655172413793 87.1896551724138 114.47413793103448 100.4396551724138 127.72413793103448 
1332.603448275862 1360.8793103448277 78.19827586206897 106.47413793103448 96.35344827586206 124.62931034482759 
1816.1724137931035 1845.4396551724137 90.36206896551724 119.62931034482759 121.06896551724138 150.33620689655172 
1406.4741379310344 1434.146551724138 98.98275862068965 126.65517241379311 104.30172413793103 131.97413793103448 
1493.5431034482758 1522.6810344827586 91.12931034482759 120.26724137931035 117.64655172413794 146.7844827586207 
1225.2672413793102 1251.948275862069 83.42241379310344 110.10344827586206 97.82758620689656 124.50862068965517 
1549.2413793103449 1577.9913793103449 78.34482758620689 107.09482758620689 101.61206896551724 130.36206896551724 
1489.6724137931035 1518.3362068965516 86.78448275862068 115.44827586206897 103.13793103448276 131.80172413793105 
1246.5172413793102 1273.155172413793 78.43103448275862 105.06896551724138 106.44827586206897 133.08620689655172 
1329.155172413793 1358.1206896551723 84.66379310344827 113.62931034482759 108.69827586206897 137.66379310344828 
1585.2844827586207 1615.5431034482758 88.07758620689656 118.33620689655173 130.82758620689654 161.08620689655172 
1887.1896551724137 1917.5344827586207 104.64655172413794 134.99137931034483 122.03448275862068 152.3793103448276 
1365.103448275862 1392.948275862069 80.37931034482759 108.22413793103448 112.51724137931035 140.36206896551724 
1590.5862068965516 1620.4137931034484 78.5603448275862 108.38793103448276 110.05172413793103 139.8793103448276 
