7362.035714285715 7389.997023809524 884.0505952380952 912.0119047619048 930.3988095238095 958.360119047619 
7270.059523809524 7299.047619047619 800.8452380952381 829.8333333333334 868.2738095238095 897.2619047619048 
7570.964285714285 7599.297619047619 1018.3958333333334 1046.7291666666667 989.1488095238095 1017.4821428571429 
7590.961309523809 7620.366071428572 1104.6309523809523 1134.0357142857142 990.4553571428571 1019.860119047619 
7555.375 7583.872023809524 1026.3988095238096 1054.8958333333333 885.4345238095239 913.9315476190476 
7313.672619047619 7341.321428571428 911.8958333333334 939.5446428571429 824.8035714285714 852.452380952381 
7333.809523809524 7362.425595238095 861.3630952380952 889.9791666666666 770.9821428571429 799.5982142857143 
7712.901785714285 7742.2172619047615 1018.4761904761905 1047.7916666666667 974.8660714285714 1004.1815476190476 
7319.413690476191 7347.285714285715 889.25 917.1220238095239 890.6041666666666 918.4761904761905 
7098.398809523809 7125.586309523809 1099.0238095238096 1126.2113095238096 1068.875 1096.0625 
7236.514880952381 7264.133928571428 1017.5982142857143 1045.217261904762 874.014880952381 901.6339285714286 
7413.898809523809 7441.458333333333 898.4196428571429 925.9791666666666 876.9047619047619 904.4642857142857 
7997.2797619047615 8026.119047619048 965.2172619047619 994.0565476190476 955.4345238095239 984.2738095238095 
7178.833333333333 7206.526785714285 950.0089285714286 977.702380952381 1008.8333333333334 1036.5267857142858 
7472.375 7500.633928571428 1021.0 1049.2589285714287 918.5059523809524 946.764880952381 
7428.526785714285 7456.101190476191 813.9583333333334 841.5327380952381 805.7291666666666 833.3035714285714 
7140.6875 7168.663690476191 928.672619047619 956.6488095238095 859.764880952381 887.7410714285714 
7482.6577380952385 7511.660714285715 930.2767857142857 959.2797619047619 852.3303571428571 881.3333333333334 
7692.744047619048 7721.241071428572 990.7559523809524 1019.2529761904761 939.2619047619048 967.7589285714286 
7109.315476190476 7136.517857142857 746.7827380952381 773.985119047619 810.5059523809524 837.7083333333334 
7403.4375 7431.339285714285 955.0625 982.9642857142857 915.4910714285714 943.3928571428571 
7725.550595238095 7754.047619047619 967.2440476190476 995.7410714285714 973.0803571428571 1001.577380952381 
7457.416666666667 7486.449404761905 1095.514880952381 1124.547619047619 909.4107142857143 938.4434523809524 
7615.9672619047615 7644.255952380952 925.3392857142857 953.6279761904761 947.5446428571429 975.8333333333334 
7224.806547619048 7253.273809523809 866.1904761904761 894.6577380952381 796.4732142857143 824.9404761904761 
7308.616071428572 7335.9672619047615 963.6071428571429 990.9583333333334 1012.0386904761905 1039.389880952381 
7699.8422619047615 7728.369047619048 1004.9583333333334 1033.485119047619 961.7172619047619 990.2440476190476 
7411.4077380952385 7438.877976190476 939.9047619047619 967.375 721.3779761904761 748.8482142857143 
7608.7172619047615 7636.8422619047615 840.3541666666666 868.4791666666666 839.014880952381 867.139880952381 
7265.202380952381 7293.669642857143 820.827380952381 849.2946428571429 802.4345238095239 830.9017857142857 
7460.199404761905 7488.488095238095 958.3869047619048 986.6755952380952 858.7708333333334 887.0595238095239 
6855.276785714285 6883.074404761905 879.6190476190476 907.4166666666666 843.3720238095239 871.1696428571429 
7200.166666666667 7228.098214285715 939.2857142857143 967.2172619047619 854.8392857142857 882.7708333333334 
7058.428571428572 7086.002976190476 912.4791666666666 940.0535714285714 872.1190476190476 899.6934523809524 
7108.678571428572 7136.401785714285 825.2589285714286 852.9821428571429 868.797619047619 896.5208333333334 
7384.958333333333 7413.827380952381 848.3244047619048 877.1934523809524 773.5595238095239 802.4285714285714 
7123.830357142857 7151.806547619048 965.4821428571429 993.4583333333334 862.4910714285714 890.4672619047619 
7532.178571428572 7560.288690476191 886.7261904761905 914.8363095238095 851.8809523809524 879.9910714285714 
7267.360119047619 7295.321428571428 827.8809523809524 855.8422619047619 850.5744047619048 878.5357142857143 
7748.732142857143 7777.4077380952385 861.7113095238095 890.3869047619048 836.2916666666666 864.9672619047619 
7988.910714285715 8018.255952380952 1198.9107142857142 1228.2559523809523 1061.5595238095239 1090.904761904762 
7575.0625 7603.291666666667 918.6517857142857 946.8809523809524 837.4434523809524 865.672619047619 
7308.104166666667 7336.258928571428 953.9255952380952 982.0803571428571 943.9672619047619 972.1220238095239 
7583.627976190476 7612.229166666667 878.2172619047619 906.8184523809524 928.4494047619048 957.0505952380952 
7055.2172619047615 7082.7172619047615 1040.3154761904761 1067.8154761904761 917.0625 944.5625 
7540.9702380952385 7570.508928571428 889.5714285714286 919.110119047619 895.1666666666666 924.7053571428571 
7748.726190476191 7778.860119047619 922.5982142857143 952.7321428571429 1030.482142857143 1060.6160714285713 
7366.223214285715 7394.869047619048 1101.8809523809523 1130.5267857142858 859.6755952380952 888.3214285714286 
7280.964285714285 7308.3452380952385 1035.0059523809523 1062.3869047619048 942.2440476190476 969.625 
7105.133928571428 7132.663690476191 854.1309523809524 881.6607142857143 874.7470238095239 902.2767857142857 
