1975.9465648854962 2004.9923664122136 87.43511450381679 116.48091603053435 120.82442748091603 149.87022900763358 
1974.1832061068703 2003.2671755725191 102.7557251908397 131.83969465648855 126.12977099236642 155.21374045801528 
1928.145038167939 1956.0076335877864 86.69465648854961 114.55725190839695 121.41221374045801 149.27480916030535 
1852.9465648854962 1881.0 114.70992366412214 142.76335877862596 148.40458015267177 176.45801526717557 
1863.7251908396947 1892.1221374045801 90.40458015267176 118.80152671755725 111.73282442748092 140.12977099236642 
1714.7786259541986 1742.9847328244275 109.09160305343511 137.29770992366412 137.7175572519084 165.9236641221374 
1726.5419847328244 1752.7633587786258 94.02290076335878 120.2442748091603 119.78625954198473 146.00763358778627 
1605.6412213740457 1633.1984732824428 81.14503816793894 108.70229007633588 115.50381679389314 143.06106870229007 
1774.7557251908397 1803.1908396946565 92.47328244274809 120.90839694656489 122.45038167938931 150.8854961832061 
1515.1374045801526 1542.2748091603053 95.36641221374046 122.50381679389314 111.6793893129771 138.81679389312978 
2015.0152671755725 2044.175572519084 84.1145038167939 113.27480916030534 115.05343511450381 144.21374045801528 
1900.7099236641222 1929.679389312977 95.95419847328245 124.92366412213741 119.83206106870229 148.80152671755727 
2001.2366412213742 2030.473282442748 95.56488549618321 124.80152671755725 117.19083969465649 146.42748091603053 
1733.4580152671756 1761.0152671755725 96.83969465648855 124.3969465648855 114.29007633587786 141.84732824427482 
1761.4580152671756 1790.5419847328244 102.23664122137404 131.3206106870229 123.41221374045801 152.49618320610688 
1741.0 1769.5114503816794 85.31297709923665 113.82442748091603 122.90839694656489 151.4198473282443 
2016.1984732824428 2045.1297709923665 97.5114503816794 126.44274809160305 117.56488549618321 146.49618320610688 
1766.381679389313 1793.2900763358778 102.7557251908397 129.66412213740458 121.26717557251908 148.17557251908397 
1981.5190839694656 2009.2671755725191 99.2824427480916 127.03053435114504 106.12977099236642 133.87786259541986 
1906.526717557252 1934.5801526717557 95.67175572519083 123.72519083969466 130.9083969465649 158.9618320610687 
1885.9312977099237 1913.6412213740457 94.3969465648855 122.10687022900764 129.55725190839695 157.26717557251908 
1938.4274809160306 1967.0152671755725 93.2442748091603 121.83206106870229 123.35114503816794 151.93893129770993 
1754.5190839694656 1782.6106870229007 85.41984732824427 113.5114503816794 125.85496183206106 153.94656488549617 
1768.2595419847328 1795.6641221374045 91.45801526717557 118.86259541984732 111.4885496183206 138.89312977099237 
2066.022900763359 2094.610687022901 97.67175572519083 126.25954198473282 111.5114503816794 140.09923664122138 
1944.9160305343512 1972.8167938931297 87.55725190839695 115.45801526717557 112.96946564885496 140.87022900763358 
1744.854961832061 1772.793893129771 86.14503816793894 114.08396946564885 119.62595419847328 147.5648854961832 
1905.1603053435115 1933.9770992366412 104.16793893129771 132.98473282442748 146.40458015267177 175.22137404580153 
1829.0076335877864 1857.9389312977098 83.77099236641222 112.70229007633588 109.80916030534351 138.74045801526717 
1944.9541984732825 1973.8473282442749 89.61832061068702 118.5114503816794 118.9618320610687 147.85496183206106 
2016.0992366412213 2044.0763358778627 96.43511450381679 124.41221374045801 106.31297709923665 134.29007633587787 
1853.9389312977098 1881.9160305343512 91.90839694656489 119.8854961832061 140.1679389312977 168.14503816793894 
1875.6259541984732 1903.1068702290077 95.54961832061069 123.03053435114504 112.35114503816794 139.8320610687023 
1595.8702290076335 1622.7786259541986 80.2442748091603 107.1526717557252 112.59541984732824 139.50381679389312 
2037.0534351145038 2065.793893129771 94.52671755725191 123.26717557251908 132.80152671755727 161.54198473282443 
1943.3664122137404 1972.5648854961833 106.68702290076335 135.8854961832061 123.57251908396947 152.7709923664122 
1991.7862595419847 2020.4503816793892 87.13740458015268 115.80152671755725 112.38931297709924 141.05343511450383 
1954.7480916030534 1982.648854961832 91.7557251908397 119.65648854961832 150.17557251908397 178.0763358778626 
1501.2824427480916 1528.2290076335878 112.8473282442748 139.793893129771 131.38931297709922 158.33587786259542 
1629.7709923664122 1658.6259541984732 94.55725190839695 123.41221374045801 108.83969465648855 137.6946564885496 
1800.2900763358778 1829.6030534351146 86.83206106870229 116.14503816793894 125.36641221374046 154.6793893129771 
1794.0610687022902 1820.8167938931297 123.35114503816794 150.10687022900763 150.05343511450383 176.8091603053435 
2011.9923664122136 2040.7709923664122 87.61832061068702 116.3969465648855 127.52671755725191 156.3053435114504 
1794.4656488549617 1822.328244274809 105.32824427480917 133.1908396946565 138.48091603053436 166.34351145038167 
1636.2900763358778 1664.1145038167938 100.21374045801527 128.0381679389313 132.99236641221373 160.81679389312978 
2029.4122137404581 2057.5801526717555 98.29007633587786 126.45801526717557 120.21374045801527 148.38167938931298 
1702.4809160305344 1730.381679389313 97.18320610687023 125.08396946564885 126.94656488549619 154.84732824427482 
1942.8015267175572 1971.7328244274809 99.50381679389314 128.4351145038168 121.02290076335878 149.95419847328245 
1563.5343511450383 1590.442748091603 79.19083969465649 106.09923664122137 115.65648854961832 142.5648854961832 
1812.5190839694656 1841.5648854961833 93.69465648854961 122.74045801526718 117.74809160305344 146.793893129771 
