3744.6796116504856 3772.9320388349515 190.93203883495147 219.18446601941747 303.9514563106796 332.20388349514565 
3766.1116504854367 3794.0 184.09223300970874 211.98058252427185 216.79126213592232 244.67961165048544 
4164.674757281553 4193.339805825242 283.29126213592235 311.95631067961165 290.4514563106796 319.11650485436894 
4222.669902912621 4252.111650485437 211.38834951456312 240.83009708737865 260.3398058252427 289.78155339805824 
3812.5339805825242 3840.0582524271845 206.58252427184465 234.10679611650485 205.15533980582524 232.67961165048544 
3773.0825242718447 3800.873786407767 183.89805825242718 211.6893203883495 211.04368932038835 238.83495145631068 
3725.6019417475727 3752.3980582524273 207.41747572815535 234.2135922330097 256.2330097087379 283.02912621359224 
3729.4854368932038 3757.2038834951454 183.3009708737864 211.01941747572815 260.0194174757282 287.7378640776699 
3975.1019417475727 4004.009708737864 185.4126213592233 214.32038834951456 224.22815533980582 253.1359223300971 
3862.9514563106795 3891.73786407767 256.121359223301 284.90776699029124 283.29126213592235 312.07766990291265 
3754.8058252427186 3781.0679611650485 222.23300970873785 248.49514563106797 281.2135922330097 307.4757281553398 
3507.364077669903 3533.8203883495144 209.70388349514562 236.1601941747573 271.3932038834951 297.8495145631068 
4142.723300970873 4171.485436893204 239.7378640776699 268.5 274.8592233009709 303.621359223301 
3792.2087378640776 3819.878640776699 223.0097087378641 250.67961165048544 267.93689320388347 295.6067961165049 
3635.247572815534 3661.2912621359224 169.50485436893203 195.54854368932038 192.96601941747574 219.0097087378641 
3864.9466019417478 3893.490291262136 186.24757281553397 214.79126213592232 228.68446601941747 257.2281553398058 
3846.276699029126 3874.9660194174758 270.4271844660194 299.11650485436894 334.57766990291265 363.2669902912621 
3849.6116504854367 3878.3252427184466 236.55825242718447 265.2718446601942 288.1067961165049 316.8203883495146 
3889.4854368932038 3919.606796116505 271.8592233009709 301.9805825242718 377.252427184466 407.373786407767 
4202.898058252427 4232.9708737864075 284.66990291262135 314.74271844660194 300.61650485436894 330.68932038834953 
3805.8203883495144 3834.8252427184466 189.2378640776699 218.24271844660194 271.69417475728153 300.6990291262136 
3763.330097087379 3790.830097087379 281.40776699029124 308.90776699029124 259.9805825242718 287.4805825242718 
4076.3058252427186 4105.189320388349 300.2621359223301 329.1456310679612 359.16990291262135 388.0533980582524 
3737.121359223301 3765.2281553398057 194.03398058252426 222.14077669902912 194.54854368932038 222.65533980582524 
3755.6893203883496 3783.747572815534 230.29126213592232 258.3495145631068 227.38834951456312 255.44660194174756 
3907.4466019417478 3936.2815533980583 281.5 310.3349514563107 300.8932038834951 329.7281553398058 
4104.359223300971 4134.577669902913 232.12135922330097 262.3398058252427 234.60194174757282 264.8203883495146 
3719.78640776699 3747.6019417475727 190.3640776699029 218.17961165048544 235.07766990291262 262.8932038834951 
3613.9077669902913 3641.7718446601943 141.3106796116505 169.1747572815534 230.46116504854368 258.3252427184466 
3826.660194174757 3854.9854368932038 290.63592233009706 318.9611650485437 312.43689320388347 340.7621359223301 
3810.009708737864 3838.1650485436894 222.08252427184465 250.2378640776699 304.9126213592233 333.06796116504853 
3844.7038834951454 3873.6844660194174 283.92233009708735 312.90291262135923 349.63592233009706 378.61650485436894 
3758.5631067961167 3785.4563106796118 268.08252427184465 294.9757281553398 270.79611650485435 297.68932038834953 
3994.330097087379 4022.8252427184466 243.54368932038835 272.0388349514563 253.2621359223301 281.75728155339806 
3862.8252427184466 3891.1990291262136 217.01941747572815 245.39320388349515 238.2135922330097 266.5873786407767 
4319.5485436893205 4349.5485436893205 343.83009708737865 373.83009708737865 210.47087378640776 240.47087378640776 
3904.480582524272 3933.8009708737864 180.53883495145632 209.85922330097088 236.47087378640776 265.79126213592235 
3825.26213592233 3852.9563106796118 242.61165048543688 270.30582524271847 238.90291262135923 266.59708737864077 
3704.0339805825242 3732.21359223301 226.31553398058253 254.49514563106797 278.2281553398058 306.40776699029124 
3772.5825242718447 3800.9320388349515 182.0 210.3495145631068 245.98058252427185 274.33009708737865 
3671.150485436893 3698.9174757281553 232.86893203883494 260.63592233009706 282.50970873786406 310.27669902912623 
3963.26213592233 3992.364077669903 171.3495145631068 200.45145631067962 197.873786407767 226.9757281553398 
3715.616504854369 3743.019417475728 199.0873786407767 226.4902912621359 227.4126213592233 254.81553398058253 
3755.839805825243 3784.4077669902913 240.23300970873785 268.8009708737864 263.36407766990294 291.93203883495147 
3852.6019417475727 3880.2718446601943 232.81553398058253 260.4854368932039 225.36893203883494 253.03883495145632 
3720.9611650485435 3749.5776699029125 200.9126213592233 229.52912621359224 241.11650485436894 269.7330097087379 
3957.4514563106795 3984.830097087379 189.4368932038835 216.81553398058253 263.5194174757282 290.8980582524272 
3804.0679611650485 3832.3203883495144 224.2135922330097 252.46601941747574 259.6504854368932 287.90291262135923 
3885.529126213592 3913.9757281553398 238.33495145631068 266.78155339805824 240.86893203883494 269.31553398058253 
3874.368932038835 3901.7718446601943 204.1893203883495 231.59223300970874 223.93203883495147 251.33495145631068 
