12043.44510978044 12071.828343313373 2165.884231536926 2194.2674650698605 2162.177644710579 2190.560878243513 
12507.64870259481 12536.860279441118 2131.4690618762475 2160.6806387225547 1923.6067864271456 1952.818363273453 
12224.463073852296 12253.055888223553 2202.7964071856286 2231.3892215568862 2075.37125748503 2103.9640718562873 
11689.459081836327 11717.652694610779 2095.327345309381 2123.5209580838323 1990.4471057884232 2018.6407185628743 
11537.566866267465 11565.45109780439 2058.8502994011974 2086.734530938124 1840.37125748503 1868.255489021956 
11775.714570858283 11804.017964071856 2216.9900199600797 2245.293413173653 2031.5728542914171 2059.87624750499 
12360.155688622754 12389.417165668663 2260.7904191616767 2290.051896207585 2118.2894211576845 2147.5508982035926 
11677.774451097805 11705.768463073853 2185.7005988023952 2213.694610778443 1951.4770459081835 1979.4710578842316 
11717.500998003992 11745.305389221558 2095.0958083832334 2122.9001996007983 1985.4151696606787 2013.2195608782436 
12466.45508982036 12495.656686626746 2151.0958083832334 2180.297405189621 2209.6986027944113 2238.9001996007983 
12205.766467065869 12234.698602794411 2143.8403193612776 2172.77245508982 2041.2854291417166 2070.2175648702596 
12205.405189620758 12234.347305389221 2192.3672654690617 2221.309381237525 1891.243512974052 1920.185628742515 
11922.706586826347 11951.289421157684 2126.988023952096 2155.570858283433 2073.554890219561 2102.1377245508984 
12207.463073852296 12236.49500998004 2225.1397205588823 2254.1716566866266 2183.920159680639 2212.952095808383 
11738.337325349301 11766.34131736527 2162.2355289421157 2190.2395209580836 1930.3832335329341 1958.3872255489023 
11501.810379241517 11529.48502994012 1991.814371257485 2019.4890219560878 1827.0698602794412 1854.744510978044 
11471.151696606787 11498.556886227545 1864.5748502994013 1891.9800399201597 1904.8942115768464 1932.2994011976048 
12095.00998003992 12123.542914171656 2279.063872255489 2307.5968063872256 2077.554890219561 2106.0878243512975 
12155.518962075848 12184.35129740519 2102.0419161676646 2130.874251497006 2093.393213572854 2122.2255489021954 
12018.802395209581 12047.694610778442 2176.115768463074 2205.0079840319363 2039.3512974051896 2068.243512974052 
12362.279441117764 12391.161676646707 2167.0 2195.882235528942 2161.251497005988 2190.13373253493 
11767.085828343314 11795.818363273453 2197.9081836327346 2226.640718562874 1948.5329341317365 1977.2654690618763 
12389.56487025948 12418.31736526946 2317.2794411177647 2346.0319361277443 2213.806387225549 2242.558882235529 
12164.712574850299 12193.56487025948 2185.0439121756485 2213.8962075848303 2120.870259481038 2149.7225548902197 
12043.171656686627 12071.135728542915 2125.5868263473053 2153.5508982035926 1978.1916167664672 2006.1556886227545 
11871.864271457085 11899.57884231537 2086.059880239521 2113.7744510978046 1928.2814371257484 1955.9960079840318 
12051.612774451098 12079.98602794411 2302.1397205588823 2330.512974051896 2028.3493013972056 2056.7225548902197 
11572.516966067864 11600.241516966067 2082.3872255489023 2110.111776447106 1983.7844311377246 2011.508982035928 
11788.461077844311 11816.844311377246 2190.6167664670656 2219.0 2015.6566866267465 2044.0399201596806 
11885.758483033933 11914.301397205589 2227.135728542914 2255.6786427145707 2045.9281437125749 2074.4710578842314 
12251.00998003992 12280.031936127745 2133.7924151696607 2162.814371257485 2045.4311377245508 2074.4530938123753 
11892.033932135728 11920.626746506987 2066.1437125748503 2094.736526946108 1996.3353293413174 2024.9281437125749 
12016.231536926147 12045.303393213573 1989.5289421157684 2018.6007984031937 2096.8403193612776 2125.9121756487025 
12374.582834331337 12403.055888223553 2053.0858283433136 2081.558882235529 1927.5868263473053 1956.059880239521 
11986.7624750499 12015.255489021956 2170.4550898203593 2198.948103792415 1867.2914171656687 1895.7844311377246 
12182.313373253493 12211.125748502995 2199.6526946107783 2228.4650698602795 1998.7305389221558 2027.5429141716568 
11761.918163672655 11789.852295409182 2055.87624750499 2083.810379241517 2105.920159680639 2133.8542914171658 
11595.826347305388 11623.690618762475 2090.8323353293413 2118.6966067864273 2144.9580838323354 2172.822355289421 
11954.22754491018 11982.201596806388 2246.61876247505 2274.5928143712576 2009.6467065868264 2037.620758483034 
12222.888223552894 12251.770459081836 1999.4251497005987 2028.3073852295408 2143.756487025948 2172.63872255489 
11850.580838323353 11878.49500998004 1938.2654690618763 1966.179640718563 2075.880239520958 2103.7944111776446 
11801.826347305388 11829.720558882236 2169.427145708583 2197.3213572854293 2012.7744510978043 2040.6686626746507 
11802.279441117764 11829.884231536926 2048.554890219561 2076.1596806387224 2013.4071856287426 2041.0119760479042 
11850.43512974052 11878.808383233532 2263.9001996007983 2292.2734530938123 2136.11377245509 2164.487025948104 
11874.325349301398 11902.439121756486 1992.377245508982 2020.491017964072 1867.6487025948104 1895.7624750499 
12071.397205588823 12099.97005988024 2299.7305389221556 2328.3033932135727 2036.6566866267465 2065.229540918164 
11852.399201596807 11880.78243512974 2019.748502994012 2048.131736526946 1917.9580838323354 1946.3413173652696 
12515.095808383234 12543.538922155689 2084.688622754491 2113.131736526946 2002.2914171656687 2030.7345309381237 
11772.085828343314 11800.748502994013 2195.38123752495 2224.0439121756485 2185.1497005988026 2213.812375249501 
11752.824351297406 11781.197604790419 2128.998003992016 2157.37125748503 1931.4770459081835 1959.8502994011976 
