7402.953757225434 7430.280346820809 911.5924855491329 938.9190751445087 896.4508670520231 923.7774566473988 
7458.239884393063 7486.404624277457 1030.0895953757226 1058.2543352601156 939.7138728323699 967.878612716763 
7407.049132947976 7434.563583815029 984.9190751445087 1012.4335260115607 778.0028901734104 805.5173410404624 
8005.589595375723 8034.0 950.335260115607 978.7456647398844 1014.2890173410404 1042.699421965318 
7951.338150289017 7980.976878612717 966.0346820809249 995.6734104046243 1035.6734104046243 1065.3121387283236 
7555.861271676301 7583.736994219653 887.0317919075145 914.9075144508671 910.8901734104046 938.7658959537572 
7866.303468208092 7895.14739884393 1054.2167630057804 1083.0606936416184 902.1705202312139 931.014450867052 
7891.005780346821 7920.037572254335 993.7225433526012 1022.7543352601156 934.5606936416185 963.5924855491329 
7696.667630057804 7724.6734104046245 999.0895953757225 1027.0953757225434 962.9393063583815 990.9450867052024 
8049.0578034682085 8077.424855491329 1098.2225433526012 1126.5895953757226 1115.849710982659 1144.2167630057804 
7755.078034682081 7783.026011560693 1133.6907514450868 1161.6387283236995 1168.7196531791908 1196.6676300578035 
7350.274566473989 7378.5115606936415 955.4768786127167 983.7138728323699 991.6618497109827 1019.8988439306358 
7882.812138728324 7912.1040462427745 1121.2658959537573 1150.557803468208 1022.6965317919075 1051.9884393063585 
7664.543352601156 7692.910404624277 1088.9624277456646 1117.329479768786 1012.3757225433526 1040.742774566474 
7513.06936416185 7541.075144508671 1097.0028901734104 1125.0086705202311 1077.549132947977 1105.5549132947976 
7509.158959537573 7536.803468208092 1011.6445086705203 1039.2890173410406 989.2456647398844 1016.8901734104046 
7857.8265895953755 7885.861271676301 1005.5693641618498 1033.6040462427745 945.6589595375723 973.693641618497 
7652.43063583815 7680.306358381503 1022.2023121387283 1050.078034682081 1015.1473988439307 1043.0231213872833 
7545.309248554913 7573.28612716763 1099.9537572254335 1127.9306358381502 900.9161849710982 928.893063583815 
8020.156069364162 8049.549132947976 1060.393063583815 1089.78612716763 932.121387283237 961.514450867052 
7785.42774566474 7814.098265895954 1070.9566473988439 1099.6271676300578 919.0404624277456 947.7109826589596 
7458.297687861272 7485.725433526011 986.7716763005781 1014.1994219653179 981.3323699421966 1008.7601156069364 
7662.254335260116 7689.653179190752 1031.878612716763 1059.2774566473988 945.7803468208092 973.179190751445 
7463.8265895953755 7491.210982658959 865.7196531791908 893.1040462427745 920.7052023121387 948.0895953757225 
7777.575144508671 7806.99710982659 978.164739884393 1007.5867052023121 969.106936416185 998.528901734104 
7758.540462427745 7786.632947976878 1028.7832369942196 1056.8757225433526 910.014450867052 938.106936416185 
7566.245664739884 7594.945086705202 1074.9306358381502 1103.6300578034682 1036.0722543352601 1064.771676300578 
7617.638728323699 7646.309248554913 956.8236994219653 985.4942196531792 867.0028901734104 895.6734104046243 
7759.263005780347 7788.598265895954 1054.557803468208 1083.893063583815 1088.3381502890174 1117.6734104046243 
7818.008670520231 7846.924855491329 1069.1387283236995 1098.0549132947976 1066.1878612716764 1095.1040462427745 
7363.797687861272 7390.921965317919 1115.7485549132948 1142.8728323699422 1127.9595375722542 1155.0838150289017 
7881.635838150289 7910.956647398844 979.3121387283237 1008.6329479768787 917.4450867052024 946.7658959537572 
7732.4421965317915 7760.910404624277 1239.6531791907514 1268.121387283237 1134.263005780347 1162.7312138728323 
7417.161849710983 7445.456647398844 1032.0173410404625 1060.3121387283236 942.1907514450867 970.485549132948 
7701.583815028902 7730.06647398844 986.9537572254335 1015.4364161849711 966.9884393063584 995.471098265896 
7676.797687861272 7705.945086705202 1050.549132947977 1079.6965317919075 947.8381502890173 976.985549132948 
7653.462427745665 7681.468208092486 984.8728323699422 1012.878612716763 904.1560693641618 932.1618497109827 
7702.485549132948 7730.838150289017 910.9479768786127 939.3005780346821 947.5722543352601 975.9248554913295 
7975.953757225434 8005.621387283237 1081.6878612716764 1111.3554913294797 1081.4161849710983 1111.0838150289017 
7531.228323699422 7560.043352601156 1064.1300578034682 1092.9450867052024 890.8815028901735 919.6965317919075 
7816.956647398844 7845.71387283237 1100.6387283236995 1129.3959537572255 983.2572254335261 1012.014450867052 
7608.684971098266 7636.575144508671 992.0838150289018 1019.9739884393064 928.9450867052024 956.835260115607 
7672.043352601156 7699.890173410405 955.6416184971098 983.4884393063584 924.2976878612717 952.1445086705203 
7627.245664739884 7655.1502890173415 1003.1156069364162 1031.0202312138729 1041.0606936416184 1068.9653179190752 
7672.135838150289 7700.575144508671 950.106936416185 978.5462427745665 841.528901734104 869.9682080924855 
8289.268786127168 8318.907514450868 1074.0346820809248 1103.6734104046243 1010.0491329479769 1039.6878612716764 
7711.661849710983 7739.118497109826 1081.7052023121387 1109.1618497109826 925.2745664739884 952.7312138728323 
7601.112716763006 7628.526011560693 1119.2052023121387 1146.6184971098266 1164.436416184971 1191.849710982659 
8036.736994219653 8065.00289017341 1096.150289017341 1124.4161849710983 1156.0722543352601 1184.3381502890174 
7586.838150289017 7614.670520231214 944.5202312138729 972.3526011560693 998.2832369942197 1026.1156069364163 
