161.24242424242425 190.4848484848485 61.166666666666664 90.4090909090909 53.63636363636363 82.87878787878788 
167.22727272727272 194.57575757575756 67.13636363636364 94.48484848484848 58.333333333333336 85.68181818181819 
160.16666666666666 187.36363636363637 65.68181818181819 92.87878787878788 73.46969696969697 100.66666666666667 
166.6969696969697 193.8181818181818 61.60606060606061 88.72727272727273 56.86363636363637 83.98484848484848 
146.37878787878788 174.4848484848485 59.21212121212121 87.31818181818181 53.03030303030303 81.13636363636364 
205.16666666666666 232.8939393939394 66.07575757575758 93.8030303030303 78.77272727272727 106.5 
267.8333333333333 296.1666666666667 63.84848484848485 92.18181818181819 64.37878787878788 92.71212121212122 
97.56060606060606 124.9090909090909 50.42424242424242 77.77272727272727 57.75757575757576 85.10606060606061 
230.53030303030303 258.25757575757575 58.89393939393939 86.62121212121212 54.54545454545455 82.27272727272727 
379.3333333333333 408.3484848484849 64.57575757575758 93.5909090909091 65.07575757575758 94.0909090909091 
145.3939393939394 171.9090909090909 62.21212121212121 88.72727272727273 49.90909090909091 76.42424242424242 
160.83333333333334 188.71212121212122 60.303030303030305 88.18181818181819 54.04545454545455 81.92424242424242 
224.3030303030303 250.8181818181818 69.39393939393939 95.9090909090909 59.621212121212125 86.13636363636364 
206.56060606060606 235.87878787878788 65.74242424242425 95.06060606060606 75.54545454545455 104.86363636363636 
151.24242424242425 179.5 58.803030303030305 87.06060606060606 61.621212121212125 89.87878787878788 
244.77272727272728 270.22727272727275 70.54545454545455 96.0 70.5 95.95454545454545 
331.5151515151515 357.04545454545456 58.13636363636363 83.66666666666667 70.77272727272727 96.3030303030303 
219.5909090909091 246.4090909090909 62.984848484848484 89.8030303030303 68.77272727272727 95.5909090909091 
144.28787878787878 169.74242424242425 66.54545454545455 92.0 63.46969696969697 88.92424242424242 
202.34848484848484 232.65151515151516 69.46969696969697 99.77272727272727 63.42424242424242 93.72727272727273 
133.78787878787878 161.5151515151515 57.25757575757576 84.98484848484848 50.04545454545455 77.77272727272727 
182.06060606060606 209.86363636363637 58.81818181818182 86.62121212121212 56.46969696969697 84.27272727272727 
349.1060606060606 378.04545454545456 66.72727272727273 95.66666666666667 70.04545454545455 98.98484848484848 
153.3181818181818 182.63636363636363 69.6969696969697 99.01515151515152 65.1969696969697 94.51515151515152 
246.6060606060606 276.07575757575756 66.3030303030303 95.77272727272727 66.89393939393939 96.36363636363636 
223.8939393939394 253.28787878787878 62.54545454545455 91.93939393939394 63.31818181818182 92.71212121212122 
150.75757575757575 178.4848484848485 61.15151515151515 88.87878787878788 65.06060606060606 92.78787878787878 
294.4848484848485 325.0151515151515 62.43939393939394 92.96969696969697 71.39393939393939 101.92424242424242 
314.7878787878788 344.56060606060606 66.54545454545455 96.31818181818181 67.22727272727273 97.0 
392.469696969697 421.3333333333333 67.86363636363636 96.72727272727273 69.21212121212122 98.07575757575758 
226.3181818181818 253.5151515151515 69.0909090909091 96.28787878787878 56.696969696969695 83.89393939393939 
176.07575757575756 204.71212121212122 64.62121212121212 93.25757575757575 52.22727272727273 80.86363636363636 
363.3939393939394 393.09090909090907 67.3030303030303 97.0 70.8030303030303 100.5 
223.0 252.0151515151515 54.696969696969695 83.71212121212122 70.04545454545455 99.06060606060606 
179.33333333333334 207.43939393939394 59.03030303030303 87.13636363636364 57.54545454545455 85.65151515151516 
177.8939393939394 208.34848484848484 70.54545454545455 101.0 56.92424242424242 87.37878787878788 
294.1969696969697 323.8939393939394 61.77272727272727 91.46969696969697 63.22727272727273 92.92424242424242 
104.12121212121212 132.3030303030303 67.31818181818181 95.5 63.56060606060606 91.74242424242425 
154.53030303030303 181.65151515151516 64.9090909090909 92.03030303030303 59.63636363636363 86.75757575757575 
225.1818181818182 253.74242424242425 63.04545454545455 91.60606060606061 74.93939393939394 103.5 
183.6969696969697 212.25757575757575 67.24242424242425 95.8030303030303 61.53030303030303 90.0909090909091 
205.3181818181818 233.65151515151516 63.95454545454545 92.28787878787878 59.78787878787879 88.12121212121212 
101.98484848484848 127.13636363636364 61.06060606060606 86.21212121212122 46.803030303030305 71.95454545454545 
154.25757575757575 183.12121212121212 54.95454545454545 83.81818181818181 62.65151515151515 91.51515151515152 
191.22727272727272 219.78787878787878 63.60606060606061 92.16666666666667 76.57575757575758 105.13636363636364 
349.8030303030303 379.27272727272725 68.95454545454545 98.42424242424242 72.77272727272727 102.24242424242425 
426.90909090909093 456.22727272727275 66.5909090909091 95.9090909090909 64.77272727272727 94.0909090909091 
191.9090909090909 220.3181818181818 62.04545454545455 90.45454545454545 65.57575757575758 93.98484848484848 
201.25757575757575 233.07575757575756 70.03030303030303 101.84848484848484 61.13636363636363 92.95454545454545 
436.40909090909093 465.6515151515151 66.07575757575758 95.31818181818181 69.75757575757575 99.0 
