42.0 68.36363636363636 61.63636363636363 88.0 36.09090909090909 62.45454545454545 
41.63636363636363 67.0909090909091 43.27272727272727 68.72727272727273 35.72727272727273 61.18181818181818 
34.09090909090909 62.72727272727273 38.63636363636363 67.27272727272727 22.545454545454547 51.18181818181818 
27.727272727272727 52.27272727272727 35.90909090909091 60.45454545454545 22.727272727272727 47.27272727272727 
42.72727272727273 75.45454545454545 53.09090909090909 85.81818181818181 36.81818181818182 69.54545454545455 
24.545454545454547 50.90909090909091 48.45454545454545 74.81818181818181 19.545454545454547 45.90909090909091 
32.72727272727273 58.63636363636363 45.81818181818182 71.72727272727273 27.727272727272727 53.63636363636363 
41.54545454545455 65.63636363636364 43.0 67.0909090909091 28.818181818181817 52.90909090909091 
39.36363636363637 65.27272727272727 59.63636363636363 85.54545454545455 33.45454545454545 59.36363636363637 
24.727272727272727 52.45454545454545 44.54545454545455 72.27272727272727 19.727272727272727 47.45454545454545 
28.272727272727273 55.09090909090909 44.27272727272727 71.0909090909091 23.272727272727273 50.09090909090909 
20.90909090909091 45.0 45.72727272727273 69.81818181818181 15.909090909090908 40.0 
24.09090909090909 50.90909090909091 41.09090909090909 67.9090909090909 19.09090909090909 45.90909090909091 
38.54545454545455 65.81818181818181 39.09090909090909 66.36363636363636 33.54545454545455 60.81818181818182 
31.181818181818183 63.0 63.27272727272727 95.0909090909091 23.0 54.81818181818182 
20.0 45.90909090909091 43.72727272727273 69.63636363636364 15.0 40.90909090909091 
22.09090909090909 49.81818181818182 45.54545454545455 73.27272727272727 17.09090909090909 44.81818181818182 
25.636363636363637 52.90909090909091 43.36363636363637 70.63636363636364 19.727272727272727 47.0 
25.90909090909091 50.90909090909091 49.0 74.0 20.90909090909091 45.90909090909091 
24.727272727272727 55.63636363636363 62.54545454545455 93.45454545454545 19.727272727272727 50.63636363636363 
26.818181818181817 53.63636363636363 51.18181818181818 78.0 21.818181818181817 48.63636363636363 
24.727272727272727 57.0 54.36363636363637 86.63636363636364 17.90909090909091 50.18181818181818 
32.0 58.81818181818182 45.63636363636363 72.45454545454545 26.09090909090909 52.90909090909091 
35.81818181818182 64.45454545454545 45.63636363636363 74.27272727272727 30.818181818181817 59.45454545454545 
27.181818181818183 49.45454545454545 55.18181818181818 77.45454545454545 22.181818181818183 44.45454545454545 
32.27272727272727 61.81818181818182 46.0 75.54545454545455 27.272727272727273 56.81818181818182 
25.0 52.72727272727273 49.27272727272727 77.0 20.0 47.72727272727273 
36.54545454545455 64.27272727272727 41.27272727272727 69.0 29.727272727272727 57.45454545454545 
29.636363636363637 57.81818181818182 39.63636363636363 67.81818181818181 23.727272727272727 51.90909090909091 
43.54545454545455 72.18181818181819 50.27272727272727 78.9090909090909 36.72727272727273 65.36363636363636 
26.90909090909091 53.72727272727273 42.63636363636363 69.45454545454545 21.90909090909091 48.72727272727273 
31.454545454545453 56.0 43.45454545454545 68.0 26.454545454545453 51.0 
30.454545454545453 61.36363636363637 43.45454545454545 74.36363636363636 25.454545454545453 56.36363636363637 
21.818181818181817 42.27272727272727 56.09090909090909 76.54545454545455 16.818181818181817 37.27272727272727 
40.27272727272727 68.9090909090909 41.09090909090909 69.72727272727273 33.0 61.63636363636363 
28.818181818181817 57.0 43.54545454545455 71.72727272727273 22.90909090909091 51.09090909090909 
22.545454545454547 54.36363636363637 35.0 66.81818181818181 17.545454545454547 49.36363636363637 
25.454545454545453 56.36363636363637 44.72727272727273 75.63636363636364 20.454545454545453 51.36363636363637 
35.27272727272727 66.18181818181819 53.18181818181818 84.0909090909091 30.272727272727273 61.18181818181818 
41.45454545454545 71.0 43.54545454545455 73.0909090909091 35.09090909090909 64.63636363636364 
33.81818181818182 67.0 64.54545454545455 97.72727272727273 27.90909090909091 61.09090909090909 
28.454545454545453 53.90909090909091 50.27272727272727 75.72727272727273 23.454545454545453 48.90909090909091 
39.63636363636363 71.0 46.45454545454545 77.81818181818181 33.72727272727273 65.0909090909091 
29.90909090909091 61.72727272727273 27.545454545454547 59.36363636363637 24.90909090909091 56.72727272727273 
27.727272727272727 59.54545454545455 47.72727272727273 79.54545454545455 22.727272727272727 54.54545454545455 
35.54545454545455 60.09090909090909 27.0 51.54545454545455 30.545454545454547 55.09090909090909 
27.727272727272727 50.90909090909091 39.81818181818182 63.0 22.727272727272727 45.90909090909091 
35.0 64.54545454545455 53.09090909090909 82.63636363636364 30.0 59.54545454545455 
50.18181818181818 77.45454545454545 36.63636363636363 63.90909090909091 43.36363636363637 70.63636363636364 
31.545454545454547 60.18181818181818 47.72727272727273 76.36363636363636 25.636363636363637 54.27272727272727 
