5425.327067669173 5453.522556390977 453.5 481.6954887218045 428.8233082706767 457.0187969924812 
5448.360902255639 5477.045112781955 507.62406015037595 536.3082706766917 492.6842105263158 521.3684210526316 
5814.4699248120305 5842.796992481203 501.67293233082705 530.0 582.327067669173 610.6541353383459 
5266.706766917293 5293.962406015037 566.796992481203 594.0526315789474 498.6616541353383 525.9172932330827 
5748.875939849624 5778.838345864661 511.7781954887218 541.7406015037594 663.5375939849624 693.5 
5307.056390977444 5332.93984962406 448.9624060150376 474.84586466165416 437.80827067669173 463.69172932330827 
5576.236842105263 5605.390977443609 460.81954887218046 489.9736842105263 552.5902255639098 581.7443609022556 
5121.394736842105 5148.443609022556 420.9248120300752 447.9736842105263 386.84586466165416 413.89473684210526 
5712.3421052631575 5740.951127819549 682.9285714285714 711.5375939849624 678.5827067669173 707.1917293233083 
5503.511278195489 5531.199248120301 516.6766917293234 544.3646616541354 486.5563909774436 514.2443609022556 
5129.022556390977 5156.0526315789475 452.6390977443609 479.6691729323308 391.69172932330827 418.7218045112782 
5518.199248120301 5547.071428571428 557.8082706766917 586.6804511278195 487.67293233082705 516.5451127819549 
5694.736842105263 5723.345864661655 611.7218045112782 640.3308270676691 623.2330827067669 651.8421052631579 
5599.338345864661 5627.984962406015 449.82706766917295 478.4736842105263 435.9924812030075 464.6390977443609 
5463.796992481203 5492.7819548872185 466.0676691729323 495.05263157894734 522.6691729323309 551.6541353383459 
5319.078947368421 5345.902255639097 500.6353383458647 527.4586466165414 539.0413533834586 565.8646616541354 
5786.812030075188 5817.150375939849 441.39473684210526 471.73308270676694 522.827067669173 553.1654135338346 
5606.011278195489 5634.244360902256 647.1315789473684 675.3646616541354 547.8533834586466 576.0864661654135 
5543.785714285715 5571.924812030075 550.9398496240601 579.078947368421 486.4924812030075 514.6315789473684 
5668.436090225564 5696.4060150375935 559.4924812030075 587.4624060150376 580.8045112781955 608.7744360902255 
5112.93984962406 5140.289473684211 484.17293233082705 511.52255639097746 564.9323308270676 592.281954887218 
5409.2593984962405 5436.909774436091 478.61654135338347 506.26691729323306 548.3195488721805 575.9699248120301 
5462.515037593985 5490.691729323308 593.8947368421053 622.0714285714286 542.0639097744361 570.2406015037594 
5465.684210526316 5493.917293233083 466.9887218045113 495.2218045112782 592.6390977443609 620.8721804511279 
5739.7180451127815 5769.266917293233 395.66541353383457 425.2142857142857 449.26691729323306 478.8157894736842 
5478.800751879699 5506.93984962406 534.8496240601504 562.9887218045113 560.1165413533835 588.2556390977444 
5350.695488721804 5378.477443609023 512.9812030075188 540.7631578947369 439.3796992481203 467.1616541353383 
5643.834586466165 5673.139097744361 587.124060150376 616.4285714285714 695.0751879699249 724.3796992481203 
5258.037593984963 5285.612781954887 490.46992481203006 518.0451127819549 505.03007518796994 532.6052631578947 
5606.548872180451 5635.1766917293235 573.0075187969925 601.6353383458646 543.4285714285714 572.0563909774436 
5413.221804511279 5440.796992481203 441.9436090225564 469.5187969924812 457.0563909774436 484.63157894736844 
5231.7593984962405 5259.390977443609 407.6390977443609 435.2706766917293 413.6015037593985 441.23308270676694 
5430.4699248120305 5458.496240601504 540.6466165413534 568.672932330827 438.2142857142857 466.2406015037594 
5455.090225563909 5483.041353383459 489.187969924812 517.1390977443609 527.0451127819549 554.9962406015038 
5658.033834586467 5687.112781954887 556.4511278195489 585.5300751879699 490.703007518797 519.781954887218 
5647.894736842105 5676.691729323308 422.1954887218045 450.9924812030075 577.2932330827068 606.0902255639098 
5451.669172932331 5480.203007518797 550.6842105263158 579.218045112782 542.3082706766917 570.8421052631579 
5445.274436090225 5473.808270676692 498.4624060150376 526.9962406015038 519.7105263157895 548.2443609022556 
5606.477443609023 5635.424812030075 541.984962406015 570.9323308270676 563.5451127819549 592.4924812030075 
5267.4699248120305 5295.12030075188 489.6616541353383 517.312030075188 569.4624060150376 597.1127819548872 
5383.597744360903 5411.511278195489 431.6691729323308 459.5827067669173 498.7857142857143 526.6992481203008 
5328.966165413533 5356.484962406015 348.30075187969925 375.81954887218046 489.71804511278197 517.2368421052631 
5708.834586466165 5737.368421052632 562.0488721804511 590.5827067669173 620.6015037593985 649.1353383458646 
5647.5300751879695 5675.857142857143 567.3195488721805 595.6466165413534 542.2293233082706 570.5563909774436 
5748.984962406015 5778.007518796992 503.1390977443609 532.1616541353384 545.9398496240601 574.9624060150376 
5851.139097744361 5879.484962406015 472.17293233082705 500.5187969924812 476.6278195488722 504.9736842105263 
5477.3646616541355 5505.992481203008 416.4548872180451 445.0827067669173 465.3721804511278 494.0 
5423.071428571428 5450.590225563909 329.93609022556393 357.4548872180451 467.28195488721803 494.80075187969925 
5238.244360902256 5265.462406015037 412.5112781954887 439.7293233082707 358.4323308270677 385.6503759398496 
5536.827067669173 5564.721804511279 458.69172932330827 486.5864661654135 381.45112781954884 409.34586466165416 
