89.78571428571429 116.83928571428571 55.035714285714285 82.08928571428571 45.625 72.67857142857143 
135.57142857142858 165.83928571428572 67.14285714285714 97.41071428571429 58.589285714285715 88.85714285714286 
120.42857142857143 148.01785714285714 62.75 90.33928571428571 57.982142857142854 85.57142857142857 
251.80357142857142 281.44642857142856 55.339285714285715 84.98214285714286 59.857142857142854 89.5 
65.10714285714286 90.91071428571429 55.035714285714285 80.83928571428571 41.339285714285715 67.14285714285714 
130.67857142857142 159.25 59.464285714285715 88.03571428571429 51.642857142857146 80.21428571428571 
134.625 163.10714285714286 56.25 84.73214285714286 59.607142857142854 88.08928571428571 
111.51785714285714 140.17857142857142 62.875 91.53571428571429 61.07142857142857 89.73214285714286 
131.375 159.14285714285714 62.142857142857146 89.91071428571429 47.410714285714285 75.17857142857143 
83.66071428571429 110.53571428571429 49.75 76.625 47.357142857142854 74.23214285714286 
92.78571428571429 118.32142857142857 67.76785714285714 93.30357142857143 46.535714285714285 72.07142857142857 
97.03571428571429 124.89285714285714 63.875 91.73214285714286 53.44642857142857 81.30357142857143 
81.19642857142857 109.41071428571429 61.69642857142857 89.91071428571429 53.875 82.08928571428571 
171.57142857142858 200.5 65.76785714285714 94.69642857142857 45.42857142857143 74.35714285714286 
110.48214285714286 140.39285714285714 57.535714285714285 87.44642857142857 53.5 83.41071428571429 
83.96428571428571 111.28571428571429 54.160714285714285 81.48214285714286 47.5 74.82142857142857 
88.35714285714286 115.76785714285714 64.94642857142857 92.35714285714286 56.30357142857143 83.71428571428571 
176.60714285714286 205.17857142857142 54.32142857142857 82.89285714285714 52.625 81.19642857142857 
81.94642857142857 108.375 60.94642857142857 87.375 60.67857142857143 87.10714285714286 
102.30357142857143 129.89285714285714 59.732142857142854 87.32142857142857 51.482142857142854 79.07142857142857 
119.73214285714286 146.33928571428572 60.17857142857143 86.78571428571429 52.92857142857143 79.53571428571429 
69.48214285714286 97.78571428571429 54.30357142857143 82.60714285714286 39.375 67.67857142857143 
124.60714285714286 156.39285714285714 65.83928571428571 97.625 47.875 79.66071428571429 
177.46428571428572 203.89285714285714 62.107142857142854 88.53571428571429 69.28571428571429 95.71428571428571 
146.625 175.73214285714286 58.660714285714285 87.76785714285714 60.44642857142857 89.55357142857143 
137.42857142857142 164.57142857142858 60.214285714285715 87.35714285714286 52.05357142857143 79.19642857142857 
106.73214285714286 136.19642857142858 65.03571428571429 94.5 53.142857142857146 82.60714285714286 
125.78571428571429 154.80357142857142 65.82142857142857 94.83928571428571 48.607142857142854 77.625 
122.73214285714286 152.10714285714286 62.892857142857146 92.26785714285714 57.69642857142857 87.07142857142857 
73.21428571428571 100.53571428571429 65.16071428571429 92.48214285714286 47.69642857142857 75.01785714285714 
126.26785714285714 155.82142857142858 54.410714285714285 83.96428571428571 44.964285714285715 74.51785714285714 
142.375 170.5 52.5 80.625 48.267857142857146 76.39285714285714 
81.58928571428571 104.98214285714286 61.44642857142857 84.83928571428571 34.57142857142857 57.964285714285715 
155.69642857142858 186.58928571428572 63.785714285714285 94.67857142857143 80.96428571428571 111.85714285714286 
123.73214285714286 152.21428571428572 60.035714285714285 88.51785714285714 53.767857142857146 82.25 
143.83928571428572 172.94642857142858 63.857142857142854 92.96428571428571 53.660714285714285 82.76785714285714 
86.51785714285714 112.58928571428571 54.32142857142857 80.39285714285714 49.25 75.32142857142857 
95.42857142857143 124.35714285714286 65.39285714285714 94.32142857142857 46.92857142857143 75.85714285714286 
159.80357142857142 189.26785714285714 62.517857142857146 91.98214285714286 44.875 74.33928571428571 
130.0 156.78571428571428 63.357142857142854 90.14285714285714 63.30357142857143 90.08928571428571 
121.125 152.375 56.55357142857143 87.80357142857143 64.76785714285714 96.01785714285714 
134.28571428571428 161.78571428571428 60.25 87.75 55.714285714285715 83.21428571428571 
115.58928571428571 144.33928571428572 68.94642857142857 97.69642857142857 52.392857142857146 81.14285714285714 
163.98214285714286 190.23214285714286 63.089285714285715 89.33928571428571 60.55357142857143 86.80357142857143 
136.19642857142858 162.17857142857142 66.17857142857143 92.16071428571429 67.26785714285714 93.25 
166.39285714285714 194.33928571428572 63.982142857142854 91.92857142857143 68.94642857142857 96.89285714285714 
100.83928571428571 128.96428571428572 54.625 82.75 49.035714285714285 77.16071428571429 
95.875 121.67857142857143 58.07142857142857 83.875 49.125 74.92857142857143 
83.71428571428571 114.25 54.25 84.78571428571429 49.42857142857143 79.96428571428571 
205.76785714285714 235.94642857142858 58.17857142857143 88.35714285714286 57.767857142857146 87.94642857142857 
