123.2156862745098 152.8235294117647 59.35294117647059 88.96078431372548 48.13725490196079 77.74509803921569 
155.84313725490196 183.19607843137254 67.68627450980392 95.03921568627452 58.8235294117647 86.17647058823529 
80.6078431372549 110.11764705882354 55.07843137254902 84.58823529411765 44.84313725490196 74.3529411764706 
112.3921568627451 139.54901960784315 57.88235294117647 85.03921568627452 48.431372549019606 75.58823529411765 
130.7843137254902 159.11764705882354 70.66666666666667 99.0 60.411764705882355 88.74509803921569 
73.37254901960785 100.52941176470588 55.90196078431372 83.05882352941177 43.92156862745098 71.07843137254902 
104.66666666666667 135.45098039215685 61.76470588235294 92.54901960784314 51.78431372549019 82.56862745098039 
80.47058823529412 110.47058823529412 57.372549019607845 87.37254901960785 42.0 72.0 
77.03921568627452 106.94117647058823 63.490196078431374 93.3921568627451 44.23529411764706 74.13725490196079 
136.90196078431373 162.7843137254902 64.72549019607843 90.6078431372549 55.31372549019608 81.19607843137256 
72.3529411764706 100.0 59.94117647058823 87.58823529411765 47.8235294117647 75.47058823529412 
72.11764705882354 100.25490196078431 57.72549019607843 85.86274509803921 47.705882352941174 75.84313725490196 
86.43137254901961 115.94117647058823 56.490196078431374 86.0 55.529411764705884 85.03921568627452 
76.17647058823529 101.76470588235294 55.21568627450981 80.80392156862744 49.588235294117645 75.17647058823529 
84.37254901960785 112.50980392156863 57.529411764705884 85.66666666666667 50.76470588235294 78.90196078431373 
131.27450980392157 160.7843137254902 57.745098039215684 87.25490196078431 51.98039215686274 81.49019607843137 
115.82352941176471 143.9607843137255 64.01960784313725 92.15686274509804 60.470588235294116 88.6078431372549 
143.6078431372549 173.50980392156862 64.50980392156863 94.41176470588235 56.15686274509804 86.05882352941177 
135.84313725490196 165.84313725490196 56.27450980392157 86.27450980392157 54.03921568627451 84.03921568627452 
79.23529411764706 108.45098039215686 54.31372549019608 83.52941176470588 50.509803921568626 79.72549019607843 
68.2156862745098 96.74509803921569 58.80392156862745 87.33333333333333 48.8235294117647 77.3529411764706 
76.07843137254902 102.54901960784314 61.35294117647059 87.82352941176471 44.705882352941174 71.17647058823529 
140.15686274509804 171.62745098039215 66.86274509803921 98.33333333333333 77.33333333333333 108.80392156862744 
293.37254901960785 324.6470588235294 59.84313725490196 91.11764705882354 66.56862745098039 97.84313725490196 
90.0 119.01960784313725 59.84313725490196 88.86274509803921 57.21568627450981 86.23529411764706 
86.84313725490196 118.01960784313725 51.80392156862745 82.98039215686275 48.90196078431372 80.07843137254902 
73.3529411764706 103.15686274509804 54.80392156862745 84.6078431372549 45.92156862745098 75.72549019607843 
179.13725490196077 211.09803921568627 57.705882352941174 89.66666666666667 40.78431372549019 72.74509803921569 
85.43137254901961 112.98039215686275 53.411764705882355 80.96078431372548 43.03921568627451 70.58823529411765 
75.15686274509804 101.82352941176471 57.98039215686274 84.6470588235294 49.98039215686274 76.6470588235294 
158.13725490196077 186.9607843137255 66.33333333333333 95.15686274509804 55.98039215686274 84.80392156862744 
57.64705882352941 83.82352941176471 51.92156862745098 78.09803921568627 43.05882352941177 69.23529411764706 
179.07843137254903 209.07843137254903 63.411764705882355 93.41176470588235 51.88235294117647 81.88235294117646 
87.6078431372549 115.45098039215686 57.64705882352941 85.49019607843137 40.84313725490196 68.68627450980392 
99.11764705882354 127.15686274509804 60.8235294117647 88.86274509803921 61.31372549019608 89.3529411764706 
97.98039215686275 127.58823529411765 61.98039215686274 91.58823529411765 54.15686274509804 83.76470588235294 
110.54901960784314 138.58823529411765 59.94117647058823 87.98039215686275 47.372549019607845 75.41176470588235 
104.07843137254902 133.09803921568627 45.80392156862745 74.82352941176471 39.92156862745098 68.94117647058823 
129.72549019607843 157.66666666666666 61.450980392156865 89.3921568627451 59.27450980392157 87.2156862745098 
81.6078431372549 109.45098039215686 54.15686274509804 82.0 46.05882352941177 73.90196078431373 
101.68627450980392 130.41176470588235 57.8235294117647 86.54901960784314 46.1764705882353 74.90196078431373 
139.15686274509804 168.5686274509804 60.333333333333336 89.74509803921569 55.72549019607843 85.13725490196079 
86.98039215686275 115.01960784313725 52.372549019607845 80.41176470588235 47.470588235294116 75.50980392156863 
92.72549019607843 120.56862745098039 59.745098039215684 87.58823529411765 50.21568627450981 78.05882352941177 
108.13725490196079 135.49019607843138 59.333333333333336 86.68627450980392 53.6078431372549 80.96078431372548 
186.47058823529412 215.0 55.549019607843135 84.07843137254902 64.29411764705883 92.82352941176471 
74.41176470588235 100.7843137254902 60.86274509803921 87.23529411764706 54.450980392156865 80.82352941176471 
148.2156862745098 177.23529411764707 55.80392156862745 84.82352941176471 48.21568627450981 77.23529411764706 
66.49019607843137 93.54901960784314 58.3921568627451 85.45098039215686 52.68627450980392 79.74509803921569 
99.68627450980392 127.52941176470588 62.705882352941174 90.54901960784314 58.07843137254902 85.92156862745098 
