1203.0594059405942 1232.118811881188 74.13861386138613 103.1980198019802 91.24752475247524 120.3069306930693 
1135.1881188118812 1164.049504950495 76.05940594059406 104.92079207920793 81.81188118811882 110.67326732673267 
782.7326732673267 809.3663366336634 75.36633663366337 102.0 93.43564356435644 120.06930693069307 
913.9306930693069 940.9108910891089 68.56435643564356 95.54455445544555 91.17821782178218 118.15841584158416 
1017.5940594059406 1046.5544554455446 76.24752475247524 105.20792079207921 101.23762376237623 130.1980198019802 
812.039603960396 837.7326732673267 76.61386138613861 102.3069306930693 76.73267326732673 102.42574257425743 
791.4257425742575 819.4455445544554 84.00990099009901 112.02970297029702 91.89108910891089 119.91089108910892 
1084.5247524752476 1114.079207920792 76.21782178217822 105.77227722772277 118.01980198019803 147.5742574257426 
690.6039603960396 717.6831683168317 76.63366336633663 103.7128712871287 90.21782178217822 117.29702970297029 
878.2673267326733 904.9009900990098 71.14851485148515 97.78217821782178 88.4059405940594 115.03960396039604 
1004.980198019802 1033.6435643564357 83.0 111.66336633663366 98.74257425742574 127.4059405940594 
1110.4455445544554 1138.4653465346535 86.33663366336634 114.35643564356435 106.33663366336634 134.35643564356437 
1201.2178217821781 1230.6732673267327 68.92079207920793 98.37623762376238 91.89108910891089 121.34653465346534 
1118.8019801980197 1146.5247524752476 88.74257425742574 116.46534653465346 101.78217821782178 129.5049504950495 
1092.5544554455446 1121.8118811881188 76.4059405940594 105.66336633663366 97.39603960396039 126.65346534653466 
924.3069306930693 951.1881188118812 79.44554455445545 106.32673267326733 91.01980198019803 117.9009900990099 
952.1485148514852 979.1782178217821 74.85148514851485 101.88118811881188 89.61386138613861 116.64356435643565 
1133.2673267326732 1160.7920792079208 87.55445544554455 115.07920792079207 93.35643564356435 120.88118811881188 
804.5841584158416 831.5148514851485 76.98019801980197 103.91089108910892 114.43564356435644 141.36633663366337 
752.960396039604 781.3762376237623 78.79207920792079 107.20792079207921 102.47524752475248 130.8910891089109 
940.3366336633663 968.4059405940594 77.9009900990099 105.97029702970298 80.96039603960396 109.02970297029702 
994.7227722772277 1022.8910891089109 83.08910891089108 111.25742574257426 91.53465346534654 119.70297029702971 
876.8118811881188 904.0891089108911 72.17821782178218 99.45544554455445 93.8019801980198 121.07920792079207 
1006.2079207920792 1034.4752475247524 81.2871287128713 109.55445544554455 86.41584158415841 114.68316831683168 
1026.8118811881188 1052.5049504950496 88.01980198019803 113.7128712871287 89.1980198019802 114.89108910891089 
995.9702970297029 1022.6039603960396 77.51485148514851 104.14851485148515 94.83168316831683 121.46534653465346 
1026.4059405940593 1053.2871287128712 69.62376237623762 96.5049504950495 105.16831683168317 132.04950495049505 
1003.8613861386139 1031.3366336633662 67.45544554455445 94.93069306930693 91.2871287128713 118.76237623762377 
865.2079207920792 894.019801980198 73.97029702970298 102.78217821782178 90.22772277227723 119.03960396039604 
1222.950495049505 1251.4158415841584 87.6930693069307 116.15841584158416 112.33663366336634 140.8019801980198 
1204.6633663366338 1232.4851485148515 85.34653465346534 113.16831683168317 100.33663366336634 128.15841584158414 
817.6831683168317 845.3564356435644 72.20792079207921 99.88118811881188 93.0990099009901 120.77227722772277 
824.5643564356436 850.5544554455446 68.15841584158416 94.14851485148515 88.33663366336634 114.32673267326733 
1000.2871287128713 1026.7722772277227 77.02970297029702 103.51485148514851 87.38613861386139 113.87128712871286 
902.6831683168317 931.8910891089109 75.39603960396039 104.60396039603961 88.53465346534654 117.74257425742574 
1227.2970297029703 1255.2673267326732 87.02970297029702 115.0 104.57425742574257 132.54455445544554 
909.7623762376238 938.6237623762377 81.36633663366337 110.22772277227723 89.25742574257426 118.11881188118812 
1159.8712871287128 1188.2376237623762 90.66336633663366 119.02970297029702 100.55445544554455 128.92079207920793 
1065.4554455445545 1093.8712871287128 83.2871287128713 111.70297029702971 105.44554455445545 133.86138613861385 
1117.3168316831684 1146.029702970297 77.44554455445545 106.15841584158416 96.8019801980198 125.51485148514851 
1088.7227722772277 1117.3861386138615 84.5940594059406 113.25742574257426 95.06930693069307 123.73267326732673 
1149.3564356435643 1175.8415841584158 76.54455445544555 103.02970297029702 101.60396039603961 128.0891089108911 
978.4554455445544 1007.0693069306931 77.4950495049505 106.10891089108911 78.77227722772277 107.38613861386139 
757.4356435643564 785.059405940594 68.5049504950495 96.12871287128714 80.82178217821782 108.44554455445545 
783.980198019802 810.5643564356436 71.26732673267327 97.85148514851485 75.1980198019802 101.78217821782178 
1248.2970297029703 1278.8415841584158 82.75247524752476 113.29702970297029 110.65346534653466 141.1980198019802 
944.8811881188119 973.0990099009902 76.10891089108911 104.32673267326733 117.25742574257426 145.47524752475246 
785.4653465346535 813.8316831683169 72.52475247524752 100.89108910891089 81.14851485148515 109.51485148514851 
814.049504950495 842.9108910891089 85.47524752475248 114.33663366336634 94.0990099009901 122.96039603960396 
1022.7029702970297 1051.6138613861385 79.11881188118812 108.02970297029702 120.02970297029702 148.94059405940595 
