4395.074074074074 4424.935185185185 261.93981481481484 291.8009259259259 289.00925925925924 318.8703703703704 
4011.9583333333335 4039.1574074074074 243.78240740740742 270.98148148148147 242.5601851851852 269.75925925925924 
4269.648148148148 4299.0 244.34259259259258 273.69444444444446 329.18518518518516 358.537037037037 
4135.449074074074 4164.268518518518 274.2037037037037 303.02314814814815 283.5509259259259 312.3703703703704 
4264.935185185185 4293.337962962963 244.52777777777777 272.93055555555554 269.14814814814815 297.5509259259259 
4100.018518518518 4127.773148148148 331.68981481481484 359.44444444444446 304.1388888888889 331.89351851851853 
3978.115740740741 4006.2638888888887 253.53703703703704 281.68518518518516 296.68055555555554 324.8287037037037 
4215.856481481482 4243.726851851852 262.35648148148147 290.22685185185185 314.0509259259259 341.9212962962963 
4091.3194444444443 4119.444444444444 211.9398148148148 240.0648148148148 291.68981481481484 319.81481481481484 
4159.574074074074 4186.75 249.80092592592592 276.97685185185185 314.6666666666667 341.8425925925926 
3994.3425925925926 4022.1666666666665 281.1111111111111 308.93518518518516 326.98148148148147 354.80555555555554 
4119.472222222223 4148.060185185185 242.6851851851852 271.27314814814815 267.25 295.837962962963 
4027.625 4055.125 340.72685185185185 368.22685185185185 394.662037037037 422.162037037037 
4098.217592592592 4126.412037037037 265.1388888888889 293.3333333333333 310.9953703703704 339.18981481481484 
4268.138888888889 4295.824074074074 257.9953703703704 285.68055555555554 316.98148148148147 344.6666666666667 
4061.7268518518517 4090.0833333333335 351.81481481481484 380.1712962962963 406.2638888888889 434.6203703703704 
3956.1111111111113 3983.078703703704 312.3611111111111 339.3287037037037 279.72222222222223 306.68981481481484 
4087.449074074074 4115.412037037037 243.91203703703704 271.875 283.837962962963 311.8009259259259 
3881.9861111111113 3909.972222222222 273.462962962963 301.4490740740741 251.84722222222223 279.8333333333333 
4320.3287037037035 4348.615740740741 331.287037037037 359.5740740740741 373.7083333333333 401.9953703703704 
4335.842592592592 4363.643518518518 246.65277777777777 274.4537037037037 296.1666666666667 323.9675925925926 
4113.444444444444 4140.180555555556 278.18981481481484 304.9259259259259 305.2037037037037 331.93981481481484 
4153.4212962962965 4182.472222222223 291.72222222222223 320.77314814814815 292.31018518518516 321.3611111111111 
4136.060185185185 4164.486111111111 293.3240740740741 321.75 289.90277777777777 318.3287037037037 
4198.486111111111 4226.194444444444 247.0 274.7083333333333 297.0046296296296 324.712962962963 
4142.222222222223 4169.884259259259 259.9259259259259 287.587962962963 330.64814814814815 358.31018518518516 
3813.1805555555557 3840.9583333333335 232.87037037037038 260.64814814814815 245.72685185185185 273.5046296296296 
3911.1388888888887 3938.314814814815 306.4166666666667 333.5925925925926 319.287037037037 346.462962962963 
3999.189814814815 4027.453703703704 291.1666666666667 319.43055555555554 306.8287037037037 335.0925925925926 
3696.550925925926 3723.2175925925926 185.69444444444446 212.36111111111111 236.45833333333334 263.125 
4254.388888888889 4282.583333333333 324.2037037037037 352.39814814814815 367.72222222222223 395.9166666666667 
3799.550925925926 3828.0231481481483 227.52777777777777 256.0 234.04166666666666 262.5138888888889 
4355.865740740741 4384.430555555556 251.18055555555554 279.7453703703704 256.2361111111111 284.8009259259259 
4174.407407407408 4202.092592592592 261.18518518518516 288.8703703703704 326.6759259259259 354.3611111111111 
4268.416666666667 4296.865740740741 239.52314814814815 267.97222222222223 355.8240740740741 384.27314814814815 
4053.185185185185 4081.402777777778 244.0462962962963 272.2638888888889 348.787037037037 377.0046296296296 
3937.925925925926 3966.1435185185187 251.03240740740742 279.25 314.1296296296296 342.34722222222223 
4037.4675925925926 4065.199074074074 289.9166666666667 317.64814814814815 284.5509259259259 312.2824074074074 
4153.273148148148 4181.259259259259 258.55555555555554 286.5416666666667 297.43981481481484 325.4259259259259 
4092.6944444444443 4120.958333333333 245.3287037037037 273.5925925925926 234.08333333333334 262.34722222222223 
4392.023148148148 4421.606481481482 328.81481481481484 358.39814814814815 366.4675925925926 396.0509259259259 
4148.032407407408 4176.527777777777 229.1064814814815 257.60185185185185 224.97685185185185 253.47222222222223 
3914.384259259259 3942.3935185185187 245.20833333333334 273.2175925925926 296.7453703703704 324.7546296296296 
4353.347222222223 4382.837962962963 287.75 317.24074074074076 286.77314814814815 316.2638888888889 
4241.291666666667 4270.412037037037 229.84722222222223 258.9675925925926 283.0046296296296 312.125 
3895.9768518518517 3923.8703703703704 224.26388888888889 252.15740740740742 206.16203703703704 234.05555555555554 
4219.462962962963 4248.027777777777 262.8796296296296 291.44444444444446 217.9814814814815 246.5462962962963 
4035.3981481481483 4062.3888888888887 233.61574074074073 260.60648148148147 299.3796296296296 326.3703703703704 
3906.4166666666665 3934.7268518518517 217.64814814814815 245.95833333333334 239.75 268.06018518518516 
4298.773148148148 4327.060185185185 271.22685185185185 299.5138888888889 287.15277777777777 315.43981481481484 
