5538.076628352491 5566.256704980843 427.57471264367814 455.7547892720307 431.3524904214559 459.53256704980845 
5555.574712643678 5582.854406130268 500.191570881226 527.471264367816 452.03065134099614 479.3103448275862 
5764.91570881226 5793.842911877395 588.2681992337165 617.1954022988506 556.6590038314176 585.5862068965517 
5571.563218390805 5600.413793103448 582.2528735632184 611.1034482758621 559.8199233716475 588.6704980842912 
5511.099616858238 5539.452107279693 472.7586206896552 501.1111111111111 374.9501915708812 403.30268199233717 
5319.47509578544 5346.180076628352 457.30651340996167 484.01149425287355 482.44444444444446 509.14942528735634 
5407.505747126437 5435.6475095785445 472.39080459770116 500.53256704980845 528.0613026819923 556.2030651340996 
5320.325670498084 5347.835249042146 508.544061302682 536.0536398467433 585.6704980842912 613.1800766283525 
5418.486590038314 5446.513409961686 449.57088122605364 477.5977011494253 471.34099616858236 499.367816091954 
5314.080459770115 5342.777777777777 440.2950191570881 468.99233716475095 540.4597701149426 569.1570881226054 
5309.716475095785 5337.704980842912 486.4904214559387 514.4789272030652 455.86590038314176 483.8544061302682 
5554.218390804598 5582.877394636015 554.4559386973181 583.1149425287356 496.2681992337165 524.9272030651341 
5445.3218390804595 5473.540229885058 459.95402298850576 488.17241379310343 378.9808429118774 407.1992337164751 
5367.6475095785445 5395.348659003831 522.2375478927203 549.9386973180077 413.60536398467434 441.30651340996167 
5240.432950191571 5268.977011494253 484.7318007662835 513.2758620689655 507.11877394636014 535.6628352490421 
5722.241379310345 5750.613026819923 528.4789272030652 556.8505747126437 486.2452107279693 514.616858237548 
5332.712643678161 5361.716475095785 422.2145593869732 451.2183908045977 420.8544061302682 449.8582375478927 
5191.954022988506 5220.88122605364 498.44444444444446 527.3716475095786 553.2375478927203 582.1647509578544 
5338.436781609195 5366.885057471264 477.7816091954023 506.2298850574713 501.90421455938696 530.352490421456 
5567.360153256705 5597.455938697318 565.0383141762452 595.1340996168583 481.3639846743295 511.4597701149425 
5308.766283524904 5336.467432950191 385.18390804597703 412.88505747126436 417.67432950191574 445.37547892720306 
5619.348659003831 5648.180076628352 516.7088122605364 545.5402298850574 551.551724137931 580.383141762452 
5473.808429118774 5501.624521072797 425.23754789272033 453.0536398467433 526.0498084291188 553.8659003831417 
5563.022988505747 5591.586206896552 459.02681992337165 487.59003831417624 437.1417624521073 465.7049808429119 
5416.134099616858 5444.314176245211 508.04597701149424 536.2260536398468 488.4521072796935 516.6321839080459 
5530.275862068966 5559.3371647509575 440.64367816091954 469.7049808429119 478.4942528735632 507.55555555555554 
5419.149425287356 5447.19540229885 437.4712643678161 465.51724137931035 413.72796934865903 441.7739463601533 
5438.877394636015 5467.287356321839 636.904214559387 665.3141762452108 550.352490421456 578.7624521072797 
5436.659003831418 5465.145593869732 540.9272030651341 569.4137931034483 569.6283524904214 598.1149425287356 
5394.624521072797 5422.708812260536 599.3946360153257 627.4789272030652 609.2796934865901 637.3639846743295 
5359.547892720307 5387.153256704981 605.2145593869732 632.8199233716475 608.8007662835249 636.4061302681993 
5481.513409961686 5510.268199233717 427.42911877394636 456.18390804597703 507.96934865900386 536.7241379310345 
5368.781609195402 5397.153256704981 401.8582375478927 430.2298850574713 364.2413793103448 392.6130268199234 
5428.747126436781 5457.19540229885 553.8965517241379 582.3448275862069 544.551724137931 573.0 
5369.762452107279 5397.712643678161 394.6360153256705 422.58620689655174 463.91954022988506 491.86973180076626 
5243.199233716475 5271.590038314176 451.44444444444446 479.8352490421456 442.4521072796935 470.8429118773946 
5616.712643678161 5645.697318007663 432.17241379310343 461.1570881226054 470.63984674329504 499.62452107279694 
5289.620689655172 5318.088122605364 477.81609195402297 506.2835249042146 582.0153256704981 610.4827586206897 
5433.015325670498 5461.521072796935 540.1149425287356 568.6206896551724 518.8199233716475 547.3256704980843 
5353.639846743295 5382.183908045977 494.3831417624521 522.9272030651341 393.2758620689655 421.8199233716475 
5308.233716475096 5336.911877394636 479.28735632183907 507.9655172413793 448.7892720306513 477.46743295019155 
5360.842911877395 5390.0 493.95402298850576 523.1111111111111 467.5287356321839 496.6858237547893 
5316.210727969348 5344.390804597701 484.60536398467434 512.7854406130268 478.33716475095787 506.51724137931035 
5566.800766283525 5595.517241379311 473.13409961685824 501.85057471264366 538.3141762452108 567.0306513409962 
5270.942528735633 5298.796934865901 406.0 433.8544061302682 510.11877394636014 537.9731800766283 
5433.471264367816 5462.015325670498 457.58620689655174 486.13026819923374 515.3295019157088 543.8735632183908 
5162.777777777777 5190.593869731801 470.9961685823755 498.81226053639847 416.32183908045977 444.13793103448273 
5462.134099616858 5490.697318007663 464.0344827586207 492.5977011494253 496.2145593869732 524.7777777777778 
5465.452107279693 5494.9731800766285 466.3869731800766 495.9080459770115 419.53256704980845 449.0536398467433 
5486.812260536399 5515.9501915708815 377.04214559386975 406.1800766283525 444.57088122605364 473.7088122605364 
