8757.89218328841 8786.46361185984 1360.142857142857 1388.7142857142858 1110.5471698113208 1139.1185983827493 
8157.118598382749 8184.719676549866 1408.3315363881402 1435.9326145552561 1117.5902964959569 1145.1913746630728 
8651.530997304582 8680.115902964959 1255.4150943396226 1284.0 1096.611859838275 1125.1967654986522 
8008.280323450134 8036.582210242587 1183.4959568733154 1211.7978436657681 1110.8814016172507 1139.1832884097034 
8175.301886792453 8203.091644204851 1154.2964959568733 1182.0862533692723 995.6118598382749 1023.4016172506739 
8316.954177897574 8344.89218328841 1144.6469002695417 1172.5849056603774 1073.733153638814 1101.6711590296495 
8330.595687331537 8358.964959568733 1236.9137466307277 1265.2830188679245 1243.2506738544475 1271.6199460916441 
8577.164420485175 8606.180592991914 951.0619946091645 980.0781671159029 986.6388140161725 1015.654986522911 
8538.299191374663 8566.722371967655 1310.5795148247978 1339.0026954177897 1072.0862533692723 1100.5094339622642 
8434.978436657682 8463.954177897574 1177.2938005390836 1206.2695417789757 1025.5849056603774 1054.5606469002696 
8621.66307277628 8650.504043126684 1233.5876010781672 1262.4285714285713 1289.8975741239892 1318.7385444743936 
8387.66037735849 8415.46361185984 1232.7196765498652 1260.522911051213 1153.7385444743936 1181.5417789757412 
8350.814016172506 8378.698113207547 1181.832884097035 1209.7169811320755 988.1051212938005 1015.9892183288409 
8214.118598382749 8242.582210242588 1068.7412398921833 1097.2048517520216 989.1725067385445 1017.6361185983827 
8066.8760107816715 8095.083557951482 1115.4258760107816 1143.633423180593 1060.6630727762804 1088.8706199460917 
8746.245283018869 8774.789757412398 1238.1725067385444 1266.7169811320755 1267.0943396226414 1295.6388140161725 
8390.177897574124 8418.452830188678 1317.8867924528302 1346.1617250673855 1139.22102425876 1167.4959568733154 
8049.7035040431265 8077.695417789758 1220.477088948787 1248.4690026954179 1116.9137466307277 1144.9056603773586 
8354.12129380054 8382.854447439353 1137.277628032345 1166.010781671159 1114.700808625337 1143.433962264151 
7853.733153638814 7880.956873315364 1115.946091644205 1143.1698113207547 1029.245283018868 1056.4690026954179 
8147.301886792453 8175.347708894878 1303.2641509433963 1331.309973045822 1193.1374663072777 1221.1832884097034 
8424.687331536388 8453.703504043127 1178.4743935309973 1207.4905660377358 1171.466307277628 1200.4824797843667 
8262.849056603774 8290.66576819407 1148.7250673854448 1176.5417789757412 1084.6145552560647 1112.4312668463613 
8355.180592991914 8383.590296495957 1205.533692722372 1233.9433962264152 1198.266846361186 1226.6765498652292 
8255.741239892182 8283.409703504043 1212.2237196765498 1239.8921832884098 1112.8975741239892 1140.566037735849 
8653.191374663073 8681.695417789757 1232.7250673854448 1261.2291105121294 1133.3396226415093 1161.8436657681941 
8589.266846361186 8617.55525606469 1188.1159029649596 1216.4043126684637 1028.6064690026953 1056.8948787061995 
8258.964959568733 8286.606469002696 1135.2533692722373 1162.8948787061995 1072.5094339622642 1100.1509433962265 
8414.514824797843 8443.072776280324 1201.8409703504044 1230.398921832884 1190.4043126684637 1218.9622641509434 
8231.78706199461 8260.533692722373 1332.8463611859838 1361.5929919137466 1303.9029649595686 1332.6495956873316 
8177.8355795148245 8205.544474393531 1104.9353099730458 1132.644204851752 1085.423180592992 1113.132075471698 
8547.76819407008 8576.649595687331 1144.787061994609 1173.6684636118598 1141.5283018867924 1170.4097035040431 
8303.199460916441 8331.00269541779 1237.1078167115902 1264.911051212938 1158.6037735849056 1186.4070080862534 
7862.266846361186 7889.396226415094 1090.2830188679245 1117.4123989218328 1069.5309973045821 1096.6603773584907 
8352.115902964959 8380.566037735849 1204.5283018867924 1232.9784366576819 1067.9784366576819 1096.4285714285713 
8593.706199460916 8622.641509433963 1164.4204851752022 1193.355795148248 1181.698113207547 1210.633423180593 
8314.44204851752 8342.150943396226 1332.9757412398922 1360.6846361185983 1152.6765498652292 1180.3854447439353 
7918.816711590296 7945.89218328841 1112.477088948787 1139.5525606469002 1034.5175202156333 1061.5929919137466 
8321.064690026955 8350.053908355796 1197.3719676549865 1226.3611859838275 1157.2237196765498 1186.212938005391 
8124.964959568733 8153.037735849057 1164.964959568733 1193.0377358490566 1080.4501347708895 1108.522911051213 
8426.150943396226 8454.66846361186 1213.7735849056603 1242.2911051212939 1116.9730458221024 1145.4905660377358 
8761.752021563343 8791.401617250674 1235.7466307277627 1265.3962264150944 1218.423180592992 1248.0727762803235 
8534.167115902965 8562.307277628031 1110.6954177897574 1138.8355795148248 1074.3692722371968 1102.5094339622642 
8163.161725067385 8191.261455525607 1219.55795148248 1247.6576819407007 1205.0080862533694 1233.1078167115902 
8398.026954177898 8426.032345013477 1172.7735849056603 1200.77897574124 1111.7061994609164 1139.711590296496 
8370.98382749326 8399.851752021563 1238.44204851752 1267.309973045822 1283.55795148248 1312.4258760107816 
8604.061994609165 8633.185983827494 1200.3611859838275 1229.4851752021564 1047.121293800539 1076.245283018868 
7961.199460916442 7988.935309973046 1103.5822102425875 1131.3180592991914 1134.690026954178 1162.4258760107816 
8359.687331536388 8388.851752021563 1264.2506738544475 1293.4150943396226 1140.9407008086253 1170.1051212938005 
8417.703504043127 8446.099730458222 1213.6765498652292 1242.0727762803235 1204.0512129380054 1232.4474393530998 
