291.7887323943662 319.46478873239437 68.61971830985915 96.29577464788733 74.80281690140845 102.47887323943662 
378.88732394366195 406.98591549295776 70.47887323943662 98.5774647887324 97.56338028169014 125.66197183098592 
347.3098591549296 377.0281690140845 62.225352112676056 91.94366197183099 74.36619718309859 104.08450704225352 
417.5492957746479 446.7042253521127 65.64788732394366 94.80281690140845 60.38028169014085 89.53521126760563 
424.7887323943662 451.3380281690141 55.563380281690144 82.11267605633803 60.38028169014085 86.92957746478874 
256.3380281690141 285.3521126760563 64.33802816901408 93.35211267605634 68.12676056338029 97.14084507042253 
381.09859154929575 411.7323943661972 67.47887323943662 98.11267605633803 85.70422535211267 116.33802816901408 
253.7605633802817 281.0845070422535 59.36619718309859 86.69014084507042 74.78873239436619 102.11267605633803 
444.46478873239437 473.2676056338028 63.12676056338028 91.92957746478874 72.70422535211267 101.50704225352112 
404.92957746478874 431.6901408450704 61.33802816901409 88.09859154929578 68.88732394366197 95.64788732394366 
476.5492957746479 506.83098591549293 62.7887323943662 93.07042253521126 64.52112676056338 94.80281690140845 
328.5633802816901 357.22535211267603 71.90140845070422 100.56338028169014 68.30985915492958 96.97183098591549 
322.28169014084506 350.59154929577466 60.36619718309859 88.67605633802818 56.71830985915493 85.02816901408451 
390.3943661971831 421.09859154929575 66.33802816901408 97.04225352112677 80.70422535211267 111.40845070422536 
363.15492957746477 391.88732394366195 62.901408450704224 91.63380281690141 57.46478873239437 86.19718309859155 
407.5492957746479 436.2112676056338 66.3943661971831 95.05633802816901 61.774647887323944 90.43661971830986 
230.81690140845072 258.84507042253523 57.04225352112676 85.07042253521126 59.478873239436616 87.50704225352112 
284.01408450704224 313.4507042253521 64.94366197183099 94.38028169014085 85.1830985915493 114.61971830985915 
482.07042253521126 511.01408450704224 64.80281690140845 93.74647887323944 72.73239436619718 101.67605633802818 
195.67605633802816 223.8450704225352 68.49295774647888 96.66197183098592 82.88732394366197 111.05633802816901 
223.92957746478874 250.83098591549296 70.0 96.90140845070422 70.83098591549296 97.73239436619718 
227.77464788732394 252.70422535211267 59.605633802816904 84.53521126760563 60.394366197183096 85.32394366197182 
338.76056338028167 369.11267605633805 64.43661971830986 94.78873239436619 71.50704225352112 101.85915492957747 
275.3098591549296 302.84507042253523 62.647887323943664 90.1830985915493 70.80281690140845 98.33802816901408 
283.16901408450707 309.2957746478873 60.83098591549296 86.95774647887323 63.183098591549296 89.30985915492958 
249.49295774647888 278.71830985915494 74.77464788732394 104.0 66.4225352112676 95.64788732394366 
207.22535211267606 235.11267605633802 59.71830985915493 87.6056338028169 75.6056338028169 103.49295774647888 
305.6901408450704 336.1830985915493 72.25352112676056 102.74647887323944 64.52112676056338 95.01408450704226 
390.80281690140845 421.5774647887324 70.05633802816901 100.83098591549296 76.16901408450704 106.94366197183099 
261.38028169014086 288.98591549295776 75.70422535211267 103.30985915492958 70.90140845070422 98.50704225352112 
250.77464788732394 278.0281690140845 61.11267605633803 88.36619718309859 76.88732394366197 104.14084507042253 
288.3098591549296 316.3380281690141 59.46478873239437 87.49295774647888 59.25352112676056 87.28169014084507 
281.0281690140845 310.1830985915493 67.92957746478874 97.08450704225352 56.12676056338028 85.28169014084507 
327.3943661971831 353.59154929577466 67.11267605633803 93.30985915492958 67.0 93.19718309859155 
375.6056338028169 401.16901408450707 67.80281690140845 93.36619718309859 60.76056338028169 86.32394366197182 
235.3661971830986 261.5633802816901 61.19718309859155 87.3943661971831 71.71830985915493 97.91549295774648 
406.15492957746477 436.0845070422535 69.07042253521126 99.0 77.53521126760563 107.46478873239437 
290.8169014084507 319.3380281690141 64.50704225352112 93.02816901408451 71.84507042253522 100.36619718309859 
381.2676056338028 409.0845070422535 68.70422535211267 96.52112676056338 67.04225352112677 94.85915492957747 
295.056338028169 321.8169014084507 67.01408450704226 93.77464788732394 84.98591549295774 111.74647887323944 
300.4507042253521 330.6619718309859 59.45070422535211 89.66197183098592 65.74647887323944 95.95774647887323 
287.2676056338028 316.3521126760563 57.183098591549296 86.26760563380282 60.225352112676056 89.30985915492958 
298.6056338028169 326.14084507042253 63.985915492957744 91.52112676056338 60.563380281690144 88.09859154929578 
385.3521126760563 410.63380281690144 60.16901408450704 85.45070422535211 63.0 88.28169014084507 
380.7887323943662 410.71830985915494 65.6056338028169 95.53521126760563 68.70422535211267 98.63380281690141 
374.056338028169 402.6478873239437 66.22535211267606 94.8169014084507 53.76056338028169 82.35211267605634 
479.3380281690141 508.14084507042253 67.98591549295774 96.78873239436619 66.12676056338029 94.92957746478874 
430.8169014084507 460.2535211267606 55.183098591549296 84.61971830985915 66.45070422535211 95.88732394366197 
230.92957746478874 258.2535211267606 67.91549295774648 95.2394366197183 63.28169014084507 90.6056338028169 
286.6619718309859 314.90140845070425 69.36619718309859 97.6056338028169 75.35211267605634 103.59154929577464 
