9151.757575757576 9179.118686868687 1439.4065656565656 1466.7676767676767 1347.489898989899 1374.8510101010102 
9273.358585858587 9302.424242424242 1317.1540404040404 1346.219696969697 1326.4141414141413 1355.479797979798 
8736.14898989899 8763.320707070707 1451.1666666666667 1478.3383838383838 1277.5378787878788 1304.709595959596 
9285.030303030304 9313.830808080807 1419.2171717171718 1448.0176767676767 1170.3080808080808 1199.108585858586 
8994.86616161616 9022.782828282829 1343.7575757575758 1371.6742424242425 1302.9469696969697 1330.8636363636363 
9141.671717171717 9169.5 1440.2777777777778 1468.1060606060605 1336.3181818181818 1364.1464646464647 
8996.93686868687 9025.358585858587 1304.2222222222222 1332.6439393939395 1362.2146464646464 1390.6363636363637 
8855.454545454546 8883.10606060606 1290.2777777777778 1317.9292929292928 1398.939393939394 1426.590909090909 
9327.540404040405 9356.265151515152 1614.8838383838383 1643.608585858586 1417.0858585858587 1445.810606060606 
9171.181818181818 9199.85606060606 1354.1969696969697 1382.871212121212 1280.5252525252524 1309.199494949495 
9147.611111111111 9176.411616161617 1374.6439393939395 1403.4444444444443 1403.040404040404 1431.840909090909 
8903.444444444445 8931.853535353535 1345.8434343434344 1374.2525252525252 1268.8737373737374 1297.2828282828282 
9334.166666666666 9362.285353535353 1323.121212121212 1351.239898989899 1359.5707070707072 1387.689393939394 
8992.727272727272 9021.805555555555 1471.4040404040404 1500.4823232323233 1168.3080808080808 1197.3863636363637 
9232.85606060606 9261.669191919193 1468.2828282828282 1497.0959595959596 1339.421717171717 1368.2348484848485 
9065.626262626263 9093.808080808081 1379.371212121212 1407.5530303030303 1186.7878787878788 1214.969696969697 
8950.89393939394 8979.669191919193 1348.7878787878788 1377.5631313131314 1253.8989898989898 1282.6742424242425 
9016.09595959596 9044.580808080807 1519.469696969697 1547.9545454545455 1410.439393939394 1438.9242424242425 
9235.237373737375 9263.987373737375 1553.4570707070707 1582.2070707070707 1384.5050505050506 1413.2550505050506 
9125.60606060606 9153.661616161617 1473.2323232323233 1501.2878787878788 1298.6363636363637 1326.6919191919192 
8728.032828282829 8756.441919191919 1130.6666666666667 1159.0757575757575 1205.659090909091 1234.0681818181818 
8935.992424242424 8964.439393939394 1433.8131313131314 1462.260101010101 1237.5833333333333 1266.030303030303 
9205.426767676769 9234.391414141413 1344.7070707070707 1373.671717171717 1304.6944444444443 1333.659090909091 
9027.353535353535 9055.914141414141 1324.361111111111 1352.921717171717 1344.6515151515152 1373.2121212121212 
8883.361111111111 8911.858585858587 1201.050505050505 1229.54797979798 1334.75 1363.2474747474748 
8913.270202020201 8941.527777777777 1423.6818181818182 1451.939393939394 1243.6742424242425 1271.9318181818182 
9314.737373737375 9343.638888888889 1460.7424242424242 1489.6439393939395 1358.2222222222222 1387.1237373737374 
9049.737373737375 9078.007575757576 1356.2474747474748 1384.5176767676767 1324.7878787878788 1353.0580808080808 
8943.287878787878 8971.558080808081 1327.4671717171718 1355.7373737373737 1184.3989898989898 1212.669191919192 
8982.386363636364 9010.88383838384 1370.1818181818182 1398.6792929292928 1348.169191919192 1376.6666666666667 
9066.782828282829 9095.103535353535 1337.3232323232323 1365.6439393939395 1334.0555555555557 1362.3762626262626 
9200.752525252525 9229.262626262625 1351.4343434343434 1379.9444444444443 1456.2323232323233 1484.7424242424242 
9064.578282828283 9092.494949494949 1345.6818181818182 1373.5984848484848 1338.4924242424242 1366.409090909091 
8767.343434343435 8794.65404040404 1353.8358585858587 1381.1464646464647 1278.479797979798 1305.790404040404 
9023.285353535353 9051.353535353535 1328.3813131313132 1356.449494949495 1276.921717171717 1304.989898989899 
8971.242424242424 8998.805555555555 1410.0176767676767 1437.580808080808 1373.7424242424242 1401.3055555555557 
9178.603535353535 9207.593434343435 1435.4141414141413 1464.4040404040404 1246.2045454545455 1275.1944444444443 
9094.744949494949 9122.863636363636 1508.1262626262626 1536.2449494949494 1444.391414141414 1472.510101010101 
9622.5101010101 9652.282828282829 1364.5328282828282 1394.3055555555557 1384.7323232323233 1414.5050505050506 
9155.790404040405 9184.401515151516 1364.4116161616162 1393.0227272727273 1252.5833333333333 1281.1944444444443 
9035.176767676769 9063.093434343435 1306.800505050505 1334.7171717171718 1398.7878787878788 1426.7045454545455 
9437.795454545454 9465.977272727272 1442.6363636363637 1470.8181818181818 1386.9368686868686 1415.1186868686868 
9134.015151515152 9162.765151515152 1364.5277777777778 1393.2777777777778 1459.3181818181818 1488.0681818181818 
8904.81313131313 8932.843434343435 1296.0707070707072 1324.1010101010102 1294.2323232323233 1322.2626262626263 
8833.742424242424 8861.444444444445 1393.1843434343434 1420.8863636363637 1263.0858585858587 1290.7878787878788 
9164.333333333334 9192.363636363636 1442.2373737373737 1470.2676767676767 1163.121212121212 1191.1515151515152 
9211.388888888889 9239.974747474747 1539.409090909091 1567.9949494949494 1489.3939393939395 1517.979797979798 
9045.621212121212 9074.131313131313 1406.7222222222222 1435.2323232323233 1311.4040404040404 1339.9141414141413 
9173.10101010101 9202.684343434343 1285.4848484848485 1315.0681818181818 1343.7828282828282 1373.3661616161617 
9171.89898989899 9200.093434343435 1365.9242424242425 1394.1186868686868 1320.6363636363637 1348.830808080808 
