6035.590747330961 6064.096085409253 712.0498220640569 740.5551601423488 669.5943060498221 698.0996441281138 
5647.227758007118 5674.932384341637 550.9715302491103 578.6761565836299 485.1814946619217 512.8861209964413 
5815.868327402135 5844.533807829182 592.6334519572954 621.2989323843416 572.932384341637 601.5978647686833 
5756.373665480427 5784.024911032028 463.48398576512454 491.135231316726 408.06405693950177 435.7153024911032 
5957.73665480427 5986.526690391459 602.1281138790035 630.9181494661922 585.4768683274021 614.2669039145908 
5732.722419928826 5760.26690391459 628.540925266904 656.085409252669 608.1494661921708 635.6939501779359 
6347.669039145908 6377.384341637011 628.3309608540925 658.0462633451957 594.0925266903914 623.8078291814946 
6071.957295373665 6100.409252669039 585.3665480427046 613.8185053380782 608.8790035587189 637.3309608540925 
5877.138790035588 5905.288256227758 669.1209964412811 697.270462633452 630.5017793594307 658.6512455516014 
6083.348754448399 6111.925266903914 546.7437722419929 575.3202846975089 627.6014234875445 656.1779359430604 
5214.597864768683 5241.875444839858 580.9750889679715 608.2526690391459 555.3274021352313 582.6049822064057 
5905.768683274021 5933.669039145908 582.3345195729537 610.2348754448399 582.8327402135232 610.7330960854092 
5923.8185053380785 5951.754448398577 592.3843416370107 620.3202846975089 579.6014234875445 607.5373665480427 
5578.957295373665 5607.035587188612 564.5160142348755 592.5943060498221 515.6298932384342 543.7081850533808 
5981.704626334519 6010.672597864768 637.1316725978647 666.0996441281138 672.3985765124555 701.3665480427046 
5979.128113879004 6008.362989323843 598.1672597864768 627.4021352313167 522.8113879003558 552.0462633451957 
5608.110320284697 5635.583629893238 531.2633451957296 558.7366548042704 538.4839857651245 565.9572953736655 
6245.953736654804 6275.153024911032 664.4341637010676 693.6334519572954 584.8327402135232 614.0320284697509 
6282.4555160142345 6310.996441281139 646.4341637010676 674.9750889679715 546.8505338078292 575.3914590747331 
6019.836298932384 6048.608540925267 630.9608540925267 659.7330960854092 568.1814946619218 596.9537366548043 
5901.103202846975 5929.82206405694 547.0818505338078 575.8007117437722 525.8896797153025 554.6085409252669 
5617.854092526691 5645.55871886121 673.8078291814946 701.5124555160143 535.1672597864768 562.8718861209965 
6223.405693950178 6252.160142348755 461.29893238434164 490.05338078291817 533.814946619217 562.5693950177936 
5800.729537366548 5828.451957295374 499.2597864768683 526.982206405694 522.9181494661922 550.6405693950178 
5820.669039145908 5848.533807829182 625.8398576512456 653.7046263345196 612.8220640569396 640.6868327402135 
6043.110320284697 6072.113879003558 549.4875444839857 578.491103202847 564.8007117437722 593.8042704626334 
5770.587188612099 5798.540925266904 609.7508896797153 637.7046263345196 545.8362989323844 573.7900355871886 
6187.992882562277 6217.35231316726 668.8790035587189 698.2384341637011 731.6761565836299 761.0355871886121 
5691.074733096086 5720.078291814946 437.19572953736656 466.19928825622776 529.4555160142348 558.459074733096 
5737.61921708185 5764.932384341637 640.8683274021353 668.1814946619218 481.37366548042706 508.6868327402135 
5936.740213523131 5964.587188612099 560.2455516014235 588.0925266903914 606.7580071174377 634.6049822064057 
5827.604982206406 5855.096085409253 588.7615658362989 616.2526690391459 605.3451957295374 632.8362989323844 
6139.064056939502 6168.298932384341 531.0533807829181 560.288256227758 635.8790035587189 665.1138790035587 
5868.772241992882 5896.797153024911 621.1387900355871 649.1637010676156 643.8790035587189 671.9039145907474 
5875.5658362989325 5903.982206405694 755.1245551601423 783.540925266904 691.0284697508897 719.4448398576512 
5966.252669039146 5994.615658362989 592.2277580071175 620.5907473309609 595.4875444839857 623.8505338078292 
6158.854092526691 6188.071174377224 692.3131672597865 721.5302491103203 781.2206405693951 810.4377224199288 
5770.113879003558 5798.5658362989325 561.4163701067615 589.8683274021353 597.8540925266904 626.3060498220641 
6026.864768683274 6055.281138790036 574.1814946619218 602.5978647686833 617.8790035587189 646.2953736654804 
5969.459074733096 5998.747330960854 655.8078291814946 685.0960854092526 513.6049822064057 542.8932384341637 
6006.448398576513 6034.651245551601 555.1316725978647 583.3345195729537 541.626334519573 569.829181494662 
5748.341637010676 5776.562277580071 655.2811387900356 683.5017793594307 646.8647686832741 675.085409252669 
6310.612099644128 6340.46975088968 629.8362989323844 659.6939501779359 600.1672597864768 630.0249110320285 
5919.540925266904 5947.1921708185055 676.7046263345196 704.355871886121 684.0427046263345 711.6939501779359 
5828.224199288256 5856.782918149466 538.6298932384342 567.1886120996442 603.8398576512456 632.3985765124555 
5523.800711743772 5550.88256227758 652.0996441281138 679.1814946619218 628.5516014234876 655.6334519572954 
5836.861209964412 5865.615658362989 621.6761565836299 650.4306049822064 542.3594306049822 571.1138790035587 
5945.391459074733 5973.772241992882 550.5622775800712 578.9430604982207 513.3096085409253 541.6903914590747 
5975.1814946619215 6004.078291814946 516.0071174377224 544.9039145907474 470.288256227758 499.1850533807829 
5927.91103202847 5956.202846975089 647.2597864768683 675.5516014234876 625.473309608541 653.7651245551601 
