1763.2301587301588 1790.611111111111 90.8015873015873 118.18253968253968 108.22222222222223 135.6031746031746 
1893.3809523809523 1922.7857142857142 92.98412698412699 122.38888888888889 142.015873015873 171.4206349206349 
1966.9920634920634 1996.3174603174602 110.89682539682539 140.22222222222223 125.43650793650794 154.76190476190476 
1667.484126984127 1695.7777777777778 84.48412698412699 112.77777777777777 108.43650793650794 136.73015873015873 
1819.3412698412699 1847.3174603174602 95.91269841269842 123.88888888888889 134.5 162.47619047619048 
1624.8809523809523 1652.5 88.7936507936508 116.41269841269842 126.52380952380952 154.14285714285714 
1797.9285714285713 1826.6190476190477 93.23015873015873 121.92063492063492 116.34126984126983 145.03174603174602 
1599.7698412698412 1626.2777777777778 87.05555555555556 113.56349206349206 113.34126984126983 139.84920634920636 
1662.484126984127 1690.3412698412699 97.30952380952381 125.16666666666667 102.64285714285714 130.5 
1777.7619047619048 1807.484126984127 88.56349206349206 118.28571428571429 121.52380952380952 151.24603174603175 
1649.1349206349207 1677.1507936507937 90.67460317460318 118.69047619047619 106.26984126984127 134.28571428571428 
1669.0873015873017 1695.515873015873 83.0952380952381 109.52380952380952 123.19047619047619 149.61904761904762 
1493.2142857142858 1520.436507936508 96.45238095238095 123.67460317460318 109.56349206349206 136.78571428571428 
1933.484126984127 1963.2063492063492 91.5079365079365 121.23015873015873 110.78571428571429 140.5079365079365 
1587.0873015873017 1614.388888888889 95.26984126984127 122.57142857142857 101.42857142857143 128.73015873015873 
1715.7063492063492 1745.7460317460318 85.5 115.53968253968254 124.22222222222223 154.26190476190476 
1783.7619047619048 1809.952380952381 80.65079365079364 106.84126984126983 117.0952380952381 143.28571428571428 
1781.3015873015872 1809.7936507936508 84.96031746031746 113.45238095238095 115.23015873015873 143.72222222222223 
1758.484126984127 1785.984126984127 98.03968253968254 125.53968253968254 98.72222222222223 126.22222222222223 
1562.888888888889 1590.7460317460318 90.11111111111111 117.96825396825396 103.52380952380952 131.38095238095238 
1549.142857142857 1577.952380952381 94.26984126984127 123.07936507936508 129.93650793650792 158.74603174603175 
1842.3492063492063 1871.873015873016 85.92857142857143 115.45238095238095 113.25396825396825 142.77777777777777 
1850.2698412698412 1878.4444444444443 86.68253968253968 114.85714285714286 97.17460317460318 125.34920634920636 
1751.8333333333333 1779.373015873016 86.26984126984127 113.80952380952381 106.21428571428571 133.75396825396825 
1729.436507936508 1759.2777777777778 92.22222222222223 122.06349206349206 116.72222222222223 146.56349206349208 
1586.452380952381 1614.5079365079366 93.25396825396825 121.30952380952381 114.52380952380952 142.5793650793651 
1457.6825396825398 1485.1825396825398 92.0079365079365 119.5079365079365 99.56349206349206 127.06349206349206 
1762.6031746031747 1791.095238095238 86.28571428571429 114.77777777777777 113.07936507936508 141.57142857142858 
1689.579365079365 1718.626984126984 76.02380952380952 105.07142857142857 118.46825396825396 147.515873015873 
2044.7857142857142 2073.0 90.56349206349206 118.77777777777777 114.62698412698413 142.84126984126985 
1818.857142857143 1847.5079365079366 86.93650793650794 115.58730158730158 124.4920634920635 153.14285714285714 
1663.9920634920634 1692.2460317460318 88.37301587301587 116.62698412698413 102.8015873015873 131.05555555555554 
1686.3809523809523 1713.920634920635 92.25396825396825 119.7936507936508 107.26190476190476 134.8015873015873 
1484.095238095238 1511.436507936508 86.61904761904762 113.96031746031746 109.68253968253968 137.02380952380952 
1449.0 1476.420634920635 84.92857142857143 112.34920634920636 93.96031746031746 121.38095238095238 
1602.5 1631.1507936507937 92.5079365079365 121.15873015873017 114.83333333333333 143.484126984127 
1605.6507936507937 1634.3015873015872 92.15079365079364 120.8015873015873 111.17460317460318 139.82539682539684 
1733.1666666666667 1762.452380952381 92.91269841269842 122.1984126984127 126.81746031746032 156.1031746031746 
1834.095238095238 1864.2539682539682 87.07142857142857 117.23015873015873 117.82539682539682 147.984126984127 
1737.8809523809523 1766.0555555555557 103.61904761904762 131.79365079365078 119.2936507936508 147.46825396825398 
2145.904761904762 2175.0714285714284 115.36507936507937 144.53174603174602 140.82539682539684 169.9920634920635 
1600.095238095238 1628.8253968253969 95.37301587301587 124.10317460317461 110.88888888888889 139.61904761904762 
1831.642857142857 1859.2222222222222 93.25396825396825 120.83333333333333 111.64285714285714 139.22222222222223 
1557.8650793650793 1586.7142857142858 81.65873015873017 110.5079365079365 108.10317460317461 136.95238095238096 
1624.579365079365 1652.595238095238 90.84126984126983 118.85714285714286 118.39682539682539 146.4126984126984 
1642.7777777777778 1670.3174603174602 87.76984126984127 115.30952380952381 113.0952380952381 140.63492063492063 
1805.7460317460318 1835.4285714285713 90.65079365079364 120.33333333333333 109.61904761904762 139.3015873015873 
1524.873015873016 1553.0873015873017 84.33333333333333 112.54761904761905 114.46031746031746 142.67460317460316 
1702.531746031746 1732.531746031746 85.0 115.0 125.11904761904762 155.11904761904762 
1786.1031746031747 1814.6746031746031 95.58730158730158 124.15873015873017 108.03174603174604 136.6031746031746 
