11169.481481481482 11197.207818930041 2005.7777777777778 2033.5041152263375 1922.9794238683128 1950.7057613168724 
11344.893004115227 11373.473251028807 1943.0884773662551 1971.6687242798355 1935.5514403292182 1964.1316872427983 
11683.91975308642 11712.75720164609 2051.9444444444443 2080.7818930041153 2045.6069958847736 2074.4444444444443 
11312.858024691359 11340.893004115227 2032.4938271604938 2060.528806584362 1961.8086419753085 1989.843621399177 
11191.553497942386 11219.094650205761 2036.4835390946503 2064.0246913580245 1937.0267489711935 1964.567901234568 
11578.401234567902 11606.724279835391 1998.462962962963 2026.7860082304526 1970.8086419753085 1999.1316872427983 
11293.041152263375 11320.75720164609 2122.432098765432 2150.1481481481483 1957.897119341564 1985.6131687242798 
11592.150205761316 11619.969135802468 1976.4238683127571 2004.2427983539094 1956.1213991769548 1983.940329218107 
11782.32098765432 11810.160493827161 2011.9197530864199 2039.7592592592594 1909.440329218107 1937.2798353909466 
11237.156378600823 11265.87037037037 1933.8024691358025 1962.5164609053497 1931.7654320987654 1960.4794238683128 
11575.440329218107 11603.80452674897 1869.8703703703704 1898.2345679012346 1847.148148148148 1875.5123456790122 
11590.851851851852 11618.969135802468 2085.438271604938 2113.5555555555557 2046.5102880658437 2074.627572016461 
11708.378600823045 11736.763374485598 1983.932098765432 2012.3168724279835 2079.716049382716 2108.1008230452676 
11458.144032921811 11486.508230452675 1975.9218106995884 2004.2860082304526 1866.0041152263375 1894.3683127572017 
11447.267489711934 11475.405349794239 1926.3827160493827 1954.5205761316872 1834.4485596707818 1862.5864197530864 
11654.390946502057 11682.364197530864 1892.2283950617284 1920.201646090535 1896.7777777777778 1924.7510288065844 
11682.738683127573 11711.67901234568 2090.9156378600824 2119.855967078189 2060.4753086419755 2089.4156378600824 
11787.4341563786 11815.407407407407 1986.2469135802469 2014.2201646090534 1932.454732510288 1960.4279835390946 
11581.769547325102 11610.133744855968 2055.2880658436216 2083.6522633744858 1934.2798353909466 1962.6440329218108 
11411.701646090534 11439.798353909466 2129.119341563786 2157.216049382716 1958.2654320987654 1986.3621399176955 
11877.251028806584 11906.191358024691 2027.90329218107 2056.8436213991768 2001.6131687242798 2030.553497942387 
11542.62962962963 11571.189300411523 2040.5864197530864 2069.1460905349795 2083.59670781893 2112.1563786008232 
11536.045267489711 11564.728395061727 2037.8251028806585 2066.508230452675 1964.2962962962963 1992.9794238683128 
11749.312757201646 11778.088477366255 2087.7366255144034 2116.5123456790125 2054.4156378600824 2083.1913580246915 
11752.82098765432 11780.825102880659 1914.9197530864199 1942.9238683127571 1859.014403292181 1887.0185185185185 
11388.69547325103 11416.59670781893 2104.812757201646 2132.713991769547 1867.9958847736625 1895.897119341564 
11588.345679012345 11616.668724279836 2144.7633744855966 2173.0864197530864 2045.9794238683128 2074.3024691358023 
11472.415637860082 11500.738683127573 2160.5925925925926 2188.9156378600824 1991.5514403292182 2019.874485596708 
11535.440329218107 11564.051440329218 2133.9506172839506 2162.561728395062 1800.1316872427983 1828.7427983539094 
11717.283950617284 11746.213991769548 1985.8621399176955 2014.7921810699588 2056.275720164609 2085.205761316872 
11982.631687242798 12011.24279835391 2054.38683127572 2082.9979423868313 1849.3600823045267 1877.9711934156378 
11757.5 11786.08024691358 2268.948559670782 2297.528806584362 1862.1090534979423 1890.6893004115227 
11623.401234567902 11651.641975308641 1999.5246913580247 2027.7654320987654 1922.187242798354 1950.4279835390946 
11868.541152263375 11897.584362139918 2132.2736625514403 2161.3168724279835 1889.179012345679 1918.2222222222222 
11383.187242798354 11411.448559670782 2016.2530864197531 2044.514403292181 1918.6604938271605 1946.9218106995884 
11670.292181069959 11698.522633744857 2135.3312757201647 2163.561728395062 2083.687242798354 2111.917695473251 
11376.555555555555 11404.69341563786 2030.0761316872429 2058.213991769547 2016.0411522633744 2044.179012345679 
11709.572016460905 11738.944444444445 2187.7901234567903 2217.162551440329 2065.127572016461 2094.5 
12080.374485596707 12108.656378600823 1940.9979423868313 1969.2798353909466 2135.1893004115227 2163.471193415638 
11575.557613168725 11603.561728395061 2107.553497942387 2135.5576131687244 1871.8333333333333 1899.8374485596707 
11651.224279835391 11679.80452674897 2009.8950617283951 2038.4753086419753 2014.29012345679 2042.8703703703704 
11290.866255144032 11318.448559670782 2140.2263374485597 2167.8086419753085 2006.7716049382716 2034.3539094650205 
11716.203703703704 11744.979423868313 1989.6851851851852 2018.4609053497943 1957.1502057613168 1985.9259259259259 
11394.117283950618 11422.913580246914 1977.170781893004 2005.9670781893003 1778.5617283950617 1807.358024691358 
11324.246913580248 11351.829218106996 2026.148148148148 2053.730452674897 1880.6460905349795 1908.2283950617284 
12013.102880658436 12042.14609053498 1919.7469135802469 1948.79012345679 2021.5185185185185 2050.561728395062 
11719.543209876543 11748.411522633745 2018.611111111111 2047.4794238683128 1881.7037037037037 1910.5720164609054 
11533.753086419752 11562.055555555555 1990.602880658436 2018.9053497942386 1844.8847736625514 1873.187242798354 
11728.590534979425 11757.27366255144 2100.895061728395 2129.5781893004114 2044.4958847736625 2073.179012345679 
11836.993827160493 11865.9341563786 2057.3086419753085 2086.248971193416 1746.5 1775.440329218107 
