10862.65350877193 10891.677631578947 1791.3311403508771 1820.3552631578948 1685.0657894736842 1714.0899122807018 
10469.388157894737 10498.03947368421 1799.092105263158 1827.7434210526317 1698.8837719298247 1727.5350877192982 
10578.730263157895 10607.151315789473 1892.0065789473683 1920.4276315789473 1700.594298245614 1729.015350877193 
10866.63596491228 10895.945175438597 1909.1008771929824 1938.4100877192982 1742.030701754386 1771.3399122807018 
10612.07456140351 10639.508771929824 1911.7894736842106 1939.2236842105262 1766.7456140350878 1794.1798245614036 
10558.293859649122 10586.320175438597 1867.3530701754387 1895.3793859649122 1676.2543859649122 1704.280701754386 
10633.820175438597 10662.339912280702 1799.6118421052631 1828.1315789473683 1751.890350877193 1780.4100877192982 
10348.807017543859 10376.822368421053 1769.530701754386 1797.546052631579 1611.7894736842106 1639.8048245614036 
10553.892543859649 10582.686403508771 1859.4407894736842 1888.234649122807 1671.5241228070176 1700.3179824561403 
10829.589912280702 10858.15350877193 1926.0438596491229 1954.607456140351 1727.7697368421052 1756.3333333333333 
10435.521929824561 10463.515350877193 1811.4100877192982 1839.4035087719299 1630.7850877192982 1658.7785087719299 
10709.73903508772 10739.015350877193 1715.6644736842106 1744.9407894736842 1674.015350877193 1703.2916666666667 
10822.975877192983 10851.83552631579 1742.8662280701753 1771.7258771929824 1722.625 1751.484649122807 
10447.035087719298 10474.578947368422 1810.4495614035088 1837.9934210526317 1641.048245614035 1668.592105263158 
10374.076754385966 10402.256578947368 1846.326754385965 1874.5065789473683 1651.423245614035 1679.6030701754387 
10850.48903508772 10879.469298245614 1870.280701754386 1899.2609649122808 1791.5197368421052 1820.5 
10684.287280701754 10711.754385964912 1608.3552631578948 1635.8223684210527 1553.936403508772 1581.4035087719299 
10793.690789473685 10822.21052631579 1974.7543859649122 2003.2741228070176 1785.9276315789473 1814.4473684210527 
10824.48903508772 10852.537280701754 1818.1293859649122 1846.1776315789473 1694.0065789473683 1722.0548245614036 
10755.42543859649 10784.043859649122 1791.4166666666667 1820.0350877192982 1721.280701754386 1749.8991228070176 
10604.304824561403 10632.067982456141 1801.798245614035 1829.561403508772 1753.2302631578948 1780.9934210526317 
10355.607456140351 10383.72149122807 1841.671052631579 1869.7850877192982 1804.3793859649122 1832.4934210526317 
10986.958333333334 11016.059210526315 1922.405701754386 1951.5065789473683 1915.094298245614 1944.1951754385964 
11097.236842105263 11126.754385964912 1839.6776315789473 1869.1951754385964 1732.3464912280701 1761.8640350877192 
10452.173245614034 10480.879385964912 1840.1206140350878 1868.826754385965 1624.6513157894738 1653.357456140351 
10280.105263157895 10308.032894736842 1756.3223684210527 1784.25 1583.7894736842106 1611.717105263158 
10513.223684210527 10541.063596491229 1805.2872807017543 1833.127192982456 1821.140350877193 1848.9802631578948 
10775.98903508772 10804.695175438597 1844.9320175438597 1873.6381578947369 1760.923245614035 1789.6293859649122 
10690.980263157895 10719.620614035088 1739.4100877192982 1768.0504385964912 1765.5197368421052 1794.1600877192982 
10651.831140350878 10679.956140350878 1734.1535087719299 1762.2785087719299 1618.5855263157894 1646.7105263157894 
10440.274122807017 10467.554824561403 1751.0438596491229 1778.3245614035088 1462.6644736842106 1489.9451754385964 
10714.002192982456 10742.291666666666 1712.7258771929824 1741.015350877193 1500.515350877193 1528.8048245614036 
10795.219298245614 10824.342105263158 1991.5986842105262 2020.7214912280701 1780.0 1809.122807017544 
10681.129385964912 10709.144736842105 1794.8070175438597 1822.8223684210527 1693.2785087719299 1721.2938596491229 
10684.11403508772 10712.184210526315 1817.6644736842106 1845.734649122807 1898.3245614035088 1926.3947368421052 
10705.603070175439 10733.190789473685 1800.4495614035088 1828.0372807017543 1587.9934210526317 1615.5811403508771 
10768.451754385966 10796.66447368421 1745.0 1773.2127192982457 1568.780701754386 1596.9934210526317 
11032.201754385966 11060.666666666666 1835.8311403508771 1864.296052631579 1659.767543859649 1688.232456140351 
10883.407894736842 10911.401315789473 1745.8947368421052 1773.8881578947369 1627.5745614035088 1655.5679824561403 
11073.822368421053 11102.616228070176 1914.1929824561403 1942.9868421052631 1811.826754385965 1840.6206140350878 
10953.572368421053 10982.212719298246 1786.8508771929824 1815.4912280701753 1804.8881578947369 1833.5285087719299 
10755.004385964912 10784.280701754386 1744.482456140351 1773.7587719298247 1723.842105263158 1753.1184210526317 
11057.905701754386 11087.467105263158 1742.0197368421052 1771.5811403508771 1628.0592105263158 1657.6206140350878 
10679.076754385966 10706.883771929824 1778.311403508772 1806.1184210526317 1729.405701754386 1757.2127192982457 
10570.940789473685 10598.52850877193 1582.6688596491229 1610.2565789473683 1476.3355263157894 1503.923245614035 
10387.375 10415.390350877193 1953.8311403508771 1981.8464912280701 1702.4627192982457 1730.4780701754387 
10636.15350877193 10664.75 1856.9495614035088 1885.546052631579 1775.3201754385964 1803.9166666666667 
10551.565789473685 10580.030701754386 1790.0263157894738 1818.4912280701753 1619.1315789473683 1647.5964912280701 
10434.945175438597 10462.67543859649 1815.4649122807018 1843.1951754385964 1638.3004385964912 1666.030701754386 
11248.421052631578 11277.796052631578 1856.7850877192982 1886.1600877192982 1714.5833333333333 1743.9583333333333 
