37.76190476190476 64.66666666666667 48.23809523809524 75.14285714285714 25.38095238095238 52.285714285714285 
29.714285714285715 57.57142857142857 51.714285714285715 79.57142857142857 24.238095238095237 52.095238095238095 
40.142857142857146 64.9047619047619 42.38095238095238 67.14285714285714 35.61904761904762 60.38095238095238 
34.80952380952381 67.42857142857143 43.80952380952381 76.42857142857143 29.80952380952381 62.42857142857143 
39.19047619047619 66.33333333333333 56.714285714285715 83.85714285714286 32.04761904761905 59.19047619047619 
37.0 66.76190476190476 58.333333333333336 88.0952380952381 30.333333333333332 60.095238095238095 
52.333333333333336 82.33333333333333 61.76190476190476 91.76190476190476 37.80952380952381 67.80952380952381 
45.285714285714285 73.14285714285714 52.142857142857146 80.0 39.333333333333336 67.19047619047619 
38.57142857142857 65.0 58.095238095238095 84.52380952380952 29.761904761904763 56.19047619047619 
47.285714285714285 77.28571428571429 37.095238095238095 67.0952380952381 40.857142857142854 70.85714285714286 
42.04761904761905 70.38095238095238 46.666666666666664 75.0 29.0 57.333333333333336 
40.76190476190476 66.95238095238095 59.80952380952381 86.0 31.952380952380953 58.142857142857146 
34.523809523809526 57.857142857142854 60.523809523809526 83.85714285714286 29.047619047619047 52.38095238095238 
31.80952380952381 59.19047619047619 51.04761904761905 78.42857142857143 26.80952380952381 54.19047619047619 
46.285714285714285 73.19047619047619 52.80952380952381 79.71428571428571 41.285714285714285 68.19047619047619 
37.333333333333336 67.0952380952381 50.76190476190476 80.52380952380952 32.333333333333336 62.095238095238095 
39.857142857142854 65.57142857142857 46.714285714285715 72.42857142857143 33.42857142857143 59.142857142857146 
41.714285714285715 69.80952380952381 53.23809523809524 81.33333333333333 33.38095238095238 61.476190476190474 
46.285714285714285 71.52380952380952 48.38095238095238 73.61904761904762 41.285714285714285 66.52380952380952 
65.33333333333333 98.19047619047619 63.0 95.85714285714286 43.857142857142854 76.71428571428571 
37.42857142857143 64.80952380952381 57.76190476190476 85.14285714285714 27.142857142857142 54.523809523809526 
30.666666666666668 57.095238095238095 50.904761904761905 77.33333333333333 22.333333333333332 48.76190476190476 
31.0 58.142857142857146 42.04761904761905 69.19047619047619 26.0 53.142857142857146 
35.57142857142857 66.76190476190476 46.61904761904762 77.80952380952381 31.047619047619047 62.23809523809524 
46.857142857142854 77.0952380952381 50.666666666666664 80.9047619047619 32.80952380952381 63.04761904761905 
38.76190476190476 71.14285714285714 59.42857142857143 91.80952380952381 33.76190476190476 66.14285714285714 
32.476190476190474 62.0 47.04761904761905 76.57142857142857 25.571428571428573 55.095238095238095 
38.38095238095238 68.61904761904762 52.142857142857146 82.38095238095238 33.523809523809526 63.76190476190476 
50.285714285714285 87.19047619047619 53.666666666666664 90.57142857142857 45.76190476190476 82.66666666666667 
35.61904761904762 65.38095238095238 38.666666666666664 68.42857142857143 29.19047619047619 58.95238095238095 
45.23809523809524 77.85714285714286 42.76190476190476 75.38095238095238 34.61904761904762 67.23809523809524 
32.57142857142857 61.142857142857146 42.61904761904762 71.19047619047619 27.571428571428573 56.142857142857146 
34.04761904761905 62.61904761904762 53.04761904761905 81.61904761904762 24.761904761904763 53.333333333333336 
58.904761904761905 86.76190476190476 54.38095238095238 82.23809523809524 44.38095238095238 72.23809523809524 
44.095238095238095 71.0 43.42857142857143 70.33333333333333 33.142857142857146 60.04761904761905 
38.19047619047619 68.66666666666667 67.57142857142857 98.04761904761905 31.952380952380953 62.42857142857143 
40.61904761904762 71.33333333333333 44.61904761904762 75.33333333333333 29.904761904761905 60.61904761904762 
29.095238095238095 58.38095238095238 41.904761904761905 71.19047619047619 23.61904761904762 52.904761904761905 
41.61904761904762 72.80952380952381 57.19047619047619 88.38095238095238 31.80952380952381 63.0 
39.285714285714285 71.9047619047619 57.904761904761905 90.52380952380952 35.23809523809524 67.85714285714286 
45.476190476190474 71.66666666666667 57.23809523809524 83.42857142857143 32.61904761904762 58.80952380952381 
34.095238095238095 62.904761904761905 44.714285714285715 73.52380952380952 26.714285714285715 55.523809523809526 
37.23809523809524 64.14285714285714 47.142857142857146 74.04761904761905 29.857142857142858 56.76190476190476 
32.95238095238095 56.523809523809526 45.333333333333336 68.9047619047619 26.047619047619047 49.61904761904762 
48.333333333333336 80.95238095238095 47.714285714285715 80.33333333333333 36.19047619047619 68.80952380952381 
62.61904761904762 92.85714285714286 47.333333333333336 77.57142857142857 36.666666666666664 66.9047619047619 
33.76190476190476 64.23809523809524 50.95238095238095 81.42857142857143 28.761904761904763 59.23809523809524 
46.666666666666664 76.19047619047619 61.142857142857146 90.66666666666667 33.857142857142854 63.38095238095238 
34.095238095238095 61.714285714285715 57.19047619047619 84.80952380952381 28.61904761904762 56.23809523809524 
41.523809523809526 70.0952380952381 49.476190476190474 78.04761904761905 36.523809523809526 65.0952380952381 
