1651.7355371900826 1680.2479338842975 84.38842975206612 112.90082644628099 114.96694214876032 143.4793388429752 
1832.4710743801652 1861.4380165289256 90.18181818181819 119.14876033057851 112.7107438016529 141.67768595041323 
1519.8181818181818 1547.2148760330579 90.0909090909091 117.48760330578513 107.00826446280992 134.40495867768595 
1430.4380165289256 1457.6694214876034 98.9090909090909 126.14049586776859 97.36363636363636 124.59504132231405 
1645.1652892561983 1673.5123966942149 86.97520661157024 115.32231404958678 109.31404958677686 137.6611570247934 
1550.892561983471 1579.1570247933885 90.33884297520662 118.60330578512396 136.1404958677686 164.40495867768595 
1685.3057851239669 1715.3057851239669 100.0495867768595 130.0495867768595 116.99173553719008 146.9917355371901 
1322.3388429752067 1350.2314049586778 87.47933884297521 115.37190082644628 113.30578512396694 141.19834710743802 
1710.3801652892562 1739.2231404958677 95.70247933884298 124.54545454545455 120.42148760330579 149.26446280991735 
1818.4545454545455 1847.4628099173553 91.20661157024793 120.21487603305785 102.3801652892562 131.38842975206612 
1670.9669421487604 1700.1818181818182 92.36363636363636 121.57851239669421 109.18181818181819 138.39669421487602 
1392.314049586777 1419.6694214876034 86.73553719008264 114.0909090909091 97.83471074380165 125.1900826446281 
1528.909090909091 1558.3305785123966 98.4297520661157 127.85123966942149 100.43801652892562 129.8595041322314 
1755.793388429752 1784.801652892562 88.29752066115702 117.30578512396694 104.67768595041322 133.68595041322314 
1590.1157024793388 1617.9256198347107 81.06611570247934 108.87603305785125 101.16528925619835 128.97520661157026 
1628.3719008264463 1657.6694214876034 89.53719008264463 118.83471074380165 108.19834710743801 137.49586776859505 
1336.8347107438017 1365.01652892562 94.06611570247934 122.24793388429752 114.0 142.1818181818182 
1661.3636363636363 1689.9586776859503 87.02479338842976 115.6198347107438 112.33884297520662 140.93388429752065 
1392.0743801652893 1419.595041322314 85.92561983471074 113.44628099173553 102.6198347107438 130.1404958677686 
1767.504132231405 1797.4628099173553 91.6198347107438 121.57851239669421 127.0495867768595 157.0082644628099 
1463.9338842975208 1492.6942148760331 86.80165289256199 115.56198347107438 103.8099173553719 132.5702479338843 
1606.5537190082644 1635.809917355372 91.49586776859505 120.75206611570248 110.75206611570248 140.0082644628099 
1432.1239669421489 1460.388429752066 86.63636363636364 114.90082644628099 88.69421487603306 116.95867768595042 
1562.685950413223 1590.7851239669421 91.69421487603306 119.79338842975207 122.23140495867769 150.3305785123967 
1427.909090909091 1456.793388429752 92.10743801652893 120.99173553719008 112.36363636363636 141.2479338842975 
1645.8264462809918 1673.7603305785124 89.95867768595042 117.89256198347107 91.46280991735537 119.39669421487604 
1817.7685950413222 1846.900826446281 92.67768595041322 121.8099173553719 104.33884297520662 133.47107438016528 
1375.0495867768595 1403.4793388429753 89.33884297520662 117.76859504132231 104.01652892561984 132.44628099173553 
1798.198347107438 1826.5867768595042 100.63636363636364 129.02479338842974 107.7603305785124 136.1487603305785 
1704.314049586777 1733.611570247934 102.8099173553719 132.10743801652893 120.47933884297521 149.77685950413223 
1575.2396694214876 1601.4793388429753 80.56198347107438 106.80165289256199 105.43801652892562 131.67768595041323 
1744.702479338843 1774.495867768595 93.65289256198348 123.44628099173553 129.53719008264463 159.3305785123967 
1365.8264462809918 1391.9421487603306 85.16528925619835 111.28099173553719 110.0 136.11570247933884 
1401.3553719008264 1429.8677685950413 81.68595041322314 110.19834710743801 105.36363636363636 133.87603305785123 
1401.0082644628098 1428.4876033057851 90.40495867768595 117.88429752066116 92.88429752066116 120.36363636363636 
1636.4628099173553 1664.6446280991736 78.02479338842976 106.20661157024793 110.70247933884298 138.88429752066116 
1137.0413223140497 1163.8181818181818 71.67768595041322 98.45454545454545 98.39669421487604 125.17355371900827 
1633.7355371900826 1663.0330578512396 79.61157024793388 108.9090909090909 113.08264462809917 142.3801652892562 
1702.198347107438 1730.5454545454545 83.82644628099173 112.17355371900827 101.48760330578513 129.83471074380165 
1638.206611570248 1667.8760330578511 79.36363636363636 109.03305785123968 111.30578512396694 140.97520661157026 
1467.595041322314 1496.3553719008264 80.51239669421487 109.27272727272727 101.27272727272727 130.03305785123968 
1273.0743801652893 1301.7107438016528 92.89256198347107 121.52892561983471 94.0495867768595 122.68595041322314 
1284.603305785124 1312.206611570248 88.7603305785124 116.36363636363636 106.92561983471074 134.52892561983472 
1654.9256198347107 1684.0578512396694 91.25619834710744 120.38842975206612 127.40495867768595 156.53719008264463 
1725.8595041322315 1755.98347107438 82.09917355371901 112.22314049586777 104.33884297520662 134.46280991735537 
1632.5454545454545 1660.7685950413222 88.5702479338843 116.79338842975207 117.85123966942149 146.07438016528926 
1397.3636363636363 1425.7520661157025 81.20661157024793 109.59504132231405 92.77685950413223 121.16528925619835 
1290.603305785124 1318.6198347107438 73.61157024793388 101.62809917355372 96.40495867768595 124.42148760330579 
1661.793388429752 1689.6446280991736 83.47107438016529 111.32231404958678 120.92561983471074 148.77685950413223 
1680.5454545454545 1707.5289256198348 82.28099173553719 109.26446280991736 125.79338842975207 152.77685950413223 
