319.5 347.32894736842104 69.96052631578948 97.78947368421052 68.71052631578948 96.53947368421052 
407.14473684210526 436.4868421052632 71.86842105263158 101.21052631578948 79.01315789473684 108.35526315789474 
287.2894736842105 315.64473684210526 72.53947368421052 100.89473684210526 79.85526315789474 108.21052631578948 
520.3684210526316 550.5657894736842 71.8157894736842 102.01315789473684 80.92105263157895 111.11842105263158 
350.4078947368421 378.17105263157896 74.25 102.01315789473684 76.63157894736842 104.39473684210526 
421.17105263157896 449.92105263157896 67.8157894736842 96.5657894736842 75.75 104.5 
333.5263157894737 360.82894736842104 67.82894736842105 95.13157894736842 76.01315789473684 103.3157894736842 
569.3947368421053 598.7368421052631 58.828947368421055 88.17105263157895 63.43421052631579 92.77631578947368 
289.30263157894734 316.5394736842105 63.51315789473684 90.75 68.01315789473684 95.25 
318.60526315789474 347.0921052631579 65.60526315789474 94.09210526315789 75.80263157894737 104.28947368421052 
515.3026315789474 545.1052631578947 63.06578947368421 92.86842105263158 70.22368421052632 100.02631578947368 
350.9605263157895 379.1842105263158 64.42105263157895 92.64473684210526 63.56578947368421 91.78947368421052 
426.75 454.9736842105263 67.92105263157895 96.14473684210526 71.98684210526316 100.21052631578948 
247.0 273.57894736842104 61.43421052631579 88.01315789473684 55.026315789473685 81.60526315789474 
392.44736842105266 421.0657894736842 64.75 93.36842105263158 75.01315789473684 103.63157894736842 
417.2763157894737 446.1578947368421 64.26315789473684 93.14473684210526 60.55263157894737 89.4342105263158 
488.88157894736844 517.3684210526316 70.1842105263158 98.67105263157895 76.02631578947368 104.51315789473684 
466.60526315789474 496.5394736842105 73.52631578947368 103.46052631578948 84.89473684210526 114.82894736842105 
268.11842105263156 294.30263157894734 71.19736842105263 97.38157894736842 67.13157894736842 93.3157894736842 
276.7763157894737 303.94736842105266 68.15789473684211 95.32894736842105 78.03947368421052 105.21052631578948 
406.85526315789474 433.63157894736844 61.80263157894737 88.57894736842105 66.97368421052632 93.75 
410.5 438.19736842105266 65.98684210526316 93.6842105263158 77.28947368421052 104.98684210526316 
376.8421052631579 405.32894736842104 62.76315789473684 91.25 80.26315789473684 108.75 
398.61842105263156 427.0394736842105 64.22368421052632 92.64473684210526 71.78947368421052 100.21052631578948 
270.3157894736842 296.5657894736842 60.276315789473685 86.52631578947368 55.171052631578945 81.42105263157895 
539.4605263157895 568.2105263157895 65.48684210526316 94.23684210526316 78.89473684210526 107.64473684210526 
516.7631578947369 545.7105263157895 69.80263157894737 98.75 86.36842105263158 115.3157894736842 
193.89473684210526 221.98684210526315 66.17105263157895 94.26315789473684 71.63157894736842 99.72368421052632 
701.7631578947369 730.8421052631579 73.21052631578948 102.28947368421052 81.59210526315789 110.67105263157895 
691.921052631579 723.0394736842105 68.71052631578948 99.82894736842105 83.69736842105263 114.8157894736842 
245.3684210526316 272.60526315789474 68.23684210526316 95.47368421052632 67.4342105263158 94.67105263157895 
484.7631578947368 512.6578947368421 69.59210526315789 97.48684210526316 73.64473684210526 101.53947368421052 
496.85526315789474 525.7368421052631 58.85526315789474 87.73684210526316 80.25 109.13157894736842 
486.0263157894737 515.6315789473684 62.26315789473684 91.86842105263158 73.76315789473684 103.36842105263158 
332.36842105263156 359.2763157894737 65.9342105263158 92.84210526315789 83.5657894736842 110.47368421052632 
330.3157894736842 358.2763157894737 60.86842105263158 88.82894736842105 61.35526315789474 89.3157894736842 
313.30263157894734 340.2763157894737 63.28947368421053 90.26315789473684 66.11842105263158 93.09210526315789 
355.1578947368421 383.7763157894737 63.11842105263158 91.73684210526316 64.53947368421052 93.15789473684211 
420.2763157894737 447.7105263157895 64.51315789473684 91.94736842105263 79.64473684210526 107.07894736842105 
447.07894736842104 474.8421052631579 60.96052631578947 88.72368421052632 64.90789473684211 92.67105263157895 
256.30263157894734 283.60526315789474 62.98684210526316 90.28947368421052 60.63157894736842 87.9342105263158 
336.5263157894737 366.19736842105266 70.85526315789474 100.52631578947368 69.77631578947368 99.44736842105263 
705.3421052631579 735.5394736842105 83.07894736842105 113.27631578947368 79.38157894736842 109.57894736842105 
367.88157894736844 395.1842105263158 65.84210526315789 93.14473684210526 67.05263157894737 94.35526315789474 
477.5921052631579 506.0131578947368 69.86842105263158 98.28947368421052 73.1842105263158 101.60526315789474 
309.6842105263158 337.25 73.10526315789474 100.67105263157895 82.09210526315789 109.65789473684211 
425.39473684210526 453.1578947368421 64.86842105263158 92.63157894736842 64.78947368421052 92.55263157894737 
364.86842105263156 392.82894736842104 71.1842105263158 99.14473684210526 85.71052631578948 113.67105263157895 
334.88157894736844 363.5657894736842 69.3157894736842 98.0 68.44736842105263 97.13157894736842 
392.30263157894734 420.5263157894737 59.68421052631579 87.90789473684211 62.526315789473685 90.75 
