8132.97783933518 8161.260387811634 1215.8808864265927 1244.1634349030471 933.8227146814404 962.1052631578947 
7882.232686980609 7910.030470914127 1089.8947368421052 1117.6925207756233 1050.584487534626 1078.3822714681442 
7823.781163434903 7851.7590027700835 1100.9058171745153 1128.8836565096954 1045.2908587257618 1073.268698060942 
8170.986149584488 8199.614958448754 1169.3213296398892 1197.9501385041551 1086.7617728531857 1115.3905817174516 
8226.759002770083 8255.083102493074 1077.0027700831024 1105.3268698060942 931.4265927977839 959.7506925207756 
8211.080332409972 8238.781163434904 1283.4349030470914 1311.1357340720222 1132.4515235457063 1160.152354570637 
8133.8421052631575 8162.124653739612 1097.6925207756233 1125.9750692520777 1048.3434903047091 1076.6260387811635 
8462.15512465374 8490.811634349031 1177.4127423822715 1206.0692520775624 1188.6786703601108 1217.3351800554017 
7620.94459833795 7648.548476454293 1072.2382271468143 1099.842105263158 965.224376731302 992.8282548476454 
8147.13296398892 8176.204986149584 1150.7091412742382 1179.781163434903 1134.3490304709142 1163.421052631579 
7768.382271468144 7796.041551246537 1070.1495844875346 1097.808864265928 1015.9584487534626 1043.6177285318558 
7983.8891966759 8011.396121883657 1178.8310249307478 1206.337950138504 1138.1966759002771 1165.7036011080334 
7783.01108033241 7810.601108033241 958.5373961218836 986.1274238227147 935.9612188365651 963.5512465373961 
8103.686980609418 8131.983379501385 1155.207756232687 1183.5041551246538 1088.0498614958449 1116.3462603878115 
7988.994459833795 8016.72299168975 1061.7950138504154 1089.5235457063711 1071.5013850415512 1099.2299168975069 
8126.518005540166 8155.534626038781 1146.1966759002771 1175.213296398892 1206.9473684210527 1235.9639889196676 
7860.584487534626 7888.576177285318 1089.207756232687 1117.1994459833795 1145.94459833795 1173.9362880886426 
8444.573407202217 8473.839335180055 1294.759002770083 1324.0249307479223 1256.9418282548477 1286.207756232687 
8058.814404432133 8087.623268698061 1161.5124653739613 1190.3213296398892 1149.7700831024931 1178.578947368421 
7983.728531855955 8011.595567867036 1202.3684210526317 1230.235457063712 1160.639889196676 1188.5069252077562 
8219.149584487535 8247.764542936287 1228.5567867036011 1257.1717451523546 1176.2548476454294 1204.8698060941829 
8114.329639889197 8142.127423822714 1152.6565096952909 1180.454293628809 1064.6204986149585 1092.4182825484766 
8273.645429362881 8301.429362880886 1254.7451523545706 1282.5290858725762 1048.1468144044322 1075.9307479224376 
7794.972299168975 7822.271468144045 1145.7423822714682 1173.0415512465374 1028.8365650969529 1056.1357340720222 
8258.409972299169 8287.135734072022 1138.9168975069251 1167.6426592797784 1132.3019390581717 1161.027700831025 
7865.720221606648 7894.376731301939 1012.7811634349031 1041.4376731301938 996.3711911357341 1025.027700831025 
8009.074792243768 8036.581717451523 1085.8642659279778 1113.371191135734 905.1274238227147 932.634349030471 
7840.736842105263 7868.437673130194 1219.5318559556786 1247.2326869806095 1232.1080332409972 1259.808864265928 
8265.09972299169 8293.825484764542 1156.595567867036 1185.3213296398892 1075.3351800554017 1104.060941828255 
8172.058171745152 8200.97783933518 1185.5290858725762 1214.448753462604 1050.5484764542937 1079.4681440443214 
8202.135734072022 8230.349030470914 1218.0775623268698 1246.2908587257618 1109.185595567867 1137.398891966759 
8150.700831024931 8179.343490304709 1090.6648199445983 1119.3074792243767 1066.3102493074791 1094.9529085872575 
8130.307479224377 8158.063711911357 1146.4764542936289 1174.2326869806095 1115.5013850415512 1143.2576177285318 
8062.365650969529 8090.426592797784 1018.7091412742383 1046.7700831024931 995.8421052631579 1023.9030470914128 
7861.839335180055 7889.235457063712 1260.8808864265927 1288.2770083102494 1084.595567867036 1111.9916897506926 
7932.005540166205 7960.883656509695 1190.939058171745 1219.8171745152354 1017.7534626038781 1046.6315789473683 
8153.930747922438 8182.753462603878 1302.5567867036011 1331.3795013850415 1163.639889196676 1192.4626038781164 
8073.581717451523 8101.102493074793 1204.0138504155125 1231.5346260387812 1004.0387811634349 1031.5595567867035 
8308.50138504155 8337.684210526315 1171.8393351800555 1201.02216066482 1141.3961218836564 1170.578947368421 
8206.390581717451 8234.382271468145 1165.3102493074791 1193.3019390581717 1030.421052631579 1058.4127423822715 
8179.523545706371 8208.069252077563 1101.0886426592797 1129.634349030471 1153.8864265927978 1182.4321329639888 
8187.783933518005 8216.745152354571 1200.7728531855955 1229.7340720221607 1203.9473684210527 1232.9085872576177 
8105.138504155125 8132.409972299169 1254.4016620498614 1281.6731301939058 1051.4127423822715 1078.6842105263158 
8207.592797783933 8236.470914127423 1263.2243767313018 1292.1024930747922 1087.0803324099722 1115.9584487534626 
7985.002770083102 8012.0526315789475 1254.0886426592797 1281.1385041551246 1142.578947368421 1169.628808864266 
8302.742382271468 8331.052631578947 1179.7950138504154 1208.1052631578948 1028.601108033241 1056.9113573407203 
8167.562326869806 8195.927977839336 1094.2797783933518 1122.6454293628808 1105.2493074792244 1133.6149584487534 
8043.72299168975 8071.257617728532 962.5872576177285 990.1218836565097 1040.246537396122 1067.781163434903 
8110.138504155125 8139.265927977839 999.4016620498614 1028.5290858725762 1085.3324099722993 1114.4598337950138 
8415.362880886427 8443.991689750692 957.6620498614958 986.2908587257617 1034.98891966759 1063.6177285318558 
