1081.9905660377358 1108.688679245283 78.28301886792453 104.98113207547169 109.52830188679245 136.22641509433961 
1291.9433962264152 1322.4150943396226 81.08490566037736 111.55660377358491 104.56603773584905 135.03773584905662 
1106.632075471698 1133.2830188679245 80.81132075471699 107.4622641509434 98.85849056603773 125.50943396226415 
1152.9245283018868 1180.377358490566 89.16981132075472 116.62264150943396 89.20754716981132 116.66037735849056 
1166.245283018868 1195.254716981132 80.43396226415095 109.44339622641509 89.73584905660377 118.74528301886792 
1441.7169811320755 1471.4811320754718 75.95283018867924 105.71698113207547 97.76415094339623 127.52830188679245 
847.1698113207547 874.433962264151 76.67924528301887 103.94339622641509 78.11320754716981 105.37735849056604 
998.5754716981132 1024.6132075471698 81.09433962264151 107.13207547169812 97.11320754716981 123.15094339622641 
1073.4056603773586 1101.6132075471698 75.66037735849056 103.86792452830188 84.11320754716981 112.32075471698113 
1046.1792452830189 1072.8301886792453 80.65094339622641 107.30188679245283 112.12264150943396 138.77358490566039 
1246.877358490566 1273.8584905660377 80.65094339622641 107.63207547169812 102.17924528301887 129.16037735849056 
1211.254716981132 1240.5 78.37735849056604 107.62264150943396 110.85849056603773 140.10377358490567 
1055.254716981132 1084.2169811320755 82.51886792452831 111.48113207547169 108.68867924528301 137.6509433962264 
929.2075471698113 955.7641509433962 87.54716981132076 114.10377358490567 83.88679245283019 110.44339622641509 
1027.1037735849056 1054.2264150943397 81.14150943396227 108.26415094339623 92.40566037735849 119.52830188679245 
1380.2735849056603 1410.698113207547 80.70754716981132 111.13207547169812 106.45283018867924 136.87735849056602 
1239.245283018868 1268.3962264150944 96.5 125.65094339622641 113.10377358490567 142.25471698113208 
1053.377358490566 1081.5377358490566 93.85849056603773 122.01886792452831 94.40566037735849 122.56603773584905 
1054.122641509434 1081.8584905660377 92.84905660377359 120.58490566037736 105.34905660377359 133.08490566037736 
1057.8962264150944 1085.7735849056603 78.73584905660377 106.61320754716981 110.93396226415095 138.81132075471697 
1114.3396226415093 1143.6792452830189 83.4622641509434 112.80188679245283 82.56603773584905 111.90566037735849 
912.2264150943396 939.1132075471698 73.98113207547169 100.86792452830188 94.59433962264151 121.48113207547169 
1224.3207547169811 1254.132075471698 78.91509433962264 108.72641509433963 90.35849056603773 120.16981132075472 
1277.2075471698113 1306.8301886792453 85.5754716981132 115.19811320754717 101.61320754716981 131.23584905660377 
1241.5471698113208 1270.745283018868 83.09433962264151 112.29245283018868 103.61320754716981 132.81132075471697 
863.7641509433962 891.5943396226415 77.70754716981132 105.5377358490566 93.90566037735849 121.73584905660377 
1238.801886792453 1267.811320754717 85.22641509433963 114.23584905660377 84.19811320754717 113.20754716981132 
1281.2075471698113 1309.6037735849056 87.26415094339623 115.66037735849056 107.38679245283019 135.78301886792454 
1291.4433962264152 1320.2641509433963 70.75471698113208 99.5754716981132 112.93396226415095 141.75471698113208 
885.6603773584906 912.5943396226415 85.35849056603773 112.29245283018868 81.83962264150944 108.77358490566037 
1021.0471698113207 1049.1603773584907 82.45283018867924 110.56603773584905 98.14150943396227 126.25471698113208 
1294.1509433962265 1322.311320754717 100.84905660377359 129.00943396226415 107.35849056603773 135.5188679245283 
1111.5754716981132 1140.3962264150944 70.36792452830188 99.18867924528301 106.00943396226415 134.83018867924528 
1221.6037735849056 1249.811320754717 74.39622641509433 102.60377358490567 93.01886792452831 121.22641509433963 
1079.5377358490566 1108.688679245283 79.91509433962264 109.06603773584905 97.91509433962264 127.06603773584905 
983.122641509434 1010.6698113207547 80.43396226415095 107.98113207547169 92.79245283018868 120.33962264150944 
1173.4622641509434 1201.433962264151 70.63207547169812 98.60377358490567 102.5377358490566 130.50943396226415 
1157.1792452830189 1186.566037735849 83.20754716981132 112.59433962264151 97.32075471698113 126.70754716981132 
998.5754716981132 1023.7641509433962 81.13207547169812 106.32075471698113 113.21698113207547 138.4056603773585 
1081.632075471698 1109.5566037735848 79.16037735849056 107.08490566037736 96.86792452830188 124.79245283018868 
1170.754716981132 1199.9056603773586 84.10377358490567 113.25471698113208 89.95283018867924 119.10377358490567 
1162.1792452830189 1188.7358490566037 81.58490566037736 108.14150943396227 115.5754716981132 142.1320754716981 
1258.5943396226414 1286.1415094339623 68.60377358490567 96.15094339622641 96.51886792452831 124.06603773584905 
1147.3207547169811 1176.0 83.06603773584905 111.74528301886792 110.78301886792453 139.46226415094338 
1035.9245283018868 1063.7075471698113 75.06603773584905 102.84905660377359 101.13207547169812 128.91509433962264 
1025.7358490566037 1054.3207547169811 77.01886792452831 105.60377358490567 106.50943396226415 135.0943396226415 
1228.198113207547 1256.8301886792453 78.29245283018868 106.9245283018868 106.02830188679245 134.66037735849056 
1483.801886792453 1511.8207547169811 74.52830188679245 102.54716981132076 119.83962264150944 147.85849056603774 
1192.801886792453 1220.8207547169811 83.5754716981132 111.59433962264151 91.5377358490566 119.55660377358491 
1200.9056603773586 1230.0566037735848 89.61320754716981 118.76415094339623 105.20754716981132 134.35849056603774 
