2521.782608695652 2549.204968944099 99.62732919254658 127.04968944099379 150.4472049689441 177.8695652173913 
2390.198757763975 2417.8385093167703 143.65217391304347 171.29192546583852 179.055900621118 206.69565217391303 
2630.863354037267 2659.1242236024846 145.96273291925465 174.22360248447205 210.0248447204969 238.28571428571428 
2802.608695652174 2830.8695652173915 122.57142857142857 150.83229813664596 140.90062111801242 169.1614906832298 
2979.304347826087 3009.645962732919 151.11801242236024 181.45962732919256 163.0 193.3416149068323 
2770.049689440994 2798.9006211180126 162.62111801242236 191.472049689441 169.52173913043478 198.3726708074534 
2835.0062111801244 2863.8571428571427 140.36024844720498 169.2111801242236 196.0310559006211 224.88198757763976 
2440.745341614907 2468.0745341614906 106.13664596273291 133.46583850931677 140.0310559006211 167.36024844720498 
2697.577639751553 2725.807453416149 134.3726708074534 162.6024844720497 158.85093167701862 187.08074534161491 
2613.1428571428573 2641.248447204969 129.4223602484472 157.527950310559 160.87577639751552 188.98136645962734 
2653.1739130434785 2681.1242236024846 109.19875776397515 137.14906832298138 153.3913043478261 181.3416149068323 
2739.8385093167703 2768.223602484472 107.35403726708074 135.7391304347826 158.6273291925466 187.01242236024845 
2734.055900621118 2762.1304347826085 101.11180124223603 129.1863354037267 142.472049689441 170.54658385093168 
2759.1428571428573 2788.4596273291927 125.11180124223603 154.42857142857142 182.27950310559007 211.59627329192546 
2709.4285714285716 2738.6211180124224 159.7950310559006 188.98757763975155 150.82608695652175 180.01863354037266 
2748.0993788819874 2777.9751552795033 116.67701863354037 146.5527950310559 153.34782608695653 183.22360248447205 
2321.509316770186 2348.1552795031057 113.72670807453416 140.3726708074534 141.1055900621118 167.75155279503105 
2740.919254658385 2769.894409937888 129.6086956521739 158.583850931677 168.65217391304347 197.6273291925466 
2506.7080745341614 2535.527950310559 119.91304347826087 148.73291925465838 160.96273291925465 189.7826086956522 
2840.9627329192544 2870.4658385093167 109.42857142857143 138.93167701863354 163.47826086956522 192.98136645962734 
2692.832298136646 2721.217391304348 130.9689440993789 159.35403726708074 160.93788819875778 189.32298136645963 
2586.0062111801244 2613.801242236025 111.75776397515529 139.5527950310559 143.80124223602485 171.59627329192546 
2667.521739130435 2696.714285714286 124.05590062111801 153.24844720496895 168.85714285714286 198.0496894409938 
2665.304347826087 2693.3167701863354 107.90683229813665 135.91925465838509 154.09316770186336 182.1055900621118 
2613.527950310559 2641.0124223602484 105.9192546583851 133.40372670807454 140.45341614906832 167.93788819875778 
2705.55900621118 2734.5962732919256 138.49068322981367 167.527950310559 191.30434782608697 220.3416149068323 
2894.3975155279504 2923.4347826086955 129.22360248447205 158.2608695652174 173.80745341614906 202.8447204968944 
2307.3664596273293 2335.3167701863354 106.74534161490683 134.69565217391303 135.8447204968944 163.7950310559006 
2894.1552795031057 2923.9378881987577 120.2919254658385 150.07453416149067 176.17391304347825 205.95652173913044 
2523.3291925465837 2552.3975155279504 180.50310559006212 209.57142857142858 201.24844720496895 230.3167701863354 
2757.782608695652 2785.6708074534163 113.36645962732919 141.25465838509317 133.8385093167702 161.72670807453417 
2620.5652173913045 2648.3291925465837 123.5527950310559 151.3167701863354 143.49068322981367 171.25465838509317 
2551.6211180124224 2579.2298136645963 120.3975155279503 148.0062111801242 176.62111801242236 204.22981366459626 
2534.950310559006 2562.807453416149 110.98136645962732 138.8385093167702 166.472049689441 194.32919254658384 
2622.5403726708073 2649.8695652173915 122.2919254658385 149.62111801242236 138.9689440993789 166.29813664596273 
2448.273291925466 2475.7888198757764 131.3913043478261 158.90683229813664 153.45962732919256 180.9751552795031 
2732.664596273292 2761.7639751552797 116.11180124223603 145.2111801242236 135.5527950310559 164.65217391304347 
2375.422360248447 2403.186335403727 112.54658385093168 140.31055900621118 157.37888198757764 185.14285714285714 
2641.503105590062 2670.167701863354 172.54658385093168 201.2111801242236 222.83229813664596 251.49689440993788 
2546.9627329192544 2574.136645962733 124.05590062111801 151.22981366459626 146.0 173.17391304347825 
2637.3788819875776 2665.981366459627 156.52173913043478 185.12422360248448 187.40993788819875 216.01242236024845 
2654.726708074534 2683.049689440994 117.22981366459628 145.5527950310559 143.70186335403727 172.0248447204969 
2663.7204968944097 2692.695652173913 125.6086956521739 154.583850931677 139.09316770186336 168.06832298136646 
2606.5652173913045 2633.1801242236024 154.59627329192546 181.2111801242236 137.59006211180125 164.2049689440994 
2803.031055900621 2831.136645962733 110.62732919254658 138.73291925465838 174.30434782608697 202.40993788819875 
2635.273291925466 2663.6894409937886 98.87577639751552 127.2919254658385 145.24223602484471 173.6583850931677 
2520.223602484472 2548.111801242236 115.7080745341615 143.59627329192546 146.1552795031056 174.04347826086956 
2400.2919254658386 2428.2422360248447 100.28571428571429 128.2360248447205 137.8385093167702 165.7888198757764 
2764.0621118012423 2793.0683229813662 136.36024844720498 165.3664596273292 191.85714285714286 220.86335403726707 
2338.3229813664598 2365.0 116.99378881987577 143.67080745341616 126.05590062111801 152.73291925465838 
