79.8913043478261 104.8913043478261 54.608695652173914 79.6086956521739 54.26086956521739 79.26086956521739 
100.97826086956522 127.5 60.369565217391305 86.8913043478261 55.91304347826087 82.43478260869566 
62.65217391304348 90.69565217391305 62.869565217391305 90.91304347826087 47.54347826086956 75.58695652173913 
70.28260869565217 95.6086956521739 66.21739130434783 91.54347826086956 42.67391304347826 68.0 
84.65217391304348 113.02173913043478 56.5 84.8695652173913 50.65217391304348 79.02173913043478 
73.73913043478261 101.02173913043478 55.45652173913044 82.73913043478261 51.47826086956522 78.76086956521739 
90.84782608695652 119.97826086956522 63.82608695652174 92.95652173913044 42.43478260869565 71.56521739130434 
88.08695652173913 117.0 61.47826086956522 90.3913043478261 52.84782608695652 81.76086956521739 
111.80434782608695 141.47826086956522 55.76086956521739 85.43478260869566 56.32608695652174 86.0 
65.6304347826087 92.91304347826087 51.26086956521739 78.54347826086956 39.32608695652174 66.6086956521739 
111.23913043478261 142.1086956521739 65.23913043478261 96.1086956521739 50.82608695652174 81.69565217391305 
71.52173913043478 98.04347826086956 56.45652173913044 82.97826086956522 45.21739130434783 71.73913043478261 
108.56521739130434 136.06521739130434 66.80434782608695 94.30434782608695 58.43478260869565 85.93478260869566 
99.19565217391305 128.65217391304347 57.47826086956522 86.93478260869566 46.71739130434783 76.17391304347827 
67.45652173913044 96.91304347826087 58.21739130434783 87.67391304347827 47.630434782608695 77.08695652173913 
141.08695652173913 172.6086956521739 57.630434782608695 89.15217391304348 59.47826086956522 91.0 
74.84782608695652 103.8695652173913 60.73913043478261 89.76086956521739 47.95652173913044 76.97826086956522 
62.608695652173914 89.67391304347827 51.5 78.56521739130434 47.52173913043478 74.58695652173913 
74.26086956521739 101.0 57.71739130434783 84.45652173913044 61.32608695652174 88.06521739130434 
77.80434782608695 104.54347826086956 60.73913043478261 87.47826086956522 43.0 69.73913043478261 
95.80434782608695 125.80434782608695 58.82608695652174 88.82608695652173 62.21739130434783 92.21739130434783 
54.91304347826087 82.41304347826087 56.41304347826087 83.91304347826087 38.17391304347826 65.67391304347827 
121.52173913043478 152.17391304347825 65.54347826086956 96.19565217391305 58.891304347826086 89.54347826086956 
63.369565217391305 91.73913043478261 57.391304347826086 85.76086956521739 46.391304347826086 74.76086956521739 
51.45652173913044 77.65217391304348 56.608695652173914 82.80434782608695 33.52173913043478 59.71739130434783 
92.97826086956522 121.1304347826087 56.73913043478261 84.8913043478261 50.891304347826086 79.04347826086956 
68.8695652173913 96.04347826086956 61.97826086956522 89.15217391304348 44.369565217391305 71.54347826086956 
81.19565217391305 111.73913043478261 60.67391304347826 91.21739130434783 51.869565217391305 82.41304347826087 
102.06521739130434 133.91304347826087 63.369565217391305 95.21739130434783 55.78260869565217 87.6304347826087 
73.41304347826087 104.17391304347827 51.67391304347826 82.43478260869566 53.30434782608695 84.06521739130434 
115.91304347826087 145.15217391304347 59.71739130434783 88.95652173913044 56.65217391304348 85.8913043478261 
107.1086956521739 137.32608695652175 65.43478260869566 95.65217391304348 46.43478260869565 76.65217391304348 
93.3695652173913 122.06521739130434 55.0 83.69565217391305 40.891304347826086 69.58695652173913 
72.82608695652173 99.23913043478261 52.19565217391305 78.6086956521739 44.54347826086956 70.95652173913044 
66.1304347826087 93.84782608695652 57.26086956521739 84.97826086956522 31.347826086956523 59.06521739130435 
93.34782608695652 121.17391304347827 57.28260869565217 85.1086956521739 57.06521739130435 84.8913043478261 
63.97826086956522 90.28260869565217 54.30434782608695 80.6086956521739 48.17391304347826 74.47826086956522 
86.19565217391305 115.1086956521739 52.65217391304348 81.56521739130434 53.869565217391305 82.78260869565217 
75.32608695652173 104.67391304347827 55.34782608695652 84.69565217391305 36.80434782608695 66.15217391304348 
113.08695652173913 142.32608695652175 62.78260869565217 92.02173913043478 60.869565217391305 90.1086956521739 
51.04347826086956 77.67391304347827 55.69565217391305 82.32608695652173 32.76086956521739 59.391304347826086 
118.34782608695652 146.3913043478261 55.02173913043478 83.06521739130434 60.02173913043478 88.06521739130434 
93.23913043478261 124.76086956521739 56.630434782608695 88.15217391304348 50.08695652173913 81.6086956521739 
58.21739130434783 85.6086956521739 55.65217391304348 83.04347826086956 38.41304347826087 65.80434782608695 
49.93478260869565 78.95652173913044 51.73913043478261 80.76086956521739 38.21739130434783 67.23913043478261 
63.80434782608695 91.08695652173913 46.47826086956522 73.76086956521739 42.97826086956522 70.26086956521739 
57.71739130434783 85.65217391304348 45.891304347826086 73.82608695652173 45.26086956521739 73.19565217391305 
90.47826086956522 118.73913043478261 57.69565217391305 85.95652173913044 54.08695652173913 82.34782608695652 
151.2608695652174 181.2608695652174 49.84782608695652 79.84782608695652 68.91304347826087 98.91304347826087 
49.76086956521739 76.17391304347827 51.23913043478261 77.65217391304348 41.71739130434783 68.1304347826087 
