572.1481481481482 600.2345679012345 69.87654320987654 97.96296296296296 79.0 107.08641975308642 
564.7407407407408 594.3703703703703 68.35802469135803 97.98765432098766 87.67901234567901 117.30864197530865 
534.2098765432099 561.679012345679 60.123456790123456 87.5925925925926 79.09876543209876 106.5679012345679 
513.1111111111111 541.1358024691358 75.96296296296296 103.98765432098766 84.46913580246914 112.49382716049382 
612.5308641975308 642.0370370370371 69.62962962962963 99.1358024691358 74.64197530864197 104.14814814814815 
465.9012345679012 492.69135802469134 69.90123456790124 96.69135802469135 71.20987654320987 98.0 
755.1111111111111 783.1975308641976 77.39506172839506 105.48148148148148 78.87654320987654 106.96296296296296 
562.0123456790124 589.9135802469136 67.08641975308642 94.98765432098766 77.37037037037037 105.27160493827161 
431.12345679012344 461.18518518518516 68.55555555555556 98.61728395061728 78.88888888888889 108.95061728395062 
399.91358024691357 427.5061728395062 67.04938271604938 94.64197530864197 75.12345679012346 102.71604938271605 
425.08641975308643 453.358024691358 69.8395061728395 98.11111111111111 67.88888888888889 96.1604938271605 
693.9876543209876 723.8024691358024 73.8395061728395 103.65432098765432 78.0 107.81481481481481 
446.7901234567901 475.4938271604938 73.32098765432099 102.0246913580247 71.34567901234568 100.04938271604938 
651.7777777777778 679.5555555555555 63.23456790123457 91.01234567901234 68.69135802469135 96.46913580246914 
530.1851851851852 558.395061728395 70.19753086419753 98.4074074074074 81.50617283950618 109.71604938271605 
474.51851851851853 501.74074074074076 65.03703703703704 92.25925925925925 78.28395061728395 105.50617283950618 
622.8518518518518 654.1481481481482 69.87654320987654 101.17283950617283 70.45679012345678 101.75308641975309 
580.2592592592592 608.8395061728395 66.22222222222223 94.80246913580247 65.14814814814815 93.72839506172839 
698.0370370370371 727.1111111111111 71.38271604938272 100.45679012345678 85.60493827160494 114.67901234567901 
295.6296296296296 320.5061728395062 68.71604938271605 93.5925925925926 69.45679012345678 94.33333333333333 
631.1604938271605 660.1728395061729 67.45679012345678 96.46913580246914 90.27160493827161 119.28395061728395 
577.925925925926 605.5802469135803 83.09876543209876 110.75308641975309 88.91358024691358 116.5679012345679 
470.44444444444446 497.91358024691357 63.17283950617284 90.64197530864197 90.82716049382717 118.29629629629629 
390.4567901234568 419.8395061728395 64.25925925925925 93.64197530864197 80.4074074074074 109.79012345679013 
536.5185185185185 564.6666666666666 75.38271604938272 103.53086419753086 76.62962962962963 104.77777777777777 
376.962962962963 403.9382716049383 68.95061728395062 95.92592592592592 66.14814814814815 93.12345679012346 
355.8395061728395 383.4938271604938 73.58024691358025 101.23456790123457 65.38271604938272 93.03703703703704 
513.8888888888889 541.9135802469136 71.08641975308642 99.11111111111111 79.27160493827161 107.29629629629629 
688.6296296296297 719.0 75.24691358024691 105.61728395061728 77.44444444444444 107.81481481481481 
736.2592592592592 765.8888888888889 67.79012345679013 97.41975308641975 65.29629629629629 94.92592592592592 
574.7777777777778 602.4320987654321 69.8641975308642 97.51851851851852 78.06172839506173 105.71604938271605 
517.1111111111111 545.8148148148148 77.04938271604938 105.75308641975309 74.34567901234568 103.04938271604938 
550.4320987654321 579.0123456790124 65.66666666666667 94.24691358024691 75.65432098765432 104.23456790123457 
491.8888888888889 522.0123456790124 63.18518518518518 93.30864197530865 78.50617283950618 108.62962962962963 
536.5308641975308 564.9876543209876 81.72839506172839 110.18518518518519 80.24691358024691 108.70370370370371 
493.7283950617284 521.074074074074 64.55555555555556 91.90123456790124 69.69135802469135 97.03703703703704 
502.3333333333333 531.5925925925926 64.34567901234568 93.60493827160494 76.76543209876543 106.0246913580247 
515.5061728395061 545.3827160493827 73.32098765432099 103.19753086419753 75.1358024691358 105.01234567901234 
468.08641975308643 497.65432098765433 75.46913580246914 105.03703703703704 74.91358024691358 104.48148148148148 
401.30864197530866 427.04938271604937 73.93827160493827 99.67901234567901 66.74074074074075 92.48148148148148 
423.74074074074076 449.1111111111111 70.80246913580247 96.17283950617283 81.17283950617283 106.54320987654322 
521.5679012345679 550.9506172839506 65.45679012345678 94.8395061728395 66.71604938271605 96.09876543209876 
668.1851851851852 698.2469135802469 62.18518518518518 92.24691358024691 78.46913580246914 108.53086419753086 
543.2469135802469 570.9629629629629 81.61728395061728 109.33333333333333 87.37037037037037 115.08641975308642 
437.358024691358 464.8888888888889 66.85185185185185 94.38271604938272 73.88888888888889 101.41975308641975 
431.2098765432099 459.6666666666667 69.4320987654321 97.88888888888889 71.39506172839506 99.85185185185185 
345.9259259259259 373.0246913580247 66.88888888888889 93.98765432098766 78.49382716049382 105.5925925925926 
504.4074074074074 532.6172839506173 66.58024691358025 94.79012345679013 71.64197530864197 99.85185185185185 
619.283950617284 647.0617283950618 73.72839506172839 101.50617283950618 81.53086419753086 109.30864197530865 
570.7654320987655 599.4074074074074 72.06172839506173 100.70370370370371 73.03703703703704 101.67901234567901 
