34.4375 64.4375 51.1875 81.1875 28.1875 58.1875 
54.1875 80.125 55.25 81.1875 43.5625 69.5 
32.0 56.375 48.25 72.625 24.8125 49.1875 
31.125 58.3125 34.25 61.4375 26.125 53.3125 
35.1875 65.1875 41.125 71.125 23.9375 53.9375 
42.5625 74.4375 44.5625 76.4375 36.0 67.875 
47.25 78.8125 48.6875 80.25 38.5 70.0625 
36.125 63.9375 46.0 73.8125 31.125 58.9375 
37.4375 69.0 47.625 79.1875 32.4375 64.0 
33.0 61.4375 44.1875 72.625 28.0 56.4375 
30.0 62.5 47.5 80.0 25.0 57.5 
32.875 56.9375 50.8125 74.875 28.5 52.5625 
37.125 66.8125 47.625 77.3125 29.625 59.3125 
43.375 72.75 56.0625 85.4375 39.0 68.375 
44.75 73.5 48.375 77.125 30.375 59.125 
32.375 62.375 40.875 70.875 21.125 51.125 
38.4375 62.5 45.25 69.3125 32.8125 56.875 
28.9375 56.75 40.75 68.5625 24.5625 52.375 
32.875 59.4375 43.875 70.4375 27.875 54.4375 
43.3125 71.75 60.25 88.6875 30.1875 58.625 
35.0625 63.1875 59.9375 88.0625 27.25 55.375 
45.125 73.25 39.25 67.375 36.375 64.5 
25.375 52.25 50.9375 77.8125 20.375 47.25 
28.1875 56.3125 42.4375 70.5625 22.5625 50.6875 
46.3125 73.5 49.9375 77.125 37.125 64.3125 
34.9375 69.3125 55.875 90.25 21.8125 56.1875 
27.0625 56.125 57.0 86.0625 22.0625 51.125 
29.9375 59.9375 64.9375 94.9375 24.3125 54.3125 
42.625 75.4375 55.3125 88.125 38.25 71.0625 
40.1875 70.8125 44.3125 74.9375 30.8125 61.4375 
26.6875 50.75 52.875 76.9375 21.6875 45.75 
35.25 59.9375 50.5 75.1875 24.5625 49.25 
37.25 68.1875 45.125 76.0625 30.375 61.3125 
27.6875 51.75 49.0625 73.125 22.6875 46.75 
37.9375 65.4375 49.875 77.375 30.4375 57.9375 
32.5 63.4375 57.8125 88.75 27.5 58.4375 
33.75 58.125 37.625 62.0 28.75 53.125 
20.5625 46.8125 63.375 89.625 14.9375 41.1875 
32.625 58.5625 45.875 71.8125 27.625 53.5625 
25.25 53.375 45.4375 73.5625 20.25 48.375 
30.4375 53.875 51.875 75.3125 25.4375 48.875 
31.375 57.3125 43.3125 69.25 23.875 49.8125 
29.4375 52.875 47.6875 71.125 23.8125 47.25 
30.8125 57.0625 46.8125 73.0625 23.3125 49.5625 
29.375 56.5625 47.1875 74.375 25.0 52.1875 
26.5 52.125 58.375 84.0 21.5 47.125 
48.5 76.0 49.875 77.375 32.25 59.75 
41.375 70.125 57.3125 86.0625 33.875 62.625 
36.4375 63.625 54.3125 81.5 29.5625 56.75 
29.8125 63.5625 42.75 76.5 24.1875 57.9375 
