4043.6858407079644 4070.9424778761063 296.7433628318584 324.0 348.1991150442478 375.45575221238937 
4439.225663716814 4468.20796460177 313.87610619469024 342.85840707964604 369.1814159292035 398.1637168141593 
4318.331858407079 4346.6061946902655 409.3053097345133 437.57964601769913 355.10176991150445 383.37610619469024 
4301.827433628318 4330.168141592921 290.2212389380531 318.5619469026549 367.44690265486724 395.78761061946904 
4050.150442477876 4077.097345132743 269.9380530973451 296.88495575221236 298.2920353982301 325.23893805309734 
4346.092920353983 4373.969026548672 228.19026548672565 256.06637168141594 250.3849557522124 278.26106194690266 
4340.712389380531 4368.5 230.79646017699116 258.5840707964602 256.15486725663715 283.9424778761062 
4194.805309734514 4222.814159292036 278.9424778761062 306.9513274336283 315.69026548672565 343.6991150442478 
4166.261061946902 4193.3185840707965 286.27433628318585 313.33185840707966 297.146017699115 324.20353982300884 
4229.924778761062 4257.734513274337 333.29646017699116 361.1061946902655 314.92477876106193 342.7345132743363 
4461.41592920354 4489.911504424779 291.0973451327434 319.5929203539823 286.72566371681415 315.2212389380531 
4612.345132743363 4641.946902654868 249.91592920353983 279.51769911504425 327.92035398230087 357.5221238938053 
4361.66371681416 4390.137168141593 344.10176991150445 372.57522123893807 325.7345132743363 354.2079646017699 
4346.9646017699115 4374.8185840707965 284.35840707964604 312.21238938053096 294.353982300885 322.2079646017699 
4431.637168141593 4460.199115044248 336.85840707964604 365.42035398230087 328.8938053097345 357.45575221238937 
4541.150442477876 4569.557522123894 410.49557522123894 438.9026548672566 343.3628318584071 371.7699115044248 
4326.41592920354 4353.738938053098 275.7787610619469 303.10176991150445 328.76106194690266 356.0840707964602 
4314.659292035398 4343.221238938053 299.86725663716817 328.429203539823 387.8008849557522 416.3628318584071 
4283.991150442478 4312.243362831859 314.07522123893807 342.3274336283186 318.6814159292035 346.93362831858406 
4644.646017699115 4672.3893805309735 396.29646017699116 424.03982300884957 435.0 462.7433628318584 
4346.048672566371 4374.5 260.05309734513276 288.50442477876106 238.21681415929203 266.66814159292034 
4417.212389380531 4445.70796460177 310.0486725663717 338.54424778761063 387.3893805309734 415.88495575221236 
4575.017699115044 4604.685840707964 219.61946902654867 249.28761061946904 298.86725663716817 328.5353982300885 
4581.128318584071 4609.1814159292035 342.03097345132744 370.0840707964602 363.5619469026549 391.61504424778764 
4308.769911504425 4337.331858407079 283.96017699115043 312.5221238938053 349.9646017699115 378.5265486725664 
4750.654867256637 4779.592920353983 324.0840707964602 353.0221238938053 356.27433628318585 385.21238938053096 
4641.411504424779 4670.261061946902 338.4734513274336 367.32300884955754 343.5353982300885 372.38495575221236 
4399.017699115044 4427.845132743363 244.52654867256638 273.353982300885 281.2300884955752 310.0575221238938 
4445.615044247787 4473.5353982300885 293.8008849557522 321.7212389380531 411.7654867256637 439.6858407079646 
4256.026548672567 4282.309734513275 453.6946902654867 479.9778761061947 342.75221238938053 369.0353982300885 
4263.115044247787 4290.592920353983 232.98230088495575 260.46017699115043 274.929203539823 302.4070796460177 
4156.694690265486 4183.243362831859 299.7300884955752 326.2787610619469 280.32300884955754 306.87168141592923 
4549.977876106194 4578.827433628318 247.45575221238937 276.3053097345133 291.570796460177 320.42035398230087 
4678.269911504425 4706.743362831859 331.5973451327434 360.070796460177 370.5265486725664 399.0 
4272.508849557522 4301.004424778761 292.2787610619469 320.77433628318585 345.6504424778761 374.146017699115 
4459.933628318584 4488.3185840707965 323.3141592920354 351.6991150442478 346.12831858407077 374.5132743362832 
4453.694690265486 4482.45575221239 330.8274336283186 359.58849557522126 405.8628318584071 434.62389380530976 
4537.486725663717 4566.1814159292035 416.0088495575221 444.70353982300884 457.04424778761063 485.73893805309734 
4464.738938053098 4493.256637168141 324.2300884955752 352.74778761061947 335.5353982300885 364.05309734513276 
4290.579646017699 4318.699115044248 262.1725663716814 290.2920353982301 331.99557522123894 360.11504424778764 
4379.858407079646 4407.778761061947 233.10619469026548 261.0265486725664 313.53097345132744 341.4513274336283 
4612.438053097345 4640.95575221239 327.22566371681415 355.7433628318584 313.58849557522126 342.1061946902655 
4128.026548672567 4156.433628318584 293.16814159292034 321.57522123893807 315.5929203539823 344.0 
4528.3893805309735 4556.840707964602 317.6725663716814 346.12389380530976 342.1504424778761 370.60176991150445 
4477.460176991151 4506.685840707964 332.7079646017699 361.93362831858406 392.6814159292035 421.9070796460177 
4459.442477876106 4488.446902654868 233.3716814159292 262.37610619469024 345.8141592920354 374.8185840707965 
4313.725663716814 4342.287610619469 251.0929203539823 279.65486725663715 278.1946902654867 306.7566371681416 
4338.685840707964 4366.849557522124 336.6946902654867 364.85840707964604 412.22566371681415 440.3893805309734 
4429.097345132744 4458.721238938053 264.3628318584071 293.9867256637168 335.2920353982301 364.9159292035398 
4222.632743362832 4250.730088495575 331.5353982300885 359.63274336283183 323.1637168141593 351.26106194690266 
