11305.862660944205 11334.714592274679 1897.0622317596567 1925.9141630901288 1927.2575107296138 1956.109442060086 
11216.12660944206 11245.118025751073 1908.8390557939915 1937.8304721030042 1844.3025751072962 1873.293991416309 
11139.869098712446 11168.935622317596 1777.8991416309013 1806.9656652360516 1706.9291845493563 1735.9957081545065 
10941.375536480688 10969.701716738198 1791.3562231759656 1819.6824034334763 1768.6716738197424 1796.9978540772531 
11469.81330472103 11499.008583690988 1998.7317596566525 2027.9270386266094 1803.0321888412018 1832.2274678111587 
11103.841201716737 11132.424892703862 1911.8218884120172 1940.4055793991417 1778.1330472103004 1806.716738197425 
11090.197424892704 11118.888412017168 2028.1845493562232 2056.8755364806866 1737.5364806866953 1766.2274678111587 
11286.25321888412 11314.611587982832 1949.4227467811158 1977.7811158798283 1916.9828326180257 1945.3412017167382 
10840.431330472104 10868.09227467811 1809.7038626609442 1837.3648068669527 1817.8347639484978 1845.4957081545065 
10980.60729613734 11009.04077253219 2039.736051502146 2068.1695278969955 1840.8862660944205 1869.3197424892703 
11333.281115879829 11362.530042918455 2049.8004291845496 2079.049356223176 1805.1051502145922 1834.354077253219 
11156.463519313305 11185.175965665236 1828.1866952789699 1856.8991416309013 1656.0128755364806 1684.725321888412 
10783.238197424893 10811.414163090129 1843.8004291845493 1871.9763948497855 1583.6030042918455 1611.7789699570815 
11032.90772532189 11059.957081545064 1998.8605150214592 2025.9098712446353 1784.4527896995708 1811.5021459227469 
11379.469957081545 11408.547210300429 1929.5429184549357 1958.6201716738196 1856.6587982832618 1885.736051502146 
10983.356223175966 11011.950643776823 1862.343347639485 1890.9377682403433 1917.9484978540772 1946.5429184549357 
10945.010729613734 10973.208154506437 1811.0858369098712 1839.283261802575 1675.0965665236051 1703.293991416309 
11017.652360515021 11044.87339055794 2046.8412017167382 2074.0622317596567 1837.8669527896996 1865.087982832618 
10818.403433476395 10846.472103004291 1803.5171673819743 1831.5858369098712 1791.343347639485 1819.412017167382 
11184.74678111588 11213.083690987125 1934.3326180257511 1962.6695278969958 1777.9442060085837 1806.2811158798283 
10815.023605150214 10842.92060085837 1621.0858369098712 1648.9828326180257 1587.7703862660944 1615.6673819742489 
10785.847639484979 10813.551502145923 1844.3605150214592 1872.0643776824033 1722.2210300429185 1749.9248927038627 
10720.360515021459 10748.418454935621 1768.8841201716739 1796.9420600858368 1635.4678111587982 1663.5257510729614 
11173.070815450645 11202.276824034334 1967.4055793991417 1996.6115879828326 1825.1523605150214 1854.3583690987125 
11296.564377682404 11325.62017167382 1915.5128755364806 1944.568669527897 1976.5858369098712 2005.6416309012875 
10755.006437768241 10783.085836909871 1950.656652360515 1978.736051502146 1692.6244635193134 1720.7038626609442 
10939.957081545064 10967.950643776823 1785.3047210300429 1813.2982832618027 1802.6394849785408 1830.6330472103004 
11036.07939914163 11064.577253218884 1958.6695278969958 1987.1673819742489 1811.1652360515022 1839.6630901287554 
11037.684549356223 11065.860515021459 1830.6652360515022 1858.8412017167382 1858.392703862661 1886.568669527897 
10991.057939914162 11019.072961373391 1907.9678111587982 1935.9828326180257 1728.0321888412018 1756.0472103004292 
10871.577253218884 10899.484978540773 1713.7274678111587 1741.6351931330473 1704.4742489270386 1732.381974248927 
11037.405579399141 11066.139484978541 1847.412017167382 1876.145922746781 1683.392703862661 1712.12660944206 
11049.289699570816 11077.723175965666 1949.137339055794 1977.5708154506437 1887.6587982832618 1916.0922746781116 
11241.594420600859 11270.381974248927 1910.1051502145922 1938.892703862661 1790.0708154506437 1818.8583690987125 
10593.736051502146 10620.828326180257 1769.8991416309013 1796.991416309013 1772.12660944206 1799.2188841201717 
10603.736051502146 10631.944206008584 1936.6716738197424 1964.8798283261804 1614.3798283261804 1642.587982832618 
10741.291845493563 10769.993562231759 1687.5042918454935 1716.206008583691 1636.4849785407725 1665.1866952789699 
10913.135193133046 10941.87982832618 1919.4978540772531 1948.2424892703862 1603.049356223176 1631.793991416309 
11041.270386266095 11069.09227467811 1906.6137339055795 1934.4356223175967 1823.0515021459228 1850.87339055794 
11288.742489270386 11317.122317596566 1961.8991416309013 1990.2789699570815 1944.0214592274679 1972.401287553648 
11311.10729613734 11340.141630901287 1874.2682403433475 1903.3025751072962 1697.931330472103 1726.9656652360516 
10970.469957081545 10998.763948497854 1837.881974248927 1866.1759656652362 1882.3154506437768 1910.609442060086 
11397.927038626609 11427.122317596566 1997.5515021459228 2026.74678111588 1872.390557939914 1901.5858369098712 
10790.965665236052 10818.927038626609 1904.6609442060085 1932.6223175965665 1700.0643776824033 1728.0257510729614 
11096.886266094421 11125.019313304721 1857.736051502146 1885.8690987124464 1667.293991416309 1695.4270386266094 
11195.167381974248 11223.912017167382 1968.0944206008583 1996.8390557939915 1873.3648068669527 1902.109442060086 
11254.69957081545 11282.328326180257 1828.6909871244636 1856.3197424892703 1748.1115879828326 1775.7403433476395 
10973.869098712446 11001.787553648068 1725.5407725321888 1753.4592274678112 1712.0021459227469 1739.9206008583692 
11063.356223175966 11091.242489270386 1827.7918454935623 1855.6781115879828 1609.9656652360516 1637.851931330472 
10791.027896995709 10819.600858369098 1934.8562231759656 1963.4291845493563 1770.6416309012875 1799.2145922746781 
