9393.204379562043 9421.586374695864 1581.087591240876 1609.4695863746958 1285.552311435523 1313.934306569343 
9398.121654501216 9426.710462287105 1410.5304136253042 1439.1192214111923 1385.5304136253042 1414.1192214111923 
9645.89294403893 9674.603406326034 1434.9221411192214 1463.632603406326 1450.844282238443 1479.5547445255474 
9523.323600973235 9551.778588807785 1490.2335766423357 1518.6885644768856 1510.7080291970804 1539.1630170316303 
9672.318734793187 9700.72506082725 1434.2019464720195 1462.6082725060828 1452.4768856447688 1480.8832116788321 
9906.695863746958 9935.418491484184 1633.021897810219 1661.7445255474452 1658.0705596107057 1686.793187347932 
9901.104622871046 9930.277372262773 1474.4963503649635 1503.669099756691 1483.1119221411193 1512.2846715328467 
9062.754257907543 9091.12408759124 1486.3041362530414 1514.6739659367397 1502.3041362530414 1530.6739659367397 
9582.985401459853 9611.939172749391 1458.243309002433 1487.197080291971 1588.61800486618 1617.5717761557178 
9408.83698296837 9437.425790754258 1516.257907542579 1544.846715328467 1405.734793187348 1434.323600973236 
9350.856447688564 9378.812652068127 1410.8953771289537 1438.851581508516 1304.3722627737227 1332.3284671532847 
9396.776155717762 9424.987834549878 1581.5401459854015 1609.7518248175184 1473.8686131386862 1502.0802919708028 
9649.807785888077 9678.664233576643 1529.367396593674 1558.2238442822384 1285.7810218978102 1314.6374695863747 
9931.01703163017 9959.995133819952 1617.9002433090025 1646.8783454987833 1510.6642335766423 1539.6423357664235 
9912.391727493918 9941.52798053528 1604.0778588807786 1633.2141119221412 1524.2773722627737 1553.4136253041363 
9707.530413625303 9735.717761557178 1434.654501216545 1462.8418491484185 1551.8248175182482 1580.0121654501218 
9295.45498783455 9323.47201946472 1656.5304136253042 1684.5474452554745 1551.9878345498782 1580.0048661800486 
9272.766423357663 9300.479318734793 1559.4501216545011 1587.1630170316303 1369.8832116788321 1397.596107055961 
9706.350364963504 9734.963503649635 1640.065693430657 1668.6788321167883 1405.2676399026764 1433.8807785888077 
9426.695863746958 9454.72506082725 1393.7883211678832 1421.8175182481752 1323.1070559610705 1351.1362530413626 
9522.158150851581 9550.588807785887 1539.9951338199514 1568.4257907542578 1263.6058394160584 1292.036496350365 
9283.598540145986 9311.311435523114 1430.4257907542578 1458.1386861313867 1433.5377128953771 1461.250608272506 
9259.902676399026 9287.737226277372 1531.3333333333333 1559.1678832116788 1295.0 1322.8345498783456 
9249.934306569343 9277.671532846716 1517.8296836982968 1545.5669099756692 1269.8734793187348 1297.610705596107 
9549.260340632603 9577.654501216544 1424.352798053528 1452.7469586374696 1306.0608272506083 1334.45498783455 
9746.01703163017 9774.277372262773 1515.9221411192214 1544.1824817518248 1381.7226277372263 1409.9829683698297 
9715.84914841849 9744.7299270073 1424.676399026764 1453.5571776155718 1345.447688564477 1374.3284671532847 
9757.094890510949 9786.279805352799 1448.0486618004866 1477.2335766423357 1314.698296836983 1343.8832116788321 
9264.717761557178 9292.296836982969 1482.4525547445255 1510.0316301703162 1415.508515815085 1443.087591240876 
9446.082725060827 9474.34306569343 1454.3576642335765 1482.61800486618 1412.6885644768856 1440.948905109489 
9326.267639902677 9353.737226277372 1476.491484184915 1503.9610705596108 1304.7469586374696 1332.2165450121654 
9383.026763990267 9410.970802919708 1506.3917274939172 1534.3357664233577 1325.7639902676399 1353.7080291970804 
9639.625304136252 9667.861313868612 1589.844282238443 1618.0802919708028 1422.5571776155718 1450.793187347932 
9437.484184914842 9465.92700729927 1507.5206812652068 1535.963503649635 1412.411192214112 1440.85401459854 
9420.654501216544 9448.40389294404 1363.734793187348 1391.4841849148418 1204.9002433090025 1232.6496350364964 
9534.014598540147 9562.481751824818 1453.8929440389295 1482.360097323601 1447.1654501216544 1475.632603406326 
9606.576642335767 9634.216545012165 1425.5742092457422 1453.2141119221412 1418.4136253041363 1446.0535279805354 
9553.79805352798 9582.69099756691 1456.6253041362531 1485.5182481751824 1249.9172749391728 1278.8102189781023 
9441.114355231144 9469.739659367397 1337.7737226277372 1366.3990267639904 1328.8880778588807 1357.5133819951338 
9444.540145985402 9473.019464720195 1538.9197080291972 1567.3990267639904 1485.2822384428223 1513.7615571776155 
9331.880778588808 9359.447688564476 1426.8102189781023 1454.3771289537713 1359.265206812652 1386.8321167883212 
9751.610705596107 9779.627737226278 1681.065693430657 1709.0827250608272 1608.7518248175184 1636.7688564476887 
9404.936739659368 9433.476885644768 1330.0121654501218 1358.552311435523 1394.4136253041363 1422.9537712895378 
9667.111922141119 9695.299270072992 1423.0267639902677 1451.2141119221412 1349.6788321167883 1377.8661800486618 
9379.742092457422 9408.075425790754 1380.7518248175184 1409.0851581508516 1452.4793187347932 1480.8126520681265 
9066.987834549878 9094.05596107056 1465.8272506082726 1492.8953771289537 1372.7664233576643 1399.8345498783456 
9600.265206812652 9629.352798053527 1392.890510948905 1421.978102189781 1355.1435523114355 1384.2311435523113 
9801.70802919708 9830.734793187348 1523.4647201946473 1552.491484184915 1395.2238442822384 1424.250608272506 
9524.907542579076 9553.119221411192 1553.0681265206813 1581.2798053527981 1403.9221411192214 1432.1338199513382 
9805.576642335767 9834.846715328467 1475.4355231143552 1504.705596107056 1335.4184914841849 1364.6885644768856 
