2143.0 2170.568493150685 110.26027397260275 137.82876712328766 137.93150684931507 165.5 
2197.2397260273974 2225.904109589041 105.34246575342466 134.0068493150685 164.9794520547945 193.64383561643837 
2302.2123287671234 2330.6369863013697 130.73287671232876 159.15753424657535 163.513698630137 191.93835616438355 
2594.027397260274 2623.0342465753424 117.06849315068493 146.07534246575344 150.73287671232876 179.73972602739727 
2183.568493150685 2211.4109589041095 108.58904109589041 136.43150684931507 163.5 191.34246575342465 
2416.431506849315 2446.3630136986303 110.98630136986301 140.91780821917808 143.0068493150685 172.93835616438355 
2381.582191780822 2409.6643835616437 134.03424657534248 162.1164383561644 148.5 176.58219178082192 
2096.650684931507 2124.1849315068494 98.32191780821918 125.85616438356165 118.78767123287672 146.32191780821918 
2222.5890410958905 2251.527397260274 105.9931506849315 134.93150684931507 130.87671232876713 159.81506849315068 
2149.458904109589 2177.6438356164385 101.78082191780823 129.96575342465752 140.41780821917808 168.6027397260274 
2159.253424657534 2187.2328767123286 99.73972602739725 127.71917808219177 129.32191780821918 157.3013698630137 
2260.5342465753424 2289.746575342466 107.92465753424658 137.13698630136986 135.87671232876713 165.08904109589042 
2167.1575342465753 2196.2328767123286 117.35616438356165 146.43150684931507 144.62328767123287 173.6986301369863 
2388.8561643835615 2415.6027397260273 93.12328767123287 119.86986301369863 123.51369863013699 150.26027397260273 
2328.417808219178 2357.904109589041 114.71232876712328 144.1986301369863 148.486301369863 177.97260273972603 
2106.205479452055 2134.2876712328766 125.28082191780823 153.36301369863014 159.2876712328767 187.36986301369862 
2117.6643835616437 2144.376712328767 115.62328767123287 142.33561643835617 130.84246575342465 157.55479452054794 
2387.0753424657532 2416.390410958904 109.63013698630137 138.94520547945206 136.9041095890411 166.21917808219177 
2212.095890410959 2240.9657534246576 108.68493150684931 137.55479452054794 143.12328767123287 171.9931506849315 
2151.6027397260273 2180.609589041096 119.32876712328768 148.33561643835617 126.87671232876713 155.8835616438356 
2175.2328767123286 2204.1027397260273 108.23972602739725 137.1095890410959 145.15068493150685 174.0205479452055 
2233.123287671233 2262.917808219178 112.55479452054794 142.34931506849315 137.75342465753425 167.54794520547946 
2109.3356164383563 2138.890410958904 114.57534246575342 144.13013698630138 166.18493150684932 195.73972602739727 
2165.054794520548 2193.5479452054797 119.61643835616438 148.1095890410959 168.54794520547946 197.04109589041096 
2187.5753424657532 2215.417808219178 99.06164383561644 126.9041095890411 127.5068493150685 155.34931506849315 
2143.027397260274 2171.794520547945 109.17123287671232 137.93835616438355 127.75342465753425 156.5205479452055 
2383.650684931507 2412.8630136986303 99.0 128.2123287671233 128.3082191780822 157.5205479452055 
2299.2397260273974 2329.376712328767 106.45890410958904 136.5958904109589 146.77397260273972 176.91095890410958 
2196.0616438356165 2224.2123287671234 116.23287671232876 144.3835616438356 157.77397260273972 185.92465753424656 
2204.849315068493 2232.6917808219177 99.36986301369863 127.21232876712328 143.83561643835617 171.67808219178082 
2533.253424657534 2563.219178082192 108.3972602739726 138.36301369863014 141.06164383561645 171.02739726027397 
2193.294520547945 2221.4794520547944 103.1027397260274 131.2876712328767 147.486301369863 175.67123287671234 
2591.828767123288 2621.349315068493 121.36986301369863 150.8904109589041 143.8835616438356 173.4041095890411 
2331.082191780822 2361.013698630137 90.53424657534246 120.46575342465754 131.04109589041096 160.97260273972603 
2285.4520547945203 2314.4246575342468 101.3082191780822 130.28082191780823 126.41095890410959 155.3835616438356 
2306.013698630137 2334.3698630136987 120.38356164383562 148.73972602739727 133.68493150684932 162.04109589041096 
2201.6164383561645 2229.253424657534 115.6917808219178 143.32876712328766 125.4041095890411 153.04109589041096 
2228.171232876712 2255.294520547945 111.12328767123287 138.24657534246575 147.2123287671233 174.33561643835617 
2191.246575342466 2219.328767123288 85.92465753424658 114.0068493150685 128.5068493150685 156.58904109589042 
1841.5205479452054 1868.8150684931506 103.23287671232876 130.52739726027397 139.6164383561644 166.91095890410958 
2528.417808219178 2557.1164383561645 98.84931506849315 127.54794520547945 141.77397260273972 170.47260273972603 
2167.705479452055 2195.068493150685 104.23972602739725 131.6027397260274 114.0 141.36301369863014 
2525.123287671233 2553.7876712328766 123.65068493150685 152.31506849315068 136.8082191780822 165.47260273972603 
2425.0068493150684 2454.0479452054797 130.5958904109589 159.63698630136986 165.8972602739726 194.93835616438355 
2258.3835616438355 2287.321917808219 100.21917808219177 129.15753424657535 130.43835616438355 159.37671232876713 
2146.3835616438355 2174.294520547945 97.04794520547945 124.95890410958904 128.72602739726028 156.63698630136986 
2156.458904109589 2185.1575342465753 112.18493150684931 140.8835616438356 138.1027397260274 166.8013698630137 
2214.3356164383563 2243.3082191780823 107.45205479452055 136.42465753424656 132.96575342465752 161.93835616438355 
2453.027397260274 2481.280821917808 111.63698630136986 139.8904109589041 171.8082191780822 200.06164383561645 
1980.3835616438357 2008.36301369863 93.91095890410959 121.89041095890411 128.6986301369863 156.67808219178082 
