5915.666666666667 5944.507246376812 523.231884057971 552.072463768116 539.2536231884058 568.0942028985507 
5910.778985507246 5939.420289855072 689.0833333333334 717.7246376811594 634.8369565217391 663.4782608695652 
5601.746376811594 5630.152173913043 586.2717391304348 614.677536231884 622.1449275362319 650.5507246376811 
5691.126811594203 5719.460144927536 533.3586956521739 561.6920289855072 517.6123188405797 545.945652173913 
5843.782608695652 5872.695652173913 611.3369565217391 640.25 640.268115942029 669.1811594202899 
6125.123188405797 6153.673913043478 519.5507246376811 548.1014492753624 583.5289855072464 612.0797101449275 
5791.54347826087 5820.202898550725 552.0978260869565 580.7572463768116 538.8260869565217 567.4855072463768 
5924.163043478261 5953.365942028986 550.1920289855072 579.3949275362319 485.286231884058 514.4891304347826 
5865.539855072464 5893.963768115942 624.9094202898551 653.3333333333334 591.2282608695652 619.6521739130435 
5472.605072463768 5500.322463768116 536.3949275362319 564.1123188405797 502.8949275362319 530.6123188405797 
6169.188405797101 6198.826086956522 669.6268115942029 699.2644927536232 723.572463768116 753.2101449275362 
5591.057971014493 5619.391304347826 497.8840579710145 526.2173913043479 560.2608695652174 588.5942028985507 
5503.032608695652 5531.45652173913 651.2282608695652 679.6521739130435 589.6630434782609 618.0869565217391 
5729.804347826087 5758.934782608696 506.44565217391306 535.5760869565217 452.34057971014494 481.4710144927536 
5761.228260869565 5789.742753623188 686.963768115942 715.4782608695652 723.5108695652174 752.0253623188406 
5743.873188405797 5772.170289855072 532.8405797101449 561.1376811594203 572.1340579710145 600.4311594202899 
5805.394927536232 5833.239130434783 473.32971014492756 501.17391304347825 514.5615942028985 542.4057971014493 
5951.985507246377 5981.134057971014 532.1413043478261 561.2898550724638 539.7753623188406 568.9239130434783 
5954.264492753623 5983.79347826087 619.5760869565217 649.1050724637681 505.713768115942 535.2427536231884 
5752.336956521739 5779.673913043478 636.9673913043479 664.304347826087 669.981884057971 697.3188405797101 
5769.561594202899 5798.003623188406 603.5942028985507 632.036231884058 498.3659420289855 526.8079710144928 
5898.579710144928 5926.586956521739 576.3804347826087 604.3876811594203 611.5507246376811 639.5579710144928 
5835.061594202899 5863.884057971014 483.9347826086956 512.7572463768116 440.9673913043478 469.78985507246375 
5719.489130434783 5747.768115942029 536.9311594202899 565.2101449275362 559.6340579710145 587.9130434782609 
5779.036231884058 5807.641304347826 523.6086956521739 552.213768115942 527.4057971014493 556.0108695652174 
5942.760869565217 5971.239130434783 561.7173913043479 590.195652173913 454.9347826086956 483.4130434782609 
5653.884057971014 5680.985507246377 489.80434782608694 516.9057971014493 517.3260869565217 544.427536231884 
6180.597826086957 6210.54347826087 648.963768115942 678.9094202898551 658.8586956521739 688.804347826087 
5851.221014492754 5879.445652173913 580.231884057971 608.4565217391304 602.8152173913044 631.0398550724638 
5857.467391304348 5885.275362318841 583.554347826087 611.3623188405797 644.2789855072464 672.0869565217391 
5637.123188405797 5664.731884057971 570.4057971014493 598.0144927536232 505.71014492753625 533.3188405797101 
5741.992753623188 5769.547101449275 583.9420289855072 611.4963768115942 512.3913043478261 539.945652173913 
5462.376811594203 5489.04347826087 602.3007246376811 628.9673913043479 641.072463768116 667.7391304347826 
5945.086956521739 5973.257246376812 557.8369565217391 586.0072463768116 562.0434782608696 590.213768115942 
5622.427536231884 5649.619565217391 640.0072463768116 667.1992753623189 645.5434782608696 672.7355072463768 
6069.75 6099.278985507246 564.0688405797101 593.5978260869565 627.7572463768116 657.286231884058 
6137.420289855072 6166.695652173913 601.677536231884 630.9528985507246 574.4130434782609 603.6884057971015 
5544.351449275362 5571.471014492754 648.7753623188406 675.8949275362319 592.1050724637681 619.2246376811594 
5771.170289855072 5799.177536231884 588.0398550724638 616.0471014492754 610.7355072463768 638.7427536231884 
5652.829710144928 5680.655797101449 549.3985507246376 577.2246376811594 595.8731884057971 623.6992753623189 
5778.442028985507 5806.286231884058 516.554347826087 544.3985507246376 531.6304347826087 559.4746376811594 
5424.768115942029 5452.286231884058 564.713768115942 592.231884057971 657.5942028985507 685.1123188405797 
6099.822463768116 6129.278985507246 539.1739130434783 568.6304347826087 631.8876811594203 661.3442028985507 
5717.858695652174 5746.391304347826 502.0507246376812 530.5833333333334 550.6123188405797 579.1449275362319 
5465.728260869565 5493.065217391304 550.9891304347826 578.3260869565217 604.5688405797101 631.9057971014493 
5840.402173913043 5868.119565217391 643.7246376811594 671.4420289855072 587.9746376811594 615.6920289855072 
5796.43115942029 5825.072463768116 461.9710144927536 490.6123188405797 555.5978260869565 584.2391304347826 
5596.942028985507 5623.826086956522 656.786231884058 683.6702898550725 618.1014492753624 644.9855072463768 
5865.474637681159 5893.445652173913 545.4528985507246 573.4239130434783 526.054347826087 554.0253623188406 
5662.688405797101 5690.695652173913 639.8188405797101 667.8260869565217 543.9927536231884 572.0 
