10892.905829596413 10921.06726457399 1772.9282511210763 1801.0896860986547 1589.0493273542602 1617.2107623318386 
10445.587443946188 10474.118834080717 1767.3497757847533 1795.8811659192825 1651.932735426009 1680.4641255605382 
10838.600896860986 10867.82735426009 1799.8520179372197 1829.078475336323 1726.8071748878924 1756.0336322869955 
10512.004484304933 10540.053811659192 1719.7892376681614 1747.8385650224216 1560.7713004484306 1588.8206278026905 
10099.764573991031 10127.410313901346 1712.1143497757848 1739.7600896860986 1640.908071748879 1668.553811659193 
10812.72869955157 10841.708520179372 1821.7152466367713 1850.695067264574 1632.280269058296 1661.2600896860986 
10416.165919282512 10444.248878923767 1744.0762331838564 1772.159192825112 1542.3991031390135 1570.482062780269 
10543.831838565022 10572.139013452916 1748.517937219731 1776.8251121076232 1665.6928251121076 1694.0 
10253.32735426009 10281.477578475336 1741.8587443946187 1770.0089686098654 1663.1031390134528 1691.2533632286995 
10048.112107623318 10076.183856502243 1501.6748878923768 1529.7466367713005 1534.9955156950673 1563.067264573991 
10343.717488789238 10371.11659192825 1719.4439461883408 1746.8430493273543 1562.5291479820628 1589.9282511210763 
10391.30269058296 10419.811659192825 1627.9417040358744 1656.4506726457398 1683.6793721973095 1712.1883408071749 
10867.580717488789 10896.336322869955 1756.4237668161436 1785.1793721973095 1673.2085201793723 1701.9641255605382 
10290.766816143498 10318.547085201793 1571.1681614349775 1598.9484304932735 1504.1076233183855 1531.8878923766815 
10222.760089686099 10251.190582959642 1708.8228699551569 1737.2533632286995 1571.3923766816145 1599.8228699551569 
10533.089686098654 10560.959641255606 1771.5515695067265 1799.421524663677 1696.2959641255604 1724.1659192825111 
10593.020179372197 10620.968609865471 1759.5 1787.4484304932735 1560.8452914798206 1588.793721973094 
10117.717488789238 10146.069506726457 1861.627802690583 1889.9798206278026 1673.1659192825111 1701.517937219731 
10129.02466367713 10156.83856502242 1666.1076233183855 1693.921524663677 1471.4910313901346 1499.304932735426 
10303.809417040358 10331.275784753363 1612.0224215246637 1639.4887892376682 1582.8452914798206 1610.3116591928251 
10547.260089686099 10575.948430493274 1812.7466367713005 1841.4349775784754 1562.6636771300448 1591.3520179372197 
10399.793721973094 10427.887892376682 1648.652466367713 1676.7466367713005 1719.7713004484306 1747.865470852018 
10864.289237668161 10893.538116591928 1747.7152466367713 1776.9641255605382 1773.9977578475336 1803.2466367713005 
10366.699551569507 10395.085201793721 1830.0627802690583 1858.4484304932735 1646.3183856502242 1674.7040358744396 
10221.686098654709 10249.141255605382 1561.7847533632287 1589.2399103139014 1579.0627802690583 1606.517937219731 
10330.36995515695 10358.90134529148 1730.3789237668161 1758.9103139013453 1614.0022421524664 1642.5336322869955 
10398.056053811659 10426.934977578476 1650.4641255605382 1679.3430493273543 1588.0112107623318 1616.8901345291479 
10516.269058295964 10545.069506726457 1762.3139013452915 1791.1143497757848 1698.017937219731 1726.8183856502242 
10522.316143497757 10550.634529147983 1615.1928251121076 1643.5112107623318 1628.7511210762332 1657.0695067264573 
10488.174887892377 10517.603139013452 1887.7600896860986 1917.1883408071749 1516.4708520179372 1545.8991031390135 
10568.473094170404 10596.713004484305 1541.4372197309417 1569.6771300448431 1504.5269058295964 1532.7668161434979 
10298.892376681615 10327.872197309416 1603.847533632287 1632.8273542600896 1482.9730941704036 1511.9529147982062 
10239.082959641255 10266.30269058296 1768.7107623318386 1795.9304932735427 1746.1008968609865 1773.3206278026905 
10613.829596412555 10641.733183856502 1923.3385650224216 1951.2421524663678 1595.421524663677 1623.3251121076232 
10255.0 10283.127802690584 1731.4686098654709 1759.5964125560538 1633.7219730941704 1661.8497757847533 
9981.603139013452 10009.237668161435 1693.6659192825111 1721.3004484304934 1633.0381165919282 1660.6726457399104 
10368.961883408072 10397.67264573991 1673.506726457399 1702.2174887892377 1527.6838565022422 1556.3946188340808 
10409.560538116591 10437.65470852018 1818.3228699551569 1846.4170403587443 1649.627802690583 1677.7219730941704 
10744.540358744394 10773.688340807175 1925.1322869955156 1954.280269058296 1658.1726457399104 1687.3206278026905 
10501.90807174888 10528.903587443947 1849.8856502242152 1876.8811659192825 1655.3609865470853 1682.3565022421524 
10456.448430493274 10485.57399103139 1628.9887892376682 1658.1143497757848 1690.6412556053813 1719.7668161434979 
10284.19730941704 10311.966367713005 1793.506726457399 1821.2757847533633 1615.47533632287 1643.2443946188341 
10859.713004484305 10888.905829596413 1835.0986547085201 1864.2914798206277 1796.439461883408 1825.6322869955156 
10595.47533632287 10623.928251121077 1794.354260089686 1822.8071748878924 1712.0 1740.4529147982062 
10159.93273542601 10187.836322869955 1793.2690582959642 1821.1726457399104 1620.3139013452915 1648.2174887892377 
10121.488789237668 10150.143497757848 1623.3609865470853 1652.0156950672647 1609.2466367713005 1637.9013452914799 
10285.688340807175 10313.390134529149 1753.1816143497758 1780.8834080717488 1605.8228699551569 1633.52466367713 
10218.078475336322 10246.385650224216 1742.8430493273543 1771.1502242152467 1758.7286995515694 1787.0358744394618 
10355.997757847534 10384.147982062781 1736.2556053811659 1764.4058295964126 1656.9843049327353 1685.134529147982 
10669.190582959642 10698.506726457399 1849.939461883408 1879.2556053811659 1843.2713004484306 1872.5874439461884 
