3313.966850828729 3343.276243093923 143.646408839779 172.95580110497238 165.43093922651934 194.7403314917127 
3070.8508287292816 3098.75138121547 177.9889502762431 205.88950276243094 202.85635359116023 230.75690607734808 
3336.1270718232045 3364.441988950276 177.16022099447514 205.47513812154696 185.4364640883978 213.75138121546962 
3035.475138121547 3064.53591160221 145.37016574585635 174.43093922651934 169.0939226519337 198.15469613259668 
2777.2265193370167 2803.3867403314916 147.35911602209944 173.51933701657458 194.8232044198895 220.98342541436463 
3488.8011049723755 3517.585635359116 156.71823204419888 185.5027624309392 177.94475138121547 206.7292817679558 
3370.2983425414363 3399.6353591160223 131.50828729281767 160.84530386740332 185.1878453038674 214.52486187845304 
3139.939226519337 3167.3977900552486 144.48066298342542 171.939226519337 186.65193370165747 214.11049723756906 
3062.988950276243 3091.3314917127072 177.62983425414365 205.97237569060775 207.71270718232043 236.05524861878453 
3106.502762430939 3135.038674033149 169.37016574585635 197.9060773480663 185.53591160220995 214.0718232044199 
3334.07182320442 3362.8563535911603 162.96132596685084 191.74585635359117 200.7292817679558 229.51381215469613 
3104.4198895027625 3131.4364640883978 175.68508287292818 202.70165745856355 203.8950276243094 230.91160220994476 
3078.8011049723755 3107.585635359116 155.707182320442 184.49171270718233 186.34254143646407 215.12707182320443 
3344.220994475138 3373.502762430939 156.28176795580112 185.5635359116022 175.02209944751382 204.3038674033149 
3238.254143646409 3266.209944751381 128.97790055248618 156.93370165745856 165.68508287292818 193.64088397790056 
3049.723756906077 3076.657458563536 200.65745856353593 227.59116022099448 179.64088397790056 206.5745856353591 
3237.4198895027625 3265.292817679558 166.45303867403314 194.32596685082873 209.4364640883978 237.30939226519337 
3181.3370165745855 3210.453038674033 179.23756906077347 208.353591160221 242.9668508287293 272.0828729281768 
3201.519337016575 3230.276243093923 177.38674033149172 206.14364640883977 231.16022099447514 259.9171270718232 
3111.4364640883978 3139.1988950276245 145.5303867403315 173.292817679558 203.5635359116022 231.32596685082873 
3045.1215469613257 3072.524861878453 150.71270718232043 178.11602209944752 202.55248618784532 229.95580110497238 
3113.3812154696134 3142.303867403315 148.34254143646407 177.26519337016575 204.292817679558 233.21546961325967 
3223.303867403315 3252.254143646409 151.54696132596686 180.4972375690608 205.20994475138122 234.16022099447514 
3329.7624309392263 3358.3812154696134 153.76243093922653 182.38121546961327 207.91160220994476 236.5303867403315 
3297.585635359116 3326.453038674033 174.93370165745856 203.8011049723757 236.1767955801105 265.04419889502765 
3292.745856353591 3323.1878453038676 121.48618784530387 151.9281767955801 192.71823204419888 223.16022099447514 
3012.6519337016575 3041.961325966851 181.78453038674033 211.0939226519337 190.0939226519337 219.40331491712706 
3244.292817679558 3273.2154696132598 148.6022099447514 177.52486187845304 204.09944751381215 233.02209944751382 
3377.2983425414363 3406.828729281768 143.21546961325967 172.74585635359117 187.1049723756906 216.6353591160221 
3118.475138121547 3145.961325966851 119.64088397790056 147.12707182320443 173.41988950276243 200.9060773480663 
3261.4088397790056 3289.972375690608 175.77348066298342 204.33701657458565 217.51381215469613 246.07734806629836 
3270.049723756906 3298.585635359116 130.9060773480663 159.44198895027625 182.95027624309392 211.48618784530387 
2850.7127071823206 2877.3701657458564 192.68508287292818 219.34254143646407 197.14917127071823 223.80662983425415 
2876.4364640883978 2904.2265193370167 127.86740331491713 155.65745856353593 166.68508287292818 194.47513812154696 
3207.2265193370167 3235.596685082873 171.39226519337018 199.76243093922653 217.30939226519337 245.67955801104972 
2981.1988950276245 3009.486187845304 169.96132596685084 198.24861878453038 211.39226519337018 239.67955801104972 
3404.2983425414363 3433.0552486187844 161.0718232044199 189.82872928176795 184.8232044198895 213.58011049723757 
3180.171270718232 3208.016574585635 140.33701657458565 168.18232044198896 184.28729281767957 212.13259668508286 
3282.232044198895 3310.7127071823206 157.65193370165747 186.13259668508286 189.88397790055248 218.3646408839779 
3192.1657458563536 3221.0055248618783 195.09944751381215 223.939226519337 250.646408839779 279.48618784530385 
2947.220994475138 2975.259668508287 170.08287292817678 198.12154696132598 193.54696132596686 221.58563535911603 
3422.779005524862 3451.5635359116022 162.28729281767957 191.0718232044199 173.08287292817678 201.86740331491714 
3205.4088397790056 3233.033149171271 194.98342541436463 222.60773480662982 186.26519337016575 213.88950276243094 
3142.292817679558 3170.8011049723755 147.0718232044199 175.58011049723757 160.27624309392266 188.78453038674033 
2996.745856353591 3025.558011049724 176.58563535911603 205.3977900552486 231.69060773480663 260.50276243093924 
3504.303867403315 3533.3646408839777 214.32044198895028 243.38121546961327 226.15469613259668 255.21546961325967 
2880.9337016574586 2908.281767955801 169.20994475138122 196.55801104972375 183.6685082872928 211.01657458563537 
3341.1381215469614 3369.8950276243095 159.24861878453038 188.00552486187846 168.40331491712706 197.16022099447514 
3310.3646408839777 3339.342541436464 131.4585635359116 160.4364640883978 191.11049723756906 220.08839779005524 
2997.779005524862 3025.7624309392263 163.0 190.98342541436463 192.4696132596685 220.45303867403314 
