4732.216101694915 4759.610169491525 367.6949152542373 395.08898305084745 351.45338983050846 378.8474576271187 
4404.326271186441 4431.0847457627115 334.02542372881356 360.78389830508473 380.0042372881356 406.76271186440675 
4756.088983050848 4783.9915254237285 262.8262711864407 290.728813559322 335.79237288135596 363.6949152542373 
4901.970338983051 4931.927966101695 333.27542372881356 363.2330508474576 421.16525423728814 451.1228813559322 
4807.39406779661 4836.504237288135 389.5381355932203 418.64830508474574 469.51271186440675 498.6228813559322 
4406.677966101695 4434.6016949152545 284.7881355932203 312.7118644067797 364.85593220338984 392.77966101694915 
4339.5 4366.703389830508 231.91949152542372 259.1228813559322 241.364406779661 268.56779661016947 
4775.440677966101 4803.978813559322 374.1271186440678 402.66525423728814 342.89830508474574 371.4364406779661 
4558.072033898305 4585.275423728814 278.00847457627117 305.2118644067797 377.4364406779661 404.6398305084746 
4891.652542372882 4920.0 429.6101694915254 457.95762711864404 430.4237288135593 458.771186440678 
4643.89406779661 4672.877118644068 338.60593220338984 367.58898305084745 354.6991525423729 383.68220338983053 
4611.699152542373 4639.771186440678 395.5550847457627 423.6271186440678 436.65677966101697 464.728813559322 
4752.177966101695 4781.39406779661 346.7542372881356 375.97033898305085 388.7457627118644 417.9618644067797 
4766.724576271186 4795.177966101695 343.58474576271186 372.0381355932203 349.18220338983053 377.635593220339 
4845.5847457627115 4873.7415254237285 346.5974576271187 374.7542372881356 348.1694915254237 376.3262711864407 
4637.046610169492 4665.902542372882 362.7542372881356 391.6101694915254 365.4364406779661 394.29237288135596 
4674.10593220339 4703.110169491525 394.99152542372883 423.9957627118644 377.66525423728814 406.6694915254237 
4727.8347457627115 4756.987288135593 307.70338983050846 336.85593220338984 289.5720338983051 318.72457627118644 
4848.682203389831 4877.64406779661 411.3135593220339 440.27542372881356 331.98728813559325 360.9491525423729 
4802.936440677966 4831.262711864407 305.5 333.8262711864407 334.6313559322034 362.95762711864404 
4625.860169491525 4653.677966101695 379.978813559322 407.79661016949154 460.22457627118644 488.04237288135596 
4564.737288135593 4592.237288135593 302.4194915254237 329.9194915254237 365.7118644067797 393.2118644067797 
4602.792372881356 4630.6949152542375 404.7457627118644 432.64830508474574 393.21610169491527 421.1186440677966 
4694.597457627118 4722.817796610169 346.35169491525426 374.5720338983051 436.4194915254237 464.6398305084746 
4612.1483050847455 4639.923728813559 326.09322033898303 353.8686440677966 365.5381355932203 393.3135593220339 
4887.025423728814 4915.754237288135 404.7118644067797 433.4406779661017 392.8305084745763 421.5593220338983 
4775.9915254237285 4804.338983050848 325.85169491525426 354.1991525423729 284.1694915254237 312.5169491525424 
4776.254237288135 4804.707627118644 289.1906779661017 317.64406779661016 365.3220338983051 393.77542372881356 
4777.7415254237285 4806.576271186441 331.0550847457627 359.8898305084746 369.5635593220339 398.39830508474574 
4406.110169491525 4433.46186440678 367.16101694915255 394.51271186440675 408.4406779661017 435.79237288135596 
4549.39406779661 4576.872881355932 337.9194915254237 365.39830508474574 429.64830508474574 457.1271186440678 
4844.402542372882 4872.96186440678 575.9745762711865 604.5338983050848 541.1398305084746 569.6991525423729 
4559.470338983051 4588.707627118644 267.18220338983053 296.4194915254237 341.71610169491527 370.95338983050846 
4343.970338983051 4371.576271186441 362.26271186440675 389.8686440677966 397.31779661016947 424.9237288135593 
4658.025423728814 4686.097457627118 339.85593220338984 367.9279661016949 367.728813559322 395.8008474576271 
4505.762711864407 4533.792372881356 267.7118644067797 295.74152542372883 299.91525423728814 327.9449152542373 
5004.889830508475 5033.89406779661 435.0593220338983 464.0635593220339 455.3135593220339 484.31779661016947 
4424.995762711865 4453.406779661017 395.1779661016949 423.58898305084745 341.9449152542373 370.35593220338984 
4765.127118644068 4794.1949152542375 387.8008474576271 416.8686440677966 443.0508474576271 472.1186440677966 
4513.161016949152 4540.724576271186 362.73728813559325 390.3008474576271 356.8474576271187 384.41101694915255 
4694.03813559322 4722.004237288135 356.18220338983053 384.14830508474574 331.70762711864404 359.6737288135593 
4608.830508474576 4635.652542372882 342.48728813559325 369.3093220338983 455.56779661016947 482.3898305084746 
4716.60593220339 4745.46186440678 373.25847457627117 402.114406779661 373.6398305084746 402.4957627118644 
4929.661016949152 4959.1949152542375 385.35169491525426 414.885593220339 443.135593220339 472.6694915254237 
4296.313559322034 4323.114406779661 303.59322033898303 330.39406779661016 339.1525423728813 365.95338983050846 
4525.673728813559 4553.978813559322 353.08898305084745 381.39406779661016 384.10593220338984 412.41101694915255 
4473.6949152542375 4501.004237288135 317.10593220338984 344.41525423728814 336.7457627118644 364.0550847457627 
4344.5847457627115 4371.576271186441 339.1271186440678 366.1186440677966 336.40677966101697 363.39830508474574 
4887.35593220339 4915.639830508475 406.9491525423729 435.2330508474576 443.6694915254237 471.95338983050846 
4367.436440677966 4395.8050847457625 346.0805084745763 374.4491525423729 322.9025423728813 351.271186440678 
