11739.615384615385 11768.659043659043 2031.035343035343 2060.0790020790023 1825.4677754677755 1854.5114345114346 
11318.303534303534 11345.933471933471 1993.6029106029107 2021.2328482328483 1925.0914760914761 1952.7214137214137 
11186.128898128898 11213.821205821207 1825.7650727650728 1853.4573804573804 1922.4594594594594 1950.1517671517672 
11360.706860706861 11389.386694386694 2127.6486486486488 2156.3284823284826 2106.891891891892 2135.5717255717254 
11598.033264033264 11626.182952182951 2094.6507276507277 2122.800415800416 2033.4906444906444 2061.6403326403324 
11271.4158004158 11299.378378378378 2104.118503118503 2132.0810810810813 1952.923076923077 1980.885654885655 
11022.245322245322 11049.968814968815 2007.8586278586279 2035.5821205821205 1835.5613305613306 1863.2848232848232 
11338.721413721414 11366.600831600832 1971.6985446985448 1999.5779625779626 1848.5239085239086 1876.4033264033264 
11834.93555093555 11863.760914760915 2082.155925155925 2110.981288981289 1883.8648648648648 1912.6902286902287 
11088.122661122661 11116.272349272349 1946.966735966736 1975.116424116424 1797.821205821206 1825.970893970894 
11337.717255717256 11365.887733887734 2030.5114345114346 2058.6819126819128 1937.852390852391 1966.022869022869 
11763.162162162162 11792.43451143451 1943.7442827442828 1973.016632016632 1880.8648648648648 1910.1372141372142 
11694.794178794178 11723.619542619543 2044.4386694386694 2073.264033264033 1927.964656964657 1956.790020790021 
11581.613305613306 11610.428274428274 1970.6881496881497 1999.5031185031185 2037.029106029106 2065.844074844075 
11442.151767151767 11470.24948024948 1934.1975051975053 1962.2952182952183 1930.06237006237 1958.160083160083 
11240.694386694388 11268.72972972973 2085.3513513513512 2113.386694386694 1885.3201663201662 1913.3555093555094 
11559.550935550935 11587.918918918918 2121.5758835758834 2149.943866943867 2110.185031185031 2138.5530145530147 
11796.567567567568 11824.87318087318 1939.5945945945946 1967.900207900208 1896.952182952183 1925.2577962577961 
11533.783783783783 11562.224532224533 1868.91683991684 1897.3575883575884 1827.5155925155925 1855.956340956341 
11274.340956340957 11302.844074844075 2113.673596673597 2142.1767151767153 2021.066528066528 2049.5696465696465 
11057.573804573805 11084.891891891892 1836.7546777546777 1864.0727650727652 1963.5925155925156 1990.9106029106028 
11270.802494802494 11298.806652806652 1988.5738045738046 2016.5779625779626 1913.5987525987525 1941.6029106029107 
11486.442827442828 11514.91476091476 2067.902286902287 2096.3742203742204 2031.3596673596674 2059.831600831601 
11449.180873180872 11477.496881496882 1858.964656964657 1887.2806652806653 1778.8586278586279 1807.1746361746361 
11705.469854469855 11734.056133056132 1841.3367983367984 1869.923076923077 1721.7380457380457 1750.3243243243244 
11727.407484407484 11756.149688149688 2012.3950103950103 2041.1372141372142 1897.3139293139293 1926.0561330561331 
11478.71101871102 11507.182952182951 1885.3076923076924 1913.7796257796258 1940.945945945946 1969.4178794178795 
11558.775467775467 11587.081081081082 2077.6528066528067 2105.95841995842 1989.9085239085239 2018.2141372141373 
11626.536382536382 11654.841995841996 2029.033264033264 2057.3388773388774 2013.6777546777546 2041.983367983368 
11483.016632016632 11511.43659043659 2135.4345114345115 2163.8544698544697 1987.5176715176715 2015.93762993763 
11384.205821205822 11412.407484407484 2116.002079002079 2144.2037422037424 1701.3887733887734 1729.5904365904366 
11448.943866943868 11477.550935550935 2013.7338877338877 2042.3409563409564 1864.7130977130978 1893.3201663201662 
11530.14345114345 11558.50103950104 1921.2453222453223 1949.6029106029107 1911.920997920998 1940.2785862785863 
11456.846153846154 11485.370062370062 1951.7609147609148 1980.2848232848232 1860.016632016632 1888.5405405405406 
11537.891891891892 11566.81081081081 2115.8232848232847 2144.742203742204 1993.806652806653 2022.7255717255716 
11171.925155925155 11199.648648648648 1970.950103950104 1998.6735966735966 1778.5051975051974 1806.2286902286903 
11467.093555093556 11495.669438669438 2014.6195426195427 2043.1954261954263 1956.8128898128898 1985.3887733887734 
11491.151767151767 11519.613305613306 2108.5155925155923 2136.977130977131 1925.4656964656965 1953.9272349272348 
11693.162162162162 11721.727650727651 2073.5301455301455 2102.095634095634 1891.051975051975 1919.6174636174637 
11870.23076923077 11899.284823284823 2056.4137214137213 2085.4677754677755 1878.6195426195427 1907.6735966735966 
11782.469854469855 11811.274428274428 2074.744282744283 2103.5488565488567 1816.7422037422039 1845.5467775467775 
11620.135135135135 11648.9604989605 1865.6029106029107 1894.4282744282743 1811.6632016632016 1840.4885654885654 
11592.700623700624 11620.839916839917 2072.4677754677755 2100.6070686070684 1948.7193347193347 1976.8586278586279 
11718.176715176714 11746.85654885655 2066.035343035343 2094.7151767151768 1998.6652806652808 2027.3451143451143 
11566.397089397089 11594.785862785862 1945.085239085239 1973.4740124740124 2012.02079002079 2040.4095634095634 
11327.948024948026 11355.785862785862 2079.158004158004 2106.995841995842 1969.9126819126818 1997.7505197505197 
11486.85654885655 11514.954261954263 2038.966735966736 2067.064449064449 1936.3887733887734 1964.4864864864865 
11797.97920997921 11827.20997920998 2028.5925155925156 2057.8232848232847 2016.5343035343035 2045.7650727650728 
11368.467775467776 11397.23076923077 1941.3638253638253 1970.126819126819 1835.7754677754679 1864.5384615384614 
11629.112266112266 11658.54054054054 2130.6673596673595 2160.095634095634 1953.883575883576 1983.3118503118503 
