6829.254019292604 6857.887459807074 740.7652733118971 769.3987138263666 678.273311897106 706.9067524115756 
6826.3890675241155 6855.167202572347 727.1543408360128 755.9324758842444 684.1543408360128 712.9324758842444 
6797.787781350482 6825.681672025724 627.5209003215434 655.4147909967845 586.0353697749196 613.9292604501608 
7153.118971061093 7183.247588424438 893.144694533762 923.273311897106 900.8520900321544 930.9807073954984 
6377.7170418006435 6406.382636655949 752.7138263665595 781.379421221865 802.2347266881029 830.9003215434084 
6691.019292604502 6719.299035369775 637.4372990353697 665.7170418006431 696.5337620578778 724.8135048231511 
7001.6012861736335 7030.749196141479 737.6366559485531 766.7845659163987 697.823151125402 726.9710610932476 
6803.099678456591 6831.508038585209 770.1254019292604 798.5337620578778 690.4147909967845 718.823151125402 
6641.025723472669 6669.225080385852 770.3247588424438 798.524115755627 809.6270096463022 837.8263665594856 
6777.778135048232 6806.491961414791 955.3022508038586 984.016077170418 814.6430868167203 843.3569131832797 
6675.945337620578 6703.91961414791 904.8360128617363 932.8102893890675 838.823151125402 866.7974276527331 
6969.054662379422 6998.508038585209 723.4051446945338 752.8585209003215 699.8424437299035 729.2958199356913 
6845.334405144695 6873.887459807074 772.4147909967845 800.967845659164 894.7395498392283 923.2926045016077 
6932.64308681672 6961.630225080386 908.8199356913183 937.8070739549839 699.6688102893891 728.6559485530547 
6638.520900321543 6666.736334405145 771.0836012861737 799.299035369775 742.7813504823151 770.9967845659164 
6803.897106109324 6832.739549839228 892.8874598070739 921.7299035369775 850.6012861736334 879.443729903537 
6878.430868167203 6907.192926045016 747.524115755627 776.2861736334405 804.8135048231511 833.5755627009646 
6416.932475884244 6444.971061093248 778.4501607717042 806.4887459807074 772.8971061093248 800.9356913183279 
6758.5530546623795 6787.491961414791 709.5112540192926 738.4501607717042 679.3408360128617 708.2797427652733 
6450.382636655949 6478.212218649518 759.6655948553055 787.4951768488746 691.652733118971 719.4823151125402 
7132.382636655949 7161.739549839228 955.5530546623794 984.9099678456591 803.1061093247588 832.4630225080385 
6826.993569131832 6855.852090032155 783.176848874598 812.0353697749196 883.1189710610932 911.9774919614148 
6821.019292604502 6848.945337620578 694.7363344051447 722.6623794212219 675.9228295819936 703.8488745980708 
6656.745980707396 6684.575562700965 712.3665594855305 740.1961414790997 776.6655948553055 804.4951768488746 
6634.279742765273 6662.784565916399 796.8263665594856 825.3311897106109 748.3151125401929 776.8199356913183 
6470.630225080386 6498.218649517685 820.475884244373 848.0643086816721 853.6366559485531 881.225080385852 
6787.266881028939 6815.530546623794 752.1479099678456 780.4115755627009 773.2958199356913 801.5594855305466 
6940.88424437299 6969.662379421222 620.0932475884244 648.871382636656 777.524115755627 806.3022508038586 
6893.916398713826 6922.903536977492 890.2347266881029 919.2218649517685 758.2090032154341 787.1961414790997 
7049.639871382637 7078.819935691318 712.4212218649518 741.6012861736334 775.475884244373 804.6559485530547 
6822.6688102893895 6851.816720257235 738.3601286173633 767.508038585209 835.3215434083602 864.4694533762058 
6916.180064308682 6945.424437299035 859.3729903536978 888.6173633440515 733.5594855305466 762.8038585209003 
6545.491961414791 6573.192926045016 753.5948553054662 781.2958199356913 678.5305466237942 706.2315112540193 
6295.6495176848875 6323.077170418006 721.4951768488746 748.9228295819936 718.5594855305466 745.9871382636655 
6912.7170418006435 6941.527331189711 850.5691318327974 879.379421221865 831.6398713826367 860.4501607717042 
7063.807073954984 7093.4855305466235 732.3440514469453 762.0225080385852 850.3183279742765 879.9967845659164 
6782.91961414791 6811.858520900321 798.5048231511254 827.443729903537 790.8135048231511 819.7524115755627 
6755.163987138264 6783.6205787781355 794.8874598070739 823.3440514469453 786.9485530546624 815.4051446945338 
7163.945337620578 7192.836012861736 871.9742765273312 900.8649517684887 773.8006430868168 802.6913183279743 
6623.093247588425 6651.630225080386 697.379421221865 725.9163987138263 652.5305466237942 681.0675241157556 
7025.6109324758845 7054.5337620578775 794.6784565916398 823.6012861736334 811.5434083601286 840.4662379421222 
6807.559485530546 6836.353697749196 827.6302250803858 856.4244372990354 796.8681672025723 825.6623794212219 
6583.511254019292 6612.144694533762 700.7877813504823 729.4212218649518 783.0771704180064 811.7106109324759 
6887.09003215434 6916.334405144695 725.144694533762 754.3890675241157 740.1607717041801 769.4051446945338 
6876.4276527331185 6905.527331189711 867.4983922829582 896.5980707395498 792.4887459807074 821.5884244372991 
6740.218649517685 6768.32154340836 738.8006430868168 766.903536977492 709.5594855305466 737.6623794212219 
6895.299035369775 6924.237942122187 745.1318327974277 774.0707395498392 719.4951768488746 748.4340836012861 
6470.3922829582 6498.463022508038 713.9485530546624 742.0192926045016 826.1961414790997 854.2668810289389 
6858.311897106109 6887.106109324759 794.0450160771704 822.8392282958199 685.3054662379421 714.0996784565916 
6961.5723472668815 6990.575562700965 799.048231511254 828.0514469453376 795.2218649517685 824.225080385852 
