9729.512315270937 9758.564039408868 1569.743842364532 1598.795566502463 1395.152709359606 1424.204433497537 
9435.830049261083 9465.312807881774 1421.1330049261085 1450.615763546798 1349.2783251231526 1378.7610837438424 
9295.576354679803 9323.35960591133 1390.3990147783252 1418.1822660098521 1359.4926108374384 1387.2758620689656 
9618.775862068966 9647.224137931034 1492.3423645320197 1520.7906403940888 1429.268472906404 1457.7167487684728 
9468.302955665025 9496.82512315271 1443.2512315270935 1471.7733990147783 1327.564039408867 1356.0862068965516 
9398.689655172413 9427.002463054187 1510.6231527093596 1538.935960591133 1449.4285714285713 1477.7413793103449 
9177.564039408868 9206.332512315272 1584.1083743842364 1612.8768472906404 1540.051724137931 1568.820197044335 
9342.953201970444 9371.364532019705 1552.0665024630541 1580.4778325123152 1437.5098522167489 1465.92118226601 
9303.635467980295 9332.108374384237 1289.1133004926107 1317.5862068965516 1360.729064039409 1389.2019704433499 
9201.63054187192 9229.758620689656 1411.7635467980297 1439.8916256157636 1382.0492610837439 1410.1773399014778 
9195.871921182266 9224.147783251232 1401.7118226600985 1429.987684729064 1371.9064039408868 1400.1822660098521 
9416.27093596059 9445.02709359606 1493.4975369458127 1522.2536945812808 1267.4039408866995 1296.1600985221676 
9146.970443349754 9174.704433497536 1537.7167487684728 1565.4507389162561 1369.1871921182267 1396.92118226601 
9591.709359605911 9620.194581280788 1501.027093596059 1529.512315270936 1409.1477832512314 1437.6330049261085 
9064.687192118226 9093.160098522167 1509.3645320197045 1537.8374384236454 1385.3522167487686 1413.8251231527095 
9440.935960591132 9469.08866995074 1492.0 1520.152709359606 1377.536945812808 1405.6896551724137 
9252.054187192118 9279.689655172413 1456.9778325123152 1484.6133004926107 1295.92118226601 1323.5566502463055 
9033.049261083745 9060.290640394089 1366.0837438423646 1393.3251231527095 1299.4039408866995 1326.6453201970444 
9281.766009852217 9309.967980295567 1495.5320197044334 1523.7339901477833 1443.5147783251232 1471.7167487684728 
9165.820197044335 9193.603448275862 1480.2266009852217 1508.0098522167489 1500.8940886699506 1528.6773399014778 
9701.54433497537 9731.593596059114 1445.0221674876848 1475.0714285714287 1467.8497536945813 1497.8990147783252 
9657.379310344828 9685.901477832513 1502.8768472906404 1531.3990147783252 1381.5911330049262 1410.1133004926107 
9322.512315270937 9350.418719211822 1491.731527093596 1519.6379310344828 1278.7931034482758 1306.6995073891626 
9565.669950738917 9593.884236453201 1351.692118226601 1379.9064039408868 1230.6699507389162 1258.884236453202 
9470.568965517241 9498.820197044335 1521.9556650246304 1550.2068965517242 1479.6576354679803 1507.9088669950738 
9462.64039408867 9491.014778325123 1430.3669950738915 1458.7413793103449 1412.615763546798 1440.9901477832511 
9290.948275862069 9319.605911330049 1502.1674876847292 1530.8251231527095 1468.2389162561576 1496.896551724138 
9422.573891625616 9450.899014778324 1292.5812807881773 1320.9064039408868 1315.8251231527095 1344.1502463054187 
9450.694581280788 9479.475369458129 1398.2216748768474 1427.0024630541873 1435.423645320197 1464.204433497537 
9223.645320197043 9252.660098522167 1515.5591133004925 1544.5738916256157 1616.231527093596 1645.2463054187192 
9207.322660098522 9235.807881773399 1459.9753694581282 1488.460591133005 1338.5541871921182 1367.039408866995 
9136.783251231527 9164.480295566502 1435.8275862068965 1463.5246305418718 1303.4581280788177 1331.155172413793 
9271.70197044335 9299.01724137931 1448.9433497536945 1476.2586206896551 1368.0073891625616 1395.3226600985222 
9674.465517241379 9703.480295566502 1452.9408866995075 1481.9556650246304 1533.1354679802955 1562.1502463054187 
9625.305418719212 9653.950738916255 1381.4064039408868 1410.051724137931 1365.92118226601 1394.5665024630541 
9289.5 9317.70197044335 1456.4458128078818 1484.6477832512314 1377.1354679802955 1405.3374384236454 
9126.97290640394 9155.285714285714 1439.7167487684728 1468.0295566502464 1335.8645320197045 1364.1773399014778 
8996.21921182266 9024.224137931034 1515.9384236453202 1543.9433497536945 1479.8399014778324 1507.844827586207 
9721.268472906404 9749.679802955665 1451.7586206896551 1480.1699507389162 1370.2339901477833 1398.6453201970444 
9492.88669950739 9521.445812807882 1372.1231527093596 1400.6822660098521 1354.857142857143 1383.4162561576354 
9374.337438423645 9402.564039408868 1428.0073891625616 1456.2339901477833 1339.14039408867 1367.3669950738915 
9379.70197044335 9408.54433497537 1521.7266009852217 1550.5689655172414 1474.1354679802955 1502.9778325123152 
9323.391625615763 9351.051724137931 1505.8423645320197 1533.5024630541873 1354.1059113300494 1381.7660098522167 
9447.128078817734 9474.985221674877 1385.103448275862 1412.960591133005 1331.2660098522167 1359.1231527093596 
9637.820197044335 9666.4039408867 1402.7266009852217 1431.3103448275863 1321.0960591133005 1349.679802955665 
9277.800492610837 9305.92857142857 1299.57881773399 1327.7068965517242 1267.7019704433499 1295.8300492610838 
9296.290640394089 9323.963054187192 1440.7733990147783 1468.4458128078818 1283.1871921182267 1310.85960591133 
9233.391625615763 9261.396551724138 1348.204433497537 1376.2093596059112 1270.2635467980297 1298.268472906404 
9157.310344827587 9185.783251231527 1517.884236453202 1546.357142857143 1384.7980295566501 1413.270935960591 
9819.337438423645 9848.068965517241 1533.5738916256157 1562.3054187192117 1378.3768472906404 1407.1083743842364 
