8245.351706036745 8272.687664041994 1354.9606299212599 1382.2965879265091 1244.4986876640419 1271.8346456692914 
8544.89501312336 8572.72965879265 1386.5721784776904 1414.4068241469815 1289.8162729658793 1317.6509186351707 
8964.51968503937 8993.036745406824 1220.6220472440946 1249.1391076115485 1258.9685039370079 1287.4855643044618 
8575.57217847769 8603.262467191602 1346.8661417322835 1374.5564304461943 1196.7664041994751 1224.4566929133857 
8972.564304461943 9001.553805774278 1397.753280839895 1426.742782152231 1269.5065616797901 1298.4960629921259 
8696.635170603675 8725.07349081365 1152.1496062992126 1180.5879265091864 1178.9580052493438 1207.3963254593175 
8649.383202099738 8677.44094488189 1321.3989501312335 1349.4566929133857 1347.3753280839894 1375.4330708661416 
8900.175853018372 8928.889763779527 1299.8425196850394 1328.5564304461943 1136.8293963254594 1165.5433070866143 
9013.317585301837 9043.015748031496 1177.1837270341207 1206.8818897637796 1154.6955380577429 1184.3937007874015 
8664.167979002625 8692.094488188977 1406.9527559055118 1434.8792650918635 1185.4409448818897 1213.3674540682414 
8742.871391076116 8770.824146981628 1371.3884514435695 1399.3412073490813 1165.6666666666667 1193.6194225721786 
8463.748031496063 8491.451443569555 1402.8897637795276 1430.5931758530185 1275.3097112860892 1303.01312335958 
8721.548556430445 8750.629921259842 1261.6036745406825 1290.6850393700788 1071.6404199475066 1100.721784776903 
8763.482939632546 8791.868766404199 1262.286089238845 1290.6719160104988 1108.1417322834645 1136.5275590551182 
8398.102362204725 8425.753280839896 1245.711286089239 1273.3622047244094 1245.8320209973754 1273.4829396325458 
8882.120734908136 8911.372703412073 1228.6299212598426 1257.8818897637796 1228.5643044619424 1257.8162729658793 
8346.745406824148 8374.002624671915 1196.976377952756 1224.2335958005249 1055.0 1082.257217847769 
8746.107611548556 8774.782152230971 1179.0419947506562 1207.716535433071 1207.275590551181 1235.9501312335958 
8409.503937007874 8436.27559055118 1231.1417322834645 1257.9133858267717 1194.6614173228347 1221.4330708661416 
8712.002624671915 8740.48031496063 1167.8950131233596 1196.3727034120734 1064.8766404199475 1093.3543307086613 
8589.50656167979 8617.459317585302 1229.7664041994751 1257.719160104987 1358.5485564304463 1386.5013123359581 
8462.979002624672 8491.351706036745 1234.280839895013 1262.6535433070867 1211.1811023622047 1239.5538057742783 
8524.703412073492 8553.391076115486 1260.6876640419948 1289.3753280839894 1137.4461942257217 1166.1338582677165 
8651.57217847769 8679.498687664041 1048.5984251968505 1076.5249343832022 1088.0944881889764 1116.020997375328 
8306.498687664041 8334.188976377953 1264.1837270341207 1291.8740157480315 1077.9553805774278 1105.6456692913387 
8344.020997375328 8371.763779527559 1253.3937007874015 1281.1364829396325 1236.6587926509187 1264.4015748031495 
8559.845144356956 8587.968503937007 1079.0918635170603 1107.2152230971128 1041.4855643044618 1069.6089238845145 
9095.763779527559 9124.766404199476 1364.6430446194227 1393.6456692913387 1286.3280839895012 1315.3307086614172 
8538.015748031496 8566.07349081365 1220.9028871391076 1248.9606299212599 1151.3884514435695 1179.4461942257217 
8336.992125984252 8365.338582677165 1152.9186351706037 1181.265091863517 1065.5354330708662 1093.8818897637796 
8814.734908136483 8842.779527559054 1318.9658792650919 1347.010498687664 1382.8582677165355 1410.9028871391076 
8605.396325459318 8633.36220472441 1257.1679790026246 1285.1338582677165 1183.8083989501313 1211.7742782152231 
8852.33595800525 8881.811023622047 969.1076115485564 998.5826771653543 1036.1548556430446 1065.6299212598426 
8851.139107611549 8879.971128608924 1427.007874015748 1455.8398950131234 1332.254593175853 1361.0866141732283 
8493.981627296587 8522.01312335958 1305.5590551181103 1333.5905511811025 1233.6272965879266 1261.6587926509187 
8498.136482939633 8525.682414698163 1316.246719160105 1343.7926509186352 1117.4146981627296 1144.9606299212599 
8807.417322834646 8835.317585301837 1302.1259842519685 1330.02624671916 1218.3753280839894 1246.275590551181 
9099.548556430445 9128.446194225722 1217.0603674540682 1245.9580052493438 1191.1364829396325 1220.0341207349081 
8828.737532808398 8856.808398950132 1276.979002624672 1305.0498687664042 1185.7847769028872 1213.8556430446195 
8670.296587926508 8699.482939632546 1332.6535433070867 1361.8398950131234 1205.007874015748 1234.1942257217847 
8748.517060367454 8776.535433070867 1196.6692913385828 1224.6876640419948 1135.5380577427823 1163.5564304461943 
8785.123359580053 8813.404199475066 1334.0551181102362 1362.3359580052493 1247.7874015748032 1276.0682414698163 
8478.858267716536 8507.007874015748 1290.241469816273 1318.3910761154855 1267.3490813648293 1295.4986876640419 
8842.18372703412 8871.291338582678 1325.4304461942256 1354.5380577427823 1089.729658792651 1118.8372703412074 
8573.658792650918 8601.82152230971 1214.7926509186352 1242.9553805774278 1031.0734908136483 1059.236220472441 
8907.406824146981 8935.950131233596 1296.5774278215224 1325.1207349081365 1364.4278215223096 1392.971128608924 
8259.131233595801 8286.795275590552 1236.1469816272966 1263.8110236220473 1184.1574803149606 1211.8215223097113 
8802.740157480315 8831.66404199475 1247.2099737532808 1276.1338582677165 1252.989501312336 1281.9133858267717 
8748.595800524934 8776.246719160104 1381.5485564304463 1409.1994750656168 1332.8608923884515 1360.5118110236222 
8695.774278215224 8724.435695538057 1188.6509186351707 1217.3123359580052 1177.9133858267717 1206.5748031496064 
