9366.069711538461 9394.579326923076 1278.9759615384614 1307.485576923077 1341.1658653846155 1369.6754807692307 
9861.95673076923 9890.55048076923 1641.7716346153845 1670.3653846153845 1479.8173076923076 1508.4110576923076 
9493.375 9521.82451923077 1438.4663461538462 1466.9158653846155 1388.0384615384614 1416.4879807692307 
9787.19951923077 9815.15625 1627.3245192307693 1655.28125 1633.1610576923076 1661.1177884615386 
9539.069711538461 9567.158653846154 1539.6129807692307 1567.701923076923 1413.8774038461538 1441.9663461538462 
9757.947115384615 9786.15625 1565.0120192307693 1593.2211538461538 1429.8461538461538 1458.0552884615386 
9789.372596153846 9817.90625 1551.9735576923076 1580.5072115384614 1439.829326923077 1468.3629807692307 
9448.3125 9476.040865384615 1503.40625 1531.1346153846155 1452.735576923077 1480.4639423076924 
9356.247596153846 9383.795673076924 1540.576923076923 1568.125 1425.045673076923 1452.59375 
9761.509615384615 9789.57451923077 1442.0336538461538 1470.0985576923076 1448.7451923076924 1476.8100961538462 
9677.129807692309 9706.16826923077 1598.8221153846155 1627.860576923077 1546.8653846153845 1575.9038461538462 
9489.084134615385 9517.100961538461 1552.6586538461538 1580.6754807692307 1477.4975961538462 1505.514423076923 
9589.569711538461 9618.079326923076 1532.2908653846155 1560.8004807692307 1506.3245192307693 1534.8341346153845 
9383.63701923077 9411.810096153846 1542.7788461538462 1570.951923076923 1388.3725961538462 1416.545673076923 
9616.100961538461 9644.26201923077 1442.1947115384614 1470.3557692307693 1346.1971153846155 1374.358173076923 
9464.259615384615 9493.021634615385 1582.0072115384614 1610.7692307692307 1386.1586538461538 1414.920673076923 
9707.716346153846 9735.733173076924 1467.9759615384614 1495.9927884615386 1440.4086538461538 1468.4254807692307 
9754.16826923077 9783.338942307691 1547.016826923077 1576.1875 1529.3846153846155 1558.5552884615386 
9682.622596153846 9710.579326923076 1617.5721153846155 1645.5288461538462 1487.766826923077 1515.7235576923076 
9348.71875 9376.026442307691 1323.4182692307693 1350.7259615384614 1387.8533653846155 1415.1610576923076 
9829.911057692309 9858.120192307691 1405.4735576923076 1433.6826923076924 1395.4158653846155 1423.625 
10071.588942307691 10100.014423076924 1771.6298076923076 1800.0552884615386 1691.9975961538462 1720.423076923077 
9380.6875 9407.466346153846 1419.7932692307693 1446.5721153846155 1348.1153846153845 1374.8942307692307 
9663.629807692309 9691.57451923077 1466.5865384615386 1494.53125 1290.985576923077 1318.9302884615386 
9394.879807692309 9422.872596153846 1653.3413461538462 1681.3341346153845 1496.298076923077 1524.2908653846155 
10074.860576923076 10103.814903846154 1546.4663461538462 1575.420673076923 1407.4086538461538 1436.3629807692307 
9237.185096153846 9265.165865384615 1539.8317307692307 1567.8125 1621.1754807692307 1649.15625 
9843.490384615385 9871.759615384615 1464.5961538461538 1492.8653846153845 1367.2163461538462 1395.485576923077 
9338.901442307691 9366.557692307691 1461.8173076923076 1489.4735576923076 1404.670673076923 1432.326923076923 
9604.834134615385 9633.211538461539 1724.3413461538462 1752.71875 1498.7524038461538 1527.1298076923076 
9505.757211538461 9534.110576923076 1529.4591346153845 1557.8125 1445.1802884615386 1473.5336538461538 
9444.0625 9471.790865384615 1534.34375 1562.0721153846155 1460.9615384615386 1488.6899038461538 
9321.01923076923 9348.939903846154 1442.6129807692307 1470.5336538461538 1379.1682692307693 1407.0889423076924 
9769.15625 9797.461538461539 1341.9951923076924 1370.3004807692307 1240.5264423076924 1268.8317307692307 
9569.94951923077 9598.483173076924 1540.1009615384614 1568.6346153846155 1479.4927884615386 1508.0264423076924 
9639.423076923076 9667.860576923076 1430.4158653846155 1458.8533653846155 1332.6201923076924 1361.0576923076924 
9448.932692307691 9477.466346153846 1489.6370192307693 1518.170673076923 1487.8028846153845 1516.3365384615386 
9309.829326923076 9338.086538461539 1432.264423076923 1460.5216346153845 1355.6225961538462 1383.8798076923076 
9588.507211538461 9616.223557692309 1551.423076923077 1579.139423076923 1421.34375 1449.0600961538462 
10088.692307692309 10118.259615384615 1617.46875 1647.0360576923076 1484.173076923077 1513.7403846153845 
9909.038461538461 9937.33173076923 1622.5336538461538 1650.826923076923 1593.3173076923076 1621.610576923077 
9670.033653846154 9698.711538461539 1530.4423076923076 1559.1201923076924 1500.7788461538462 1529.4567307692307 
9498.002403846154 9526.235576923076 1419.2211538461538 1447.454326923077 1269.2524038461538 1297.485576923077 
9544.052884615385 9572.213942307691 1447.639423076923 1475.8004807692307 1401.0721153846155 1429.233173076923 
9456.439903846154 9484.336538461539 1475.4951923076924 1503.391826923077 1393.0264423076924 1420.923076923077 
9578.370192307691 9606.98798076923 1439.5697115384614 1468.1875 1361.9278846153845 1390.545673076923 
9779.896634615385 9808.117788461539 1630.170673076923 1658.391826923077 1364.0552884615386 1392.2764423076924 
9704.127403846154 9731.483173076924 1384.7283653846155 1412.0841346153845 1340.3052884615386 1367.6610576923076 
9572.507211538461 9601.233173076924 1453.1225961538462 1481.8485576923076 1412.0504807692307 1440.7764423076924 
9342.098557692309 9370.35576923077 1451.670673076923 1479.9278846153845 1294.1177884615386 1322.375 
