3597.311224489796 3625.908163265306 219.1377551020408 247.73469387755102 240.67857142857142 269.2755102040816 
3648.918367346939 3679.1989795918366 231.21938775510205 261.5 287.48979591836735 317.7704081632653 
3560.5255102040815 3588.969387755102 199.08673469387756 227.53061224489795 237.3112244897959 265.7551020408163 
3447.2551020408164 3474.295918367347 171.7295918367347 198.7704081632653 245.16326530612244 272.2040816326531 
3575.433673469388 3604.285714285714 196.87244897959184 225.72448979591837 221.14285714285714 249.99489795918367 
3787.030612244898 3815.3469387755104 264.8316326530612 293.1479591836735 308.2040816326531 336.5204081632653 
3365.076530612245 3392.3979591836733 251.96428571428572 279.2857142857143 246.45408163265307 273.7755102040816 
3330.816326530612 3358.75 154.0969387755102 182.03061224489795 256.07142857142856 284.0051020408163 
3476.0969387755104 3504.6173469387754 199.25 227.7704081632653 229.7704081632653 258.2908163265306 
3520.9030612244896 3548.683673469388 261.1326530612245 288.91326530612247 270.80102040816325 298.5816326530612 
3658.173469387755 3686.2091836734694 240.0765306122449 268.11224489795916 226.8469387755102 254.8826530612245 
3989.704081632653 4018.6326530612246 205.28571428571428 234.21428571428572 265.8265306122449 294.7551020408163 
3522.5255102040815 3550.076530612245 251.08673469387756 278.63775510204084 236.14795918367346 263.69897959183675 
3515.188775510204 3542.1530612244896 185.91326530612244 212.87755102040816 187.28061224489795 214.24489795918367 
3868.8928571428573 3897.311224489796 231.90816326530611 260.3265306122449 271.9030612244898 300.32142857142856 
3366.3010204081634 3393.1632653061224 196.7704081632653 223.6326530612245 235.94387755102042 262.8061224489796 
3693.8520408163267 3722.015306122449 209.94387755102042 238.10714285714286 246.35204081632654 274.515306122449 
3574.0408163265306 3602.484693877551 166.71938775510205 195.16326530612244 224.9591836734694 253.4030612244898 
3642.704081632653 3671.581632653061 186.3265306122449 215.20408163265307 241.37755102040816 270.2551020408163 
3819.9795918367345 3848.3979591836733 153.34183673469389 181.76020408163265 196.5612244897959 224.9795918367347 
3689.0408163265306 3717.561224489796 189.85714285714286 218.37755102040816 242.4591836734694 270.9795918367347 
3217.9948979591836 3245.0867346938776 173.47448979591837 200.56632653061226 219.8826530612245 246.97448979591837 
3673.081632653061 3701.3214285714284 189.76530612244898 218.00510204081633 235.12244897959184 263.36224489795916 
3862.331632653061 3891.566326530612 212.58673469387756 241.82142857142858 225.03571428571428 254.2704081632653 
3542.2602040816328 3570.3214285714284 217.58163265306123 245.64285714285714 228.6887755102041 256.75 
3674.795918367347 3703.265306122449 199.0 227.46938775510205 270.9183673469388 299.38775510204084 
3597.433673469388 3625.877551020408 230.02551020408163 258.46938775510205 277.8520408163265 306.2959183673469 
3479.122448979592 3507.081632653061 172.90816326530611 200.8673469387755 217.28571428571428 245.24489795918367 
3660.4285714285716 3688.0051020408164 199.02551020408163 226.60204081632654 297.6734693877551 325.25 
3662.6071428571427 3691.1785714285716 184.7091836734694 213.28061224489795 245.15816326530611 273.7295918367347 
3503.265306122449 3531.785714285714 193.80102040816325 222.32142857142858 186.1734693877551 214.69387755102042 
3609.423469387755 3638.0969387755104 228.74489795918367 257.4183673469388 265.4438775510204 294.1173469387755 
3618.0408163265306 3645.591836734694 162.35204081632654 189.9030612244898 183.14285714285714 210.69387755102042 
3909.5102040816328 3938.719387755102 232.29591836734693 261.5051020408163 285.88775510204084 315.0969387755102 
3558.173469387755 3585.3673469387754 177.8622448979592 205.05612244897958 245.9795918367347 273.1734693877551 
3456.311224489796 3484.4489795918366 149.78061224489795 177.91836734693877 232.33163265306123 260.46938775510205 
4024.515306122449 4054.311224489796 173.1122448979592 202.90816326530611 247.37244897959184 277.1683673469388 
3383.5408163265306 3410.454081632653 218.87755102040816 245.7908163265306 226.55102040816325 253.46428571428572 
3746.7448979591836 3777.0510204081634 217.19897959183675 247.50510204081633 277.4591836734694 307.765306122449 
3928.112244897959 3957.3469387755104 203.70408163265307 232.9387755102041 244.59183673469389 273.8265306122449 
3762.6326530612246 3790.8469387755104 256.5816326530612 284.7959183673469 302.1224489795918 330.33673469387753 
3675.454081632653 3703.5408163265306 191.23979591836735 219.3265306122449 217.75 245.83673469387756 
3627.908163265306 3655.2551020408164 249.40816326530611 276.7551020408163 217.9591836734694 245.30612244897958 
3793.688775510204 3822.183673469388 197.85714285714286 226.35204081632654 278.3826530612245 306.8775510204082 
3447.188775510204 3475.5051020408164 234.87244897959184 263.1887755102041 223.05612244897958 251.37244897959184 
3411.081632653061 3439.1428571428573 188.1326530612245 216.19387755102042 206.89795918367346 234.9591836734694 
3508.612244897959 3536.8520408163267 189.62755102040816 217.8673469387755 250.39795918367346 278.63775510204084 
3576.581632653061 3604.591836734694 186.80102040816325 214.8112244897959 208.21428571428572 236.22448979591837 
3647.908163265306 3675.688775510204 191.21938775510205 219.0 304.09183673469386 331.8724489795918 
3391.4948979591836 3419.683673469388 174.4795918367347 202.66836734693877 233.33163265306123 261.5204081632653 
