2313.5960264900664 2339.7880794701987 171.6291390728477 197.82119205298014 143.89403973509934 170.08609271523179 
2722.1258278145697 2752.523178807947 103.54966887417218 133.94701986754967 140.7019867549669 171.09933774834437 
2226.2781456953644 2253.8940397350993 94.27152317880795 121.88741721854305 116.35761589403974 143.97350993377484 
2621.158940397351 2650.4966887417218 111.62913907284768 140.96688741721854 138.3046357615894 167.64238410596028 
2464.1523178807947 2492.9602649006624 104.91390728476821 133.72185430463577 122.86092715231788 151.66887417218544 
2140.6225165562914 2168.735099337748 124.40397350993378 152.51655629139074 174.49668874172184 202.60927152317882 
2486.271523178808 2514.682119205298 93.90066225165563 122.3112582781457 140.21192052980132 168.6225165562914 
2576.5562913907283 2604.8675496688743 122.95364238410596 151.26490066225165 158.64238410596028 186.95364238410596 
2295.9139072847684 2323.364238410596 139.58940397350995 167.03973509933775 153.09933774834437 180.5496688741722 
2567.3509933774835 2596.3245033112585 108.79470198675497 137.7682119205298 127.25165562913908 156.2251655629139 
2496.417218543046 2525.390728476821 112.70860927152317 141.68211920529802 154.0 182.97350993377484 
2420.1655629139073 2447.9470198675494 163.46357615894038 191.24503311258277 174.96688741721854 202.74834437086093 
2505.82119205298 2535.026490066225 133.89403973509934 163.09933774834437 134.59602649006624 163.80132450331126 
2627.3973509933776 2656.1059602649007 127.27814569536424 155.98675496688742 139.01986754966887 167.72847682119206 
2426.841059602649 2455.2847682119204 112.58278145695364 141.02649006622516 152.23841059602648 180.68211920529802 
2227.735099337748 2254.5562913907283 121.27152317880795 148.09271523178808 169.88741721854305 196.7086092715232 
2419.3046357615895 2448.476821192053 121.12582781456953 150.2980132450331 140.19867549668874 169.3708609271523 
2545.794701986755 2574.933774834437 112.88741721854305 142.02649006622516 142.3841059602649 171.52317880794703 
2288.58940397351 2317.662251655629 96.80794701986756 125.88079470198676 132.52980132450332 161.60264900662253 
2648.6026490066224 2677.2781456953644 139.81456953642385 168.49006622516555 170.2251655629139 198.90066225165563 
2334.5960264900664 2363.2384105960264 98.44370860927152 127.08609271523179 159.19867549668874 187.841059602649 
2380.139072847682 2408.1523178807947 134.66225165562915 162.67549668874173 165.27152317880794 193.28476821192052 
3028.2847682119204 3059.973509933775 149.46357615894038 181.1523178807947 197.05960264900662 228.74834437086093 
2326.337748344371 2354.2847682119204 143.81456953642385 171.76158940397352 156.3046357615894 184.25165562913907 
2171.9403973509934 2199.390728476821 107.18543046357615 134.63576158940398 147.66887417218544 175.11920529801324 
2345.5960264900664 2373.476821192053 89.97350993377484 117.8543046357616 135.49668874172184 163.3774834437086 
2358.218543046358 2386.4966887417218 96.47682119205298 124.75496688741723 119.04635761589404 147.32450331125827 
2567.5298013245033 2596.569536423841 110.37086092715232 139.41059602649005 155.841059602649 184.88079470198676 
2351.841059602649 2379.4238410596026 123.36423841059603 150.94701986754967 166.47019867549668 194.05298013245033 
2585.417218543046 2613.430463576159 108.90066225165563 136.91390728476821 180.74834437086093 208.76158940397352 
2237.781456953642 2264.271523178808 115.29801324503312 141.78807947019868 160.79470198675497 187.28476821192052 
2371.582781456954 2399.46357615894 102.34437086092716 130.2251655629139 131.01986754966887 158.90066225165563 
2477.1456953642382 2505.5562913907283 109.27814569536424 137.6887417218543 130.58940397350995 159.0 
2218.4834437086092 2247.225165562914 109.49006622516556 138.2317880794702 135.0066225165563 163.74834437086093 
2419.119205298013 2446.933774834437 124.76821192052981 152.58278145695365 193.98675496688742 221.80132450331126 
2562.8675496688743 2590.582781456954 101.68211920529801 129.39735099337747 155.35099337748343 183.0662251655629 
2188.7615894039736 2216.3112582781455 113.96026490066225 141.50993377483445 106.80794701986756 134.35761589403972 
2373.9403973509934 2402.2847682119204 102.76821192052981 131.11258278145695 148.01324503311258 176.35761589403972 
2388.198675496689 2415.748344370861 127.98675496688742 155.53642384105962 141.01324503311258 168.56291390728478 
2279.953642384106 2307.1721854304637 95.12582781456953 122.34437086092716 135.48344370860926 162.7019867549669 
2480.0794701986756 2507.9602649006624 123.09933774834437 150.98013245033113 145.67549668874173 173.5562913907285 
2374.0596026490066 2401.6423841059604 113.8543046357616 141.43708609271522 154.79470198675497 182.3774834437086 
2360.8344370860927 2389.3774834437086 103.37748344370861 131.9205298013245 151.46357615894038 180.0066225165563 
2668.3774834437086 2697.5496688741723 109.02649006622516 138.19867549668874 143.3774834437086 172.5496688741722 
2226.900662251656 2254.980132450331 111.6887417218543 139.7682119205298 143.35761589403972 171.43708609271522 
1995.3245033112582 2022.2119205298013 107.76821192052981 134.65562913907286 127.4635761589404 154.35099337748343 
2432.635761589404 2461.9403973509934 110.37748344370861 139.68211920529802 149.95364238410596 179.25827814569536 
2259.2582781456954 2287.801324503311 110.17880794701986 138.72185430463577 161.41059602649005 189.95364238410596 
2169.615894039735 2197.6291390728475 98.09933774834437 126.11258278145695 135.94039735099338 163.95364238410596 
2331.5496688741723 2359.728476821192 123.48344370860927 151.66225165562915 182.841059602649 211.01986754966887 
