11443.822810590631 11471.969450101833 2012.285132382892 2040.4317718940938 1981.246435845214 2009.3930753564155 
11514.374745417515 11542.215885947047 1908.162932790224 1936.0040733197557 1816.2586558044807 1844.0997963340121 
11906.877800407332 11934.718940936864 2277.2545824847252 2305.0957230142567 2051.735234215886 2079.5763747454175 
11668.84317718941 11697.193482688392 2072.8391038696536 2101.1894093686356 2004.1486761710794 2032.498981670061 
11521.201629327903 11549.735234215887 2031.5763747454175 2060.109979633401 1991.2118126272912 2019.745417515275 
12017.004073319755 12046.14867617108 2038.386965376782 2067.5315682281057 1908.663951120163 1937.8085539714868 
11520.464358452138 11548.641547861507 2109.1751527494907 2137.3523421588593 1890.1079429735234 1918.285132382892 
11731.260692464359 11759.427698574338 1968.1262729124237 1996.2932790224033 1869.560081466395 1897.7270875763747 
11898.769857433808 11927.42566191446 2216.8737270875763 2245.5295315682283 2160.429735234216 2189.0855397148675 
11624.771894093687 11653.336048879837 2053.896130346232 2082.460285132383 1982.867617107943 2011.4317718940938 
12003.181262729124 12032.030549898167 2024.521384928717 2053.37067209776 1979.1588594704685 2008.008146639511 
11581.995926680245 11610.417515274949 2001.2830957230142 2029.7046843177188 2038.7881873727088 2067.2097759674134 
11611.183299389002 11639.77800407332 2075.1995926680243 2103.7942973523423 1942.0896130346232 1970.684317718941 
11581.311608961303 11609.478615071283 2058.4969450101835 2086.663951120163 1977.5743380855397 2005.7413441955193 
11529.641547861507 11557.818737270876 2301.152749490835 2329.3299389002036 2011.4643584521384 2039.6415478615072 
11722.818737270876 11750.649694501019 2064.936863543788 2092.767820773931 2113.073319755601 2140.9042769857433 
11514.967413441955 11543.572301425662 2050.837067209776 2079.4419551934825 1891.3930753564155 1919.9979633401222 
11843.710794297353 11871.979633401223 2161.1140529531567 2189.3828920570263 1901.1547861507129 1929.4236252545825 
11498.606924643584 11526.733197556008 2126.448065173116 2154.5743380855397 1863.8309572301425 1891.9572301425662 
11595.655804480652 11623.690427698575 2080.0957230142567 2108.1303462321794 1888.2932790224033 1916.3279022403258 
11998.494908350305 12026.977596741344 2005.8044806517312 2034.2871690427698 1894.1262729124237 1922.6089613034624 
11663.64765784114 11692.476578411406 2011.0855397148675 2039.9144602851325 1889.5641547861508 1918.3930753564155 
11351.262729124237 11379.114052953157 2057.9633401221995 2085.81466395112 1920.7026476578412 1948.5539714867616 
11217.063136456212 11244.74134419552 1958.9674134419552 1986.6456211812626 1828.498981670061 1856.1771894093686 
11752.91649694501 11781.69450101833 2038.0122199592668 2066.7902240325866 1980.6048879837067 2009.3828920570265 
12028.067209775967 12057.12016293279 2233.368635437882 2262.4215885947046 1987.6700610997964 2016.723014256619 
12162.826883910388 12191.87983706721 2242.2525458248474 2271.30549898167 2018.9674134419552 2048.020366598778 
11557.020366598777 11585.25865580448 2036.3543788187374 2064.5926680244397 1824.5865580448065 1852.8248472505093 
11759.152749490835 11788.09368635438 2109.572301425662 2138.5132382892057 2010.2830957230142 2039.224032586558 
11595.859470468431 11624.077393075357 2162.969450101833 2191.1873727087577 1991.674134419552 2019.8920570264766 
11747.635437881874 11775.802443991854 2107.920570264766 2136.0875763747454 1832.4317718940938 1860.5987780040732 
11933.158859470468 11962.099796334012 2151.918533604888 2180.859470468432 1932.4765784114054 1961.417515274949 
11679.51934826884 11708.674134419553 1952.529531568228 1981.684317718941 1830.9755600814665 1860.1303462321791 
11307.651731160897 11335.696537678208 2123.7881873727088 2151.8329938900206 1962.9164969450103 1990.961303462322 
11220.476578411406 11248.012219959266 1960.8737270875763 1988.4093686354379 1976.8004073319755 2004.336048879837 
11926.924643584522 11955.458248472505 2047.0733197556008 2075.6069246435845 2023.9816700610997 2052.5152749490835 
11851.51934826884 11880.18533604888 2098.0366598778005 2126.702647657841 1966.376782077393 1995.0427698574338 
11586.663951120163 11615.004073319755 2019.551934826884 2047.8920570264766 1952.6822810590631 1981.022403258656 
11651.700610997963 11680.661914460285 2011.0549898167005 2040.0162932790224 2033.9511201629327 2062.9124236252546 
12082.706720977596 12111.973523421588 2175.7576374745418 2205.0244399185335 2153.002036659878 2182.2688391038696 
11742.580448065173 11771.114052953157 2123.7454175152748 2152.2790224032588 1894.2403258655804 1922.7739307535642 
11793.698574338085 11822.649694501019 2074.600814663951 2103.551934826884 1985.1955193482688 2014.1466395112016 
11734.914460285132 11763.274949083503 2033.0122199592668 2061.3727087576376 2047.674134419552 2076.0346232179227 
11528.710794297353 11556.613034623218 1961.3177189409369 1989.2199592668023 2123.0183299389 2150.920570264766 
11654.01018329939 11682.676171079429 2094.0997963340124 2122.765784114053 1866.3217922606925 1894.9877800407332 
11563.95315682281 11591.90631364562 1911.4847250509165 1939.437881873727 1906.5498981670062 1934.5030549898167 
11726.945010183299 11755.723014256619 2220.9775967413443 2249.755600814664 2068.1975560081464 2096.9755600814665 
11710.651731160897 11739.38900203666 2031.6374745417515 2060.3747454175154 1901.5987780040732 1930.336048879837 
11551.914460285132 11580.560081466396 2093.507128309572 2122.152749490835 1944.0835030549897 1972.7291242362526 
11748.60081466395 11777.134419551934 2071.523421588595 2100.0570264765784 2006.5132382892057 2035.0468431771894 
