7571.038123167155 7599.337243401759 904.0293255131965 932.3284457478006 983.692082111437 1011.9912023460411 
7551.2023460410555 7579.765395894428 859.6129032258065 888.1759530791788 853.592375366569 882.1554252199413 
7954.815249266862 7983.803519061584 1050.5865102639295 1079.574780058651 966.1788856304985 995.1671554252199 
7650.08211143695 7678.527859237537 1005.6041055718475 1034.049853372434 974.9061583577712 1003.3519061583578 
7586.829912023461 7615.49560117302 1063.7067448680352 1092.3724340175952 1045.2903225806451 1073.9560117302053 
7516.6070381231675 7544.378299120234 965.2756598240469 993.0469208211143 920.7565982404692 948.5278592375366 
7737.33431085044 7765.648093841643 1032.1378299120236 1060.4516129032259 1019.5190615835777 1047.83284457478 
7388.92082111437 7416.721407624634 1067.6656891495602 1095.466275659824 939.2287390029326 967.0293255131965 
7807.891495601173 7836.850439882698 1091.9530791788857 1120.9120234604106 984.7096774193549 1013.6686217008797 
8021.184750733138 8050.891495601173 1038.1612903225807 1067.8680351906157 1074.8064516129032 1104.5131964809384 
7503.8797653958945 7532.2521994134895 1012.7067448680352 1041.0791788856304 904.5102639296188 932.8826979472141 
7556.941348973607 7585.973607038123 1165.991202346041 1195.0234604105572 994.0821114369502 1023.1143695014663 
7469.9794721407625 7497.618768328446 972.0175953079179 999.6568914956011 964.5102639296188 992.149560117302 
7562.642228739003 7591.615835777126 899.791788856305 928.7653958944281 879.4017595307918 908.375366568915 
7552.304985337243 7579.313782991202 958.4692082111437 985.4780058651027 765.6627565982404 792.6715542521994 
7602.237536656891 7630.419354838709 988.8973607038123 1017.0791788856305 876.4457478005866 904.6275659824047 
7533.41055718475 7560.961876832845 984.2375366568915 1011.7888563049853 910.1407624633431 937.692082111437 
7665.205278592375 7692.91788856305 771.1114369501466 798.8240469208212 843.1671554252199 870.8797653958944 
7457.859237536657 7485.99706744868 890.8680351906158 919.0058651026393 934.0322580645161 962.1700879765395 
7417.299120234604 7444.967741935484 991.5777126099707 1019.2463343108504 930.6862170087976 958.3548387096774 
7486.240469208211 7514.114369501466 1008.5659824046921 1036.4398826979473 903.733137829912 931.6070381231672 
7959.615835777126 7988.530791788857 1068.5219941348973 1097.4369501466276 961.1260997067449 990.041055718475 
7315.882697947214 7344.108504398827 895.6715542521994 923.8973607038123 847.8328445747801 876.0586510263929 
7321.017595307918 7348.524926686217 1062.651026392962 1090.158357771261 934.0234604105572 961.5307917888563 
7832.363636363636 7860.5161290322585 1021.7272727272727 1049.8797653958945 937.4516129032259 965.6041055718475 
7644.41642228739 7673.228739002932 1113.4046920821115 1142.217008797654 931.0586510263929 959.8709677419355 
7793.548387096775 7822.023460410557 943.6979472140763 972.1730205278592 917.5513196480938 946.0263929618768 
7682.33431085044 7710.530791788857 1018.8944281524927 1047.090909090909 888.9178885630498 917.1143695014663 
7336.633431085044 7364.580645161291 970.5571847507331 998.5043988269795 917.0586510263929 945.0058651026393 
7628.340175953079 7656.214076246334 1148.4398826979473 1176.3137829912023 932.0791788856305 959.9530791788857 
7400.58357771261 7428.281524926686 1084.483870967742 1112.1818181818182 1014.7624633431085 1042.4604105571848 
7243.451612903225 7271.00293255132 998.475073313783 1026.0263929618768 828.891495601173 856.4428152492669 
7120.149560117302 7147.803519061584 837.3724340175953 865.0263929618768 965.9413489736071 993.5953079178886 
7561.932551319648 7590.129032258064 1008.7184750733138 1036.9149560117303 916.2873900293255 944.483870967742 
7498.16715542522 7526.539589442816 912.5219941348973 940.8944281524927 816.891495601173 845.2639296187683 
7732.478005865102 7760.865102639296 972.9648093841643 1001.3519061583578 939.4134897360703 967.8005865102639 
7547.038123167155 7576.422287390029 854.6480938416422 884.0322580645161 942.5366568914956 971.9208211143695 
7389.695014662757 7416.49853372434 793.5043988269795 820.307917888563 825.1055718475073 851.9090909090909 
7601.9794721407625 7629.985337243402 1058.6774193548388 1086.683284457478 948.2111436950147 976.217008797654 
7641.105571847507 7669.756598240469 1109.5923753665688 1138.2434017595308 1027.9824046920821 1056.633431085044 
7392.542521994135 7420.2111436950145 1008.8475073313783 1036.516129032258 923.3782991202346 951.0469208211143 
7647.870967741936 7676.3020527859235 1087.3958944281526 1115.8269794721407 1104.8064516129032 1133.2375366568915 
7449.278592375366 7477.137829912023 1029.0879765395894 1056.9472140762464 731.8445747800587 759.7038123167156 
7456.099706744868 7484.149560117302 1104.058651026393 1132.1085043988269 988.5483870967741 1016.5982404692082 
7414.131964809384 7441.5659824046925 913.8944281524927 941.3284457478006 864.4692082111437 891.9032258064516 
7435.284457478006 7463.378299120234 951.782991202346 979.8768328445748 851.4574780058651 879.5513196480938 
7399.571847507332 7427.255131964809 837.149560117302 864.8328445747801 931.2873900293255 958.9706744868035 
7824.821114369502 7854.4838709677415 1064.126099706745 1093.7888563049853 895.041055718475 924.7038123167156 
7473.577712609971 7500.953079178886 923.3049853372434 950.6803519061583 873.7976539589442 901.1730205278592 
7675.058651026393 7703.739002932552 992.3225806451613 1021.0029325513196 1070.8797653958945 1099.5601173020527 
