2738.0 2766.0994152046783 131.44444444444446 159.5438596491228 207.44444444444446 235.5438596491228 
3156.1403508771928 3186.5789473684213 134.44444444444446 164.8830409356725 185.46783625730995 215.906432748538 
3017.7309941520466 3045.245614035088 146.75438596491227 174.26900584795322 160.21637426900585 187.73099415204678 
2603.06432748538 2630.4327485380118 170.98245614035088 198.35087719298247 168.44444444444446 195.81286549707602 
3136.783625730994 3165.5555555555557 134.21052631578948 162.98245614035088 190.67251461988303 219.44444444444446 
2840.9239766081873 2868.5847953216376 147.01754385964912 174.6783625730994 185.7485380116959 213.4093567251462 
2997.1111111111113 3025.4152046783624 128.02923976608187 156.33333333333334 178.3684210526316 206.67251461988303 
3152.029239766082 3181.0058479532163 129.21052631578948 158.18713450292398 180.4795321637427 209.4561403508772 
2635.157894736842 2661.9122807017543 99.51461988304094 126.26900584795321 154.19298245614036 180.94736842105263 
2733.0994152046783 2760.058479532164 165.5906432748538 192.54970760233917 185.4093567251462 212.3684210526316 
3115.748538011696 3145.777777777778 123.08771929824562 153.1169590643275 148.99415204678363 179.0233918128655 
2948.964912280702 2976.157894736842 129.5438596491228 156.73684210526315 181.859649122807 209.05263157894737 
2998.2046783625733 3026.4210526315787 149.4561403508772 177.67251461988303 172.61988304093566 200.83625730994152 
2953.9883040935674 2981.590643274854 117.28654970760233 144.88888888888889 148.87134502923976 176.47368421052633 
2706.157894736842 2734.4912280701756 142.6783625730994 171.01169590643275 186.42105263157896 214.75438596491227 
3071.3216374269005 3099.9766081871344 139.02923976608187 167.68421052631578 174.91812865497076 203.57309941520467 
2678.46783625731 2706.5380116959063 133.29239766081872 161.36257309941521 169.66666666666666 197.73684210526315 
2975.970760233918 3005.2690058479534 115.47368421052632 144.7719298245614 152.19883040935673 181.49707602339183 
2887.4152046783624 2915.309941520468 118.09941520467837 145.99415204678363 166.68421052631578 194.57894736842104 
2772.2982456140353 2800.5438596491226 154.4327485380117 182.6783625730994 160.22222222222223 188.46783625730995 
2882.7660818713452 2910.4561403508774 135.90058479532163 163.5906432748538 150.4561403508772 178.14619883040936 
2726.33918128655 2754.7602339181285 112.90643274853801 141.32748538011697 153.093567251462 181.51461988304092 
2941.502923976608 2969.3976608187136 117.18128654970761 145.07602339181287 159.71929824561403 187.6140350877193 
2739.93567251462 2767.9181286549706 107.87719298245614 135.859649122807 141.01754385964912 169.0 
2903.3508771929824 2931.9473684210525 103.29239766081871 131.88888888888889 135.953216374269 164.54970760233917 
3120.3333333333335 3147.9941520467837 184.94152046783626 212.60233918128654 201.76608187134502 229.42690058479533 
2834.7251461988303 2861.625730994152 127.72514619883042 154.62573099415204 180.42690058479533 207.32748538011697 
2475.0233918128656 2501.222222222222 128.046783625731 154.24561403508773 181.07602339181287 207.2748538011696 
2946.4152046783624 2975.187134502924 157.57894736842104 186.35087719298247 178.66666666666666 207.43859649122808 
2806.0701754385964 2834.6374269005846 141.54970760233917 170.1169590643275 171.6549707602339 200.22222222222223 
2841.4795321637425 2869.842105263158 135.51461988304092 163.87719298245614 173.26315789473685 201.62573099415204 
3143.6198830409357 3172.7426900584796 136.7953216374269 165.91812865497076 168.21052631578948 197.33333333333334 
2925.5730994152045 2953.5263157894738 139.40350877192984 167.35672514619884 149.98830409356725 177.94152046783626 
2515.5087719298244 2541.9122807017543 136.49707602339183 162.90058479532163 166.3684210526316 192.7719298245614 
3251.4561403508774 3280.1695906432747 177.10526315789474 205.8187134502924 222.7719298245614 251.48538011695908 
2863.4912280701756 2890.9181286549706 141.06432748538012 168.49122807017545 160.44444444444446 187.87134502923976 
2807.625730994152 2835.315789473684 107.58479532163743 135.2748538011696 150.75438596491227 178.44444444444446 
3109.5438596491226 3138.4912280701756 146.70760233918128 175.6549707602339 182.55555555555554 211.50292397660817 
2783.847953216374 2813.0 191.40350877192984 220.55555555555554 304.7543859649123 333.906432748538 
2823.0877192982457 2851.625730994152 109.6842105263158 138.22222222222223 168.906432748538 197.44444444444446 
3088.590643274854 3117.12865497076 176.37426900584796 204.91228070175438 177.33333333333334 205.87134502923976 
3046.690058479532 3075.9590643274855 126.55555555555556 155.82456140350877 165.25730994152048 194.52631578947367 
3143.0701754385964 3170.8187134502923 173.0233918128655 200.7719298245614 164.7953216374269 192.5438596491228 
2828.280701754386 2855.3274853801167 125.98245614035088 153.02923976608187 194.45029239766083 221.49707602339183 
2713.2339181286548 2740.8654970760235 145.08187134502924 172.71345029239765 191.68421052631578 219.31578947368422 
2957.6081871345027 2986.058479532164 152.19298245614036 180.64327485380116 197.11111111111111 225.56140350877192 
3051.4269005847955 3079.0 169.8421052631579 197.41520467836258 213.97076023391813 241.5438596491228 
2772.690058479532 2801.6959064327484 132.4795321637427 161.48538011695908 178.04093567251462 207.046783625731 
3131.1169590643276 3158.748538011696 147.28654970760235 174.91812865497076 229.62573099415204 257.2573099415205 
2755.0877192982457 2782.5146198830407 169.9766081871345 197.40350877192984 165.8187134502924 193.24561403508773 
