10627.365180467092 10654.987261146496 1923.7770700636943 1951.3991507430999 1670.751592356688 1698.3736730360934 
11146.762208067941 11175.774946921443 2038.5732484076434 2067.5859872611463 1890.4246284501062 1919.4373673036093 
11271.588110403398 11300.346072186836 1907.0530785562632 1935.8110403397027 1854.8895966029725 1883.647558386412 
11159.594479830148 11187.80042462845 2021.6008492569001 2049.806794055202 1865.6348195329088 1893.8407643312103 
11358.059447983014 11387.008492569003 1943.6687898089172 1972.6178343949045 1913.4840764331211 1942.4331210191083 
11379.458598726114 11407.569002123142 1886.723991507431 1914.8343949044586 1703.7791932059447 1731.8895966029725 
11045.811040339702 11074.08067940552 2025.5159235668789 2053.7855626326964 1858.8365180467092 1887.1061571125265 
10986.781316348195 11015.19957537155 1944.9660297239916 1973.384288747346 1764.9872611464968 1793.4055201698513 
11109.40127388535 11137.723991507431 2000.447983014862 2028.7707006369426 1929.2632696390658 1957.5859872611466 
11191.764331210192 11220.16135881104 1919.7791932059447 1948.1762208067942 1800.6496815286623 1829.0467091295118 
11182.47558386412 11211.127388535031 1744.1104033970275 1772.7622080679405 1713.271762208068 1741.9235668789809 
10873.634819532908 10901.458598726114 1999.1486199575372 2026.972399150743 1790.4182590233545 1818.2420382165606 
11307.333333333334 11335.815286624204 1829.135881104034 1857.6178343949045 1917.3651804670912 1945.8471337579617 
11529.707006369426 11559.250530785563 1880.7218683651804 1910.2653927813165 1806.3630573248408 1835.9065817409767 
11398.876857749468 11427.878980891719 1899.0573248407643 1928.059447983015 1673.6433121019109 1702.6454352441613 
10931.673036093418 10960.091295116772 1894.904458598726 1923.3227176220807 1883.8067940552016 1912.2250530785564 
11397.341825902335 11426.099787685775 1970.0382165605095 1998.7961783439491 1807.4373673036093 1836.1953290870488 
11289.176220806794 11318.220806794056 2030.384288747346 2059.4288747346072 1963.411889596603 1992.4564755838642 
10868.554140127388 10896.494692144373 1992.3821656050955 2020.3227176220807 1845.783439490446 1873.723991507431 
11014.736730360934 11042.67728237792 1833.976645435244 1861.9171974522294 1818.5690021231424 1846.5095541401274 
11075.577494692145 11103.783439490446 1969.0488322717622 1997.2547770700637 1835.0573248407643 1863.2632696390658 
11257.099787685775 11284.806794055201 1916.995753715499 1944.7027600849258 1755.0297239915074 1782.7367303609342 
10546.726114649682 10573.891719745223 2047.1188959660296 2074.284501061571 1706.0148619957538 1733.1804670912952 
11302.581740976646 11331.148619957537 1940.416135881104 1968.9830148619958 1764.7579617834394 1793.3248407643312 
11504.52229299363 11533.949044585986 2073.651804670913 2103.0785562632695 1922.4309978768576 1951.8577494692145 
11021.64331210191 11049.966029723992 2004.6624203821657 2032.9851380042462 1948.5541401273886 1976.8768577494693 
11220.75796178344 11249.367303609342 1973.596602972399 2002.2059447983015 1730.131634819533 1758.7409766454352 
11186.569002123142 11214.668789808917 2068.2866242038217 2096.3864118895967 1769.7855626326964 1797.8853503184714 
11193.904458598727 11221.823779193206 1795.8259023354565 1823.7452229299363 1817.036093418259 1844.9554140127389 
11115.16560509554 11143.498938428875 1797.1889596602973 1825.5222929936306 1647.8089171974523 1676.1422505307855 
11016.847133757961 11045.15923566879 1961.5138004246285 1989.8259023354565 1822.1443736730362 1850.4564755838642 
10836.766454352442 10864.250530785563 1730.904458598726 1758.3885350318471 1665.4182590233545 1692.9023354564756 
11217.312101910828 11245.698513800424 1950.4734607218684 1978.8598726114649 1878.0658174097664 1906.4522292993631 
10609.182590233546 10636.698513800424 1954.248407643312 1981.7643312101911 1644.7133757961783 1672.2292993630574 
11335.082802547771 11363.352441613588 1986.1868365180467 2014.4564755838642 1933.7133757961783 1961.9830148619958 
11234.231422505309 11263.021231422505 2103.411889596603 2132.2016985138002 1942.5435244161358 1971.3333333333333 
11130.027600849256 11158.297239915075 1943.5456475583865 1971.8152866242037 1931.7791932059447 1960.0488322717622 
10995.106157112526 11022.664543524415 2003.5541401273886 2031.1125265392782 1968.4501061571125 1996.008492569002 
11204.386411889596 11232.783439490446 1900.416135881104 1928.8131634819533 1730.723991507431 1759.1210191082803 
11057.76008492569 11085.647558386412 1918.7048832271762 1946.592356687898 1824.2250530785564 1852.1125265392782 
11331.503184713376 11359.83651804671 1890.1634819532908 1918.4968152866243 1888.2866242038217 1916.619957537155 
11326.968152866242 11355.365180467092 1969.1825902335456 1997.5796178343949 1826.596602972399 1854.9936305732483 
10842.43949044586 10870.380042462844 1818.0849256900212 1846.0254777070063 1736.2292993630574 1764.1698513800425 
11083.946921443736 11112.089171974523 1870.7218683651804 1898.864118895966 1708.2675159235669 1736.4097664543524 
11190.095541401273 11218.789808917198 1976.8789808917197 2005.5732484076434 1899.32059447983 1928.0148619957538 
11132.220806794056 11160.171974522293 1770.9150743099788 1798.8662420382166 1758.3885350318471 1786.339702760085 
11087.779193205944 11115.953290870488 1995.7664543524415 2023.940552016985 1811.6751592356688 1839.8492569002124 
11116.698513800424 11144.787685774947 1847.43949044586 1875.5286624203823 1824.8619957537155 1852.9511677282378 
11304.377919320594 11333.454352441613 1863.728237791932 1892.8046709129512 1843.3057324840765 1872.3821656050955 
10503.07643312102 10530.252653927813 1766.895966029724 1794.072186836518 1731.4522292993631 1758.628450106157 
