2030.0220588235295 2059.4338235294117 110.43382352941177 139.84558823529412 123.91911764705883 153.3308823529412 
1765.6470588235295 1793.3676470588234 94.05147058823529 121.7720588235294 127.47058823529412 155.19117647058823 
2053.830882352941 2081.8823529411766 106.05882352941177 134.11029411764707 119.17647058823529 147.22794117647058 
1744.485294117647 1771.4338235294117 90.7720588235294 117.72058823529412 104.26470588235294 131.21323529411765 
1761.4926470588234 1787.6323529411766 88.58823529411765 114.7279411764706 122.08088235294117 148.22058823529412 
2267.5220588235293 2296.6029411764707 106.96323529411765 136.0441176470588 126.99264705882354 156.0735294117647 
1888.1911764705883 1915.9117647058824 92.25 119.97058823529412 141.13235294117646 168.85294117647058 
1965.0 1993.3088235294117 90.11764705882354 118.42647058823529 125.95588235294117 154.26470588235293 
2059.095588235294 2088.654411764706 102.23529411764706 131.7941176470588 134.40441176470588 163.96323529411765 
1778.8088235294117 1808.0735294117646 92.73529411764706 122.0 126.30882352941177 155.5735294117647 
1765.4044117647059 1792.6470588235295 107.20588235294117 134.4485294117647 117.52941176470588 144.77205882352942 
1862.7573529411766 1889.7426470588234 97.0220588235294 124.00735294117646 120.69852941176471 147.68382352941177 
1944.7720588235295 1971.9044117647059 85.25 112.38235294117646 104.875 132.00735294117646 
2009.4044117647059 2037.9705882352941 89.86764705882354 118.43382352941177 114.03676470588235 142.60294117647058 
1997.8014705882354 2024.9705882352941 109.17647058823529 136.34558823529412 139.375 166.5441176470588 
1905.6911764705883 1933.8161764705883 100.25 128.375 121.79411764705883 149.9191176470588 
2181.8970588235293 2210.279411764706 100.06617647058823 128.4485294117647 119.75 148.13235294117646 
1921.3161764705883 1948.8161764705883 104.63970588235294 132.13970588235293 134.06617647058823 161.56617647058823 
2091.580882352941 2120.4411764705883 117.34558823529412 146.2058823529412 151.05882352941177 179.9191176470588 
2272.9338235294117 2301.3161764705883 105.88235294117646 134.26470588235293 139.9558823529412 168.33823529411765 
1802.4779411764705 1830.1617647058824 85.1470588235294 112.83088235294117 113.61029411764706 141.2941176470588 
1885.2720588235295 1914.7205882352941 109.75 139.1985294117647 119.09558823529412 148.5441176470588 
2141.4338235294117 2168.75 103.75735294117646 131.0735294117647 117.83088235294117 145.14705882352942 
1996.0514705882354 2025.0955882352941 93.1029411764706 122.1470588235294 135.8308823529412 164.875 
1932.6691176470588 1960.2794117647059 98.45588235294117 126.06617647058823 111.78676470588235 139.39705882352942 
1938.3308823529412 1966.7867647058824 105.01470588235294 133.47058823529412 127.30147058823529 155.75735294117646 
2166.1838235294117 2195.926470588235 102.81617647058823 132.55882352941177 117.13970588235294 146.88235294117646 
2127.698529411765 2157.330882352941 89.63970588235294 119.2720588235294 118.43382352941177 148.06617647058823 
2090.6470588235293 2119.4338235294117 100.54411764705883 129.3308823529412 132.75735294117646 161.5441176470588 
1922.360294117647 1948.6838235294117 95.13970588235294 121.46323529411765 132.36029411764707 158.68382352941177 
2028.1617647058824 2057.720588235294 105.26470588235294 134.8235294117647 130.0735294117647 159.63235294117646 
1926.3529411764705 1954.9191176470588 89.93382352941177 118.5 126.94117647058823 155.50735294117646 
2194.6838235294117 2223.4338235294117 104.31617647058823 133.06617647058823 138.9485294117647 167.6985294117647 
1948.0220588235295 1974.014705882353 81.8529411764706 107.84558823529412 118.84558823529412 144.83823529411765 
1990.0220588235295 2016.75 105.77941176470588 132.50735294117646 120.61029411764706 147.33823529411765 
1973.8382352941176 2001.8529411764705 117.13970588235294 145.15441176470588 124.3529411764706 152.36764705882354 
1803.7573529411766 1831.5882352941176 88.41176470588235 116.24264705882354 135.6691176470588 163.5 
1986.889705882353 2015.6029411764705 104.8970588235294 133.61029411764707 129.05882352941177 157.77205882352942 
2143.4632352941176 2172.9117647058824 87.99264705882354 117.44117647058823 134.49264705882354 163.94117647058823 
1829.9705882352941 1858.0588235294117 90.73529411764706 118.82352941176471 137.39705882352942 165.48529411764707 
1815.9632352941176 1844.4558823529412 97.15441176470588 125.6470588235294 135.77205882352942 164.26470588235293 
2290.125 2319.095588235294 102.08823529411765 131.05882352941177 129.50735294117646 158.47794117647058 
1978.4779411764705 2007.3014705882354 107.44852941176471 136.27205882352942 123.13235294117646 151.9558823529412 
1715.8970588235295 1742.5882352941176 92.17647058823529 118.86764705882354 123.29411764705883 149.98529411764707 
1646.9779411764705 1673.9264705882354 89.61029411764706 116.55882352941177 116.50735294117646 143.4558823529412 
1771.360294117647 1797.389705882353 88.34558823529412 114.375 107.54411764705883 133.5735294117647 
2149.198529411765 2177.176470588235 104.25 132.22794117647058 162.13970588235293 190.11764705882354 
2108.551470588235 2137.375 100.0220588235294 128.84558823529412 127.70588235294117 156.52941176470588 
1975.110294117647 2004.4117647058824 92.6029411764706 121.90441176470588 138.56617647058823 167.86764705882354 
1950.8970588235295 1979.2058823529412 84.66176470588235 112.97058823529412 132.73529411764707 161.0441176470588 
