2691.3072289156626 2718.6867469879517 157.34337349397592 184.72289156626505 188.71686746987953 216.09638554216866 
2682.8313253012047 2711.265060240964 139.8734939759036 168.30722891566265 200.48192771084337 228.9156626506024 
2539.9578313253014 2567.0361445783133 116.07228915662651 143.15060240963857 143.93373493975903 171.0120481927711 
2791.1686746987953 2818.4277108433735 125.23493975903614 152.49397590361446 164.48192771084337 191.74096385542168 
2987.6506024096384 3017.6807228915663 130.34939759036143 160.37951807228916 154.09638554216866 184.1265060240964 
2850.2831325301204 2880.4036144578313 146.77710843373495 176.8975903614458 195.40361445783134 225.52409638554218 
2973.1746987951806 3003.1746987951806 157.01807228915663 187.01807228915663 186.7289156626506 216.7289156626506 
2882.409638554217 2911.114457831325 134.43373493975903 163.13855421686748 148.3132530120482 177.01807228915663 
2776.421686746988 2802.867469879518 110.31927710843374 136.76506024096386 176.96385542168676 203.40963855421685 
2539.5542168674697 2567.777108433735 136.6024096385542 164.82530120481928 182.0843373493976 210.30722891566265 
2576.3614457831327 2603.6807228915663 113.09036144578313 140.40963855421685 159.97590361445782 187.29518072289156 
2908.4819277108436 2937.5180722891564 111.43975903614458 140.47590361445782 143.5421686746988 172.57831325301206 
2512.114457831325 2539.3132530120483 131.28313253012047 158.48192771084337 146.03012048192772 173.2289156626506 
2549.6867469879517 2577.789156626506 148.26506024096386 176.36746987951807 188.0 216.1024096385542 
2494.5 2521.9397590361446 119.98192771084338 147.42168674698794 150.5843373493976 178.02409638554218 
2647.012048192771 2674.843373493976 125.63855421686748 153.46987951807228 189.0 216.83132530120483 
2729.722891566265 2756.921686746988 127.97590361445783 155.17469879518072 180.26506024096386 207.46385542168676 
2881.5602409638554 2910.2951807228915 128.46987951807228 157.20481927710844 167.8855421686747 196.62048192771084 
2912.277108433735 2941.614457831325 110.67469879518072 140.0120481927711 165.04819277108433 194.3855421686747 
2719.0542168674697 2748.5722891566265 131.80722891566265 161.32530120481928 188.5120481927711 218.03012048192772 
2821.2168674698796 2850.012048192771 141.03614457831324 169.83132530120483 154.65060240963857 183.44578313253012 
2725.843373493976 2753.222891566265 115.66265060240964 143.0421686746988 145.6024096385542 172.98192771084337 
2971.4578313253014 3001.879518072289 110.6987951807229 141.12048192771084 168.02409638554218 198.44578313253012 
2808.2168674698796 2836.9518072289156 116.53012048192771 145.26506024096386 153.33734939759037 182.0722891566265 
2711.9036144578313 2739.9156626506024 113.23493975903614 141.24698795180723 131.3012048192771 159.3132530120482 
2905.0542168674697 2934.39156626506 136.03614457831324 165.3734939759036 179.6024096385542 208.93975903614458 
2887.602409638554 2916.0060240963853 146.5120481927711 174.9156626506024 175.0120481927711 203.4156626506024 
2659.1506024096384 2687.0722891566265 137.6867469879518 165.60843373493975 171.43975903614458 199.36144578313252 
2977.090361445783 3004.710843373494 131.81927710843374 159.43975903614458 156.1867469879518 183.80722891566265 
2325.5843373493976 2352.9939759036147 162.86144578313252 190.2710843373494 181.60843373493975 209.01807228915663 
2810.126506024096 2838.8313253012047 130.8975903614458 159.6024096385542 169.40361445783134 198.10843373493975 
2744.1807228915663 2772.9156626506024 129.71686746987953 158.45180722891567 153.09638554216866 181.83132530120483 
2937.090361445783 2965.4939759036147 122.66867469879519 151.0722891566265 158.4156626506024 186.81927710843374 
2723.759036144578 2752.524096385542 120.3012048192771 149.06626506024097 166.04819277108433 194.8132530120482 
2931.6987951807228 2959.9518072289156 146.89156626506025 175.14457831325302 179.95180722891567 208.20481927710844 
2729.614457831325 2757.867469879518 118.73493975903614 146.9879518072289 200.87951807228916 229.13253012048193 
2690.2168674698796 2718.8012048192772 122.22289156626506 150.80722891566265 143.53012048192772 172.1144578313253 
2676.8253012048194 2704.6867469879517 129.210843373494 157.0722891566265 163.39156626506025 191.25301204819277 
3027.4518072289156 3057.6626506024095 180.15662650602408 210.36746987951807 176.1265060240964 206.33734939759037 
2730.7048192771085 2758.3253012048194 116.74096385542168 144.36144578313252 166.1867469879518 193.80722891566265 
2724.602409638554 2751.289156626506 133.85542168674698 160.5421686746988 130.20481927710844 156.89156626506025 
2596.4036144578313 2623.1506024096384 113.31927710843374 140.06626506024097 140.25903614457832 167.00602409638554 
2974.4156626506024 3002.8192771084337 132.03012048192772 160.43373493975903 184.35542168674698 212.75903614457832 
2695.7048192771085 2723.0843373493976 107.40963855421687 134.789156626506 159.25903614457832 186.63855421686748 
2721.7710843373493 2749.6927710843374 119.57831325301204 147.5 185.44578313253012 213.36746987951807 
2785.6807228915663 2814.656626506024 144.07831325301206 173.05421686746988 180.68072289156626 209.65662650602408 
2559.2168674698796 2586.234939759036 143.03012048192772 170.04819277108433 179.21686746987953 206.23493975903614 
2926.7048192771085 2955.5602409638554 118.80722891566265 147.66265060240963 149.65662650602408 178.5120481927711 
2743.1927710843374 2771.4457831325303 110.72289156626506 138.97590361445782 174.75903614457832 203.0120481927711 
2882.789156626506 2910.7710843373493 138.05421686746988 166.03614457831324 159.23493975903614 187.21686746987953 
