4096.257918552036 4124.266968325792 246.65158371040724 274.6606334841629 254.10859728506787 282.11764705882354 
4215.900452488688 4244.746606334842 252.8733031674208 281.71945701357464 262.1674208144796 291.0135746606335 
3974.493212669683 4002.524886877828 261.9004524886878 289.9321266968326 314.0633484162896 342.09502262443436 
4614.009049773756 4642.628959276018 290.5022624434389 319.1221719457014 337.1085972850679 365.72850678733033 
4228.108597285068 4255.665158371041 278.9004524886878 306.4570135746606 304.19457013574663 331.75113122171945 
4290.778280542986 4318.923076923077 260.24886877828055 288.39366515837105 331.07239819004525 359.21719457013575 
4063.719457013575 4091.1176470588234 396.33031674208144 423.72850678733033 348.3574660633484 375.7556561085973 
4101.212669683258 4129.018099547511 294.0814479638009 321.8868778280543 248.47511312217193 276.28054298642536 
4379.914027149322 4408.330316742082 323.0452488687783 351.46153846153845 334.7330316742081 363.14932126696834 
4470.027149321267 4498.126696832579 262.94117647058823 291.04072398190044 337.2443438914027 365.3438914027149 
4320.918552036199 4350.443438914027 345.7330316742081 375.2579185520362 302.2307692307692 331.7556561085973 
4463.79185520362 4492.570135746606 369.1628959276018 397.94117647058823 376.9366515837104 405.71493212669685 
4486.099547511312 4514.6742081447965 435.1131221719457 463.6877828054299 461.50678733031674 490.0814479638009 
4168.348416289593 4196.764705882353 247.24886877828055 275.6651583710407 281.04072398190044 309.4570135746606 
4323.93665158371 4352.285067873303 291.8914027149321 320.23981900452486 325.95022624434387 354.29864253393663 
4217.977375565611 4246.755656108598 341.4117647058824 370.1900452488688 381.43891402714934 410.21719457013575 
4488.153846153846 4517.135746606335 279.7873303167421 308.7692307692308 345.7330316742081 374.71493212669685 
4451.778280542986 4479.58371040724 414.81447963800906 442.61990950226243 366.6425339366516 394.447963800905 
4384.434389140271 4413.93665158371 281.42986425339365 310.9321266968326 327.89592760180994 357.3981900452489 
4132.158371040724 4160.619909502262 303.88235294117646 332.3438914027149 309.05882352941177 337.5203619909502 
4055.4343891402714 4083.239819004525 351.9230769230769 379.72850678733033 324.552036199095 352.3574660633484 
4318.64705882353 4346.837104072398 313.3529411764706 341.5429864253394 278.80542986425337 306.99547511312215 
4543.009049773756 4572.601809954751 320.67420814479635 350.2669683257919 388.50678733031674 418.0995475113122 
4184.425339366516 4212.864253393665 203.58823529411765 232.02714932126696 215.98642533936652 244.42533936651583 
4270.963800904978 4299.764705882353 254.87782805429865 283.6787330316742 345.0135746606335 373.81447963800906 
4245.280542986426 4273.651583710407 445.7782805429864 474.14932126696834 438.7420814479638 467.1131221719457 
4215.461538461538 4242.837104072398 277.6787330316742 305.0542986425339 314.4434389140271 341.81900452488685 
4411.981900452489 4440.64705882353 352.9004524886878 381.5656108597285 339.2443438914027 367.9095022624434 
4400.93665158371 4429.081447963801 243.8868778280543 272.0316742081448 251.86425339366517 280.00904977375563 
4154.891402714932 4182.380090497738 224.48868778280544 251.97737556561086 229.4389140271493 256.92760180995475 
4338.914027149322 4367.35294117647 265.5203619909502 293.95927601809956 305.0 333.43891402714934 
4088.027149321267 4116.828054298642 258.868778280543 287.66968325791856 272.710407239819 301.5113122171946 
4246.524886877828 4275.190045248869 329.13574660633486 357.8009049773756 389.3076923076923 417.97285067873304 
4254.502262443439 4282.556561085973 184.4162895927602 212.47058823529412 277.73755656108597 305.7918552036199 
4486.0 4515.47963800905 289.5972850678733 319.0769230769231 330.68325791855204 360.1628959276018 
4510.4841628959275 4538.945701357466 276.7647058823529 305.2262443438914 267.88235294117646 296.3438914027149 
4216.968325791855 4244.909502262443 270.8868778280543 298.82805429864254 267.85067873303166 295.7918552036199 
4400.963800904978 4429.83257918552 293.3574660633484 322.2262443438914 282.70588235294116 311.57466063348414 
4348.511312217194 4377.764705882353 239.94570135746605 269.1990950226244 262.8778280542986 292.131221719457 
4403.968325791855 4431.570135746606 280.8235294117647 308.42533936651586 333.8099547511312 361.4117647058824 
4466.244343891402 4495.9276018099545 267.5882352941176 297.27149321266967 308.39366515837105 338.0769230769231 
4525.542986425339 4554.366515837104 263.00452488687785 291.82805429864254 290.81447963800906 319.63800904977376 
4453.529411764706 4482.850678733032 415.47058823529414 444.7918552036199 400.29411764705884 429.61538461538464 
4350.443438914027 4379.945701357466 242.0 271.5022624434389 341.46153846153845 370.96380090497735 
4189.303167420814 4216.6108597285065 338.18099547511315 365.4886877828054 333.4434389140271 360.75113122171945 
4159.723981900453 4188.004524886878 348.3212669683258 376.6018099547511 314.40723981900453 342.6877828054299 
4287.651583710407 4315.524886877828 264.41628959276017 292.289592760181 292.6968325791855 320.57013574660635 
4312.524886877828 4341.031674208145 337.8914027149321 366.3981900452489 255.26244343891403 283.7692307692308 
4355.348416289593 4384.579185520362 290.97285067873304 320.20361990950227 367.18099547511315 396.4117647058824 
4517.628959276018 4546.27149321267 286.9185520361991 315.56108597285066 257.1990950226244 285.841628959276 
