10682.51409978308 10710.561822125814 1636.9197396963123 1664.9674620390456 1556.9067245119306 1584.9544468546637 
10871.229934924078 10899.11496746204 1941.9956616052061 1969.880694143167 1724.2776572668113 1752.1626898047723 
10786.123644251627 10813.694143167028 1877.5097613882863 1905.0802603036877 1772.0780911062907 1799.648590021692 
10585.872017353578 10613.702819956616 1782.0433839479392 1809.8741865509762 1645.9045553145336 1673.7353579175706 
10969.826464208243 10997.787418655098 1812.0086767895878 1839.9696312364424 1798.644251626898 1826.6052060737527 
10618.505422993492 10646.986984815618 1771.1626898047723 1799.644251626898 1718.9718004338395 1747.4533622559652 
10838.865509761388 10866.924078091106 1780.8047722342733 1808.8633405639914 1758.225596529284 1786.2841648590022 
10930.494577006508 10959.334056399131 1813.6117136659436 1842.4511930585684 1736.2537960954446 1765.0932754880694 
11128.279826464208 11157.02169197397 1977.5075921908895 2006.2494577006507 1824.34273318872 1853.0845986984816 
11248.253796095445 11276.898047722343 1983.637744034707 2012.2819956616052 1801.4533622559652 1830.0976138828632 
10854.650759219088 10883.566160520608 1770.9349240780912 1799.8503253796096 1688.7830802603037 1717.698481561822 
11023.266811279826 11051.683297180043 1785.29284164859 1813.7093275488069 1702.5401301518439 1730.9566160520608 
11047.624728850325 11076.247288503253 1881.6919739696311 1910.3145336225596 1672.9718004338395 1701.594360086768 
10804.147505422994 10832.58568329718 1889.943600867679 1918.3817787418654 1696.4143167028199 1724.8524945770066 
10572.32971800434 10600.930585683298 1980.4555314533623 2009.056399132321 1871.1691973969632 1899.7700650759218 
10788.429501084598 10817.268980477224 1844.0043383947939 1872.8438177874186 1768.8524945770066 1797.6919739696311 
11272.77223427332 11301.731019522776 1882.9956616052061 1911.9544468546637 1789.5726681127983 1818.531453362256 
11129.47939262473 11157.917570498916 1708.5553145336225 1736.993492407809 1625.2603036876355 1653.698481561822 
10573.0715835141 10600.511930585682 1940.7201735357917 1968.1605206073752 1742.0412147505424 1769.4815618221257 
10929.323210412147 10958.075921908894 1875.5119305856833 1904.2646420824294 1660.0498915401301 1688.8026030368765 
10838.147505422994 10866.054229934924 1893.8069414316703 1921.713665943601 1824.058568329718 1851.9652928416485 
10950.37093275488 10979.004338394794 1960.351409978308 1988.9848156182213 1918.060737527115 1946.6941431670282 
10686.260303687635 10714.253796095445 1908.7093275488069 1936.702819956616 1855.8373101952277 1883.8308026030368 
10846.783080260304 10875.362255965292 1695.882863340564 1724.4620390455532 1634.6030368763556 1663.1822125813449 
10771.47939262473 10800.232104121475 1803.529284164859 1832.2819956616052 1674.5488069414316 1703.301518438178 
10670.75704989154 10698.501084598698 1807.4143167028199 1835.1583514099782 1812.4815618221257 1840.225596529284 
10771.451193058569 10799.498915401302 1845.479392624729 1873.527114967462 1697.1019522776573 1725.1496746203904 
10986.55748373102 11015.169197396963 1859.117136659436 1887.7288503253797 1855.3318872017353 1883.943600867679 
10708.334056399131 10737.444685466377 1821.403470715835 1850.5140997830802 1768.0412147505424 1797.1518438177875 
10771.845986984816 10800.37093275488 1817.815618221258 1846.3405639913233 1740.2299349240782 1768.7548806941431 
11195.375271149675 11224.127982646422 2013.060737527115 2041.8134490238613 1962.3709327548806 1991.123644251627 
10891.284164859002 10919.537960954447 1797.7006507592191 1825.9544468546637 1657.5639913232103 1685.8177874186551 
10511.06507592191 10538.277657266812 1775.765726681128 1802.9783080260304 1730.3167028199566 1757.529284164859 
10555.733188720174 10584.225596529284 1838.0802603036877 1866.5726681127983 1526.8937093275488 1555.3861171366593 
10801.188720173535 10829.247288503253 1767.1973969631235 1795.2559652928417 1536.6876355748373 1564.7462039045554 
10764.770065075922 10793.002169197396 1885.7201735357917 1913.952277657267 1704.2819956616052 1732.5140997830802 
11084.273318872018 11113.134490238612 1859.5422993492407 1888.403470715835 1745.1952277657267 1774.056399132321 
11163.075921908894 11191.937093275488 1868.3752711496745 1897.2364425162689 1813.7375271149674 1842.5986984815618 
10853.527114967463 10882.594360086769 1800.468546637744 1829.53579175705 1791.9761388286333 1821.0433839479392 
11030.340563991324 11058.475054229935 1969.4772234273319 1997.6117136659436 1878.5509761388287 1906.6854663774404 
11000.399132321041 11029.325379609545 1867.4468546637745 1896.3731019522777 1732.4273318872017 1761.353579175705 
10869.815618221259 10898.676789587853 1835.4360086767897 1864.297180043384 1765.7700650759218 1794.6312364425162 
11142.579175704988 11171.65726681128 1881.1865509761387 1910.2646420824294 1965.648590021692 1994.7266811279826 
11042.453362255965 11070.620390455531 1896.7375271149674 1924.9045553145336 1767.301518438178 1795.468546637744 
10900.104121475055 10928.206073752712 1909.349240780911 1937.4511930585684 1650.1583514099782 1678.2603036876355 
10480.019522776573 10507.579175704988 1759.7570498915402 1787.3167028199566 1590.7462039045554 1618.3058568329718 
11003.075921908894 11031.134490238612 1887.4013015184382 1915.4598698481561 1800.180043383948 1828.238611713666 
10681.694143167028 10709.80694143167 1737.0498915401301 1765.1626898047723 1599.9913232104122 1628.1041214750542 
10811.822125813449 10840.477223427331 1849.3709327548806 1878.0260303687635 1673.3731019522777 1702.0281995661605 
11010.82863340564 11039.982646420824 1865.7874186550976 1894.941431670282 1830.232104121475 1859.3861171366593 
