8922.475703324808 8950.583120204603 1353.450127877238 1381.5575447570332 1291.7979539641944 1319.9053708439897 
8711.918158567774 8739.693094629156 1295.677749360614 1323.4526854219948 1313.312020460358 1341.0869565217392 
8847.524296675192 8876.143222506395 1283.5626598465474 1312.1815856777494 1198.2787723785166 1226.8976982097188 
8924.997442455244 8953.437340153452 1345.5089514066497 1373.9488491048594 1302.1969309462916 1330.6368286445013 
8697.50895140665 8725.910485933504 1213.7212276214834 1242.1227621483376 1150.7953964194373 1179.1969309462916 
8776.70588235294 8804.69820971867 1304.9641943734016 1332.9565217391305 1097.7161125319692 1125.708439897698 
8931.117647058823 8959.672634271099 1387.3401534526854 1415.8951406649617 1228.0102301790282 1256.5652173913043 
9074.590792838875 9102.69820971867 1330.7135549872123 1358.8209718670078 1307.2634271099744 1335.3708439897698 
9268.012787723785 9297.437340153452 1453.16368286445 1482.5882352941176 1434.1892583120205 1463.613810741688 
8658.526854219948 8686.826086956522 1247.3938618925831 1275.6930946291561 1240.227621483376 1268.5268542199487 
9138.86189258312 9167.583120204603 1238.378516624041 1267.0997442455243 1307.928388746803 1336.6496163682864 
8788.805626598465 8817.23273657289 1435.923273657289 1464.3503836317136 1135.391304347826 1163.8184143222506 
8467.063938618925 8494.493606138107 1265.296675191816 1292.7263427109974 1217.5115089514065 1244.9411764705883 
8992.744245524296 9021.06905370844 1294.8056265984656 1323.1304347826087 1150.2506393861893 1178.5754475703325 
8686.951406649616 8715.148337595909 1304.925831202046 1333.1227621483376 1190.6726342710997 1218.8695652173913 
8987.754475703325 9015.746803069054 1469.2455242966753 1497.2378516624042 1221.4245524296675 1249.4168797953964 
9275.245524296675 9304.005115089514 1366.2071611253198 1394.9667519181585 1263.621483375959 1292.381074168798 
8929.588235294117 8958.322250639387 1326.455242966752 1355.1892583120205 1219.1150895140665 1247.849104859335 
8961.028132992327 8989.225063938618 1364.9488491048594 1393.145780051151 1215.235294117647 1243.4322250639386 
9012.966751918158 9041.751918158569 1320.1918158567776 1348.9769820971867 1218.5549872122763 1247.3401534526854 
9098.920716112532 9127.731457800512 1384.5575447570332 1413.3682864450127 1370.1611253196932 1398.9718670076727 
8819.066496163683 8846.227621483376 1397.0306905370844 1424.1918158567776 1243.9897698209718 1271.150895140665 
9194.140664961637 9223.092071611252 1368.4859335038363 1397.4373401534526 1266.7109974424552 1295.6624040920717 
8978.053708439898 9006.391304347826 1387.703324808184 1416.0409207161126 1302.7979539641944 1331.1355498721227 
8942.327365728901 8970.217391304348 1313.1278772378516 1341.0179028132993 1198.1202046035805 1226.0102301790282 
8774.670076726343 8803.378516624041 1328.4987212276214 1357.2071611253198 1374.708439897698 1403.4168797953964 
8521.450127877239 8548.50895140665 1294.9207161125319 1321.9795396419438 1346.0409207161126 1373.0997442455243 
8930.468030690537 8958.626598465473 1484.4092071611253 1512.5677749360614 1347.386189258312 1375.544757033248 
8508.872122762148 8537.312020460358 1342.081841432225 1370.5217391304348 1036.4808184143224 1064.9207161125319 
8991.462915601023 9020.401534526854 1401.7902813299233 1430.7289002557545 1243.1892583120205 1272.1278772378516 
9324.80051150895 9354.084398976982 1297.153452685422 1326.4373401534526 1376.6547314578006 1405.9386189258312 
8605.450127877239 8633.787723785166 1278.2506393861893 1306.5882352941176 1259.4015345268542 1287.7391304347825 
9047.038363171356 9074.736572890026 1273.4961636828646 1301.1943734015344 1295.5166240409208 1323.2148337595909 
8947.902813299233 8976.329923273657 1215.7519181585678 1244.1790281329922 1192.5191815856776 1220.9462915601023 
8859.959079283888 8888.079283887468 1353.3938618925831 1381.5140664961637 1171.9667519181585 1200.0869565217392 
9096.191815856777 9125.3094629156 1321.7621483375958 1350.8797953964195 1243.1611253196932 1272.2787723785166 
8636.920716112532 8665.002557544756 1415.4373401534526 1443.5191815856776 1265.4245524296675 1293.5063938618925 
8914.109974424553 8941.62915601023 1328.928388746803 1356.4475703324808 1302.8695652173913 1330.3887468030691 
8478.327365728901 8505.833759590792 1248.4450127877237 1275.9514066496163 1123.4296675191815 1150.936061381074 
9088.496163682865 9117.191815856777 1550.304347826087 1579.0 1367.997442455243 1396.6930946291561 
9161.445012787724 9189.833759590792 1306.9028132992328 1335.291560102302 1402.0204603580562 1430.4092071611253 
8876.874680306906 8904.393861892584 1262.309462915601 1289.8286445012789 1163.843989769821 1191.3631713554987 
9329.951406649616 9358.74936061381 1581.7391304347825 1610.537084398977 1493.8005115089513 1522.5984654731458 
8771.721227621483 8800.25063938619 1248.1483375959078 1276.677749360614 1231.1969309462916 1259.7263427109974 
8705.746803069054 8733.342710997442 1255.1202046035805 1282.7161125319692 1134.5575447570332 1162.153452685422 
9278.409207161125 9307.373401534527 1457.3324808184143 1486.296675191816 1402.23273657289 1431.1969309462916 
9130.920716112532 9160.217391304348 1336.2250639386189 1365.5217391304348 1303.9002557544757 1333.1969309462916 
9409.700767263426 9438.882352941177 1364.1994884910487 1393.381074168798 1252.8337595907929 1282.0153452685422 
8652.672634271099 8680.74168797954 1306.0102301790282 1334.0792838874681 1236.16368286445 1264.23273657289 
8661.851662404091 8689.281329923273 1223.542199488491 1250.9718670076727 1232.2480818414322 1259.677749360614 
