40.666666666666664 64.83333333333333 59.666666666666664 83.83333333333333 37.333333333333336 61.5 
29.166666666666668 58.333333333333336 32.833333333333336 62.0 24.166666666666668 53.333333333333336 
20.0 45.833333333333336 37.833333333333336 63.666666666666664 15.0 40.833333333333336 
29.5 51.166666666666664 66.16666666666667 87.83333333333333 18.666666666666668 40.333333333333336 
25.666666666666668 56.5 65.66666666666667 96.5 20.666666666666668 51.5 
21.833333333333332 46.0 40.333333333333336 64.5 16.833333333333332 41.0 
29.166666666666668 53.333333333333336 36.833333333333336 61.0 24.166666666666668 48.333333333333336 
29.833333333333332 59.0 37.833333333333336 67.0 24.833333333333332 54.0 
22.5 45.833333333333336 47.0 70.33333333333333 17.5 40.833333333333336 
34.666666666666664 60.5 65.16666666666667 91.0 29.666666666666668 55.5 
39.666666666666664 71.33333333333333 62.5 94.16666666666667 19.666666666666668 51.333333333333336 
31.666666666666668 60.833333333333336 36.0 65.16666666666667 26.666666666666668 55.833333333333336 
25.833333333333332 52.5 54.666666666666664 81.33333333333333 20.833333333333332 47.5 
28.333333333333332 54.166666666666664 43.833333333333336 69.66666666666667 23.333333333333332 49.166666666666664 
30.0 62.5 36.833333333333336 69.33333333333333 25.0 57.5 
26.666666666666668 55.0 44.833333333333336 73.16666666666667 21.666666666666668 50.0 
34.166666666666664 66.66666666666667 43.5 76.0 29.166666666666668 61.666666666666664 
37.0 70.33333333333333 43.5 76.83333333333333 30.333333333333332 63.666666666666664 
28.333333333333332 68.33333333333333 50.166666666666664 90.16666666666667 23.333333333333332 63.333333333333336 
25.833333333333332 55.0 45.5 74.66666666666667 20.833333333333332 50.0 
25.0 43.333333333333336 32.333333333333336 50.666666666666664 20.0 38.333333333333336 
30.0 64.16666666666667 46.333333333333336 80.5 25.0 59.166666666666664 
30.0 58.333333333333336 60.333333333333336 88.66666666666667 25.0 53.333333333333336 
24.333333333333332 51.833333333333336 58.333333333333336 85.83333333333333 19.333333333333332 46.833333333333336 
27.333333333333332 52.333333333333336 47.666666666666664 72.66666666666667 22.333333333333332 47.333333333333336 
33.0 63.0 42.666666666666664 72.66666666666667 23.833333333333332 53.833333333333336 
34.166666666666664 58.333333333333336 42.0 66.16666666666667 27.5 51.666666666666664 
25.0 55.0 41.833333333333336 71.83333333333333 20.0 50.0 
22.5 51.666666666666664 40.333333333333336 69.5 17.5 46.666666666666664 
29.166666666666668 56.666666666666664 36.166666666666664 63.666666666666664 24.166666666666668 51.666666666666664 
39.0 67.33333333333333 38.5 66.83333333333333 34.0 62.333333333333336 
40.833333333333336 66.66666666666667 38.0 63.833333333333336 35.833333333333336 61.666666666666664 
32.5 60.0 40.666666666666664 68.16666666666667 27.5 55.0 
27.5 55.0 52.5 80.0 22.5 50.0 
35.333333333333336 67.0 51.833333333333336 83.5 30.333333333333332 62.0 
25.0 46.666666666666664 38.5 60.166666666666664 20.0 41.666666666666664 
24.5 47.833333333333336 53.833333333333336 77.16666666666667 19.5 42.833333333333336 
37.333333333333336 64.0 43.0 69.66666666666667 25.666666666666668 52.333333333333336 
27.5 54.166666666666664 24.0 50.666666666666664 22.5 49.166666666666664 
25.0 53.333333333333336 43.0 71.33333333333333 20.0 48.333333333333336 
40.833333333333336 70.0 45.833333333333336 75.0 34.166666666666664 63.333333333333336 
29.166666666666668 51.666666666666664 36.833333333333336 59.333333333333336 24.166666666666668 46.666666666666664 
22.5 55.0 29.833333333333332 62.333333333333336 17.5 50.0 
25.0 55.0 37.0 67.0 20.0 50.0 
32.5 57.5 72.33333333333333 97.33333333333333 27.5 52.5 
26.666666666666668 53.333333333333336 46.833333333333336 73.5 21.666666666666668 48.333333333333336 
22.5 48.333333333333336 43.166666666666664 69.0 17.5 43.333333333333336 
35.0 65.83333333333333 45.0 75.83333333333333 26.666666666666668 57.5 
31.666666666666668 63.333333333333336 41.833333333333336 73.5 26.666666666666668 58.333333333333336 
37.333333333333336 69.83333333333333 33.166666666666664 65.66666666666667 32.333333333333336 64.83333333333333 
