5707.29889298893 5736.154981549816 530.2915129151291 559.1476014760148 579.4575645756457 608.3136531365313 
6048.446494464944 6078.612546125461 596.2988929889299 626.4649446494465 649.3136531365313 679.4797047970479 
5766.162361623617 5795.424354243542 575.140221402214 604.4022140221402 530.719557195572 559.9815498154982 
6014.3726937269375 6043.5977859778595 553.8081180811809 583.0332103321033 532.1033210332104 561.3284132841328 
5791.380073800738 5819.405904059041 584.6678966789668 612.6937269372694 540.7343173431734 568.760147601476 
5683.420664206642 5712.738007380074 395.18819188191884 424.50553505535055 515.5055350553506 544.8228782287823 
5795.741697416975 5824.09963099631 560.2066420664206 588.5645756457565 582.4760147601476 610.8339483394834 
5529.446494464944 5558.50553505535 468.0590405904059 497.1180811808118 399.3911439114391 428.450184501845 
5495.476014760147 5522.653136531365 532.789667896679 559.9667896678967 532.3210332103321 559.4981549815498 
5629.933579335793 5658.49446494465 509.8376383763838 538.3985239852399 529.0664206642066 557.6273062730627 
5282.520295202952 5310.029520295203 569.3653136531366 596.8745387453874 574.0885608856089 601.5977859778598 
5826.948339483395 5855.859778597786 605.5313653136532 634.4428044280443 519.180811808118 548.0922509225093 
6091.630996309963 6120.671586715867 559.0 588.040590405904 561.9077490774907 590.9483394833949 
5830.712177121771 5859.845018450184 558.4317343173432 587.5645756457565 505.63837638376384 534.7712177121771 
5588.380073800738 5616.940959409594 585.0479704797048 613.6088560885609 498.3985239852399 526.959409594096 
5624.084870848708 5652.516605166052 660.239852398524 688.6715867158672 568.2730627306273 596.7047970479705 
5602.177121771218 5631.088560885609 499.37269372693726 528.2841328413284 588.8376383763838 617.7490774907749 
5515.546125461255 5543.405904059041 603.0295202952029 630.8892988929889 513.6826568265683 541.5424354243543 
5543.822878228782 5570.594095940959 513.1217712177122 539.8929889298893 495.8339483394834 522.6051660516605 
5817.988929889299 5846.328413284133 579.0738007380074 607.4132841328413 576.1992619926199 604.5387453874539 
5679.3948339483395 5707.014760147602 610.6678966789668 638.2878228782288 592.4022140221402 620.0221402214022 
5754.741697416975 5783.431734317343 547.9261992619926 576.6162361623616 560.4797047970479 589.169741697417 
6001.922509225093 6030.870848708487 585.730627306273 614.6789667896679 627.8450184501845 656.7933579335794 
5760.2140221402215 5788.5904059040595 591.0 619.3763837638377 582.5202952029521 610.8966789667896 
5457.169741697417 5485.472324723247 598.2767527675277 626.5793357933579 522.3173431734317 550.619926199262 
5618.295202952029 5646.50553505535 589.5756457564576 617.7859778597787 554.8081180811809 583.0184501845018 
6124.022140221402 6152.970479704797 691.4169741697417 720.3653136531366 631.4944649446494 660.4428044280443 
5527.450184501845 5555.678966789668 576.5166051660517 604.7453874538745 514.959409594096 543.1881918819188 
5709.324723247232 5738.457564575646 549.0590405904059 578.1918819188191 589.1217712177122 618.2546125461255 
5572.4169741697415 5600.535055350553 431.2952029520295 459.41328413284134 477.97047970479707 506.08856088560884 
5187.055350553505 5214.453874538745 508.6346863468635 536.0332103321033 428.5129151291513 455.91143911439116 
5573.166051660517 5601.948339483395 591.2435424354244 620.0258302583026 502.9261992619926 531.7084870848709 
5768.439114391144 5797.350553505535 543.180811808118 572.0922509225093 533.2546125461255 562.1660516605166 
5577.6273062730625 5605.376383763838 524.9704797047971 552.719557195572 504.47232472324725 532.2214022140222 
5325.6051660516605 5353.022140221402 410.30258302583024 437.71955719557195 453.9261992619926 481.34317343173433 
5941.092250922509 5970.114391143911 554.2509225092251 583.2730627306273 543.0664206642066 572.0885608856089 
5870.09963099631 5898.1992619926195 520.0516605166051 548.1512915129151 526.5387453874539 554.6383763837638 
5514.103321033211 5542.313653136532 564.1512915129151 592.3616236162362 553.8634686346863 582.0738007380074 
5258.955719557195 5286.132841328414 372.66051660516604 399.8376383763838 395.43173431734317 422.6088560885609 
5292.49446494465 5320.114391143911 603.5719557195572 631.1918819188191 566.8671586715867 594.4870848708487 
5799.778597785978 5828.450184501845 444.76752767527677 473.4391143911439 438.02583025830256 466.69741697416976 
5508.280442804428 5536.269372693727 469.7638376383764 497.7527675276753 482.1734317343173 510.1623616236162 
5397.977859778598 5425.690036900369 482.23985239852396 509.9520295202952 411.28044280442805 438.99261992619927 
5597.726937269373 5625.051660516605 478.2546125461255 505.5793357933579 442.690036900369 470.01476014760146 
5587.571955719557 5616.169741697417 522.4797047970479 551.0774907749078 565.0073800738007 593.6051660516605 
5694.8007380073805 5724.1918819188195 502.8929889298893 532.2841328413284 473.0110701107011 502.40221402214024 
6146.638376383764 6175.531365313653 495.690036900369 524.5830258302583 534.6273062730627 563.5202952029521 
5456.070110701107 5483.468634686347 476.619926199262 504.01845018450183 537.8966789667896 565.2952029520295 
5338.029520295203 5365.077490774907 474.3948339483395 501.44280442804427 434.5793357933579 461.62730627306274 
5536.774907749077 5564.690036900369 437.56457564575646 465.479704797048 421.7749077490775 449.690036900369 
