11253.53781512605 11281.47899159664 1825.6449579831933 1853.5861344537816 1942.5084033613446 1970.4495798319329 
11527.252100840336 11555.89705882353 2028.6176470588234 2057.2626050420167 1847.5672268907563 1876.2121848739496 
11083.468487394957 11111.262605042017 1933.672268907563 1961.4663865546217 1742.313025210084 1770.107142857143 
10843.098739495797 10870.556722689076 1883.9285714285713 1911.3865546218487 1837.3844537815125 1864.84243697479 
11021.699579831933 11049.714285714286 1947.6974789915967 1975.7121848739496 1711.0693277310925 1739.0840336134454 
11328.300420168067 11356.409663865546 2022.2689075630253 2050.378151260504 1940.5063025210084 1968.6155462184875 
11180.403361344537 11209.447478991597 1932.5357142857142 1961.579831932773 1810.4873949579833 1839.531512605042 
11084.97268907563 11113.596638655463 1919.7079831932774 1948.3319327731092 1736.9264705882354 1765.5504201680671 
11234.273109243697 11262.025210084033 1902.1806722689075 1929.9327731092437 1833.327731092437 1861.079831932773 
11027.497899159664 11055.22899159664 1960.7268907563025 1988.4579831932774 2070.123949579832 2097.8550420168067 
11601.785714285714 11630.95588235294 2039.7668067226891 2068.936974789916 1947.5840336134454 1976.7542016806722 
11248.84243697479 11277.29831932773 1827.7415966386554 1856.1974789915967 1809.703781512605 1838.1596638655462 
10978.031512605043 11005.95168067227 1984.6449579831933 2012.56512605042 1792.5693277310925 1820.4894957983192 
10915.105042016807 10942.64705882353 1952.126050420168 1979.6680672268908 1916.3865546218487 1943.9285714285713 
11247.296218487394 11275.584033613446 1899.4138655462184 1927.7016806722688 1851.75 1880.0378151260504 
11480.180672268907 11509.004201680673 2114.361344537815 2143.18487394958 1866.2731092436975 1895.0966386554621 
11482.53781512605 11510.899159663866 1886.3676470588234 1914.7289915966387 1753.672268907563 1782.0336134453783 
11090.495798319327 11118.153361344537 1814.1008403361345 1841.7584033613446 1755.2436974789916 1782.9012605042017 
11407.920168067227 11437.35294117647 2092.3193277310925 2121.752100840336 1877.1008403361345 1906.5336134453783 
11101.8256302521 11129.724789915967 1854.84243697479 1882.7415966386554 1784.2205882352941 1812.1197478991596 
10834.796218487394 10862.86344537815 1960.296218487395 1988.3634453781513 1680.0693277310925 1708.1365546218487 
11155.224789915967 11183.502100840336 1982.8046218487395 2011.0819327731092 1896.107142857143 1924.3844537815125 
11679.035714285714 11708.00630252101 1904.8550420168067 1933.8256302521008 1873.8466386554621 1902.8172268907563 
11543.974789915967 11572.966386554623 1901.5399159663866 1930.531512605042 1897.8403361344538 1926.8319327731092 
11534.165966386554 11563.052521008403 1831.0189075630253 1859.9054621848738 1754.2920168067226 1783.1785714285713 
10899.512605042017 10926.76050420168 1936.2457983193278 1963.4936974789916 1856.59243697479 1883.8403361344538 
11070.123949579833 11098.107142857143 1899.985294117647 1927.968487394958 1802.2878151260504 1830.2710084033613 
11313.264705882353 11341.52100840336 1939.2731092436975 1967.5294117647059 1880.1344537815125 1908.390756302521 
11383.61344537815 11412.457983193277 1961.6365546218487 1990.4810924369747 1898.8025210084033 1927.6470588235295 
10836.83613445378 10864.79831932773 1836.0273109243697 1863.9894957983192 1702.8655462184875 1730.827731092437 
11304.474789915967 11332.920168067227 1810.8487394957983 1839.2941176470588 1694.0756302521008 1722.5210084033613 
11339.279411764706 11367.840336134454 1888.2121848739496 1916.7731092436975 1832.5987394957983 1861.1596638655462 
10965.035714285714 10992.882352941177 2059.876050420168 2087.72268907563 1731.2331932773109 1759.079831932773 
11109.66806722689 11138.470588235294 2030.6596638655462 2059.4621848739494 1923.5966386554621 1952.3991596638655 
11088.699579831933 11116.33613445378 1961.9936974789916 1989.6302521008404 1800.5063025210084 1828.142857142857 
11221.08193277311 11249.422268907563 2130.128151260504 2158.468487394958 1897.0483193277312 1925.388655462185 
11293.915966386554 11322.056722689076 1879.0525210084033 1907.1932773109243 1728.873949579832 1757.014705882353 
11404.560924369747 11432.70168067227 1813.3718487394958 1841.5126050420167 1843.2373949579833 1871.3781512605042 
11273.128151260504 11302.014705882353 1967.3319327731092 1996.218487394958 1796.2794117647059 1825.1659663865546 
11175.275210084033 11203.542016806723 2034.1806722689075 2062.4474789915967 1780.6323529411766 1808.8991596638655 
11094.275210084033 11122.552521008403 1901.329831932773 1929.607142857143 1759.611344537815 1787.888655462185 
11298.27100840336 11326.915966386554 2087.0378151260506 2115.6827731092435 1996.4642857142858 2025.109243697479 
11356.634453781513 11385.83613445378 1917.6365546218487 1946.8382352941176 1871.7394957983192 1900.9411764705883 
11085.95588235294 11113.72899159664 1862.9726890756303 1890.7457983193278 1879.6953781512605 1907.468487394958 
11504.096638655463 11532.384453781513 1999.3655462184875 2027.6533613445379 1960.861344537815 1989.1491596638655 
11564.865546218487 11593.48949579832 1865.6554621848738 1894.2794117647059 1956.8403361344538 1985.4642857142858 
11329.584033613446 11357.577731092437 2019.4243697478992 2047.4180672268908 1932.5252100840337 1960.5189075630253 
11433.306722689076 11462.319327731093 2031.0735294117646 2060.0861344537816 1784.609243697479 1813.6218487394958 
10976.550420168067 11004.481092436974 1936.8844537815125 1964.81512605042 2051.6134453781515 2079.544117647059 
10822.64075630252 10849.899159663866 1842.031512605042 1869.2899159663866 1800.75 1828.0084033613446 
