7926.028089887641 7953.443820224719 990.2387640449438 1017.6544943820224 916.0842696629213 943.5 
7919.182584269663 7947.13202247191 1016.5814606741573 1044.5308988764045 945.1657303370787 973.1151685393259 
7918.553370786517 7946.86797752809 1123.4185393258426 1151.7331460674156 983.3286516853933 1011.6432584269663 
7729.20786516854 7756.918539325843 938.5702247191011 966.2808988764045 1037.2696629213483 1064.9803370786517 
7923.997191011236 7951.904494382023 999.6910112359551 1027.5983146067415 1083.8848314606741 1111.7921348314608 
7928.738764044944 7956.955056179775 1159.1685393258426 1187.3848314606741 1144.75 1172.9662921348315 
7906.688202247191 7934.75 1034.362359550562 1062.4241573033707 1007.2219101123595 1035.2837078651685 
7789.601123595506 7817.38202247191 1035.7247191011236 1063.5056179775281 1065.443820224719 1093.2247191011236 
7770.938202247191 7799.112359550561 1112.9691011235955 1141.1432584269662 1067.9606741573034 1096.1348314606741 
7987.143258426966 8015.275280898876 1054.6348314606741 1082.7668539325844 1071.0758426966293 1099.2078651685392 
7697.061797752809 7725.151685393258 1008.2668539325842 1036.3567415730338 982.876404494382 1010.9662921348314 
8010.741573033708 8039.337078651685 1030.0112359550562 1058.6067415730338 978.7471910112359 1007.3426966292135 
8056.483146067416 8084.657303370786 1025.8820224719102 1054.056179775281 973.9831460674158 1002.1573033707865 
7851.2724719101125 7879.811797752809 1021.3258426966293 1049.8651685393259 1076.637640449438 1105.176966292135 
8256.294943820225 8285.283707865168 1253.0196629213483 1282.008426966292 1210.8455056179776 1239.8342696629213 
7951.497191011236 7979.221910112359 1060.8539325842696 1088.5786516853932 950.0084269662922 977.7331460674158 
8000.730337078651 8029.929775280899 1083.191011235955 1112.3904494382023 1107.8932584269662 1137.0926966292134 
8123.893258426966 8152.151685393258 1007.561797752809 1035.8202247191011 1006.561797752809 1034.8202247191011 
7931.842696629214 7960.466292134832 1045.176966292135 1073.8005617977528 1054.2865168539327 1082.9101123595506 
8228.376404494382 8258.82584269663 1056.752808988764 1087.2022471910113 1099.1629213483145 1129.612359550562 
7438.811797752809 7465.876404494382 1128.0926966292134 1155.1573033707866 956.7893258426966 983.8539325842696 
8032.724719101124 8061.952247191011 1056.3567415730338 1085.5842696629213 1024.2696629213483 1053.497191011236 
7823.5 7852.404494382023 999.5140449438202 1028.4185393258426 1110.4943820224719 1139.3988764044943 
8351.67415730337 8379.960674157302 1002.1067415730337 1030.3932584269662 1106.758426966292 1135.0449438202247 
8035.337078651685 8063.328651685393 1073.9691011235955 1101.9606741573034 996.9101123595506 1024.9016853932585 
8172.929775280899 8201.806179775282 1115.387640449438 1144.2640449438202 1018.6320224719101 1047.508426966292 
7876.064606741573 7904.730337078651 1061.7696629213483 1090.435393258427 937.0196629213483 965.685393258427 
7664.966292134832 7692.536516853933 950.373595505618 977.943820224719 978.3651685393259 1005.935393258427 
8046.1207865168535 8074.365168539326 1120.4606741573034 1148.7050561797753 993.9016853932584 1022.1460674157304 
7899.640449438202 7927.800561797752 975.129213483146 1003.2893258426966 1048.0112359550562 1076.1713483146068 
7838.912921348315 7867.283707865168 1041.3848314606741 1069.7556179775281 828.7443820224719 857.1151685393259 
8105.7808988764045 8133.941011235955 1125.4887640449438 1153.6488764044943 1139.2359550561798 1167.3960674157304 
8088.91011235955 8117.702247191011 1192.2331460674156 1221.0252808988764 1012.8988764044943 1041.691011235955 
7563.612359550561 7591.252808988764 1080.7162921348315 1108.3567415730338 1029.9325842696628 1057.573033707865 
8208.893258426966 8237.82584269663 1153.823033707865 1182.7556179775281 1116.561797752809 1145.4943820224719 
7866.025280898876 7894.508426966292 1055.943820224719 1084.426966292135 1052.373595505618 1080.8567415730338 
8083.005617977528 8111.83988764045 1053.5365168539327 1082.370786516854 1047.443820224719 1076.2780898876404 
7875.912921348315 7903.79213483146 1104.7359550561798 1132.6151685393259 1131.7275280898875 1159.6067415730338 
7918.5308988764045 7947.533707865168 1038.137640449438 1067.1404494382023 1018.811797752809 1047.814606741573 
7612.435393258427 7639.654494382023 1104.9887640449438 1132.2078651685392 1026.6488764044943 1053.8679775280898 
7935.0758426966295 7963.278089887641 1046.058988764045 1074.2612359550562 1142.7443820224719 1170.9466292134832 
7959.609550561798 7987.896067415731 1123.2443820224719 1151.5308988764045 1042.4466292134832 1070.7331460674156 
7742.2275280898875 7770.51404494382 997.1404494382023 1025.426966292135 976.0196629213483 1004.306179775281 
7734.154494382023 7762.16011235955 1053.8511235955057 1081.8567415730338 1032.0196629213483 1060.0252808988764 
7969.741573033708 7998.01404494382 1071.5393258426966 1099.811797752809 1018.6460674157304 1046.9185393258426 
8477.0 8506.789325842698 981.0112359550562 1010.8005617977528 1044.0505617977528 1073.8398876404494 
7960.820224719101 7989.317415730337 1129.0870786516855 1157.5842696629213 1043.741573033708 1072.2387640449438 
7919.443820224719 7948.278089887641 1147.1573033707866 1175.991573033708 1139.752808988764 1168.5870786516855 
7841.66011235955 7870.1292134831465 1010.2134831460675 1038.6825842696628 927.3904494382023 955.8595505617977 
7921.056179775281 7949.848314606742 1034.2668539325844 1063.058988764045 977.2921348314607 1006.0842696629213 
