774.6153846153846 801.9230769230769 73.45054945054945 100.75824175824175 77.53846153846153 104.84615384615384 
732.0769230769231 758.6703296703297 77.95604395604396 104.54945054945055 97.79120879120879 124.38461538461539 
821.3296703296703 850.8351648351648 70.86813186813187 100.37362637362638 82.7032967032967 112.20879120879121 
639.5164835164835 666.4945054945055 74.06593406593407 101.04395604395604 90.17582417582418 117.15384615384616 
501.8791208791209 528.8021978021978 79.50549450549451 106.42857142857143 70.6923076923077 97.61538461538461 
883.1538461538462 911.8901098901099 72.71428571428571 101.45054945054945 78.65934065934066 107.3956043956044 
706.6263736263736 736.6813186813187 73.27472527472527 103.32967032967034 88.98901098901099 119.04395604395604 
605.8241758241758 632.5824175824176 71.71428571428571 98.47252747252747 88.67032967032966 115.42857142857143 
889.7912087912088 917.6483516483516 70.49450549450549 98.35164835164835 86.52747252747253 114.38461538461539 
874.5604395604396 903.9010989010989 77.10989010989012 106.45054945054945 74.91208791208791 104.25274725274726 
799.1758241758242 827.7472527472528 66.08791208791209 94.65934065934066 94.04395604395604 122.61538461538461 
657.3626373626373 684.065934065934 70.3956043956044 97.0989010989011 83.3076923076923 110.01098901098901 
1041.4835164835165 1071.5934065934066 64.9010989010989 95.01098901098901 77.81318681318682 107.92307692307692 
649.1758241758242 677.5824175824176 76.24175824175825 104.64835164835165 84.51648351648352 112.92307692307692 
714.1538461538462 742.1758241758242 70.24175824175825 98.26373626373626 92.58241758241758 120.6043956043956 
823.1428571428571 853.8571428571429 69.4065934065934 100.12087912087912 73.81318681318682 104.52747252747253 
577.3076923076923 602.6373626373627 69.3076923076923 94.63736263736264 70.43956043956044 95.76923076923077 
658.8681318681319 687.5494505494505 61.362637362637365 90.04395604395604 94.41758241758242 123.0989010989011 
741.4175824175824 770.4285714285714 69.34065934065934 98.35164835164835 98.43956043956044 127.45054945054945 
662.4395604395604 687.989010989011 66.06593406593407 91.61538461538461 75.28571428571429 100.83516483516483 
858.8571428571429 885.6153846153846 68.2967032967033 95.05494505494505 70.84615384615384 97.6043956043956 
657.6153846153846 684.7582417582418 79.85714285714286 107.0 103.85714285714286 131.0 
805.1208791208791 833.4175824175824 71.2967032967033 99.5934065934066 83.64835164835165 111.94505494505495 
870.8461538461538 899.9120879120879 69.47252747252747 98.53846153846153 102.61538461538461 131.6813186813187 
706.4945054945055 733.4725274725274 75.78021978021978 102.75824175824175 86.14285714285714 113.12087912087912 
842.7802197802198 872.7802197802198 69.38461538461539 99.38461538461539 83.4065934065934 113.4065934065934 
836.4615384615385 867.3956043956044 75.04395604395604 105.97802197802197 84.6043956043956 115.53846153846153 
495.7692307692308 521.978021978022 66.89010989010988 93.0989010989011 73.61538461538461 99.82417582417582 
786.1868131868132 813.7142857142857 72.58241758241758 100.10989010989012 83.23076923076923 110.75824175824175 
775.8241758241758 804.6703296703297 72.63736263736264 101.48351648351648 86.89010989010988 115.73626373626374 
784.9120879120879 811.5604395604396 69.43956043956044 96.08791208791209 100.24175824175825 126.89010989010988 
678.065934065934 706.6373626373627 67.68131868131869 96.25274725274726 63.45054945054945 92.02197802197803 
744.6813186813187 773.4175824175824 72.58241758241758 101.31868131868131 93.27472527472527 122.01098901098901 
495.9230769230769 522.9010989010989 66.03296703296704 93.01098901098901 72.6923076923077 99.67032967032966 
993.7142857142857 1023.8791208791209 69.73626373626374 99.9010989010989 90.89010989010988 121.05494505494505 
661.065934065934 689.4725274725274 73.94505494505495 102.35164835164835 78.49450549450549 106.9010989010989 
883.3076923076923 913.5274725274726 82.05494505494505 112.27472527472527 93.51648351648352 123.73626373626374 
828.6153846153846 856.5824175824176 72.17582417582418 100.14285714285714 87.97802197802197 115.94505494505495 
653.2527472527472 680.945054945055 75.17582417582418 102.86813186813187 86.6043956043956 114.2967032967033 
670.4835164835165 697.9560439560439 72.20879120879121 99.68131868131869 84.62637362637362 112.0989010989011 
622.3626373626373 651.7032967032967 79.64835164835165 108.98901098901099 82.98901098901099 112.32967032967034 
800.8241758241758 828.7362637362637 78.14285714285714 106.05494505494505 81.98901098901099 109.9010989010989 
932.6813186813187 961.1978021978022 66.87912087912088 95.3956043956044 71.34065934065934 99.85714285714286 
902.4615384615385 928.4505494505495 78.47252747252747 104.46153846153847 71.01098901098901 97.0 
614.6813186813187 641.8241758241758 69.87912087912088 97.02197802197803 91.63736263736264 118.78021978021978 
551.945054945055 578.9230769230769 69.01098901098901 95.98901098901099 64.43956043956044 91.41758241758242 
611.945054945055 639.3076923076923 66.79120879120879 94.15384615384616 87.93406593406593 115.2967032967033 
631.2637362637363 658.8461538461538 74.94505494505495 102.52747252747253 84.36263736263736 111.94505494505495 
824.4725274725274 852.1648351648352 68.54945054945055 96.24175824175825 83.41758241758242 111.10989010989012 
780.5934065934066 806.8571428571429 67.52747252747253 93.79120879120879 73.15384615384616 99.41758241758242 
