832.4895833333334 861.65625 77.70833333333333 106.875 96.01041666666667 125.17708333333333 
1041.8229166666667 1071.1458333333333 68.42708333333333 97.75 88.96875 118.29166666666667 
890.6666666666666 920.09375 78.71875 108.14583333333333 92.03125 121.45833333333333 
1056.9583333333333 1087.0104166666667 82.34375 112.39583333333333 96.44791666666667 126.5 
882.3958333333334 911.0416666666666 76.35416666666667 105.0 84.53125 113.17708333333333 
777.3229166666666 804.25 74.32291666666667 101.25 87.59375 114.52083333333333 
944.8958333333334 973.6979166666666 74.15625 102.95833333333333 81.63541666666667 110.4375 
912.28125 941.65625 73.53125 102.90625 70.0625 99.4375 
1035.2395833333333 1064.5625 85.09375 114.41666666666667 97.72916666666667 127.05208333333333 
822.3958333333334 851.1979166666666 68.17708333333333 96.97916666666667 82.83333333333333 111.63541666666667 
822.09375 850.3229166666666 73.04166666666667 101.27083333333333 84.07291666666667 112.30208333333333 
754.5729166666666 783.5833333333334 74.67708333333333 103.6875 78.26041666666667 107.27083333333333 
929.3645833333334 959.15625 74.42708333333333 104.21875 88.5625 118.35416666666667 
1040.5104166666667 1070.5625 69.97916666666667 100.03125 104.28125 134.33333333333334 
994.6041666666666 1023.6666666666666 73.97916666666667 103.04166666666667 85.03125 114.09375 
1048.9479166666667 1078.4791666666667 85.60416666666667 115.13541666666667 96.77083333333333 126.30208333333333 
828.0729166666666 855.625 71.54166666666667 99.09375 97.14583333333333 124.69791666666667 
1005.0625 1032.40625 82.80208333333333 110.14583333333333 82.13541666666667 109.47916666666667 
960.7395833333334 988.34375 75.32291666666667 102.92708333333333 86.30208333333333 113.90625 
829.0729166666666 857.3541666666666 80.22916666666667 108.51041666666667 76.07291666666667 104.35416666666667 
1042.5520833333333 1071.1458333333333 79.51041666666667 108.10416666666667 88.1875 116.78125 
701.90625 729.09375 74.22916666666667 101.41666666666667 106.80208333333333 133.98958333333334 
868.0416666666666 896.1145833333334 70.38541666666667 98.45833333333333 92.55208333333333 120.625 
827.8854166666666 854.34375 71.84375 98.30208333333333 99.52083333333333 125.97916666666667 
969.5520833333334 997.8333333333334 68.33333333333333 96.61458333333333 98.42708333333333 126.70833333333333 
781.4166666666666 807.9791666666666 71.92708333333333 98.48958333333333 91.34375 117.90625 
796.2916666666666 823.7395833333334 73.76041666666667 101.20833333333333 88.32291666666667 115.77083333333333 
902.4166666666666 930.125 71.5 99.20833333333333 89.95833333333333 117.66666666666667 
873.8020833333334 900.6770833333334 69.19791666666667 96.07291666666667 82.95833333333333 109.83333333333333 
1059.4375 1088.6041666666667 72.35416666666667 101.52083333333333 83.86458333333333 113.03125 
923.6354166666666 950.6666666666666 67.92708333333333 94.95833333333333 86.32291666666667 113.35416666666667 
644.2916666666666 674.03125 74.89583333333333 104.63541666666667 76.10416666666667 105.84375 
1205.15625 1235.46875 72.11458333333333 102.42708333333333 89.28125 119.59375 
839.125 867.5625 73.4375 101.875 104.55208333333333 132.98958333333334 
826.4479166666666 853.8958333333334 73.35416666666667 100.80208333333333 79.07291666666667 106.52083333333333 
999.78125 1029.1041666666667 83.83333333333333 113.15625 93.65625 122.97916666666667 
803.8645833333334 833.8645833333334 75.19791666666667 105.19791666666667 93.47916666666667 123.47916666666667 
1219.3958333333333 1249.6041666666667 79.46875 109.67708333333333 97.20833333333333 127.41666666666667 
835.5 862.6875 79.28125 106.46875 92.45833333333333 119.64583333333333 
570.7291666666666 598.8541666666666 77.82291666666667 105.94791666666667 87.4375 115.5625 
943.5416666666666 971.5625 72.45833333333333 100.47916666666667 92.42708333333333 120.44791666666667 
825.6666666666666 853.53125 72.36458333333333 100.22916666666667 81.05208333333333 108.91666666666667 
1022.3958333333334 1050.2083333333333 75.8125 103.625 90.07291666666667 117.88541666666667 
854.2291666666666 883.3958333333334 85.375 114.54166666666667 117.6875 146.85416666666666 
1000.46875 1028.75 78.21875 106.5 87.10416666666667 115.38541666666667 
987.0104166666666 1014.71875 74.72916666666667 102.4375 100.20833333333333 127.91666666666667 
891.8125 921.7083333333334 77.66666666666667 107.5625 96.02083333333333 125.91666666666667 
903.5833333333334 932.4375 72.34375 101.19791666666667 90.40625 119.26041666666667 
879.4479166666666 906.4791666666666 65.97916666666667 93.01041666666667 78.91666666666667 105.94791666666667 
922.0833333333334 949.6875 73.85416666666667 101.45833333333333 82.54166666666667 110.14583333333333 
