6353.1760797342195 6381.31561461794 789.1295681063123 817.2691029900333 815.7508305647841 843.890365448505 
6714.382059800664 6743.385382059801 858.1295681063123 887.1328903654485 824.764119601329 853.7674418604652 
6424.116279069767 6452.853820598007 761.5182724252492 790.2558139534884 748.3853820598007 777.1229235880398 
6480.146179401993 6508.036544850498 780.7574750830565 808.6478405315614 769.5647840531561 797.4551495016611 
6474.624584717608 6502.14950166113 787.3156146179402 814.8405315614618 759.358803986711 786.8837209302326 
6173.112956810632 6199.740863787375 701.7308970099667 728.358803986711 703.0299003322259 729.6578073089701 
6508.72757475083 6537.5647840531565 801.4019933554817 830.2392026578073 739.0764119601329 767.9136212624585 
6578.817275747509 6607.604651162791 816.1594684385382 844.9468438538206 802.156146179402 830.9435215946844 
6708.548172757475 6737.003322259136 732.5514950166113 761.0066445182724 657.2026578073089 685.6578073089701 
6738.7441860465115 6767.46511627907 708.7840531561462 737.5049833887043 690.3887043189369 719.109634551495 
6726.109634551495 6754.514950166113 818.5282392026578 846.9335548172758 706.9900332225914 735.3953488372093 
6327.667774086379 6356.554817275747 731.2325581395348 760.1196013289036 743.2325581395348 772.1196013289036 
6230.199335548173 6257.757475083056 664.1627906976744 691.7209302325581 659.3189368770765 686.8770764119602 
6056.458471760798 6084.016611295681 656.5747508305648 684.1328903654485 558.0365448504983 585.594684385382 
6412.674418604651 6440.531561461794 821.8770764119602 849.7342192691029 645.3488372093024 673.2059800664451 
6651.418604651163 6680.023255813953 724.4750830564784 753.0797342192691 762.6976744186046 791.3023255813954 
6621.212624584718 6649.368770764119 768.0963455149501 796.2524916943522 656.6445182724252 684.8006644518273 
6136.372093023256 6163.880398671096 805.890365448505 833.3986710963455 730.5083056478405 758.0166112956811 
6770.740863787375 6799.461794019933 610.1860465116279 638.9069767441861 570.0930232558139 598.8139534883721 
6389.1328903654485 6416.724252491695 677.0697674418604 704.6611295681063 723.235880398671 750.827242524917 
6621.584717607973 6649.707641196013 640.7973421926911 668.9202657807309 653.1960132890365 681.3189368770765 
6547.548172757475 6575.870431893688 742.1860465116279 770.5083056478405 689.624584717608 717.9468438538206 
6229.9169435215945 6258.7375415282395 651.5980066445183 680.4186046511628 593.3887043189369 622.2093023255813 
6391.302325581395 6419.02657807309 624.6644518272425 652.3887043189369 569.2259136212624 596.9501661129568 
6565.056478405316 6593.428571428572 755.6710963455149 784.0431893687708 788.7607973421927 817.1328903654485 
6728.601328903655 6757.504983388704 773.9933554817276 802.8970099667774 731.9401993355482 760.843853820598 
6344.2624584717605 6372.667774086379 666.9667774086379 695.3720930232558 646.6710963455149 675.0764119601329 
6390.681063122924 6418.455149501661 718.8837209302326 746.6578073089701 744.6179401993355 772.3920265780731 
6581.372093023256 6609.24584717608 647.1295681063123 675.0033222591362 665.9734219269103 693.8471760797343 
6483.641196013289 6512.794019933554 702.2657807308971 731.4186046511628 582.7607973421927 611.9136212624585 
6701.847176079734 6731.1328903654485 654.8571428571429 684.1428571428571 694.6212624584717 723.9069767441861 
6345.714285714285 6373.2558139534885 744.5980066445183 772.1395348837209 727.358803986711 754.9003322259136 
6486.186046511628 6514.308970099668 717.9667774086379 746.0897009966777 679.2259136212624 707.3488372093024 
6526.644518272426 6554.950166112957 751.8471760797343 780.1528239202657 665.0996677740864 693.405315614618 
6604.24584717608 6632.750830564784 745.3687707641196 773.873754152824 743.8637873754153 772.3687707641196 
6448.531561461794 6477.285714285715 643.7441860465116 672.4983388704319 680.9734219269103 709.7275747508305 
6520.847176079734 6548.770764119601 733.4518272425249 761.375415282392 675.3156146179402 703.2392026578073 
6135.285714285715 6163.1760797342195 685.9966777408638 713.8870431893688 728.0265780730897 755.9169435215947 
5966.212624584718 5994.667774086379 790.2093023255813 818.6644518272425 635.0332225913621 663.4883720930233 
6601.019933554818 6629.940199335548 706.7674418604652 735.687707641196 681.4019933554817 710.3222591362127 
6498.584717607973 6525.926910299003 754.8637873754153 782.2059800664451 821.5249169435216 848.8671096345515 
6620.036544850498 6648.8737541528235 703.9468438538206 732.7840531561462 728.0265780730897 756.8637873754153 
6874.920265780731 6904.5215946843855 706.1627906976744 735.764119601329 821.8471760797343 851.4485049833887 
6222.076411960133 6248.770764119601 705.1993355481727 731.8936877076412 672.6910299003322 699.3853820598007 
6866.215946843854 6895.335548172758 815.9800664451827 845.0996677740864 793.375415282392 822.4950166112957 
6427.076411960133 6454.900332225913 744.3986710963455 772.2225913621262 748.9202657807309 776.7441860465116 
6634.887043189368 6662.777408637874 766.6910299003322 794.5813953488372 699.1229235880398 727.0132890365448 
6438.584717607973 6467.27242524917 757.1528239202657 785.8405315614618 720.9269102990033 749.6146179401993 
6204.033222591363 6232.43853820598 808.0531561461794 836.4584717607974 704.9800664451827 733.3853820598007 
6309.12292358804 6337.112956810632 685.4518272425249 713.4418604651163 670.4352159468439 698.4252491694352 
