5045.886178861789 5074.158536585366 366.739837398374 395.0121951219512 455.0731707317073 483.3455284552846 
4802.910569105691 4830.9390243902435 404.5772357723577 432.6056910569106 380.6341463414634 408.6626016260163 
4843.0609756097565 4871.028455284553 461.3048780487805 489.2723577235772 406.1910569105691 434.1585365853659 
4938.178861788618 4967.142276422765 413.3617886178862 442.3252032520325 401.2682926829268 430.2317073170732 
4767.6463414634145 4795.8983739837395 364.4512195121951 392.7032520325203 428.6219512195122 456.8739837398374 
5031.365853658536 5059.455284552845 561.0731707317074 589.1626016260162 462.4227642276423 490.5121951219512 
4707.609756097561 4735.577235772358 347.2439024390244 375.2113821138211 361.2276422764228 389.1951219512195 
5363.239837398374 5393.463414634146 349.1829268292683 379.4065040650407 427.7520325203252 457.9756097560976 
5275.0203252032525 5303.861788617886 342.1056910569106 370.9471544715447 448.5162601626016 477.3577235772358 
5079.926829268293 5108.808943089431 452.6788617886179 481.5609756097561 495.1707317073171 524.0528455284552 
5144.69918699187 5172.849593495935 425.739837398374 453.890243902439 391.2032520325203 419.3536585365854 
4710.756097560976 4739.3943089430895 391.9552845528455 420.5934959349593 408.9674796747967 437.6056910569106 
5253.052845528456 5282.951219512195 443.239837398374 473.1382113821138 475.2073170731707 505.1056910569106 
4909.3943089430895 4937.504065040651 327.7845528455285 355.8943089430894 386.9146341463415 415.0243902439024 
5087.369918699187 5116.780487804878 457.4268292682927 486.8373983739837 422.0853658536585 451.4959349593496 
4791.349593495935 4818.341463414634 262.8455284552846 289.8373983739837 351.7154471544715 378.7073170731707 
5240.776422764227 5269.841463414634 542.4715447154472 571.5365853658536 470.0447154471545 499.109756097561 
4943.784552845528 4971.487804878048 321.4430894308943 349.1463414634146 429.2723577235772 456.9756097560976 
4843.536585365854 4871.585365853659 438.8008130081301 466.849593495935 409.390243902439 437.4390243902439 
5159.231707317073 5187.727642276423 384.6991869918699 413.1951219512195 458.2560975609756 486.7520325203252 
5183.325203252032 5212.308943089431 408.8048780487805 437.7886178861789 461.6178861788618 490.6016260162602 
4612.4390243902435 4640.0609756097565 434.8739837398374 462.4959349593496 387.8861788617886 415.5081300813008 
4852.089430894309 4879.792682926829 321.0365853658537 348.739837398374 354.2845528455285 381.9878048780488 
5098.90650406504 5127.30081300813 370.0569105691057 398.4512195121951 506.7520325203252 535.1463414634146 
5076.016260162602 5105.081300813008 344.4430894308943 373.5081300813008 376.7886178861789 405.8536585365854 
4905.191056910569 4932.8536585365855 459.3455284552846 487.0081300813008 477.3048780487805 504.9674796747967 
5063.1869918699185 5091.215447154472 466.0487804878049 494.0772357723577 465.219512195122 493.2479674796748 
5188.865853658536 5217.09756097561 559.4512195121952 587.6829268292682 444.8008130081301 473.0325203252033 
4972.349593495935 5001.841463414634 319.4471544715447 348.9390243902439 358.609756097561 388.1016260162602 
4851.735772357723 4880.069105691057 368.4512195121951 396.7845528455285 391.8983739837398 420.2317073170732 
4820.329268292683 4849.272357723577 431.130081300813 460.0731707317073 434.3130081300813 463.2560975609756 
4884.841463414634 4913.29674796748 456.0325203252033 484.4878048780488 375.6544715447154 404.109756097561 
5277.048780487805 5304.873983739837 483.7113821138211 511.5365853658537 501.6016260162602 529.4268292682926 
5055.235772357723 5083.304878048781 414.5731707317073 442.6422764227642 423.3658536585366 451.4349593495935 
4844.382113821138 4872.674796747968 389.3089430894309 417.6016260162602 381.4146341463415 409.7073170731707 
4893.548780487805 4922.512195121952 413.6666666666667 442.630081300813 441.9634146341463 470.9268292682927 
5158.410569105691 5186.682926829269 374.3617886178862 402.6341463414634 400.6056910569106 428.8780487804878 
4702.630081300813 4729.987804878048 361.3983739837398 388.7560975609756 451.7357723577236 479.0934959349593 
4911.1463414634145 4939.357723577235 497.3170731707317 525.5284552845528 509.520325203252 537.7317073170732 
4893.760162601626 4921.971544715447 442.5243902439024 470.7357723577236 379.8983739837398 408.109756097561 
5472.719512195122 5503.227642276423 571.5325203252032 602.040650406504 637.4349593495934 667.9430894308944 
4991.162601626016 5019.3536585365855 415.2967479674797 443.4878048780488 407.8292682926829 436.020325203252 
4769.004065040651 4796.504065040651 425.9918699186992 453.4918699186992 442.3780487804878 469.8780487804878 
5033.089430894309 5061.19918699187 421.2317073170732 449.3414634146341 427.1951219512195 455.3048780487805 
5152.231707317073 5180.930894308943 380.4471544715447 409.1463414634146 396.2560975609756 424.9552845528455 
5218.882113821138 5248.191056910569 356.2073170731707 385.5162601626016 420.7926829268293 450.1016260162602 
4759.121951219512 4788.1463414634145 359.5284552845528 388.5528455284553 335.9918699186992 365.0162601626016 
4865.0609756097565 4894.065040650406 372.9959349593496 402.0 358.8821138211382 387.8861788617886 
4933.524390243902 4961.918699186992 365.3008130081301 393.6951219512195 315.5975609756098 343.9918699186992 
5103.130081300813 5131.361788617886 562.6016260162602 590.8333333333334 545.0 573.2317073170732 
