6614.594594594595 6643.733108108108 732.7736486486486 761.9121621621622 754.7297297297297 783.8682432432432 
6191.628378378378 6219.5675675675675 791.2195945945946 819.1587837837837 774.1621621621622 802.1013513513514 
6316.783783783784 6344.824324324324 774.2635135135135 802.3040540540541 779.4864864864865 807.527027027027 
6533.486486486487 6562.0 655.1418918918919 683.6554054054054 638.9594594594595 667.472972972973 
6242.0 6270.3277027027025 641.9324324324324 670.2601351351351 555.75 584.0777027027027 
6273.868243243243 6302.027027027027 826.6013513513514 854.7601351351351 664.9831081081081 693.1418918918919 
6487.135135135135 6514.871621621622 781.0337837837837 808.7702702702703 829.5337837837837 857.2702702702703 
6330.9324324324325 6358.5 768.5 796.0675675675676 689.6148648648649 717.1824324324324 
6577.560810810811 6606.260135135135 740.7905405405405 769.4898648648649 706.9864864864865 735.6858108108108 
6050.675675675676 6078.226351351352 635.8378378378378 663.3885135135135 530.3040540540541 557.8547297297297 
6544.222972972973 6573.125 651.3513513513514 680.2533783783783 682.1621621621622 711.0641891891892 
6502.496621621622 6531.060810810811 607.5777027027027 636.1418918918919 606.5168918918919 635.081081081081 
6415.621621621622 6443.273648648648 764.0405405405405 791.6925675675676 638.7972972972973 666.4493243243244 
6385.320945945946 6414.5777027027025 669.3547297297297 698.6114864864865 603.8682432432432 633.125 
6524.02027027027 6552.9222972972975 699.8243243243244 728.7263513513514 709.7297297297297 738.6317567567568 
6225.756756756757 6253.64527027027 571.4290540540541 599.3175675675676 539.9797297297297 567.8682432432432 
6327.888513513513 6356.5878378378375 625.2128378378378 653.9121621621622 600.9966216216217 629.6959459459459 
6268.273648648648 6297.040540540541 717.6148648648649 746.3817567567568 653.5101351351351 682.277027027027 
6172.523648648648 6200.733108108108 703.9222972972973 732.1317567567568 666.6114864864865 694.8209459459459 
6289.398648648648 6317.878378378378 719.8648648648649 748.3445945945946 689.6013513513514 718.081081081081 
6247.503378378378 6275.915540540541 761.5777027027027 789.9898648648649 622.8412162162163 651.2533783783783 
6047.665540540541 6075.435810810811 728.972972972973 756.7432432432432 722.902027027027 750.6722972972973 
6119.638513513513 6147.847972972973 608.0168918918919 636.2263513513514 553.7601351351351 581.9695945945946 
5987.7871621621625 6015.472972972973 768.7668918918919 796.4527027027027 653.2263513513514 680.9121621621622 
6347.810810810811 6376.02027027027 601.4121621621622 629.6216216216217 653.9594594594595 682.168918918919 
6646.02027027027 6675.597972972973 917.0641891891892 946.6418918918919 767.168918918919 796.7466216216217 
6419.746621621622 6446.9425675675675 757.1013513513514 784.2972972972973 635.0506756756756 662.2466216216217 
5956.959459459459 5985.135135135135 735.456081081081 763.6317567567568 670.9797297297297 699.1554054054054 
6110.89527027027 6138.716216216216 500.35472972972974 528.1756756756756 637.8885135135135 665.7094594594595 
6301.013513513513 6330.219594594595 602.3175675675676 631.5236486486486 734.3243243243244 763.5304054054054 
6478.378378378378 6508.0574324324325 650.6452702702703 680.3243243243244 705.0 734.6790540540541 
6200.594594594595 6229.175675675676 602.3547297297297 630.9358108108108 652.5540540540541 681.1351351351351 
6144.668918918919 6172.9121621621625 643.3885135135135 671.6317567567568 629.6351351351351 657.8783783783783 
6253.2972972972975 6280.695945945946 742.168918918919 769.5675675675676 650.2905405405405 677.6891891891892 
6236.989864864865 6265.739864864865 642.6824324324324 671.4324324324324 706.7871621621622 735.5371621621622 
6317.003378378378 6344.486486486487 765.8209459459459 793.3040540540541 771.3277027027027 798.8108108108108 
6584.148648648648 6612.763513513513 715.5236486486486 744.1385135135135 548.4391891891892 577.0540540540541 
6403.4628378378375 6432.516891891892 546.5675675675676 575.6216216216217 658.3277027027027 687.3817567567568 
6334.722972972973 6363.050675675676 678.3648648648649 706.6925675675676 630.4324324324324 658.7601351351351 
6386.773648648648 6415.591216216216 716.6824324324324 745.5 712.043918918919 740.8614864864865 
6302.824324324324 6330.915540540541 730.2364864864865 758.3277027027027 626.2027027027027 654.293918918919 
6371.608108108108 6400.72972972973 651.1013513513514 680.222972972973 671.9121621621622 701.0337837837837 
6410.625 6439.7128378378375 639.9662162162163 669.0540540540541 669.9493243243244 699.0371621621622 
6221.554054054054 6248.868243243243 711.8074324324324 739.1216216216217 733.8851351351351 761.1993243243244 
6548.8277027027025 6576.648648648648 622.5912162162163 650.4121621621622 575.0101351351351 602.831081081081 
6507.469594594595 6536.35472972973 649.0405405405405 677.9256756756756 697.8074324324324 726.6925675675676 
6442.483108108108 6471.435810810811 712.5067567567568 741.4594594594595 757.9222972972973 786.875 
6194.121621621622 6221.773648648648 623.1891891891892 650.8412162162163 694.7297297297297 722.3817567567568 
5966.418918918919 5994.206081081081 789.9831081081081 817.7702702702703 651.4527027027027 679.2398648648649 
6307.375 6336.378378378378 685.4662162162163 714.4695945945946 653.7601351351351 682.7635135135135 
