3330.5860215053763 3358.569892473118 171.8763440860215 199.86021505376345 195.747311827957 223.7311827956989 
3253.1612903225805 3280.956989247312 154.81182795698925 182.60752688172042 188.80645161290323 216.6021505376344 
2953.2795698924733 2980.2150537634407 152.01075268817203 178.94623655913978 183.11827956989248 210.05376344086022 
3299.021505376344 3327.3548387096776 157.247311827957 185.58064516129033 228.48387096774192 256.81720430107526 
3526.6129032258063 3555.430107526882 189.11290322580646 217.93010752688173 209.56989247311827 238.38709677419354 
3649.2096774193546 3678.4032258064517 160.93010752688173 190.1236559139785 186.9516129032258 216.1451612903226 
3178.940860215054 3206.7903225806454 202.76344086021504 230.61290322580646 202.16666666666666 230.01612903225808 
2797.569892473118 2825.016129032258 120.38172043010752 147.8279569892473 148.0 175.44623655913978 
3258.989247311828 3287.510752688172 143.45698924731184 171.9784946236559 242.05376344086022 270.5752688172043 
3154.3118279569894 3182.7526881720432 188.5483870967742 216.98924731182797 236.40860215053763 264.8494623655914 
3381.1451612903224 3409.8817204301076 168.36021505376345 197.09677419354838 173.77956989247312 202.51612903225808 
3386.3118279569894 3415.3978494623657 148.69354838709677 177.77956989247312 212.9247311827957 242.01075268817203 
3432.2043010752686 3461.3440860215055 166.43010752688173 195.56989247311827 169.67741935483872 198.81720430107526 
3310.3978494623657 3338.97311827957 138.36559139784947 166.94086021505376 204.6451612903226 233.22043010752688 
3006.021505376344 3033.7096774193546 152.69892473118279 180.38709677419354 194.2258064516129 221.91397849462365 
3569.5752688172042 3598.3118279569894 183.9784946236559 212.71505376344086 247.53225806451613 276.26881720430106 
3177.6021505376343 3206.3118279569894 142.91397849462365 171.6236559139785 210.10752688172042 238.81720430107526 
3245.032258064516 3271.537634408602 179.5752688172043 206.08064516129033 217.1290322580645 243.63440860215053 
3396.032258064516 3424.3655913978496 167.36559139784947 195.69892473118279 223.3978494623656 251.7311827956989 
3236.3118279569894 3264.0806451612902 143.29032258064515 171.05913978494624 222.8709677419355 250.63978494623655 
3409.3978494623657 3438.7795698924733 189.09677419354838 218.4784946236559 259.61290322580646 288.994623655914 
3347.510752688172 3374.9032258064517 218.48387096774192 245.8763440860215 190.09139784946237 217.48387096774192 
3443.6075268817203 3472.532258064516 155.61827956989248 184.54301075268816 203.06989247311827 231.99462365591398 
3119.1021505376343 3146.7634408602153 164.51612903225808 192.17741935483872 174.80107526881721 202.46236559139786 
3057.430107526882 3085.440860215054 229.4247311827957 257.43548387096774 212.05376344086022 240.06451612903226 
3492.494623655914 3522.037634408602 161.36559139784947 190.90860215053763 192.6021505376344 222.1451612903226 
3368.2795698924733 3397.2043010752686 153.1451612903226 182.06989247311827 198.63440860215053 227.55913978494624 
3343.559139784946 3372.564516129032 130.09677419354838 159.1021505376344 160.9784946236559 189.98387096774192 
3574.467741935484 3603.983870967742 165.94086021505376 195.45698924731184 218.39247311827958 247.90860215053763 
3595.4193548387098 3625.7150537634407 221.89247311827958 252.18817204301075 248.53763440860214 278.8333333333333 
3235.1397849462364 3262.7204301075267 182.58602150537635 210.16666666666666 192.72043010752688 220.30107526881721 
3310.994623655914 3338.7634408602153 151.90860215053763 179.67741935483872 186.31720430107526 214.08602150537635 
3419.6881720430106 3447.8064516129034 172.95698924731184 201.0752688172043 236.3548387096774 264.4731182795699 
3704.0913978494623 3732.2634408602153 220.3548387096774 248.5268817204301 203.01612903225808 231.18817204301075 
3522.6397849462364 3551.7795698924733 187.5268817204301 216.66666666666666 234.6290322580645 263.76881720430106 
3518.2473118279568 3547.6021505376343 176.82258064516128 206.17741935483872 220.34408602150538 249.69892473118279 
3376.6236559139784 3405.010752688172 150.69354838709677 179.08064516129033 156.3548387096774 184.74193548387098 
3380.6397849462364 3409.6720430107525 170.51075268817203 199.54301075268816 299.0268817204301 328.05913978494624 
3301.043010752688 3329.1344086021504 148.19354838709677 176.28494623655914 184.752688172043 212.84408602150538 
3059.6774193548385 3087.44623655914 143.58064516129033 171.3494623655914 182.90322580645162 210.6720430107527 
3209.1129032258063 3237.3387096774195 175.98924731182797 204.21505376344086 218.41397849462365 246.63978494623655 
3101.4247311827958 3128.9247311827958 204.98924731182797 232.48924731182797 203.5752688172043 231.0752688172043 
3402.7580645161293 3432.059139784946 187.9247311827957 217.2258064516129 213.0268817204301 242.3279569892473 
3356.456989247312 3383.7150537634407 153.43548387096774 180.69354838709677 200.2741935483871 227.53225806451613 
3293.1505376344085 3320.2204301075267 156.13440860215053 183.20430107526883 189.44086021505376 216.51075268817203 
3339.6505376344085 3367.6344086021504 166.36559139784947 194.3494623655914 219.43548387096774 247.41935483870967 
3457.2150537634407 3485.2526881720432 219.36559139784947 247.40322580645162 290.7096774193548 318.747311827957 
3070.6182795698924 3097.3387096774195 165.53225806451613 192.252688172043 188.36021505376345 215.08064516129033 
3197.7311827956987 3226.1182795698924 165.8978494623656 194.28494623655914 208.69892473118279 237.08602150537635 
3331.1505376344085 3359.4032258064517 114.59677419354838 142.8494623655914 155.0215053763441 183.2741935483871 
