46.38709677419355 75.90322580645162 58.483870967741936 88.0 39.45161290322581 68.96774193548387 
60.29032258064516 88.03225806451613 49.96774193548387 77.70967741935483 41.354838709677416 69.09677419354838 
39.61290322580645 65.41935483870968 52.41935483870968 78.2258064516129 33.0 58.806451612903224 
47.54838709677419 78.03225806451613 48.483870967741936 78.96774193548387 37.645161290322584 68.12903225806451 
59.38709677419355 93.41935483870968 46.516129032258064 80.54838709677419 35.935483870967744 69.96774193548387 
38.58064516129032 68.41935483870968 38.58064516129032 68.41935483870968 31.580645161290324 61.41935483870968 
59.54838709677419 88.90322580645162 52.16129032258065 81.51612903225806 40.41935483870968 69.7741935483871 
56.61290322580645 85.16129032258064 63.645161290322584 92.19354838709677 46.45161290322581 75.0 
63.74193548387097 94.06451612903226 55.87096774193548 86.19354838709677 44.87096774193548 75.19354838709677 
39.87096774193548 68.09677419354838 53.645161290322584 81.87096774193549 30.35483870967742 58.58064516129032 
50.45161290322581 81.90322580645162 47.67741935483871 79.12903225806451 39.38709677419355 70.83870967741936 
54.16129032258065 79.3225806451613 48.483870967741936 73.64516129032258 39.645161290322584 64.80645161290323 
47.903225806451616 77.74193548387096 46.32258064516129 76.16129032258064 35.54838709677419 65.38709677419355 
59.61290322580645 84.93548387096774 55.67741935483871 81.0 49.32258064516129 74.64516129032258 
46.83870967741935 76.83870967741936 56.45161290322581 86.45161290322581 38.61290322580645 68.61290322580645 
44.16129032258065 72.54838709677419 52.096774193548384 80.48387096774194 35.16129032258065 63.54838709677419 
44.774193548387096 71.06451612903226 44.096774193548384 70.38709677419355 39.774193548387096 66.06451612903226 
64.2258064516129 92.12903225806451 43.516129032258064 71.41935483870968 48.58064516129032 76.48387096774194 
106.38709677419355 136.8709677419355 55.25806451612903 85.74193548387096 67.58064516129032 98.06451612903226 
32.516129032258064 58.483870967741936 62.61290322580645 88.58064516129032 26.870967741935484 52.83870967741935 
50.483870967741936 77.90322580645162 47.87096774193548 75.29032258064517 40.354838709677416 67.7741935483871 
38.903225806451616 68.90322580645162 51.32258064516129 81.3225806451613 31.64516129032258 61.645161290322584 
60.935483870967744 88.83870967741936 53.645161290322584 81.54838709677419 34.0 61.903225806451616 
27.806451612903224 54.903225806451616 42.61290322580645 69.70967741935483 22.161290322580644 49.25806451612903 
35.03225806451613 61.96774193548387 47.45161290322581 74.38709677419355 28.096774193548388 55.03225806451613 
41.193548387096776 68.29032258064517 60.29032258064516 87.38709677419355 36.03225806451613 63.12903225806452 
46.38709677419355 77.03225806451613 47.096774193548384 77.74193548387096 39.45161290322581 70.09677419354838 
53.806451612903224 82.51612903225806 52.645161290322584 81.35483870967742 37.03225806451613 65.74193548387096 
40.903225806451616 70.90322580645162 49.96774193548387 79.96774193548387 32.516129032258064 62.516129032258064 
43.0 71.06451612903226 55.25806451612903 83.3225806451613 34.96774193548387 63.03225806451613 
49.29032258064516 73.3225806451613 52.645161290322584 76.6774193548387 33.96774193548387 58.0 
29.580645161290324 56.516129032258064 49.16129032258065 76.09677419354838 21.419354838709676 48.354838709677416 
52.193548387096776 79.93548387096774 53.67741935483871 81.41935483870968 35.25806451612903 63.0 
65.58064516129032 95.09677419354838 44.225806451612904 73.74193548387096 39.45161290322581 68.96774193548387 
49.16129032258065 80.29032258064517 49.25806451612903 80.38709677419355 39.41935483870968 70.54838709677419 
56.67741935483871 86.03225806451613 63.25806451612903 92.61290322580645 40.58064516129032 69.93548387096774 
42.58064516129032 72.90322580645162 49.12903225806452 79.45161290322581 36.774193548387096 67.09677419354838 
39.806451612903224 67.87096774193549 48.61290322580645 76.6774193548387 29.0 57.064516129032256 
53.064516129032256 82.41935483870968 48.806451612903224 78.16129032258064 41.29032258064516 70.64516129032258 
47.67741935483871 75.90322580645162 56.774193548387096 85.0 38.774193548387096 67.0 
47.96774193548387 76.6774193548387 53.806451612903224 82.51612903225806 41.67741935483871 70.38709677419355 
31.516129032258064 61.354838709677416 57.225806451612904 87.06451612903226 25.225806451612904 55.064516129032256 
50.54838709677419 75.06451612903226 54.61290322580645 79.12903225806451 39.58064516129032 64.09677419354838 
38.935483870967744 67.48387096774194 55.354838709677416 83.90322580645162 28.64516129032258 57.193548387096776 
33.25806451612903 58.74193548387097 51.806451612903224 77.29032258064517 26.129032258064516 51.61290322580645 
40.58064516129032 68.16129032258064 47.806451612903224 75.38709677419355 32.645161290322584 60.225806451612904 
34.41935483870968 58.61290322580645 37.03225806451613 61.225806451612904 26.193548387096776 50.38709677419355 
64.45161290322581 96.06451612903226 56.74193548387097 88.35483870967742 41.25806451612903 72.87096774193549 
37.29032258064516 64.87096774193549 52.58064516129032 80.16129032258064 28.419354838709676 56.0 
44.774193548387096 71.38709677419355 56.064516129032256 82.6774193548387 36.03225806451613 62.645161290322584 
