4603.030303030303 4631.623376623376 306.53246753246754 335.12554112554113 305.64935064935065 334.24242424242425 
4673.545454545455 4702.484848484848 344.4891774891775 373.42857142857144 355.7748917748918 384.7142857142857 
4565.601731601731 4593.653679653679 305.9220779220779 333.97402597402595 302.24675324675326 330.2987012987013 
4635.082251082251 4664.021645021645 292.3722943722944 321.31168831168833 317.0952380952381 346.034632034632 
4513.727272727273 4541.974025974026 345.6320346320346 373.8787878787879 368.46753246753246 396.7142857142857 
4674.515151515152 4702.523809523809 417.9177489177489 445.9264069264069 398.5194805194805 426.5281385281385 
4463.350649350649 4491.337662337663 396.9134199134199 424.9004329004329 406.35930735930737 434.34632034632034 
4596.95670995671 4625.008658008658 396.28138528138527 424.3333333333333 406.6753246753247 434.72727272727275 
4502.831168831169 4531.424242424242 411.8917748917749 440.4848484848485 395.8831168831169 424.4761904761905 
4446.56277056277 4474.463203463203 304.5238095238095 332.42424242424244 309.35497835497836 337.2554112554113 
4497.376623376624 4525.774891774891 363.26839826839824 391.6666666666667 318.6969696969697 347.0952380952381 
4901.640692640693 4930.341991341991 358.1774891774892 386.8787878787879 374.6060606060606 403.3073593073593 
4532.359307359307 4560.497835497836 310.5151515151515 338.65367965367966 288.83116883116884 316.969696969697 
4324.61038961039 4352.987012987013 266.35497835497836 294.73160173160176 373.0735930735931 401.45021645021643 
4423.961038961039 4451.861471861472 270.83982683982686 298.7402597402597 370.04329004329 397.94372294372295 
4099.069264069264 4125.887445887446 306.5541125541126 333.3722943722944 391.86147186147184 418.67965367965365 
4659.632034632034 4688.636363636364 304.9004329004329 333.9047619047619 296.8831168831169 325.8874458874459 
4532.510822510822 4561.147186147186 287.3636363636364 316.0 332.57575757575756 361.2121212121212 
4403.077922077922 4431.4329004329 288.8831168831169 317.23809523809524 312.27705627705626 340.6320346320346 
4735.831168831169 4764.878787878788 324.7445887445887 353.7922077922078 287.4112554112554 316.45887445887445 
4896.177489177489 4924.164502164502 470.2077922077922 498.1948051948052 450.4848484848485 478.4718614718615 
4703.242424242424 4731.207792207792 370.1861471861472 398.1515151515151 418.76190476190476 446.72727272727275 
4423.177489177489 4449.909090909091 323.5021645021645 350.23376623376623 344.8008658008658 371.53246753246754 
4764.857142857143 4794.121212121212 477.038961038961 506.3030303030303 498.2121212121212 527.4761904761905 
4674.134199134199 4702.770562770563 406.4155844155844 435.05194805194805 419.6969696969697 448.3333333333333 
4467.038961038961 4494.376623376624 311.54112554112555 338.8787878787879 281.95238095238096 309.2900432900433 
4447.004329004329 4474.385281385282 318.38961038961037 345.7705627705628 329.83982683982686 357.2207792207792 
4825.090909090909 4854.658008658009 369.2900432900433 398.85714285714283 414.0735930735931 443.64069264069263 
4711.138528138528 4739.190476190476 300.7359307359307 328.7878787878788 370.987012987013 399.038961038961 
4694.168831168831 4723.17316017316 300.6623376623377 329.6666666666667 357.3073593073593 386.31168831168833 
4750.402597402597 4779.601731601731 365.961038961039 395.16017316017314 335.74891774891773 364.94805194805195 
4193.896103896104 4222.121212121212 308.46320346320346 336.68831168831167 310.9307359307359 339.15584415584414 
4569.541125541125 4598.329004329004 395.7748917748918 424.56277056277054 354.28138528138527 383.0692640692641 
4230.341991341991 4257.939393939394 302.26839826839824 329.86580086580085 365.86147186147184 393.45887445887445 
4630.077922077922 4658.887445887446 412.4805194805195 441.2900432900433 422.56709956709955 451.3766233766234 
4380.294372294372 4408.151515151515 264.1774891774892 292.034632034632 301.61471861471864 329.4718614718615 
4379.467532467533 4407.0 456.4112554112554 483.94372294372295 473.2987012987013 500.83116883116884 
4346.038961038961 4374.025974025974 315.6753246753247 343.6623376623377 328.0952380952381 356.0822510822511 
4500.974025974026 4529.199134199134 419.23809523809524 447.46320346320346 440.90909090909093 469.13419913419915 
4591.597402597403 4619.541125541125 345.961038961039 373.9047619047619 305.2121212121212 333.15584415584414 
4619.0952380952385 4647.385281385282 336.4069264069264 364.6969696969697 381.4978354978355 409.7878787878788 
4413.939393939394 4442.359307359307 273.0692640692641 301.4891774891775 350.4112554112554 378.83116883116884 
4610.965367965368 4640.121212121212 280.3722943722944 309.5281385281385 370.72727272727275 399.8831168831169 
4661.04329004329 4688.532467532467 442.2900432900433 469.7792207792208 491.9307359307359 519.4199134199134 
4495.714285714285 4523.398268398269 302.8095238095238 330.4935064935065 299.3722943722944 327.05627705627705 
4420.835497835498 4448.38961038961 289.04761904761904 316.6017316017316 296.87445887445887 324.42857142857144 
4562.445887445888 4591.774891774891 332.32034632034635 361.64935064935065 316.32034632034635 345.64935064935065 
4695.329004329004 4723.597402597403 350.1904761904762 378.45887445887445 414.65800865800867 442.9264069264069 
4743.748917748918 4772.233766233766 360.6190476190476 389.1038961038961 440.95670995671 469.4415584415584 
4539.151515151515 4567.636363636364 403.75324675324674 432.23809523809524 449.6060606060606 478.09090909090907 
