748.0116279069767 776.5581395348837 74.13953488372093 102.68604651162791 78.72093023255815 107.26744186046511 
804.9302325581396 834.5232558139535 79.8953488372093 109.48837209302326 91.76744186046511 121.36046511627907 
705.3837209302326 734.3372093023256 67.02325581395348 95.97674418604652 95.5813953488372 124.53488372093024 
708.0930232558139 736.1162790697674 72.88372093023256 100.90697674418605 99.27906976744185 127.30232558139535 
667.2441860465116 695.4418604651163 72.62790697674419 100.82558139534883 83.34883720930233 111.54651162790698 
581.953488372093 608.6395348837209 64.3953488372093 91.0813953488372 65.05813953488372 91.74418604651163 
609.4069767441861 638.8255813953489 77.43023255813954 106.84883720930233 99.76744186046511 129.1860465116279 
700.6395348837209 730.0 71.80232558139535 101.16279069767442 85.31395348837209 114.67441860465117 
772.9302325581396 804.1511627906976 76.98837209302326 108.20930232558139 91.19767441860465 122.4186046511628 
700.3953488372093 729.1162790697674 71.88372093023256 100.6046511627907 94.82558139534883 123.54651162790698 
762.6279069767442 792.5697674418604 74.31395348837209 104.25581395348837 89.25581395348837 119.19767441860465 
542.4069767441861 569.6162790697674 64.29069767441861 91.5 76.23255813953489 103.44186046511628 
557.3023255813954 585.2674418604652 76.22093023255815 104.18604651162791 70.43023255813954 98.3953488372093 
419.25581395348837 446.93023255813955 68.06976744186046 95.74418604651163 73.26744186046511 100.94186046511628 
595.0348837209302 622.4767441860465 69.25581395348837 96.69767441860465 74.16279069767442 101.6046511627907 
473.98837209302326 501.6046511627907 70.4186046511628 98.03488372093024 68.33720930232558 95.95348837209302 
800.0581395348837 828.3720930232558 74.84883720930233 103.16279069767442 70.3953488372093 98.70930232558139 
504.48837209302326 530.3023255813954 73.68604651162791 99.5 69.16279069767442 94.97674418604652 
496.2093023255814 523.3023255813954 78.0813953488372 105.17441860465117 87.4186046511628 114.51162790697674 
572.9651162790698 600.7558139534884 78.0813953488372 105.87209302325581 78.96511627906976 106.75581395348837 
777.8139534883721 809.0930232558139 68.94186046511628 100.22093023255815 70.5813953488372 101.86046511627907 
750.7325581395348 779.6279069767442 62.848837209302324 91.74418604651163 76.84883720930233 105.74418604651163 
575.4883720930233 602.6395348837209 67.15116279069767 94.30232558139535 72.55813953488372 99.70930232558139 
680.2093023255813 709.2209302325581 70.82558139534883 99.83720930232558 87.63953488372093 116.65116279069767 
449.5581395348837 478.16279069767444 79.84883720930233 108.45348837209302 79.29069767441861 107.8953488372093 
488.98837209302326 516.3720930232558 69.54651162790698 96.93023255813954 93.44186046511628 120.82558139534883 
406.9418604651163 433.9767441860465 74.31395348837209 101.34883720930233 81.45348837209302 108.48837209302326 
612.0348837209302 640.5232558139535 69.36046511627907 97.84883720930233 73.30232558139535 101.79069767441861 
577.8604651162791 606.5232558139535 61.97674418604651 90.63953488372093 80.59302325581395 109.25581395348837 
713.9651162790698 744.4883720930233 77.27906976744185 107.80232558139535 79.4186046511628 109.94186046511628 
654.7906976744187 682.6976744186046 69.45348837209302 97.36046511627907 81.77906976744185 109.68604651162791 
425.0232558139535 452.75581395348837 68.90697674418605 96.63953488372093 81.97674418604652 109.70930232558139 
751.6976744186046 780.9418604651163 63.174418604651166 92.4186046511628 78.51162790697674 107.75581395348837 
635.2906976744187 663.3139534883721 80.01162790697674 108.03488372093024 74.75581395348837 102.77906976744185 
654.8139534883721 683.3604651162791 75.13953488372093 103.68604651162791 77.63953488372093 106.18604651162791 
738.0930232558139 766.3488372093024 73.52325581395348 101.77906976744185 85.47674418604652 113.73255813953489 
598.8488372093024 625.5930232558139 67.17441860465117 93.9186046511628 73.52325581395348 100.26744186046511 
665.546511627907 694.0930232558139 65.8953488372093 94.44186046511628 85.05813953488372 113.6046511627907 
624.4069767441861 653.7674418604652 67.02325581395348 96.38372093023256 86.51162790697674 115.87209302325581 
726.5813953488372 757.2209302325581 74.69767441860465 105.33720930232558 82.73255813953489 113.37209302325581 
704.9651162790698 732.6976744186046 82.0 109.73255813953489 93.03488372093024 120.76744186046511 
583.3953488372093 612.1162790697674 65.34883720930233 94.06976744186046 61.05813953488372 89.77906976744185 
439.66279069767444 467.16279069767444 73.84883720930233 101.34883720930233 68.20930232558139 95.70930232558139 
729.3488372093024 757.3139534883721 76.32558139534883 104.29069767441861 90.19767441860465 118.16279069767442 
505.0813953488372 532.0 73.24418604651163 100.16279069767442 81.83720930232558 108.75581395348837 
657.6279069767442 686.4069767441861 69.37209302325581 98.15116279069767 86.02325581395348 114.80232558139535 
510.6744186046512 539.3953488372093 63.45348837209303 92.17441860465117 89.95348837209302 118.67441860465117 
722.5348837209302 751.6046511627907 65.5813953488372 94.65116279069767 92.34883720930233 121.4186046511628 
464.5581395348837 488.9186046511628 70.15116279069767 94.51162790697674 60.872093023255815 85.23255813953489 
579.6976744186046 607.4883720930233 69.0 96.79069767441861 101.5813953488372 129.37209302325581 
