47.916666666666664 75.55555555555556 46.69444444444444 74.33333333333333 32.861111111111114 60.5 
61.75 90.63888888888889 47.25 76.13888888888889 41.80555555555556 70.69444444444444 
68.47222222222223 96.80555555555556 61.388888888888886 89.72222222222223 41.69444444444444 70.02777777777777 
41.77777777777778 69.83333333333333 56.111111111111114 84.16666666666667 33.22222222222222 61.27777777777778 
40.44444444444444 68.5 44.833333333333336 72.88888888888889 34.19444444444444 62.25 
54.666666666666664 84.38888888888889 55.833333333333336 85.55555555555556 44.52777777777778 74.25 
66.0 93.08333333333333 51.138888888888886 78.22222222222223 39.333333333333336 66.41666666666667 
46.888888888888886 76.05555555555556 44.666666666666664 73.83333333333333 35.44444444444444 64.61111111111111 
63.22222222222222 89.05555555555556 54.138888888888886 79.97222222222223 37.77777777777778 63.611111111111114 
69.58333333333333 98.75 53.44444444444444 82.61111111111111 44.416666666666664 73.58333333333333 
53.80555555555556 83.94444444444444 53.388888888888886 83.52777777777777 43.083333333333336 73.22222222222223 
54.69444444444444 84.83333333333333 43.611111111111114 73.75 38.47222222222222 68.61111111111111 
59.0 88.44444444444444 59.666666666666664 89.11111111111111 42.083333333333336 71.52777777777777 
58.44444444444444 85.66666666666667 52.111111111111114 79.33333333333333 36.166666666666664 63.388888888888886 
37.97222222222222 72.83333333333333 55.69444444444444 90.55555555555556 31.305555555555557 66.16666666666667 
53.25 84.63888888888889 56.5 87.88888888888889 40.19444444444444 71.58333333333333 
46.666666666666664 72.08333333333333 59.388888888888886 84.80555555555556 39.44444444444444 64.86111111111111 
79.27777777777777 110.94444444444444 52.861111111111114 84.52777777777777 59.361111111111114 91.02777777777777 
68.77777777777777 95.72222222222223 49.94444444444444 76.88888888888889 45.111111111111114 72.05555555555556 
52.02777777777778 80.22222222222223 54.388888888888886 82.58333333333333 33.25 61.44444444444444 
42.05555555555556 71.36111111111111 43.55555555555556 72.86111111111111 31.61111111111111 60.916666666666664 
40.75 67.55555555555556 48.44444444444444 75.25 36.30555555555556 63.111111111111114 
53.52777777777778 81.58333333333333 48.75 76.80555555555556 46.02777777777778 74.08333333333333 
76.83333333333333 106.27777777777777 49.611111111111114 79.05555555555556 34.97222222222222 64.41666666666667 
84.16666666666667 112.22222222222223 46.861111111111114 74.91666666666667 48.166666666666664 76.22222222222223 
53.05555555555556 83.61111111111111 51.861111111111114 82.41666666666667 45.27777777777778 75.83333333333333 
54.75 86.55555555555556 53.5 85.30555555555556 32.52777777777778 64.33333333333333 
44.05555555555556 72.38888888888889 54.25 82.58333333333333 37.75 66.08333333333333 
51.19444444444444 79.38888888888889 47.19444444444444 75.38888888888889 45.916666666666664 74.11111111111111 
42.52777777777778 69.47222222222223 57.22222222222222 84.16666666666667 32.80555555555556 59.75 
48.388888888888886 77.13888888888889 50.388888888888886 79.13888888888889 35.5 64.25 
49.30555555555556 76.94444444444444 53.69444444444444 81.33333333333333 37.861111111111114 65.5 
42.916666666666664 72.63888888888889 46.22222222222222 75.94444444444444 35.47222222222222 65.19444444444444 
48.166666666666664 76.22222222222223 51.861111111111114 79.91666666666667 42.05555555555556 70.11111111111111 
57.69444444444444 83.80555555555556 56.888888888888886 83.0 37.69444444444444 63.80555555555556 
106.5 134.27777777777777 57.833333333333336 85.61111111111111 51.083333333333336 78.86111111111111 
44.611111111111114 75.16666666666667 54.083333333333336 84.63888888888889 36.97222222222222 67.52777777777777 
86.5 114.69444444444444 56.05555555555556 84.25 48.44444444444444 76.63888888888889 
56.416666666666664 82.66666666666667 57.02777777777778 83.27777777777777 43.97222222222222 70.22222222222223 
61.80555555555556 88.05555555555556 58.77777777777778 85.02777777777777 39.44444444444444 65.69444444444444 
44.638888888888886 71.02777777777777 53.30555555555556 79.69444444444444 33.02777777777778 59.416666666666664 
50.19444444444444 79.63888888888889 47.611111111111114 77.05555555555556 38.30555555555556 67.75 
53.666666666666664 81.72222222222223 57.72222222222222 85.77777777777777 39.833333333333336 67.88888888888889 
62.833333333333336 92.55555555555556 58.333333333333336 88.05555555555556 48.611111111111114 78.33333333333333 
48.72222222222222 74.97222222222223 47.388888888888886 73.63888888888889 36.72222222222222 62.97222222222222 
56.638888888888886 86.22222222222223 56.916666666666664 86.5 37.22222222222222 66.80555555555556 
51.97222222222222 77.25 53.916666666666664 79.19444444444444 39.666666666666664 64.94444444444444 
51.75 81.61111111111111 51.861111111111114 81.72222222222223 42.25 72.11111111111111 
41.666666666666664 70.41666666666667 43.833333333333336 72.58333333333333 33.27777777777778 62.02777777777778 
62.94444444444444 91.97222222222223 61.47222222222222 90.5 44.52777777777778 73.55555555555556 
