5011.377593360996 5039.240663900415 335.4896265560166 363.3526970954357 393.63900414937757 421.50207468879665 
4681.103734439834 4709.070539419087 357.0954356846473 385.0622406639004 380.2116182572614 408.1784232365145 
4768.307053941909 4796.3153526970955 291.5560165975104 319.5643153526971 304.8008298755187 332.8091286307054 
4757.145228215768 4785.5684647302905 291.0497925311203 319.47302904564316 378.7427385892116 407.16597510373447 
4824.3443983402485 4853.078838174274 415.0331950207469 443.76763485477176 377.64315352697093 406.37759336099583 
4869.319502074689 4898.0331950207465 355.0871369294606 383.8008298755187 396.6846473029046 425.39834024896265 
4897.219917012448 4925.560165975104 363.7966804979253 392.1369294605809 332.4273858921162 360.76763485477176 
4905.796680497925 4934.593360995851 309.1908713692946 337.9875518672199 332.2904564315353 361.0871369294606 
4683.186721991701 4711.070539419087 301.46473029045643 329.34854771784234 349.8464730290456 377.73029045643153 
4651.473029045643 4679.48132780083 358.298755186722 386.3070539419087 360.2904564315353 388.298755186722 
5133.572614107884 5162.908713692946 366.8630705394191 396.1991701244813 481.18672199170123 510.5228215767635 
5182.381742738589 5211.531120331951 496.58921161825725 525.7385892116182 377.09128630705396 406.2406639004149 
4993.385892116183 5021.622406639004 344.2448132780083 372.4813278008299 417.88796680497927 446.1244813278008 
4998.468879668049 5028.157676348547 509.9792531120332 539.6680497925311 440.10788381742736 469.7966804979253 
4668.174273858921 4697.157676348547 379.95435684647305 408.9377593360996 581.5145228215767 610.4979253112033 
4660.921161825726 4688.473029045643 329.8215767634855 357.37344398340247 437.5809128630705 465.13278008298755 
4835.161825726141 4863.004149377593 406.3195020746888 434.1618257261411 474.64315352697093 502.48547717842325 
4867.692946058091 4895.846473029045 347.2780082987552 375.43153526970957 417.6307053941909 445.7842323651452 
5047.178423236514 5076.410788381742 324.344398340249 353.57676348547716 376.41078838174275 405.64315352697093 
4758.311203319502 4786.44398340249 378.50207468879665 406.6348547717842 391.81742738589213 419.9502074688797 
4993.780082987552 5021.746887966805 292.39834024896265 320.3651452282158 341.3526970954357 369.3195020746888 
5050.49377593361 5078.9170124481325 490.84232365145226 519.2655601659751 475.6597510373444 504.08298755186723 
4798.203319502075 4826.273858921162 343.02904564315355 371.0995850622407 317.9336099585062 346.00414937759336 
4601.850622406639 4629.153526970955 321.47302904564316 348.7759336099585 361.62240663900417 388.9253112033195 
4508.145228215768 4535.614107883817 322.4149377593361 349.8838174273859 321.6099585062241 349.07883817427387 
4457.207468879668 4484.6556016597515 330.50207468879665 357.9502074688797 386.73029045643153 414.1784232365145 
4991.423236514523 5019.929460580913 425.9377593360996 454.4439834024896 468.4149377593361 496.92116182572613 
4549.788381742738 4577.423236514523 364.1908713692946 391.82572614107886 328.68879668049794 356.32365145228215 
4968.925311203319 4998.323651452282 367.5311203319502 396.92946058091286 427.99170124481327 457.3900414937759 
4637.751037344398 4666.215767634855 350.68879668049794 379.1535269709544 300.551867219917 329.01659751037346 
4619.497925311203 4648.7717842323655 299.76763485477176 329.0414937759336 374.0414937759336 403.3153526970954 
4614.302904564315 4641.751037344398 328.53941908713693 355.9875518672199 480.17427385892114 507.62240663900417 
5151.1991701244815 5180.2863070539415 448.50207468879665 477.58921161825725 403.92116182572613 433.00829875518673 
4725.170124481328 4753.282157676348 443.402489626556 471.51452282157675 407.1410788381743 435.253112033195 
4790.327800829876 4818.9170124481325 443.7759336099585 472.3651452282158 383.00414937759336 411.5933609958506 
4978.995850622407 5008.207468879668 415.8755186721992 445.0871369294606 403.1244813278008 432.33609958506224 
4868.253112033195 4897.236514522821 394.3029045643153 423.2863070539419 395.701244813278 424.6846473029046 
4953.3734439834025 4981.2572614107885 407.76763485477176 435.65145228215766 387.2116182572614 415.0954356846473 
4950.60580912863 4979.340248962656 405.16597510373447 433.9004149377593 473.655601659751 502.3900414937759 
4621.477178423236 4648.842323651453 450.88796680497927 478.253112033195 492.9502074688797 520.3153526970955 
4710.39419087137 4738.485477178423 413.0414937759336 441.13278008298755 481.2448132780083 509.33609958506224 
4827.390041493776 4856.0829875518675 399.597510373444 428.2904564315353 457.57676348547716 486.26970954356847 
4559.9751037344395 4586.551867219917 405.53941908713693 432.1161825726141 342.402489626556 368.9792531120332 
4779.8008298755185 4807.9751037344395 302.07053941908714 330.2448132780083 342.56016597510376 370.7344398340249 
4678.647302904565 4706.157676348547 323.2116182572614 350.7219917012448 325.1410788381743 352.65145228215766 
5067.369294605809 5096.788381742738 437.43153526970957 466.850622406639 399.3817427385892 428.8008298755187 
4732.116182572614 4759.564315352697 374.2780082987552 401.72614107883817 403.0497925311203 430.49792531120335 
4602.336099585063 4630.053941908714 342.8713692946058 370.58921161825725 354.34854771784234 382.0663900414938 
4902.717842323652 4932.510373443984 382.0124481327801 411.80497925311204 301.86721991701245 331.6597510373444 
4965.468879668049 4993.352697095435 298.5228215767635 326.4066390041494 323.1244813278008 351.00829875518673 
