171.9344262295082 199.39344262295083 63.49180327868852 90.95081967213115 62.34426229508197 89.80327868852459 
112.78688524590164 140.9016393442623 60.868852459016395 88.98360655737704 59.50819672131148 87.62295081967213 
182.68852459016392 209.49180327868854 60.91803278688525 87.72131147540983 56.42622950819672 83.22950819672131 
120.54098360655738 148.327868852459 62.63934426229508 90.42622950819673 50.08196721311475 77.8688524590164 
127.04918032786885 156.31147540983608 58.09836065573771 87.36065573770492 55.65573770491803 84.91803278688525 
238.7377049180328 266.44262295081967 65.9672131147541 93.67213114754098 55.950819672131146 83.65573770491804 
194.9344262295082 222.63934426229508 59.32786885245902 87.0327868852459 57.73770491803279 85.44262295081967 
100.19672131147541 126.09836065573771 73.24590163934427 99.14754098360656 49.34426229508197 75.24590163934427 
144.60655737704917 172.47540983606558 63.459016393442624 91.32786885245902 56.80327868852459 84.67213114754098 
151.60655737704917 181.0327868852459 57.39344262295082 86.81967213114754 59.63934426229508 89.06557377049181 
223.2622950819672 249.81967213114754 59.65573770491803 86.21311475409836 59.0 85.55737704918033 
122.47540983606558 151.40983606557376 54.26229508196721 83.19672131147541 52.0 80.93442622950819 
270.11475409836066 300.3606557377049 64.37704918032787 94.62295081967213 66.50819672131148 96.75409836065573 
164.44262295081967 192.9672131147541 53.98360655737705 82.50819672131148 66.8688524590164 95.39344262295081 
138.18032786885246 166.21311475409837 66.54098360655738 94.57377049180327 50.0 78.0327868852459 
137.70491803278688 164.672131147541 60.85245901639344 87.81967213114754 53.9344262295082 80.90163934426229 
156.9016393442623 187.88524590163934 60.0 90.98360655737704 60.57377049180328 91.55737704918033 
96.68852459016394 123.32786885245902 57.34426229508197 83.98360655737704 49.442622950819676 76.08196721311475 
90.18032786885246 116.98360655737704 66.54098360655738 93.34426229508196 49.78688524590164 76.59016393442623 
76.77049180327869 104.72131147540983 54.59016393442623 82.54098360655738 47.59016393442623 75.54098360655738 
333.0327868852459 362.95081967213116 70.81967213114754 100.73770491803279 67.24590163934427 97.1639344262295 
189.2295081967213 219.14754098360655 57.885245901639344 87.80327868852459 68.39344262295081 98.31147540983606 
223.75409836065575 252.52459016393442 55.967213114754095 84.73770491803279 65.52459016393442 94.29508196721312 
295.5245901639344 325.1967213114754 60.40983606557377 90.08196721311475 60.52459016393443 90.19672131147541 
204.34426229508196 232.70491803278688 58.90163934426229 87.26229508196721 54.60655737704918 82.9672131147541 
138.0327868852459 163.9344262295082 68.26229508196721 94.1639344262295 55.98360655737705 81.88524590163935 
132.47540983606558 161.1639344262295 63.31147540983606 92.0 56.09836065573771 84.78688524590164 
199.62295081967213 229.13114754098362 66.8360655737705 96.34426229508196 58.57377049180328 88.08196721311475 
155.86885245901638 186.27868852459017 64.70491803278688 95.11475409836065 72.06557377049181 102.47540983606558 
224.18032786885246 251.39344262295083 75.18032786885246 102.39344262295081 79.45901639344262 106.67213114754098 
162.78688524590163 189.4262295081967 59.31147540983606 85.95081967213115 49.22950819672131 75.8688524590164 
146.65573770491804 174.27868852459017 68.29508196721312 95.91803278688525 56.26229508196721 83.88524590163935 
309.55737704918033 339.8032786885246 68.88524590163935 99.1311475409836 73.37704918032787 103.62295081967213 
158.81967213114754 186.27868852459017 58.68852459016394 86.14754098360656 50.68852459016394 78.14754098360656 
204.24590163934425 232.0327868852459 70.72131147540983 98.50819672131148 75.08196721311475 102.8688524590164 
111.73770491803279 138.70491803278688 49.0655737704918 76.0327868852459 46.885245901639344 73.85245901639344 
97.57377049180327 122.73770491803279 58.81967213114754 83.98360655737704 51.114754098360656 76.27868852459017 
149.81967213114754 178.672131147541 63.98360655737705 92.8360655737705 57.47540983606557 86.32786885245902 
189.8360655737705 220.08196721311475 58.49180327868852 88.73770491803279 58.131147540983605 88.37704918032787 
261.88524590163934 290.9836065573771 61.34426229508197 90.44262295081967 54.622950819672134 83.72131147540983 
200.5737704918033 229.2622950819672 63.22950819672131 91.91803278688525 50.131147540983605 78.81967213114754 
203.18032786885246 231.04918032786884 62.19672131147541 90.06557377049181 59.57377049180328 87.44262295081967 
85.36065573770492 113.88524590163935 54.868852459016395 83.39344262295081 62.60655737704918 91.1311475409836 
220.75409836065575 250.2622950819672 64.60655737704919 94.11475409836065 51.73770491803279 81.24590163934427 
211.2622950819672 243.88524590163934 62.885245901639344 95.50819672131148 59.50819672131148 92.1311475409836 
125.32786885245902 156.0655737704918 66.19672131147541 96.93442622950819 62.24590163934426 92.98360655737704 
185.59016393442624 214.85245901639345 68.72131147540983 97.98360655737704 61.704918032786885 90.9672131147541 
141.86885245901638 170.31147540983608 64.19672131147541 92.63934426229508 57.14754098360656 85.59016393442623 
114.77049180327869 143.13114754098362 67.29508196721312 95.65573770491804 62.90163934426229 91.26229508196721 
167.91803278688525 196.0327868852459 75.47540983606558 103.59016393442623 59.57377049180328 87.68852459016394 
