6850.9968354430375 6879.287974683544 921.0981012658228 949.3892405063291 688.117088607595 716.4082278481013 
6704.594936708861 6733.598101265823 811.2215189873418 840.2246835443038 758.0759493670886 787.0791139240506 
7064.2531645569625 7093.050632911392 736.4272151898734 765.2246835443038 790.4556962025316 819.253164556962 
6691.610759493671 6719.205696202532 780.5474683544304 808.1424050632911 761.8639240506329 789.4588607594936 
6701.756329113924 6729.193037974684 768.2753164556962 795.7120253164557 689.382911392405 716.8196202531645 
6980.775316455696 7008.9240506329115 746.4113924050633 774.5601265822785 737.4208860759494 765.5696202531645 
7048.088607594937 7076.775316455696 954.0348101265823 982.7215189873418 855.4303797468355 884.117088607595 
6871.946202531645 6900.205696202532 831.8449367088608 860.1044303797469 686.9778481012659 715.2373417721519 
7037.677215189873 7066.7594936708865 802.506329113924 831.5886075949367 763.2151898734177 792.2974683544304 
6870.069620253164 6897.585443037975 779.6487341772151 807.1645569620254 843.0126582278481 870.5284810126582 
7036.199367088608 7065.107594936709 826.1835443037975 855.0917721518987 831.3259493670886 860.2341772151899 
6822.5094936708865 6850.927215189873 929.0981012658228 957.5158227848101 772.3196202531645 800.7373417721519 
6924.310126582279 6952.427215189873 803.9367088607595 832.0537974683544 899.5632911392405 927.6803797468355 
6452.471518987341 6480.0822784810125 734.2753164556962 761.8860759493671 758.3575949367089 785.9683544303797 
7146.142405063291 7175.731012658228 799.626582278481 829.2151898734177 834.7183544303797 864.3069620253165 
6919.25 6947.920886075949 736.6930379746835 765.3639240506329 717.9841772151899 746.6550632911392 
6674.294303797468 6702.2531645569625 833.2183544303797 861.1772151898734 746.8259493670886 774.7848101265823 
6461.756329113924 6489.319620253164 732.7689873417721 760.3322784810126 710.0791139240506 737.6424050632911 
6939.449367088608 6967.629746835443 741.0189873417721 769.1993670886076 660.2088607594936 688.3892405063291 
6645.512658227848 6672.427215189873 824.5189873417721 851.4335443037975 732.0 758.9145569620254 
6973.949367088608 7002.794303797468 788.3512658227849 817.1962025316456 781.0696202531645 809.9145569620254 
6579.683544303797 6606.993670886076 770.0379746835443 797.3481012658228 794.1139240506329 821.4240506329114 
6639.389240506329 6667.537974683544 817.5411392405064 845.6898734177215 776.2246835443038 804.373417721519 
6936.196202531645 6964.329113924051 754.6708860759494 782.8037974683544 794.8037974683544 822.9367088607595 
6701.376582278481 6728.955696202532 812.7341772151899 840.3132911392405 778.9082278481013 806.4873417721519 
7013.81329113924 7043.702531645569 923.496835443038 953.3860759493671 981.4398734177215 1011.3291139240506 
7262.5759493670885 7290.882911392405 780.5949367088608 808.9018987341772 719.379746835443 747.6867088607595 
6964.069620253164 6991.806962025316 868.0284810126582 895.7658227848101 892.2341772151899 919.9715189873418 
6933.066455696203 6962.037974683544 743.7753164556962 772.746835443038 835.376582278481 864.3481012658228 
6908.1677215189875 6936.3322784810125 791.4018987341772 819.5664556962025 830.6360759493671 858.8006329113924 
6772.626582278481 6800.411392405063 879.8069620253165 907.5917721518987 887.5316455696203 915.3164556962025 
7130.892405063291 7160.196202531645 858.2373417721519 887.5411392405064 832.379746835443 861.6835443037975 
6671.7468354430375 6699.911392405063 790.7056962025316 818.870253164557 672.2215189873418 700.3860759493671 
6851.439873417721 6879.873417721519 854.7151898734177 883.1487341772151 839.2879746835443 867.7215189873418 
6688.132911392405 6716.028481012659 783.5474683544304 811.4430379746835 871.1075949367089 899.003164556962 
6960.908227848101 6989.5 872.6139240506329 901.2056962025316 787.4588607594936 816.0506329113924 
6796.037974683544 6823.775316455696 790.8259493670886 818.5632911392405 754.0759493670886 781.8132911392405 
7158.5 7187.645569620253 912.2594936708861 941.4050632911392 880.367088607595 909.5126582278481 
6773.512658227848 6801.28164556962 686.493670886076 714.2626582278481 676.2974683544304 704.0664556962025 
6879.341772151899 6907.284810126583 753.0949367088608 781.0379746835443 685.2911392405064 713.2341772151899 
6811.715189873417 6839.43670886076 820.0759493670886 847.7974683544304 725.5126582278481 753.2341772151899 
7076.455696202532 7104.873417721519 839.1740506329114 867.5917721518987 799.3037974683544 827.7215189873418 
6985.7405063291135 7013.699367088608 852.4620253164557 880.4208860759494 890.0759493670886 918.0348101265823 
7049.455696202532 7078.727848101265 902.75 932.0221518987341 804.5506329113924 833.8227848101266 
6958.629746835443 6986.778481012659 914.5886075949367 942.7373417721519 909.3892405063291 937.5379746835443 
7082.81329113924 7111.373417721519 759.5696202531645 788.129746835443 692.4651898734177 721.0253164556962 
6628.439873417721 6656.715189873417 867.2689873417721 895.5443037974684 751.003164556962 779.2784810126582 
6954.389240506329 6982.4905063291135 854.8544303797469 882.9556962025316 825.7183544303797 853.8196202531645 
7030.477848101265 7058.974683544304 840.0759493670886 868.5727848101266 866.0791139240506 894.5759493670886 
6860.939873417721 6889.484177215189 722.4335443037975 750.9778481012659 721.7310126582279 750.2753164556962 
