4998.067729083666 5025.916334661355 373.46613545816734 401.31474103585657 357.0517928286853 384.9003984063745 
5024.904382470119 5052.474103585658 379.31474103585657 406.8844621513944 406.398406374502 433.9681274900398 
5261.1713147410355 5290.294820717131 555.6175298804781 584.7410358565737 560.6334661354582 589.7569721115538 
5272.466135458168 5301.5697211155375 361.75298804780874 390.8565737051793 413.9203187250996 443.0239043824701 
4762.083665338645 4789.553784860558 397.2231075697211 424.69322709163345 462.8207171314741 490.29083665338646 
5029.537848605578 5058.103585657371 457.9083665338645 486.47410358565736 474.2988047808765 502.8645418326693 
5191.326693227092 5220.350597609562 476.9561752988048 505.9800796812749 432.2231075697211 461.24701195219126 
5034.609561752988 5062.099601593625 394.1155378486056 421.60557768924303 378.33466135458167 405.8247011952191 
4892.701195219123 4920.509960159363 382.2788844621514 410.0876494023904 398.2191235059761 426.0278884462151 
5227.358565737052 5256.322709163346 408.38645418326695 437.35059760956176 454.78884462151393 483.75298804780874 
5190.4860557768925 5219.310756972111 361.5816733067729 390.40637450199205 399.19123505976097 428.0159362549801 
5354.099601593625 5383.243027888446 461.53784860557766 490.6812749003984 446.9482071713147 476.0916334661355 
5170.709163346613 5198.617529880478 394.54980079681275 422.45816733067727 429.8924302788845 457.800796812749 
5302.334661354582 5332.01593625498 465.57370517928285 495.2549800796813 483.82868525896413 513.5099601593625 
5140.780876494024 5170.262948207172 504.62948207171314 534.1115537848606 493.9083665338645 523.390438247012 
5402.191235059761 5430.836653386455 447.47410358565736 476.1195219123506 455.199203187251 483.8446215139442 
5113.211155378486 5142.434262948207 391.23107569721117 420.45418326693226 430.48207171314743 459.7051792828685 
4906.697211155379 4934.645418326693 341.44223107569724 369.39043824701196 502.41434262948206 530.3625498007968 
5097.792828685259 5127.075697211156 399.3426294820717 428.62549800796813 423.1513944223108 452.43426294820716 
4954.04780876494 4982.13545816733 577.8725099601594 605.9601593625498 456.49800796812747 484.58565737051794 
5096.13545816733 5125.557768924303 402.2151394422311 431.6374501992032 485.8764940239044 515.2988047808765 
5100.888446215139 5128.657370517928 436.77290836653384 464.54183266932273 519.9521912350598 547.7211155378486 
4909.470119521912 4936.900398406375 384.58565737051794 412.0159362549801 425.18725099601596 452.61752988047806 
5449.760956175299 5478.86454183267 475.0996015936255 504.203187250996 536.1155378486055 565.2191235059761 
5300.370517928287 5329.693227091633 415.9282868525896 445.25099601593627 405.45019920318725 434.77290836653384 
5096.840637450199 5125.207171314741 468.78884462151393 497.1553784860558 407.2988047808765 435.66533864541833 
5209.442231075697 5238.12749003984 474.73306772908364 503.4183266932271 476.75298804780874 505.43824701195217 
4984.454183266932 5012.880478087649 429.7609561752988 458.18725099601596 398.1394422310757 426.56573705179284 
5218.713147410359 5247.219123505976 350.8406374501992 379.34661354581675 404.0717131474104 432.57768924302786 
4886.653386454183 4914.1434262948205 316.9641434262948 344.45418326693226 374.40239043824704 401.8924302788845 
5109.505976095617 5137.852589641434 344.7410358565737 373.0876494023904 426.1394422310757 454.48605577689244 
5036.350597609562 5064.318725099602 400.9760956175299 428.9442231075697 401.39043824701196 429.3585657370518 
5180.179282868526 5207.8286852589645 460.9601593625498 488.60956175298804 425.1394422310757 452.78884462151393 
5395.768924302789 5425.051792828685 472.82868525896413 502.1115537848606 487.0239043824701 516.3067729083665 
5305.326693227092 5334.151394422311 500.26693227091636 529.0916334661355 435.66533864541833 464.49003984063745 
4994.207171314741 5022.494023904383 478.24701195219126 506.53386454183266 548.7689243027888 577.0557768924302 
5065.310756972111 5094.274900398406 413.6772908366534 442.6414342629482 407.9203187250996 436.8844621513944 
5209.306772908367 5237.713147410359 441.0836653386454 469.49003984063745 411.0 439.40637450199205 
5045.948207171315 5074.5139442231075 332.9203187250996 361.48605577689244 416.40637450199205 444.9721115537849 
5278.262948207172 5307.924302788844 455.9043824701195 485.56573705179284 525.7330677290837 555.394422310757 
4878.844621513944 4906.613545816733 309.9800796812749 337.74900398406373 390.57768924302786 418.34661354581675 
4994.685258964143 5023.011952191235 451.21115537848607 479.53784860557766 463.9482071713147 492.2749003984064 
4986.681274900398 5014.330677290836 327.74900398406373 355.398406374502 321.0438247011952 348.69322709163345 
5200.561752988047 5229.386454183267 491.50597609561754 520.3306772908367 490.9402390438247 519.7649402390439 
4945.888446215139 4973.896414342629 441.8924302788845 469.9003984063745 479.53386454183266 507.54183266932273 
5319.0876494023905 5347.454183266932 443.0318725099602 471.398406374502 512.5737051792829 540.9402390438247 
4924.752988047809 4952.741035856574 427.40239043824704 455.39043824701196 465.1314741035857 493.1195219123506 
5156.916334661355 5184.466135458168 391.70916334661354 419.2589641434263 442.43426294820716 469.9840637450199 
5244.175298804781 5272.462151394422 544.9243027888447 573.2111553784861 458.1394422310757 486.42629482071715 
4919.003984063745 4946.733067729084 492.9601593625498 520.6892430278884 471.45418326693226 499.1832669322709 
