7491.731117824774 7520.3867069486405 1115.522658610272 1144.178247734139 1081.9577039274925 1110.6132930513595 
7398.746223564955 7427.3111782477345 804.0755287009064 832.6404833836858 883.2326283987916 911.797583081571 
7325.126888217523 7353.948640483383 1018.0634441087614 1046.8851963746224 899.250755287009 928.0725075528701 
7078.767371601209 7105.912386706948 829.3534743202417 856.4984894259819 788.5105740181269 815.6555891238671 
7340.809667673716 7369.5558912386705 952.2749244712991 981.0211480362537 902.7280966767372 931.4743202416919 
7196.776435045317 7225.6132930513595 952.6737160120846 981.5105740181269 908.6948640483383 937.5317220543807 
6990.546827794562 7018.432024169184 865.4138972809668 893.2990936555891 813.2809667673716 841.1661631419939 
7276.755287009063 7304.33836858006 1073.7220543806648 1101.3051359516617 916.8912386706949 944.4743202416919 
7055.199395770393 7083.97583081571 973.9425981873112 1002.7190332326284 976.8761329305136 1005.6525679758308 
7352.039274924471 7380.377643504532 983.8066465256798 1012.1450151057402 855.4380664652568 883.7764350453173 
7696.178247734139 7725.151057401813 985.1268882175226 1014.0996978851964 1055.1359516616315 1084.108761329305 
7211.359516616314 7239.682779456193 988.8489425981874 1017.1722054380665 904.8791540785498 933.202416918429 
7427.794561933535 7456.797583081571 868.9939577039275 897.9969788519637 864.0332326283988 893.036253776435 
7125.253776435045 7153.53172205438 904.821752265861 933.0996978851964 1001.522658610272 1029.8006042296072 
7135.453172205438 7163.6706948640485 973.8126888217523 1002.0302114803625 947.97583081571 976.1933534743202 
7440.909365558912 7469.80664652568 809.5619335347432 838.4592145015106 890.5921450151058 919.4894259818731 
7205.350453172206 7233.643504531722 809.6042296072508 837.8972809667674 770.1389728096676 798.4320241691843 
7276.181268882176 7304.247734138973 920.3746223564955 948.441087613293 782.8429003021148 810.9093655589124 
7250.326283987915 7279.283987915408 973.4018126888218 1002.3595166163142 926.3534743202417 955.3111782477341 
7150.114803625378 7177.607250755287 1034.546827794562 1062.0392749244713 932.0936555891238 959.5861027190332 
7147.9335347432025 7175.093655589124 931.5256797583081 958.6858006042296 850.1238670694864 877.2839879154078 
7288.413897280967 7316.691842900302 946.404833836858 974.6827794561933 870.8761329305136 899.1540785498489 
6886.92749244713 6915.7643504531725 930.6797583081571 959.5166163141994 903.6495468277946 932.4864048338369 
7409.598187311179 7438.223564954683 912.3111782477341 940.9365558912386 756.441087613293 785.0664652567975 
6996.646525679758 7023.957703927493 828.0574018126888 855.3685800604229 898.987915407855 926.2990936555891 
7294.253776435045 7323.2416918429 905.1057401812689 934.0936555891238 782.6676737160121 811.6555891238671 
7595.453172205438 7624.29003021148 891.4108761329305 920.2477341389728 886.9184290030212 915.7552870090634 
7444.8398791540785 7473.722054380664 972.6344410876133 1001.5166163141994 853.0725075528701 881.9546827794562 
7704.861027190333 7733.909365558912 1008.9033232628399 1037.95166163142 1040.1027190332327 1069.1510574018127 
7359.528700906344 7387.4441087613295 989.6676737160121 1017.583081570997 941.02416918429 968.9395770392749 
7223.731117824774 7252.099697885196 917.02416918429 945.392749244713 846.1027190332326 874.4712990936556 
7534.809667673716 7563.90332326284 1023.5105740181269 1052.6042296072508 876.6374622356495 905.7311178247734 
7420.148036253777 7448.622356495468 857.761329305136 886.2356495468277 769.9818731117825 798.4561933534743 
7296.664652567976 7324.474320241692 1009.9697885196375 1037.7794561933536 964.0211480362537 991.8308157099698 
7249.9909365558915 7278.314199395771 913.4350453172206 941.7583081570997 833.7220543806646 862.0453172205438 
7209.184290030212 7237.432024169184 935.2326283987916 963.4803625377643 818.7160120845922 846.963746223565 
7169.996978851964 7197.851963746223 974.2598187311178 1002.1148036253776 893.3051359516617 921.1601208459215 
7280.084592145015 7308.619335347432 882.465256797583 911.0 825.3564954682779 853.8912386706949 
7395.945619335347 7425.02416918429 932.2870090634441 961.3655589123867 974.1178247734139 1003.1963746223565 
6815.972809667674 6842.83081570997 876.6827794561933 903.5407854984894 794.2054380664653 821.0634441087614 
7348.247734138973 7376.525679758308 878.3716012084592 906.6495468277946 847.5075528700906 875.785498489426 
7102.126888217523 7129.83081570997 1003.6676737160121 1031.3716012084592 849.3323262839879 877.036253776435 
7409.827794561934 7439.873111782477 953.2688821752266 983.3141993957704 985.4924471299094 1015.5377643504531 
7319.610271903323 7348.5377643504535 903.987915407855 932.9154078549849 893.3413897280967 922.2688821752266 
7252.528700906344 7280.0664652567975 852.4320241691843 879.9697885196375 883.963746223565 911.5015105740181 
7127.577039274925 7155.8398791540785 1084.5135951661632 1112.7764350453172 915.3564954682779 943.6193353474321 
7399.921450151058 7427.882175226586 924.6253776435045 952.5861027190332 787.4894259818731 815.4501510574019 
7185.722054380664 7214.302114803625 886.3413897280967 914.9214501510575 852.7462235649547 881.3262839879154 
7445.845921450151 7474.199395770393 1010.1268882175226 1038.4803625377644 900.5740181268882 928.9274924471299 
7552.546827794562 7581.474320241692 935.8187311178248 964.7462235649547 814.1329305135952 843.0604229607251 
