9733.299287410926 9760.638954869359 1537.793349168646 1565.1330166270784 1471.8859857482184 1499.2256532066508 
9696.014251781473 9724.042755344419 1579.7030878859857 1607.731591448931 1445.0522565320666 1473.0807600950118 
9656.997624703088 9686.047505938242 1529.4441805225654 1558.4940617577197 1339.812351543943 1368.8622327790974 
9485.807600950118 9512.648456057008 1432.2019002375298 1459.042755344418 1371.7102137767222 1398.5510688836105 
9567.042755344419 9595.273159144894 1488.3277909738717 1516.5581947743467 1455.5106888361045 1483.7410926365797 
9844.261282660333 9871.636579572447 1396.9192399049882 1424.2945368171022 1329.83135391924 1357.206650831354 
9897.429928741092 9926.194774346794 1561.9501187648457 1590.7149643705463 1394.4964370546318 1423.2612826603327 
9568.401425178146 9595.919239904988 1575.9192399049882 1603.437054631829 1365.8479809976247 1393.3657957244657 
9542.85510688836 9570.871733966746 1463.7767220902613 1491.793349168646 1412.273159144893 1440.2897862232778 
9581.106888361046 9608.969121140142 1541.8028503562946 1569.665083135392 1453.7553444180523 1481.6175771971496 
9478.524940617577 9506.50593824228 1419.857482185273 1447.8384798099762 1347.9429928741092 1375.9239904988124 
9725.337292161521 9753.912114014252 1739.5035629453682 1768.0783847980997 1732.7838479809977 1761.3586698337292 
9693.555819477435 9721.418052256533 1472.581947743468 1500.4441805225654 1501.5011876484562 1529.3634204275534 
9815.230403800475 9844.007125890736 1516.4679334916864 1545.2446555819477 1359.6603325415676 1388.437054631829 
9926.004750593824 9954.24703087886 1520.5106888361045 1548.75296912114 1353.4038004750594 1381.646080760095 
9665.161520190024 9692.679334916864 1543.3277909738717 1570.8456057007127 1516.0760095011876 1543.5938242280286 
9318.738717339667 9346.220902612826 1534.855106888361 1562.3372921615203 1435.2826603325416 1462.7648456057007 
9730.399049881235 9759.88836104513 1554.1401425178146 1583.6294536817102 1475.0190023752969 1504.5083135391924 
9774.380047505938 9802.266033254156 1556.9097387173397 1584.7957244655581 1382.7767220902613 1410.6627078384797 
9737.16864608076 9765.10213776722 1469.6627078384797 1497.5961995249406 1312.857482185273 1340.790973871734 
9365.34916864608 9392.8432304038 1442.581947743468 1470.0760095011876 1435.3847980997625 1462.8788598574822 
9585.712589073633 9613.883610451307 1662.7125890736343 1690.8836104513064 1422.5890736342042 1450.7600950118765 
10027.116389548693 10055.334916864607 1461.4346793349168 1489.6532066508314 1507.5083135391924 1535.726840855107 
9911.973871733966 9940.679334916864 1600.040380047506 1628.7458432304038 1569.040380047506 1597.7458432304038 
9634.836104513064 9663.29216152019 1531.1330166270784 1559.5890736342042 1422.7577197149644 1451.2137767220902 
9925.53919239905 9954.10213776722 1409.8384798099762 1438.4014251781473 1343.6983372921616 1372.2612826603327 
9666.353919239906 9694.774346793349 1612.75296912114 1641.1733966745844 1660.3562945368171 1688.7767220902613 
9845.883610451307 9874.458432304038 1531.3467933491686 1559.9216152019003 1485.9192399049882 1514.4940617577197 
9861.748218527317 9889.669833729216 1667.646080760095 1695.5676959619952 1401.9263657957245 1429.8479809976247 
9929.570071258908 9958.133016627078 1609.0926365795724 1637.6555819477435 1538.3942992874108 1566.957244655582 
9744.43705463183 9772.904988123515 1576.522565320665 1604.9904988123515 1485.2565320665083 1513.7244655581949 
9908.688836104513 9936.859857482184 1569.586698337292 1597.7577197149644 1514.3301662707838 1542.5011876484562 
9845.29216152019 9873.866983372922 1596.106888361045 1624.6817102137768 1446.5154394299288 1475.0902612826603 
9648.869358669834 9676.672209026128 1430.2779097387174 1458.0807600950118 1427.2660332541568 1455.0688836104514 
9671.085510688836 9698.342042755345 1541.7434679334917 1569.0 1356.3230403800476 1383.5795724465559 
9527.608076009501 9555.68408551069 1431.4085510688835 1459.4845605700712 1403.5581947743467 1431.6342042755343 
9888.268408551068 9916.748218527317 1635.938242280285 1664.418052256532 1737.686460807601 1766.166270783848 
9957.24703087886 9986.81947743468 1490.0498812351543 1519.622327790974 1529.3966745843231 1558.9691211401425 
9490.764845605701 9519.304038004751 1603.066508313539 1631.6057007125892 1536.857482185273 1565.3966745843231 
10382.95486935867 10412.016627078385 1601.8503562945368 1630.9121140142518 1758.5249406175772 1787.586698337292 
9900.019002375297 9928.475059382423 1640.9311163895486 1669.3871733966746 1561.7410926365797 1590.1971496437054 
9565.12351543943 9593.318289786223 1475.726840855107 1503.9216152019003 1281.0973871733968 1309.2921615201901 
9947.479809976247 9975.567695961996 1467.7814726840854 1495.8693586698337 1562.5273159144892 1590.6152019002375 
9578.163895486936 9605.919239904988 1516.0950118764845 1543.8503562945368 1275.064133016627 1302.8194774346794 
9504.532066508313 9532.014251781473 1465.4988123515438 1492.9809976247031 1506.4204275534441 1533.9026128266032 
9414.20190023753 9442.372921615202 1565.5961995249406 1593.7672209026127 1447.1353919239905 1475.3064133016628 
9993.783847980998 10022.513064133016 1571.8384798099762 1600.5676959619952 1480.2327790973873 1508.961995249406 
9920.29216152019 9949.092636579573 1588.5344418052257 1617.334916864608 1454.1757719714965 1482.9762470308788 
9511.244655581948 9539.142517814727 1598.8764845605701 1626.7743467933492 1392.1828978622327 1420.0807600950118 
9608.961995249407 9636.408551068884 1604.351543942993 1631.7980997624702 1467.8812351543943 1495.3277909738717 
