5746.202797202797 5774.1398601398605 518.8986013986014 546.8356643356643 508.61538461538464 536.5524475524476 
5858.552447552447 5886.314685314685 627.9965034965035 655.7587412587412 589.951048951049 617.7132867132867 
6095.807692307692 6123.692307692308 633.0419580419581 660.9265734265734 633.7447552447552 661.6293706293707 
6046.034965034965 6073.954545454545 653.9405594405595 681.8601398601398 536.06993006993 563.9895104895105 
6071.965034965035 6100.286713286713 645.4475524475524 673.7692307692307 612.0 640.3216783216783 
6183.293706293706 6211.72027972028 724.5314685314685 752.9580419580419 690.4265734265734 718.8531468531469 
6093.835664335665 6121.4055944055945 664.1083916083916 691.6783216783217 724.6748251748252 752.2447552447552 
6114.919580419581 6144.185314685315 540.7797202797203 570.0454545454545 581.1783216783217 610.4440559440559 
6276.681818181818 6305.965034965035 571.0804195804196 600.3636363636364 604.0594405594405 633.3426573426574 
5725.692307692308 5753.20979020979 571.8461538461538 599.3636363636364 565.3776223776224 592.8951048951049 
6010.206293706294 6038.597902097902 586.0734265734266 614.465034965035 604.4020979020979 632.7937062937064 
5896.276223776224 5924.195804195804 553.5769230769231 581.4965034965035 598.8636363636364 626.7832167832167 
5938.51048951049 5966.919580419581 517.6573426573426 546.0664335664336 565.4335664335664 593.8426573426574 
6363.534965034965 6393.552447552447 607.3846153846154 637.4020979020979 528.7797202797203 558.7972027972028 
5980.874125874126 6008.4965034965035 706.583916083916 734.2062937062936 690.8041958041958 718.4265734265734 
5794.05944055944 5822.346153846154 539.2937062937064 567.5804195804196 627.3111888111888 655.5979020979021 
5874.237762237763 5903.363636363636 503.8706293706294 532.9965034965035 590.3566433566433 619.4825174825174 
6048.961538461538 6077.318181818182 590.5629370629371 618.9195804195804 607.1783216783217 635.534965034965 
5990.447552447553 6018.524475524476 631.7762237762238 659.8531468531469 538.2447552447552 566.3216783216783 
5923.958041958042 5953.4510489510485 664.1503496503497 693.6433566433567 671.3706293706293 700.8636363636364 
6155.073426573426 6184.164335664335 540.2272727272727 569.3181818181819 607.9055944055945 636.9965034965035 
5866.5 5893.825174825175 561.4545454545455 588.7797202797203 642.583916083916 669.9090909090909 
5936.580419580419 5964.062937062937 645.8811188811189 673.3636363636364 534.4475524475524 561.93006993007 
6501.013986013986 6529.72027972028 621.3181818181819 650.0244755244755 655.2097902097902 683.916083916084 
6266.751748251748 6296.227272727273 644.7692307692307 674.2447552447552 641.6118881118881 671.0874125874126 
6086.05944055944 6114.433566433567 658.0594405594405 686.4335664335664 630.7797202797203 659.1538461538462 
6147.332167832168 6176.020979020979 596.5804195804196 625.2692307692307 582.8566433566433 611.5454545454545 
6378.737762237763 6407.653846153846 742.6258741258741 771.5419580419581 801.43006993007 830.3461538461538 
6011.286713286713 6038.437062937063 518.9545454545455 546.1048951048951 568.5594405594405 595.7097902097902 
6074.227272727273 6101.5874125874125 626.6188811188811 653.979020979021 679.5419580419581 706.9020979020979 
6022.916083916084 6051.027972027972 564.2097902097902 592.3216783216783 533.4055944055945 561.5174825174826 
5809.472027972028 5837.356643356643 677.1153846153846 705.0 604.6818181818181 632.5664335664336 
5915.262237762237 5943.723776223776 708.0769230769231 736.5384615384615 604.3881118881119 632.8496503496503 
6132.807692307692 6161.111888111888 638.3356643356643 666.6398601398602 673.5769230769231 701.8811188811189 
6125.118881118881 6153.807692307692 688.2552447552448 716.9440559440559 755.5734265734266 784.2622377622378 
5889.531468531469 5917.4510489510485 661.0909090909091 689.0104895104895 645.4055944055945 673.3251748251748 
6684.335664335665 6714.0034965034965 820.520979020979 850.1888111888112 713.951048951049 743.6188811188811 
6203.300699300699 6232.3216783216785 668.0 697.020979020979 675.1888111888112 704.2097902097902 
5733.797202797203 5761.174825174825 563.9125874125874 591.2902097902098 544.6713286713286 572.048951048951 
6280.9125874125875 6309.618881118881 729.0314685314685 757.7377622377622 729.6888111888112 758.3951048951049 
6096.888111888112 6124.825174825175 596.0769230769231 624.013986013986 570.4895104895105 598.4265734265734 
6409.506993006993 6438.8601398601395 639.6048951048951 668.9580419580419 619.8216783216783 649.1748251748252 
5817.979020979021 5845.671328671328 572.9545454545455 600.6468531468531 609.027972027972 636.7202797202797 
5937.444055944056 5965.538461538462 548.9825174825174 577.0769230769231 602.3041958041958 630.3986013986014 
6176.807692307692 6205.251748251748 723.1783216783217 751.6223776223776 772.7867132867133 801.2307692307693 
5883.0 5911.111888111888 533.8916083916084 562.0034965034965 642.1608391608391 670.2727272727273 
6378.349650349651 6407.283216783217 595.986013986014 624.9195804195804 652.8251748251748 681.7587412587412 
6232.017482517483 6261.667832167832 784.7657342657343 814.416083916084 636.527972027972 666.1783216783217 
6073.227272727273 6102.108391608392 540.020979020979 568.9020979020979 528.7867132867133 557.6678321678322 
6043.073426573426 6070.6783216783215 596.6678321678322 624.2727272727273 640.2412587412588 667.8461538461538 
