2073.432624113475 2101.482269503546 90.91489361702128 118.9645390070922 123.11347517730496 151.1631205673759 
2499.468085106383 2528.794326241135 111.54609929078015 140.87234042553192 152.5531914893617 181.87943262411346 
1841.4609929078015 1867.4184397163122 98.2482269503546 124.20567375886525 123.62411347517731 149.58156028368793 
2156.8368794326243 2185.1702127659573 102.60992907801419 130.94326241134752 125.92198581560284 154.25531914893617 
2248.9574468085107 2278.9574468085107 119.52482269503547 149.52482269503545 167.3404255319149 197.3404255319149 
2009.9078014184397 2038.7375886524824 92.46099290780141 121.29078014184397 112.2127659574468 141.04255319148936 
1909.2482269503546 1936.9787234042553 100.1063829787234 127.83687943262412 141.8368794326241 169.56737588652481 
2028.8794326241134 2059.021276595745 117.24113475177305 147.38297872340425 134.94326241134752 165.08510638297872 
2118.4113475177305 2147.6666666666665 116.05673758865248 145.31205673758865 123.7517730496454 153.00709219858157 
2061.45390070922 2090.1063829787236 97.19858156028369 125.85106382978724 113.90070921985816 142.5531914893617 
1959.886524822695 1987.8652482269504 96.36170212765957 124.34042553191489 128.43262411347519 156.4113475177305 
2232.9078014184397 2261.6666666666665 98.48936170212765 127.2482269503546 148.12056737588654 176.87943262411346 
1814.22695035461 1841.531914893617 86.93617021276596 114.24113475177305 128.90070921985816 156.20567375886526 
1925.900709219858 1953.985815602837 109.32624113475177 137.4113475177305 128.41843971631207 156.5035460992908 
1984.4184397163122 2013.8510638297873 118.63829787234043 148.0709219858156 133.03546099290782 162.46808510638297 
1951.822695035461 1979.163120567376 90.47517730496453 117.81560283687944 128.95035460992906 156.29078014184398 
1907.985815602837 1935.8581560283687 97.28368794326241 125.15602836879432 108.87234042553192 136.74468085106383 
2052.3475177304963 2080.290780141844 103.65248226950355 131.59574468085106 112.41843971631205 140.36170212765958 
1745.9219858156027 1772.4822695035461 103.13475177304964 129.6950354609929 132.43971631205673 159.0 
1825.340425531915 1852.5744680851064 99.12056737588652 126.35460992907801 124.67375886524823 151.9078014184397 
1968.3900709219859 1997.0070921985816 100.19148936170212 128.80851063829786 154.17021276595744 182.7872340425532 
2267.3971631205673 2296.2978723404253 96.34751773049645 125.2482269503546 110.80851063829788 139.70921985815602 
2067.723404255319 2095.3829787234044 103.06382978723404 130.72340425531914 121.80141843971631 149.46099290780143 
2144.2198581560283 2171.950354609929 107.00709219858156 134.73758865248226 132.4113475177305 160.1418439716312 
1891.1560283687943 1919.241134751773 91.28368794326241 119.36879432624113 147.645390070922 175.7304964539007 
2222.950354609929 2251.425531914894 97.31205673758865 125.7872340425532 118.87234042553192 147.34751773049646 
2363.326241134752 2392.368794326241 116.23404255319149 145.27659574468086 155.56028368794327 184.60283687943263 
2224.340425531915 2253.099290780142 107.39716312056737 136.15602836879432 130.56028368794327 159.31914893617022 
1878.0921985815603 1905.9290780141844 111.12765957446808 138.96453900709218 116.13475177304964 143.97163120567376 
2119.2695035460993 2147.9929078014184 110.177304964539 138.90070921985816 141.14893617021278 169.87234042553192 
1999.8439716312057 2028.1063829787233 106.35460992907801 134.61702127659575 122.81560283687944 151.07801418439718 
2311.7375886524824 2339.148936170213 114.43971631205673 141.85106382978722 131.60283687943263 159.01418439716312 
2108.68085106383 2136.8368794326243 88.60283687943263 116.75886524822695 120.13475177304964 148.29078014184398 
2373.886524822695 2404.631205673759 124.02127659574468 154.7659574468085 146.04964539007094 176.79432624113474 
2191.723404255319 2219.3120567375886 134.19858156028369 161.7872340425532 147.5035460992908 175.0921985815603 
2134.1631205673757 2161.3617021276596 105.46099290780141 132.6595744680851 108.17021276595744 135.36879432624113 
2107.304964539007 2136.418439716312 111.43262411347517 140.54609929078015 143.97163120567376 173.08510638297872 
2079.468085106383 2108.22695035461 88.06382978723404 116.822695035461 113.26241134751773 142.0212765957447 
2011.6312056737588 2040.6737588652481 110.51063829787235 139.5531914893617 114.25531914893617 143.29787234042553 
2138.1843971631206 2167.581560283688 88.9290780141844 118.32624113475177 107.01418439716312 136.4113475177305 
2122.6879432624114 2151.553191489362 82.0 110.86524822695036 109.39007092198581 138.25531914893617 
2233.673758865248 2262.113475177305 98.81560283687944 127.25531914893617 127.9645390070922 156.40425531914894 
2152.0070921985816 2180.7304964539007 96.51773049645391 125.24113475177305 128.0 156.72340425531914 
2164.375886524823 2191.6099290780144 95.67375886524823 122.90780141843972 119.0709219858156 146.3049645390071 
2032.0921985815603 2060.2127659574467 96.71631205673759 124.83687943262412 135.68794326241135 163.80851063829786 
2148.77304964539 2176.503546099291 90.27659574468085 118.00709219858156 121.35460992907801 149.08510638297872 
2011.8581560283687 2038.950354609929 85.0354609929078 112.12765957446808 115.39716312056737 142.48936170212767 
2193.418439716312 2220.971631205674 96.26241134751773 123.81560283687944 115.29787234042553 142.85106382978722 
2030.3617021276596 2058.340425531915 94.98581560283688 122.9645390070922 125.80851063829788 153.7872340425532 
1930.014184397163 1957.3900709219859 93.54609929078015 120.92198581560284 128.15602836879432 155.53191489361703 
